# std_luminance_quant_tbl
1   1   1   1   1   1   1   1 
1   1   1   1   1   1   1   1 
1   1   1   1   1   1   1   1 
1   1   1   1   1   1   1   1 
1   1   1   1   1   1   1   1 
1   1   1   1   1   1   1   1 
1   1   1   1   1   1   1   1 
1   1   1   1   1   1   1   1 
# std_chrominance_quant_tbl
1   1   1   1   1   1   1   1 
1   1   1   1   1   1   1   1 
1   1   1   1   1   1   1   1 
1   1   1   1   1   1   1   1 
1   1   1   1   1   1   1   1 
1   1   1   1   1   1   1   1 
1   1   1   1   1   1   1   1 
1   1   1   1   1   1   1   1 
