  3.3874600e+001
  3.4392947e+001
  3.4911294e+001
  3.5429641e+001
  3.5947988e+001
  3.6466335e+001
  3.6984681e+001
  3.7503028e+001
  3.8021375e+001
  3.8539722e+001
  3.9058069e+001
  3.9576416e+001
  4.0094763e+001
  4.0613110e+001
  4.1131457e+001
  4.1649804e+001
  4.2168151e+001
  4.2686497e+001
  4.3204844e+001
  4.3723191e+001
  4.4241538e+001
  4.4759885e+001
  4.5278232e+001
  4.5796579e+001
  4.6314926e+001
  4.6833273e+001
  4.7351620e+001
  4.7869967e+001
  4.8388313e+001
  4.8906660e+001
  4.9425007e+001
  4.9943354e+001
  5.0461701e+001
  5.0980048e+001
  5.1498395e+001
  5.2016742e+001
  5.2535089e+001
  5.3053436e+001
  5.3571783e+001
  5.4090129e+001
  5.4608476e+001
  5.5126823e+001
  5.5645170e+001
  5.6163517e+001
  5.6681864e+001
  5.7200211e+001
  5.7718558e+001
  5.8236905e+001
  5.8755252e+001
  5.9273599e+001
  5.9791945e+001
  6.0310292e+001
  6.0828639e+001
  6.1346986e+001
  6.1865333e+001
  6.2383680e+001
  6.2261260e+001
  6.1925252e+001
  6.1589244e+001
  6.1253235e+001
  6.0917227e+001
  6.0581219e+001
  6.0245210e+001
  5.9909202e+001
  5.9573194e+001
  5.9237185e+001
  5.8901177e+001
  5.8565169e+001
  5.8229160e+001
  5.7893152e+001
  5.7557143e+001
  5.7221135e+001
  5.6885127e+001
  5.6549118e+001
  5.6213110e+001
  5.5877102e+001
  5.5541093e+001
  5.5205085e+001
  5.4869077e+001
  5.4533068e+001
  5.4197060e+001
  5.3861052e+001
  5.3525043e+001
  5.3189035e+001
  5.2853027e+001
  5.2517018e+001
  5.2181010e+001
  5.1845001e+001
  5.1508993e+001
  5.1172985e+001
  5.0836976e+001
  5.0500968e+001
  5.0164960e+001
  4.9828951e+001
  4.9492943e+001
  4.9156935e+001
  4.8820926e+001
  4.8484918e+001
  4.8148910e+001
  4.7812901e+001
  4.7476893e+001
  4.7140885e+001
  4.6804876e+001
  4.6468868e+001
  4.6132859e+001
  4.5796851e+001
  4.5460843e+001
  4.5124834e+001
  4.4788826e+001
  4.4452818e+001
  4.4116809e+001
  4.3780801e+001
  4.3444793e+001
  4.3108784e+001
  4.2772776e+001
  4.2436768e+001
  4.2100759e+001
  4.1764751e+001
  4.1428743e+001
  4.1092734e+001
  4.0756726e+001
  4.0420717e+001
  4.0084709e+001
  3.9748701e+001
  3.9412692e+001
  3.9076684e+001
  3.8740676e+001
  3.8404667e+001
  3.8068659e+001
  3.7732651e+001
  3.7396642e+001
  3.7060634e+001
  3.6724626e+001
  3.6388617e+001
  3.6052609e+001
  3.5716601e+001
  3.5380592e+001
  3.5044584e+001
  3.4708575e+001
  3.4372567e+001
  3.4036559e+001
  3.3700550e+001
  3.3364542e+001
  3.3028534e+001
  3.2692525e+001
  3.2356517e+001
  3.2020509e+001
  3.1684500e+001
  3.1348492e+001
  3.1012484e+001
  3.0676475e+001
  3.0340467e+001
  3.0004459e+001
  2.9668450e+001
  2.9332442e+001
  2.8996433e+001
  2.8660425e+001
  2.8324417e+001
  2.7988408e+001
  2.7652400e+001
  2.7316392e+001
  2.6980383e+001
  2.6644375e+001
  2.6308367e+001
  2.5972358e+001
  2.5636350e+001
  2.5300342e+001
  2.4964333e+001
  2.4628325e+001
  2.4292317e+001
  2.3956308e+001
  2.3620300e+001
  2.3284291e+001
  2.2948283e+001
  2.2612275e+001
  2.2276266e+001
  2.1940258e+001
  2.1604250e+001
  2.1268241e+001
  2.0932233e+001
  2.0596225e+001
  2.0260216e+001
  1.9924208e+001
  1.9588200e+001
  1.9252191e+001
  1.8916183e+001
  1.8580175e+001
  1.8244166e+001
  1.7908158e+001
  1.7572149e+001
  1.7236141e+001
  1.6900133e+001
  1.6564124e+001
  1.6228116e+001
  1.5892108e+001
  1.5556099e+001
  1.5220091e+001
  1.4884083e+001
  1.4548074e+001
  1.4212066e+001
  1.3876058e+001
  1.3540049e+001
  1.3204041e+001
  1.2868033e+001
  1.2532024e+001
  1.2196016e+001
  1.1860007e+001
  1.1523999e+001
  1.1187991e+001
  1.0851982e+001
  1.0515974e+001
  1.0179966e+001
  9.8439573e+000
  9.5079490e+000
  9.1719406e+000
  8.8359323e+000
  8.4999239e+000
  8.1639156e+000
  7.8279072e+000
  7.4918989e+000
  7.1558905e+000
  6.8198822e+000
  6.4838738e+000
  6.1478655e+000
  5.8118571e+000
  5.4758487e+000
  5.1398404e+000
  4.8038320e+000
  4.4678237e+000
  4.1318153e+000
  3.7958070e+000
  3.4597986e+000
  3.1237903e+000
  2.7877819e+000
  2.4517736e+000
  2.1157652e+000
  1.7797569e+000
  1.4437485e+000
  1.1077402e+000
  7.7173181e-001
  4.3572345e-001
  9.9715100e-002
  9.9715100e-002
  9.9715100e-002
  9.9715100e-002
  9.9715100e-002
  9.9715100e-002
  9.9715100e-002
  9.9715100e-002
  9.9715100e-002
  9.9715100e-002
  9.9715100e-002
  9.9715100e-002
  9.9715100e-002
  9.9715100e-002
  9.9715100e-002
