  1.4365512e+001
  1.4365512e+001
  1.4365512e+001
  1.4365512e+001
  1.4365512e+001
  1.4365512e+001
  1.4365512e+001
  1.4365512e+001
  1.4365512e+001
  1.4365512e+001
  1.4365512e+001
  1.4725840e+001
  1.5086167e+001
  1.5446495e+001
  1.5806822e+001
  1.6167150e+001
  1.6527478e+001
  1.6887805e+001
  1.7248133e+001
  1.7608460e+001
  1.7968788e+001
  1.8329115e+001
  1.8689443e+001
  1.9049770e+001
  1.9410098e+001
  1.9770425e+001
  2.0130753e+001
  2.0491081e+001
  2.0851408e+001
  2.1211736e+001
  2.1572063e+001
  2.1932391e+001
  2.2292718e+001
  2.2653046e+001
  2.3013373e+001
  2.3373701e+001
  2.3734029e+001
  2.4094356e+001
  2.4454684e+001
  2.4815011e+001
  2.5175339e+001
  2.5535666e+001
  2.5895994e+001
  2.6256321e+001
  2.6616649e+001
  2.6976976e+001
  2.7337304e+001
  2.7697632e+001
  2.8057959e+001
  2.8418287e+001
  2.8778614e+001
  2.9138942e+001
  2.9499269e+001
  2.9859597e+001
  3.0219924e+001
  3.0580252e+001
  3.0940580e+001
  3.1300907e+001
  3.1661235e+001
  3.2021562e+001
  3.2381890e+001
  3.2742217e+001
  3.3102545e+001
  3.3462872e+001
  3.3823200e+001
  3.4183527e+001
  3.4543855e+001
  3.4904183e+001
  3.5264510e+001
  3.5624838e+001
  3.5985165e+001
  3.6345493e+001
  3.6705820e+001
  3.7066148e+001
  3.7426475e+001
  3.7786803e+001
  3.8147131e+001
  3.8507458e+001
  3.8867786e+001
  3.9228113e+001
  3.9588441e+001
  3.9948768e+001
  4.0309096e+001
  4.0669423e+001
  4.1029751e+001
  4.1390078e+001
  4.1750406e+001
  4.2110734e+001
  4.2471061e+001
  4.2831389e+001
  4.3191716e+001
  4.3552044e+001
  4.3912371e+001
  4.4272699e+001
  4.4633026e+001
  4.4993354e+001
  4.5353681e+001
  4.5714009e+001
  4.6074337e+001
  4.6434664e+001
  4.6794992e+001
  4.7155319e+001
  4.7515647e+001
  4.7875974e+001
  4.8236302e+001
  4.8596629e+001
  4.8956957e+001
  4.9317285e+001
  4.9677612e+001
  5.0037940e+001
  5.0398267e+001
  5.0758595e+001
  5.1118922e+001
  5.1479250e+001
  5.1839577e+001
  5.2164303e+001
  5.1886739e+001
  5.1609174e+001
  5.1331610e+001
  5.1054045e+001
  5.0776480e+001
  5.0498916e+001
  5.0221351e+001
  4.9943787e+001
  4.9666222e+001
  4.9388657e+001
  4.9111093e+001
  4.8833528e+001
  4.8555964e+001
  4.8278399e+001
  4.8000834e+001
  4.7723270e+001
  4.7445705e+001
  4.7168141e+001
  4.6890576e+001
  4.6613011e+001
  4.6335447e+001
  4.6057882e+001
  4.5780318e+001
  4.5502753e+001
  4.5225188e+001
  4.4947624e+001
  4.4670059e+001
  4.4392494e+001
  4.4114930e+001
  4.3837365e+001
  4.3559801e+001
  4.3282236e+001
  4.3004671e+001
  4.2727107e+001
  4.2449542e+001
  4.2171978e+001
  4.1894413e+001
  4.1616848e+001
  4.1339284e+001
  4.1061719e+001
  4.0784155e+001
  4.0506590e+001
  4.0229025e+001
  3.9951461e+001
  3.9673896e+001
  3.9396332e+001
  3.9118767e+001
  3.8841202e+001
  3.8563638e+001
  3.8286073e+001
  3.8008509e+001
  3.7730944e+001
  3.7453379e+001
  3.7175815e+001
  3.6898250e+001
  3.6620686e+001
  3.6343121e+001
  3.6065556e+001
  3.5787992e+001
  3.5510427e+001
  3.5232863e+001
  3.4955298e+001
  3.4677733e+001
  3.4400169e+001
  3.4122604e+001
  3.3845040e+001
  3.3567475e+001
  3.3289910e+001
  3.3012346e+001
  3.2734781e+001
  3.2457217e+001
  3.2179652e+001
  3.1902087e+001
  3.1624523e+001
  3.1346958e+001
  3.1069393e+001
  3.0791829e+001
  3.0514264e+001
  3.0236700e+001
  2.9959135e+001
  2.9681570e+001
  2.9404006e+001
  2.9126441e+001
  2.8848877e+001
  2.8571312e+001
  2.8293747e+001
  2.8016183e+001
  2.7738618e+001
  2.7461054e+001
  2.7183489e+001
  2.6905924e+001
  2.6628360e+001
  2.6350795e+001
  2.6073231e+001
  2.5795666e+001
  2.5518101e+001
  2.5240537e+001
  2.4962972e+001
  2.4685408e+001
  2.4407843e+001
  2.4130278e+001
  2.3852714e+001
  2.3575149e+001
  2.3297585e+001
  2.3020020e+001
  2.2742455e+001
  2.2464891e+001
  2.2187326e+001
  2.1909762e+001
  2.1632197e+001
  2.1354632e+001
  2.1077068e+001
  2.0799503e+001
  2.0521939e+001
  2.0244374e+001
  1.9966809e+001
  1.9689245e+001
  1.9411680e+001
  1.9134116e+001
  1.8856551e+001
  1.8578986e+001
  1.8301422e+001
  1.8023857e+001
  1.7746292e+001
  1.7468728e+001
  1.7191163e+001
  1.6913599e+001
  1.6636034e+001
  1.6358469e+001
  1.6080905e+001
  1.5803340e+001
  1.5525776e+001
  1.5248211e+001
  1.4970646e+001
  1.4693082e+001
  1.4415517e+001
  1.4137953e+001
  1.3860388e+001
  1.3582823e+001
  1.3305259e+001
