5.49E+01
5.49E+01
5.49E+01
5.49E+01
5.49E+01
5.49E+01
5.49E+01
5.49E+01
5.49E+01
5.49E+01
5.49E+01
5.58E+01
5.67E+01
5.76E+01
5.85E+01
5.94E+01
6.03E+01
6.13E+01
6.22E+01
6.31E+01
6.40E+01
6.49E+01
6.58E+01
6.67E+01
6.77E+01
6.86E+01
6.95E+01
7.04E+01
7.13E+01
7.22E+01
7.31E+01
7.41E+01
7.50E+01
7.59E+01
7.68E+01
7.77E+01
7.86E+01
7.95E+01
8.05E+01
8.14E+01
8.23E+01
8.32E+01
8.41E+01
8.50E+01
8.60E+01
8.69E+01
8.78E+01
8.87E+01
8.96E+01
9.05E+01
9.14E+01
9.24E+01
9.33E+01
9.42E+01
9.51E+01
9.60E+01
9.69E+01
9.78E+01
9.88E+01
9.97E+01
1.01E+02
1.01E+02
1.02E+02
1.03E+02
1.04E+02
1.05E+02
1.06E+02
1.07E+02
1.08E+02
1.09E+02
1.10E+02
1.11E+02
1.12E+02
1.12E+02
1.13E+02
1.14E+02
1.15E+02
1.16E+02
1.17E+02
1.18E+02
1.19E+02
1.20E+02
1.21E+02
1.22E+02
1.23E+02
1.23E+02
1.24E+02
1.25E+02
1.26E+02
1.27E+02
1.28E+02
1.29E+02
1.30E+02
1.31E+02
1.32E+02
1.33E+02
1.34E+02
1.34E+02
1.35E+02
1.36E+02
1.37E+02
1.38E+02
1.39E+02
1.40E+02
1.41E+02
1.42E+02
1.43E+02
1.44E+02
1.44E+02
1.45E+02
1.46E+02
1.47E+02
1.48E+02
1.49E+02
1.50E+02
1.51E+02
1.52E+02
1.53E+02
1.54E+02
1.55E+02
1.55E+02
1.56E+02
1.57E+02
1.58E+02
1.59E+02
1.60E+02
1.61E+02
1.62E+02
1.63E+02
1.64E+02
1.65E+02
1.66E+02
1.66E+02
1.67E+02
1.68E+02
1.69E+02
1.70E+02
1.71E+02
1.72E+02
1.73E+02
1.74E+02
1.75E+02
1.76E+02
1.76E+02
1.77E+02
1.78E+02
1.79E+02
1.80E+02
1.81E+02
1.82E+02
1.83E+02
1.84E+02
1.85E+02
1.86E+02
1.87E+02
1.87E+02
1.88E+02
1.89E+02
1.90E+02
1.91E+02
1.90E+02
1.89E+02
1.87E+02
1.86E+02
1.85E+02
1.83E+02
1.82E+02
1.80E+02
1.79E+02
1.78E+02
1.76E+02
1.75E+02
1.73E+02
1.72E+02
1.71E+02
1.69E+02
1.68E+02
1.66E+02
1.65E+02
1.64E+02
1.62E+02
1.61E+02
1.59E+02
1.58E+02
1.57E+02
1.55E+02
1.54E+02
1.52E+02
1.51E+02
1.49E+02
1.48E+02
1.47E+02
1.45E+02
1.44E+02
1.42E+02
1.41E+02
1.40E+02
1.38E+02
1.37E+02
1.35E+02
1.34E+02
1.33E+02
1.31E+02
1.30E+02
1.28E+02
1.27E+02
1.26E+02
1.24E+02
1.23E+02
1.21E+02
1.20E+02
1.18E+02
1.17E+02
1.16E+02
1.14E+02
1.13E+02
1.11E+02
1.10E+02
1.09E+02
1.07E+02
1.06E+02
1.04E+02
1.03E+02
1.02E+02
1.00E+02
9.88E+01
9.74E+01
9.60E+01
9.45E+01
9.31E+01
9.17E+01
9.03E+01
8.89E+01
8.75E+01
8.61E+01
8.47E+01
8.33E+01
8.19E+01
8.05E+01
7.91E+01
7.76E+01
7.62E+01
7.48E+01
7.34E+01
7.20E+01
7.06E+01
6.92E+01
6.78E+01
6.64E+01
6.50E+01
6.36E+01
6.22E+01
6.07E+01
5.93E+01
5.79E+01
5.65E+01
