4.26E+01
4.26E+01
4.26E+01
4.26E+01
4.26E+01
4.26E+01
4.26E+01
4.26E+01
4.26E+01
4.26E+01
4.26E+01
4.36E+01
4.47E+01
4.57E+01
4.68E+01
4.78E+01
4.89E+01
5.00E+01
5.10E+01
5.21E+01
5.31E+01
5.42E+01
5.52E+01
5.63E+01
5.74E+01
5.84E+01
5.95E+01
6.05E+01
6.16E+01
6.26E+01
6.37E+01
6.47E+01
6.58E+01
6.69E+01
6.79E+01
6.90E+01
7.00E+01
7.11E+01
7.21E+01
7.32E+01
7.43E+01
7.53E+01
7.64E+01
7.74E+01
7.85E+01
7.95E+01
8.06E+01
8.16E+01
8.27E+01
8.38E+01
8.48E+01
8.59E+01
8.69E+01
8.80E+01
8.90E+01
9.01E+01
9.12E+01
9.22E+01
9.33E+01
9.43E+01
9.54E+01
9.64E+01
9.75E+01
9.86E+01
9.96E+01
1.01E+02
1.02E+02
1.03E+02
1.04E+02
1.05E+02
1.06E+02
1.07E+02
1.08E+02
1.09E+02
1.10E+02
1.11E+02
1.12E+02
1.13E+02
1.14E+02
1.15E+02
1.17E+02
1.18E+02
1.19E+02
1.20E+02
1.21E+02
1.22E+02
1.23E+02
1.24E+02
1.25E+02
1.26E+02
1.27E+02
1.28E+02
1.29E+02
1.30E+02
1.31E+02
1.32E+02
1.33E+02
1.34E+02
1.36E+02
1.37E+02
1.38E+02
1.39E+02
1.40E+02
1.41E+02
1.42E+02
1.43E+02
1.44E+02
1.45E+02
1.46E+02
1.47E+02
1.48E+02
1.49E+02
1.50E+02
1.51E+02
1.52E+02
1.53E+02
1.55E+02
1.56E+02
1.57E+02
1.58E+02
1.59E+02
1.59E+02
1.58E+02
1.57E+02
1.56E+02
1.55E+02
1.54E+02
1.53E+02
1.52E+02
1.51E+02
1.51E+02
1.50E+02
1.49E+02
1.48E+02
1.47E+02
1.46E+02
1.45E+02
1.44E+02
1.44E+02
1.43E+02
1.42E+02
1.41E+02
1.40E+02
1.39E+02
1.38E+02
1.37E+02
1.37E+02
1.36E+02
1.35E+02
1.34E+02
1.33E+02
1.32E+02
1.31E+02
1.30E+02
1.29E+02
1.29E+02
1.28E+02
1.27E+02
1.26E+02
1.25E+02
1.24E+02
1.23E+02
1.22E+02
1.22E+02
1.21E+02
1.20E+02
1.19E+02
1.18E+02
1.17E+02
1.16E+02
1.15E+02
1.15E+02
1.14E+02
1.13E+02
1.12E+02
1.11E+02
1.10E+02
1.09E+02
1.08E+02
1.07E+02
1.07E+02
1.06E+02
1.05E+02
1.04E+02
1.03E+02
1.02E+02
1.01E+02
1.00E+02
9.96E+01
9.87E+01
9.78E+01
9.69E+01
9.60E+01
9.52E+01
9.43E+01
9.34E+01
9.25E+01
9.16E+01
9.08E+01
8.99E+01
8.90E+01
8.81E+01
8.72E+01
8.64E+01
8.55E+01
8.46E+01
8.37E+01
8.28E+01
8.20E+01
8.11E+01
8.02E+01
7.93E+01
7.84E+01
7.76E+01
7.67E+01
7.58E+01
7.49E+01
7.40E+01
7.32E+01
7.23E+01
7.14E+01
7.05E+01
6.96E+01
6.88E+01
6.79E+01
6.70E+01
6.61E+01
6.52E+01
6.44E+01
6.35E+01
6.26E+01
6.17E+01
6.08E+01
6.00E+01
5.91E+01
5.82E+01
5.73E+01
5.64E+01
5.56E+01
5.47E+01
5.38E+01
5.29E+01
5.20E+01
5.12E+01
5.03E+01
4.94E+01
4.85E+01
4.76E+01
4.68E+01
4.59E+01
4.50E+01
4.41E+01
4.32E+01
4.24E+01
4.15E+01
4.06E+01
