5.67E+01
5.67E+01
5.67E+01
5.67E+01
5.67E+01
5.67E+01
5.67E+01
5.67E+01
5.67E+01
5.67E+01
5.67E+01
5.82E+01
5.96E+01
6.10E+01
6.24E+01
6.38E+01
6.52E+01
6.66E+01
6.80E+01
6.94E+01
7.08E+01
7.22E+01
7.37E+01
7.51E+01
7.65E+01
7.79E+01
7.93E+01
8.07E+01
8.21E+01
8.35E+01
8.49E+01
8.63E+01
8.77E+01
8.91E+01
9.06E+01
9.20E+01
9.34E+01
9.48E+01
9.62E+01
9.76E+01
9.90E+01
1.00E+02
1.02E+02
1.03E+02
1.05E+02
1.06E+02
1.07E+02
1.09E+02
1.10E+02
1.12E+02
1.13E+02
1.15E+02
1.16E+02
1.17E+02
1.19E+02
1.20E+02
1.22E+02
1.23E+02
1.24E+02
1.26E+02
1.27E+02
1.29E+02
1.30E+02
1.31E+02
1.33E+02
1.34E+02
1.36E+02
1.37E+02
1.38E+02
1.40E+02
1.41E+02
1.43E+02
1.44E+02
1.45E+02
1.47E+02
1.48E+02
1.50E+02
1.51E+02
1.53E+02
1.54E+02
1.55E+02
1.57E+02
1.58E+02
1.60E+02
1.61E+02
1.62E+02
1.64E+02
1.65E+02
1.67E+02
1.68E+02
1.69E+02
1.71E+02
1.72E+02
1.74E+02
1.75E+02
1.76E+02
1.78E+02
1.79E+02
1.81E+02
1.82E+02
1.84E+02
1.85E+02
1.86E+02
1.88E+02
1.89E+02
1.91E+02
1.92E+02
1.93E+02
1.95E+02
1.96E+02
1.98E+02
1.99E+02
2.00E+02
2.02E+02
2.03E+02
2.05E+02
2.06E+02
2.07E+02
2.09E+02
2.10E+02
2.12E+02
2.11E+02
2.10E+02
2.09E+02
2.08E+02
2.07E+02
2.05E+02
2.04E+02
2.03E+02
2.02E+02
2.01E+02
2.00E+02
1.98E+02
1.97E+02
1.96E+02
1.95E+02
1.94E+02
1.93E+02
1.91E+02
1.90E+02
1.89E+02
1.88E+02
1.87E+02
1.86E+02
1.84E+02
1.83E+02
1.82E+02
1.81E+02
1.80E+02
1.79E+02
1.77E+02
1.76E+02
1.75E+02
1.74E+02
1.73E+02
1.71E+02
1.70E+02
1.69E+02
1.68E+02
1.67E+02
1.66E+02
1.64E+02
1.63E+02
1.62E+02
1.61E+02
1.60E+02
1.59E+02
1.57E+02
1.56E+02
1.55E+02
1.54E+02
1.53E+02
1.52E+02
1.50E+02
1.49E+02
1.48E+02
1.47E+02
1.46E+02
1.44E+02
1.43E+02
1.42E+02
1.41E+02
1.40E+02
1.39E+02
1.37E+02
1.36E+02
1.35E+02
1.34E+02
1.33E+02
1.32E+02
1.30E+02
1.29E+02
1.28E+02
1.27E+02
1.26E+02
1.25E+02
1.23E+02
1.22E+02
1.21E+02
1.20E+02
1.19E+02
1.17E+02
1.16E+02
1.15E+02
1.14E+02
1.13E+02
1.12E+02
1.10E+02
1.09E+02
1.08E+02
1.07E+02
1.06E+02
1.05E+02
1.03E+02
1.02E+02
1.01E+02
9.99E+01
9.87E+01
9.76E+01
9.64E+01
9.52E+01
9.40E+01
9.29E+01
9.17E+01
9.05E+01
8.93E+01
8.82E+01
8.70E+01
8.58E+01
8.46E+01
8.35E+01
8.23E+01
8.11E+01
8.00E+01
7.88E+01
7.76E+01
7.64E+01
7.53E+01
7.41E+01
7.29E+01
7.17E+01
7.06E+01
6.94E+01
6.82E+01
6.70E+01
6.59E+01
6.47E+01
6.35E+01
6.24E+01
6.12E+01
6.00E+01
5.88E+01
5.77E+01
5.65E+01
5.53E+01
5.41E+01
