7.09E+01
7.09E+01
7.09E+01
7.09E+01
7.09E+01
7.09E+01
7.09E+01
7.09E+01
7.09E+01
7.09E+01
7.09E+01
7.27E+01
7.45E+01
7.62E+01
7.80E+01
7.97E+01
8.15E+01
8.33E+01
8.50E+01
8.68E+01
8.85E+01
9.03E+01
9.21E+01
9.38E+01
9.56E+01
9.73E+01
9.91E+01
1.01E+02
1.03E+02
1.04E+02
1.06E+02
1.08E+02
1.10E+02
1.11E+02
1.13E+02
1.15E+02
1.17E+02
1.18E+02
1.20E+02
1.22E+02
1.24E+02
1.26E+02
1.27E+02
1.29E+02
1.31E+02
1.33E+02
1.34E+02
1.36E+02
1.38E+02
1.40E+02
1.41E+02
1.43E+02
1.45E+02
1.47E+02
1.48E+02
1.50E+02
1.52E+02
1.54E+02
1.55E+02
1.57E+02
1.59E+02
1.61E+02
1.62E+02
1.64E+02
1.66E+02
1.68E+02
1.70E+02
1.71E+02
1.73E+02
1.75E+02
1.77E+02
1.78E+02
1.80E+02
1.82E+02
1.84E+02
1.85E+02
1.87E+02
1.89E+02
1.91E+02
1.92E+02
1.94E+02
1.96E+02
1.98E+02
1.99E+02
2.01E+02
2.03E+02
2.05E+02
2.07E+02
2.08E+02
2.10E+02
2.12E+02
2.14E+02
2.15E+02
2.17E+02
2.19E+02
2.21E+02
2.22E+02
2.24E+02
2.26E+02
2.28E+02
2.29E+02
2.31E+02
2.33E+02
2.35E+02
2.36E+02
2.38E+02
2.40E+02
2.42E+02
2.43E+02
2.45E+02
2.47E+02
2.49E+02
2.51E+02
2.52E+02
2.54E+02
2.55E+02
2.55E+02
2.55E+02
2.55E+02
2.55E+02
2.55E+02
2.55E+02
2.55E+02
2.55E+02
2.55E+02
2.55E+02
2.55E+02
2.55E+02
2.54E+02
2.52E+02
2.51E+02
2.50E+02
2.48E+02
2.47E+02
2.45E+02
2.44E+02
2.42E+02
2.41E+02
2.39E+02
2.38E+02
2.36E+02
2.35E+02
2.33E+02
2.32E+02
2.30E+02
2.29E+02
2.28E+02
2.26E+02
2.25E+02
2.23E+02
2.22E+02
2.20E+02
2.19E+02
2.17E+02
2.16E+02
2.14E+02
2.13E+02
2.11E+02
2.10E+02
2.08E+02
2.07E+02
2.06E+02
2.04E+02
2.03E+02
2.01E+02
2.00E+02
1.98E+02
1.97E+02
1.95E+02
1.94E+02
1.92E+02
1.91E+02
1.89E+02
1.88E+02
1.86E+02
1.85E+02
1.84E+02
1.82E+02
1.81E+02
1.79E+02
1.78E+02
1.76E+02
1.75E+02
1.73E+02
1.72E+02
1.70E+02
1.69E+02
1.67E+02
1.66E+02
1.64E+02
1.63E+02
1.62E+02
1.60E+02
1.59E+02
1.57E+02
1.56E+02
1.54E+02
1.53E+02
1.51E+02
1.50E+02
1.48E+02
1.47E+02
1.45E+02
1.44E+02
1.42E+02
1.41E+02
1.40E+02
1.38E+02
1.37E+02
1.35E+02
1.34E+02
1.32E+02
1.31E+02
1.29E+02
1.28E+02
1.26E+02
1.25E+02
1.23E+02
1.22E+02
1.20E+02
1.19E+02
1.18E+02
1.16E+02
1.15E+02
1.13E+02
1.12E+02
1.10E+02
1.09E+02
1.07E+02
1.06E+02
1.04E+02
1.03E+02
1.01E+02
9.99E+01
9.85E+01
9.70E+01
9.55E+01
9.41E+01
9.26E+01
9.11E+01
8.97E+01
8.82E+01
8.67E+01
8.53E+01
8.38E+01
8.23E+01
8.09E+01
7.94E+01
7.79E+01
7.65E+01
7.50E+01
7.35E+01
7.21E+01
7.06E+01
6.91E+01
6.77E+01
