6.84E+01
6.84E+01
6.84E+01
6.84E+01
6.84E+01
6.84E+01
6.84E+01
6.84E+01
6.84E+01
6.84E+01
6.84E+01
6.96E+01
7.09E+01
7.21E+01
7.34E+01
7.46E+01
7.59E+01
7.71E+01
7.84E+01
7.96E+01
8.09E+01
8.21E+01
8.34E+01
8.46E+01
8.59E+01
8.71E+01
8.84E+01
8.96E+01
9.09E+01
9.21E+01
9.34E+01
9.46E+01
9.59E+01
9.71E+01
9.84E+01
9.96E+01
1.01E+02
1.02E+02
1.03E+02
1.05E+02
1.06E+02
1.07E+02
1.08E+02
1.10E+02
1.11E+02
1.12E+02
1.13E+02
1.15E+02
1.16E+02
1.17E+02
1.18E+02
1.20E+02
1.21E+02
1.22E+02
1.23E+02
1.25E+02
1.26E+02
1.27E+02
1.28E+02
1.30E+02
1.31E+02
1.32E+02
1.33E+02
1.35E+02
1.36E+02
1.37E+02
1.38E+02
1.40E+02
1.41E+02
1.42E+02
1.43E+02
1.45E+02
1.46E+02
1.47E+02
1.48E+02
1.50E+02
1.51E+02
1.52E+02
1.53E+02
1.55E+02
1.56E+02
1.57E+02
1.58E+02
1.60E+02
1.61E+02
1.62E+02
1.63E+02
1.65E+02
1.66E+02
1.67E+02
1.68E+02
1.70E+02
1.71E+02
1.72E+02
1.73E+02
1.75E+02
1.76E+02
1.77E+02
1.78E+02
1.80E+02
1.81E+02
1.82E+02
1.83E+02
1.85E+02
1.86E+02
1.87E+02
1.88E+02
1.90E+02
1.91E+02
1.92E+02
1.93E+02
1.95E+02
1.96E+02
1.97E+02
1.98E+02
2.00E+02
2.01E+02
2.02E+02
2.03E+02
2.05E+02
2.06E+02
2.07E+02
2.08E+02
2.10E+02
2.11E+02
2.12E+02
2.13E+02
2.15E+02
2.16E+02
2.17E+02
2.18E+02
2.20E+02
2.21E+02
2.22E+02
2.23E+02
2.25E+02
2.26E+02
2.27E+02
2.28E+02
2.30E+02
2.31E+02
2.32E+02
2.33E+02
2.35E+02
2.36E+02
2.37E+02
2.38E+02
2.40E+02
2.41E+02
2.42E+02
2.43E+02
2.45E+02
2.46E+02
2.47E+02
2.48E+02
2.50E+02
2.51E+02
2.52E+02
2.53E+02
2.52E+02
2.50E+02
2.49E+02
2.47E+02
2.45E+02
2.43E+02
2.41E+02
2.39E+02
2.37E+02
2.35E+02
2.33E+02
2.32E+02
2.30E+02
2.28E+02
2.26E+02
2.24E+02
2.22E+02
2.20E+02
2.18E+02
2.16E+02
2.15E+02
2.13E+02
2.11E+02
2.09E+02
2.07E+02
2.05E+02
2.03E+02
2.01E+02
1.99E+02
1.97E+02
1.96E+02
1.94E+02
1.92E+02
1.90E+02
1.88E+02
1.86E+02
1.84E+02
1.82E+02
1.80E+02
1.79E+02
1.77E+02
1.75E+02
1.73E+02
1.71E+02
1.69E+02
1.67E+02
1.65E+02
1.63E+02
1.61E+02
1.60E+02
1.58E+02
1.56E+02
1.54E+02
1.52E+02
1.50E+02
1.48E+02
1.46E+02
1.44E+02
1.43E+02
1.41E+02
1.39E+02
1.37E+02
1.35E+02
1.33E+02
1.31E+02
1.29E+02
1.27E+02
1.25E+02
1.24E+02
1.22E+02
1.20E+02
1.18E+02
1.16E+02
1.14E+02
1.12E+02
1.10E+02
1.08E+02
1.07E+02
1.05E+02
1.03E+02
1.01E+02
9.90E+01
9.71E+01
9.52E+01
9.33E+01
9.14E+01
8.95E+01
8.76E+01
8.57E+01
8.38E+01
8.19E+01
8.00E+01
7.81E+01
7.63E+01
7.44E+01
7.25E+01
7.06E+01
