5.13E+01
5.13E+01
5.13E+01
5.13E+01
5.13E+01
5.13E+01
5.13E+01
5.13E+01
5.13E+01
5.13E+01
5.13E+01
5.22E+01
5.31E+01
5.41E+01
5.50E+01
5.60E+01
5.69E+01
5.78E+01
5.88E+01
5.97E+01
6.07E+01
6.16E+01
6.25E+01
6.35E+01
6.44E+01
6.53E+01
6.63E+01
6.72E+01
6.82E+01
6.91E+01
7.00E+01
7.10E+01
7.19E+01
7.29E+01
7.38E+01
7.47E+01
7.57E+01
7.66E+01
7.75E+01
7.85E+01
7.94E+01
8.04E+01
8.13E+01
8.22E+01
8.32E+01
8.41E+01
8.50E+01
8.60E+01
8.69E+01
8.79E+01
8.88E+01
8.97E+01
9.07E+01
9.16E+01
9.26E+01
9.35E+01
9.44E+01
9.54E+01
9.63E+01
9.72E+01
9.82E+01
9.91E+01
1.00E+02
1.01E+02
1.02E+02
1.03E+02
1.04E+02
1.05E+02
1.06E+02
1.07E+02
1.08E+02
1.08E+02
1.09E+02
1.10E+02
1.11E+02
1.12E+02
1.13E+02
1.14E+02
1.15E+02
1.16E+02
1.17E+02
1.18E+02
1.19E+02
1.20E+02
1.21E+02
1.22E+02
1.23E+02
1.24E+02
1.24E+02
1.25E+02
1.26E+02
1.27E+02
1.28E+02
1.29E+02
1.30E+02
1.31E+02
1.32E+02
1.33E+02
1.34E+02
1.35E+02
1.36E+02
1.37E+02
1.38E+02
1.39E+02
1.39E+02
1.40E+02
1.41E+02
1.42E+02
1.43E+02
1.44E+02
1.45E+02
1.46E+02
1.47E+02
1.48E+02
1.49E+02
1.50E+02
1.51E+02
1.52E+02
1.53E+02
1.54E+02
1.54E+02
1.55E+02
1.56E+02
1.57E+02
1.58E+02
1.59E+02
1.60E+02
1.61E+02
1.62E+02
1.63E+02
1.64E+02
1.65E+02
1.66E+02
1.67E+02
1.68E+02
1.69E+02
1.69E+02
1.70E+02
1.71E+02
1.72E+02
1.73E+02
1.74E+02
1.75E+02
1.76E+02
1.77E+02
1.78E+02
1.79E+02
1.80E+02
1.81E+02
1.82E+02
1.83E+02
1.84E+02
1.84E+02
1.85E+02
1.86E+02
1.87E+02
1.88E+02
1.89E+02
1.90E+02
1.89E+02
1.88E+02
1.86E+02
1.85E+02
1.84E+02
1.82E+02
1.81E+02
1.79E+02
1.78E+02
1.77E+02
1.75E+02
1.74E+02
1.72E+02
1.71E+02
1.69E+02
1.68E+02
1.67E+02
1.65E+02
1.64E+02
1.62E+02
1.61E+02
1.59E+02
1.58E+02
1.57E+02
1.55E+02
1.54E+02
1.52E+02
1.51E+02
1.50E+02
1.48E+02
1.47E+02
1.45E+02
1.44E+02
1.42E+02
1.41E+02
1.40E+02
1.38E+02
1.37E+02
1.35E+02
1.34E+02
1.32E+02
1.31E+02
1.30E+02
1.28E+02
1.27E+02
1.25E+02
1.24E+02
1.23E+02
1.21E+02
1.20E+02
1.18E+02
1.17E+02
1.15E+02
1.14E+02
1.13E+02
1.11E+02
1.10E+02
1.08E+02
1.07E+02
1.05E+02
1.04E+02
1.03E+02
1.01E+02
9.98E+01
9.84E+01
9.70E+01
9.55E+01
9.41E+01
9.27E+01
9.13E+01
8.99E+01
8.84E+01
8.70E+01
8.56E+01
8.42E+01
8.28E+01
8.13E+01
7.99E+01
7.85E+01
7.71E+01
7.57E+01
7.42E+01
7.28E+01
7.14E+01
7.00E+01
6.86E+01
6.71E+01
6.57E+01
6.43E+01
6.29E+01
6.15E+01
6.00E+01
5.86E+01
5.72E+01
5.58E+01
5.44E+01
5.29E+01
