2040	2040	2040	2040	
3706	3686	3613	3687	
3717	3702	3632	3707	
3726	3712	3646	3713	
3735	3723	3659	3725	
3743	3732	3668	3735	
3751	3738	3682	3741	
3759	3748	3692	3751	
3776	3761	3705	3763	
3787	3775	3727	3778	
3796	3789	3738	3788	
3806	3795	3749	3799	
3817	3811	3767	3810	
3834	3825	3783	3827	
3850	3840	3802	3844	
3860	3854	3817	3858	
3874	3870	3830	3871	
3892	3884	3845	3883	
3902	3893	3857	3896	
3914	3904	3871	3907	
3925	3914	3879	3915	
3930	3924	3890	3927	
3937	3933	3900	3931	
3944	3940	3905	3938	
3953	3944	3917	3949	
3969	3966	3934	3968	
3964	3961	3927	3957	
3964	3961	3934	3961	
3969	3965	3935	3961	
3973	3964	3937	3963	
3970	3967	3942	3967	
3972	3966	3939	3965	
3976	3966	3937	3967	
3968	3964	3936	3962	
3967	3962	3934	3961	
3964	3959	3932	3957	
3957	3951	3925	3954	
3954	3950	3923	3950	
3950	3943	3920	3945	
3948	3942	3911	3939	
3938	3931	3902	3931	
3930	3923	3892	3920	
3921	3910	3882	3911	
3910	3902	3868	3900	
3901	3888	3858	3887	
3888	3876	3843	3875	
3874	3861	3828	3863	
3866	3853	3818	3850	
3853	3843	3802	3838	
3850	3832	3791	3833	
3841	3823	3782	3824	
3830	3815	3768	3814	
3825	3804	3758	3803	
3815	3795	3743	3793	
3808	3784	3733	3782	
3797	3769	3718	3772	
3786	3759	3704	3757	
3776	3745	3690	3746	
3763	3732	3676	3735	
3756	3726	3669	3726	
3740	3707	3648	3706	
3711	3695	3619	3698	
3727	3713	3640	3715	
3735	3724	3655	3727	
3746	3733	3667	3735	
3750	3741	3679	3743	
3762	3749	3691	3752	
3771	3762	3705	3764	
3785	3774	3722	3777	
3797	3789	3739	3791	
3808	3801	3754	3803	
3820	3813	3768	3815	
3837	3826	3785	3830	
3849	3844	3804	3846	
3868	3860	3818	3861	
3878	3873	3834	3875	
3893	3888	3851	3890	
3906	3902	3864	3902	
3920	3912	3879	3915	
3929	3925	3889	3926	
3938	3934	3903	3936	
3950	3943	3911	3945	
3958	3951	3921	3953	
3965	3958	3928	3958	
3970	3965	3934	3966	
3973	3972	3942	3970	
3977	3975	3948	3978	
3982	3978	3951	3980	
3983	3984	3956	3982	
3987	3984	3955	3982	
3987	3987	3960	3987	
3987	3985	3959	3985	
3988	3987	3960	3985	
3986	3984	3958	3984	
3984	3981	3955	3981	
3982	3976	3952	3977	
3980	3974	3948	3973	
3976	3969	3943	3971	
3968	3964	3938	3966	
3964	3959	3930	3959	
3956	3950	3923	3951	
3948	3942	3912	3942	
3940	3932	3902	3931	
3926	3919	3891	3918	
3914	3907	3877	3908	
3906	3894	3865	3895	
3892	3883	3850	3881	
3895	3881	3848	3883	
3883	3870	3835	3871	
3861	3845	3809	3848	
3851	3838	3797	3838	
3843	3829	3785	3829	
3835	3817	3773	3818	
3826	3806	3759	3807	
3818	3796	3746	3797	
3806	3784	3733	3785	
3796	3772	3717	3773	
3786	3757	3700	3757	
3775	3746	3689	3746	
3767	3737	3675	3736	
3749	3715	3655	3718	
3713	3698	3627	3701	
3731	3717	3648	3720	
3740	3727	3658	3731	
3745	3736	3671	3739	
3755	3745	3684	3749	
3764	3759	3700	3763	
3778	3771	3719	3775	
3790	3784	3734	3787	
3805	3799	3750	3801	
3817	3812	3767	3815	
3830	3826	3783	3830	
3849	3843	3803	3845	
3864	3858	3821	3864	
3879	3875	3837	3878	
3893	3888	3854	3892	
3909	3904	3869	3906	
3918	3915	3884	3918	
3931	3929	3897	3930	
3941	3940	3907	3944	
3955	3951	3920	3954	
3963	3959	3929	3961	
3969	3967	3941	3970	
3975	3974	3946	3975	
3982	3981	3954	3983	
3989	3987	3960	3986	
3990	3992	3965	3994	
3996	3994	3970	3996	
4000	3997	3974	3998	
4001	4001	3979	4002	
4001	3999	3979	4002	
4001	4001	3976	4003	
4002	4001	3976	4001	
3999	3999	3974	4001	
3997	3994	3972	3995	
3995	3990	3969	3993	
3990	3986	3963	3989	
3987	3985	3959	3985	
3983	3978	3955	3979	
3976	3972	3947	3973	
3969	3965	3942	3965	
3957	3956	3928	3957	
3951	3946	3919	3946	
3939	3937	3909	3935	
3929	3923	3894	3923	
3918	3911	3884	3912	
3906	3896	3868	3897	
3892	3885	3854	3884	
3879	3870	3840	3873	
3869	3854	3820	3856	
3857	3846	3810	3848	
3851	3836	3795	3838	
3843	3825	3781	3828	
3832	3814	3768	3816	
3823	3803	3753	3805	
3814	3793	3742	3793	
3804	3779	3725	3781	
3793	3767	3713	3768	
3782	3753	3695	3753	
3768	3741	3682	3743	
3751	3720	3660	3724	
3720	3703	3630	3707	
3732	3721	3648	3725	
3739	3731	3663	3732	
3750	3742	3677	3745	
3760	3753	3693	3755	
3772	3769	3710	3771	
3789	3783	3730	3783	
3802	3795	3746	3797	
3811	3811	3763	3810	
3829	3825	3780	3827	
3846	3841	3800	3844	
3863	3859	3819	3861	
3881	3875	3837	3876	
3896	3892	3856	3894	
3908	3905	3870	3908	
3923	3920	3885	3921	
3938	3932	3900	3933	
3948	3946	3916	3946	
3958	3958	3926	3957	
3970	3967	3941	3968	
3981	3977	3950	3977	
3985	3986	3959	3986	
3992	3991	3964	3990	
3998	3999	3972	3997	
4003	4004	3978	4004	
4007	4006	3984	4008	
4010	4009	3988	4011	
4013	4012	3991	4012	
4014	4012	3992	4016	
4015	4015	3994	4015	
4015	4014	3992	4016	
4014	4015	3995	4015	
4015	4013	3990	4013	
4009	4010	3989	4010	
4009	4006	3985	4005	
4005	4000	3982	4002	
4001	3997	3973	3998	
3995	3994	3969	3992	
3991	3987	3963	3989	
3983	3979	3957	3979	
3975	3969	3947	3970	
3964	3958	3937	3959	
3953	3948	3924	3949	
3946	3940	3914	3938	
3932	3924	3901	3926	
3920	3912	3885	3910	
3904	3895	3869	3896	
3891	3884	3854	3883	
3880	3867	3833	3868	
3870	3856	3818	3858	
3863	3846	3806	3847	
3855	3834	3793	3835	
3841	3822	3776	3823	
3834	3813	3767	3811	
3824	3801	3751	3801	
3815	3789	3735	3790	
3800	3775	3719	3775	
3788	3760	3706	3764	
3777	3749	3691	3751	
3756	3728	3671	3728	
3722	3705	3631	3708	
3735	3724	3653	3724	
3745	3734	3667	3736	
3754	3749	3684	3750	
3770	3760	3702	3765	
3784	3777	3721	3780	
3797	3791	3739	3795	
3810	3806	3758	3808	
3824	3821	3777	3822	
3842	3838	3796	3837	
3860	3854	3815	3856	
3878	3873	3836	3875	
3894	3889	3854	3891	
3910	3906	3870	3907	
3924	3919	3888	3922	
3941	3934	3904	3935	
3952	3945	3918	3948	
3964	3959	3930	3959	
3973	3969	3944	3972	
3987	3983	3957	3986	
3992	3990	3965	3990	
3998	3999	3978	3998	
4006	4005	3983	4005	
4009	4012	3989	4012	
4016	4017	3996	4018	
4022	4019	4002	4023	
4022	4024	4003	4024	
4026	4027	4007	4026	
4026	4028	4008	4027	
4026	4029	4008	4027	
4027	4027	4011	4028	
4027	4026	4009	4026	
4022	4025	4007	4023	
4024	4023	4004	4023	
4021	4018	3999	4019	
4016	4014	3993	4015	
4010	4011	3990	4009	
4006	4005	3986	4004	
4003	4000	3978	3998	
3993	3990	3970	3989	
3986	3983	3961	3981	
3975	3972	3953	3971	
3965	3962	3942	3962	
3956	3952	3929	3953	
3947	3940	3915	3939	
3935	3925	3902	3926	
3922	3911	3885	3909	
3905	3896	3869	3896	
3890	3880	3849	3881	
3879	3866	3832	3866	
3870	3854	3819	3855	
3859	3843	3802	3843	
3850	3831	3787	3831	
3839	3819	3774	3818	
3831	3807	3757	3808	
3822	3795	3745	3796	
3808	3783	3729	3783	
3797	3770	3714	3772	
3786	3756	3699	3757	
3764	3733	3678	3736	
3717	3706	3632	3706	
3733	3723	3653	3727	
3747	3738	3670	3743	
3761	3755	3691	3755	
3776	3771	3712	3772	
3789	3784	3731	3788	
3803	3797	3748	3799	
3818	3812	3766	3817	
3835	3829	3789	3833	
3853	3849	3811	3851	
3873	3866	3831	3869	
3892	3886	3850	3887	
3907	3902	3869	3905	
3924	3917	3888	3920	
3940	3933	3904	3933	
3953	3947	3918	3947	
3965	3959	3933	3962	
3977	3972	3949	3975	
3986	3983	3960	3983	
3996	3994	3971	3995	
4005	3999	3982	4003	
4012	4010	3990	4012	
4019	4018	3999	4019	
4024	4025	4005	4025	
4031	4031	4013	4030	
4034	4032	4015	4033	
4036	4034	4020	4034	
4036	4037	4022	4038	
4038	4037	4024	4037	
4043	4037	4023	4035	
4038	4037	4024	4039	
4035	4037	4022	4038	
4037	4035	4020	4035	
4034	4035	4017	4033	
4033	4030	4016	4030	
4028	4025	4010	4026	
4024	4024	4006	4022	
4019	4016	3999	4016	
4011	4008	3993	4010	
4005	4001	3985	4002	
3998	3994	3975	3993	
3988	3984	3968	3984	
3981	3975	3957	3973	
3966	3962	3943	3963	
3959	3950	3931	3950	
3947	3937	3916	3938	
3933	3925	3899	3924	
3919	3910	3883	3911	
3905	3892	3864	3893	
3889	3875	3844	3873	
3879	3862	3827	3862	
3868	3851	3812	3851	
3857	3838	3797	3838	
3843	3826	3781	3826	
3837	3815	3766	3814	
3825	3802	3753	3802	
3814	3789	3738	3790	
3803	3774	3720	3777	
3793	3762	3708	3765	
3776	3743	3686	3743	
3724	3711	3636	3713	
3743	3732	3663	3735	
3756	3748	3681	3750	
3774	3764	3701	3766	
3787	3779	3721	3782	
3797	3793	3739	3796	
3812	3808	3759	3810	
3827	3823	3777	3824	
3848	3842	3801	3845	
3867	3864	3826	3865	
3886	3882	3849	3882	
3907	3899	3867	3900	
3924	3919	3887	3920	
3937	3934	3905	3935	
3954	3948	3920	3949	
3965	3961	3936	3963	
3980	3974	3950	3974	
3991	3985	3962	3985	
4000	3995	3978	3997	
4010	4007	3990	4008	
4020	4017	4000	4018	
4026	4026	4009	4027	
4036	4034	4018	4035	
4042	4042	4027	4040	
4046	4044	4030	4044	
4048	4047	4035	4045	
4051	4049	4038	4048	
4052	4049	4038	4049	
4056	4053	4040	4053	
4053	4052	4041	4052	
4051	4051	4039	4049	
4051	4050	4038	4051	
4052	4048	4036	4049	
4050	4047	4035	4047	
4042	4043	4032	4040	
4041	4039	4024	4039	
4038	4035	4019	4034	
4028	4028	4015	4027	
4023	4022	4008	4021	
4017	4013	3999	4013	
4005	4002	3989	4002	
3997	3993	3980	3993	
3992	3985	3972	3986	
3980	3975	3958	3974	
3971	3965	3947	3961	
3960	3948	3929	3949	
3944	3937	3914	3937	
3931	3924	3898	3922	
3918	3906	3880	3905	
3902	3887	3861	3888	
3886	3873	3841	3873	
3879	3859	3824	3859	
3866	3846	3808	3844	
3855	3833	3792	3833	
3843	3821	3777	3823	
3833	3811	3763	3810	
3819	3794	3745	3796	
3812	3784	3731	3786	
3802	3773	3718	3774	
3780	3751	3696	3751	
3731	3718	3648	3721	
3751	3740	3669	3742	
3763	3756	3690	3758	
3777	3768	3709	3771	
3791	3784	3729	3787	
3803	3798	3748	3801	
3818	3814	3769	3816	
3836	3831	3790	3834	
3856	3850	3814	3856	
3876	3874	3840	3875	
3897	3892	3858	3892	
3913	3910	3878	3912	
3935	3927	3900	3931	
3950	3945	3914	3946	
3964	3958	3931	3960	
3976	3971	3948	3971	
3987	3982	3962	3985	
4001	3995	3978	3996	
4008	4006	3989	4006	
4018	4018	4003	4019	
4028	4027	4015	4029	
4039	4035	4022	4036	
4043	4043	4032	4044	
4051	4049	4040	4052	
4056	4055	4044	4055	
4057	4057	4050	4056	
4059	4060	4053	4060	
4061	4060	4054	4061	
4060	4062	4054	4061	
4060	4060	4054	4062	
4061	4061	4054	4063	
4059	4058	4053	4060	
4058	4056	4050	4057	
4054	4054	4047	4056	
4052	4051	4044	4052	
4048	4046	4039	4048	
4044	4043	4033	4042	
4038	4034	4026	4036	
4030	4027	4019	4027	
4022	4019	4013	4020	
4031	4027	4015	4026	
4020	4015	4005	4015	
4000	3992	3981	3994	
3991	3984	3970	3983	
3981	3974	3956	3974	
3968	3961	3939	3960	
3954	3946	3924	3944	
3942	3932	3911	3932	
3929	3916	3892	3916	
3911	3896	3873	3900	
3896	3879	3852	3881	
3884	3865	3833	3866	
3870	3853	3816	3852	
3862	3842	3803	3841	
3847	3827	3785	3827	
3837	3814	3769	3815	
3824	3801	3753	3802	
3815	3789	3738	3789	
3805	3776	3721	3779	
3786	3755	3702	3758	
3740	3725	3652	3726	
3757	3745	3677	3748	
3770	3760	3697	3762	
3783	3775	3716	3778	
3797	3791	3738	3793	
3811	3805	3754	3806	
3824	3820	3777	3822	
3842	3838	3800	3841	
3866	3860	3827	3863	
3888	3882	3849	3883	
3908	3900	3869	3902	
3925	3917	3889	3919	
3943	3936	3909	3937	
3959	3952	3928	3952	
3974	3966	3941	3967	
3984	3978	3959	3979	
3995	3992	3974	3995	
4008	4002	3988	4003	
4019	4013	3999	4014	
4030	4025	4014	4026	
4038	4034	4025	4035	
4048	4042	4036	4045	
4053	4051	4045	4050	
4058	4057	4052	4059	
4066	4061	4056	4062	
4066	4065	4061	4065	
4068	4070	4064	4068	
4071	4068	4063	4070	
4069	4069	4066	4069	
4070	4068	4065	4069	
4069	4070	4062	4067	
4069	4067	4063	4067	
4064	4064	4060	4063	
4060	4060	4055	4062	
4060	4058	4050	4058	
4054	4055	4047	4054	
4050	4049	4040	4047	
4043	4041	4034	4043	
4036	4036	4028	4033	
4030	4025	4019	4028	
4026	4023	4014	4024	
4015	4013	4004	4012	
4010	4002	3988	4001	
3999	3992	3979	3989	
3987	3981	3965	3981	
3978	3967	3952	3964	
3966	3954	3936	3954	
3950	3938	3919	3937	
3934	3922	3899	3921	
3919	3906	3881	3903	
3902	3887	3863	3886	
3888	3870	3844	3871	
3875	3856	3824	3855	
3877	3855	3820	3857	
3854	3835	3796	3834	
3841	3818	3773	3819	
3830	3806	3756	3807	
3819	3795	3742	3794	
3810	3781	3729	3780	
3792	3758	3706	3759	
3742	3727	3659	3729	
3761	3750	3683	3752	
3774	3765	3704	3767	
3787	3781	3722	3782	
3805	3795	3744	3799	
3816	3810	3763	3812	
3833	3829	3787	3829	
3851	3846	3810	3850	
3876	3871	3835	3872	
3894	3889	3859	3892	
3914	3907	3878	3910	
3929	3924	3899	3927	
3950	3942	3919	3944	
3964	3958	3934	3962	
3981	3972	3951	3973	
3993	3988	3970	3988	
4004	4000	3982	4000	
4015	4010	3996	4013	
4024	4020	4008	4022	
4034	4032	4021	4034	
4044	4042	4034	4044	
4054	4051	4046	4052	
4061	4059	4055	4060	
4067	4066	4064	4068	
4070	4070	4069	4072	
4073	4075	4074	4074	
4078	4077	4076	4079	
4081	4078	4078	4081	
4078	4078	4079	4081	
4075	4077	4076	4079	
4075	4076	4073	4076	
4076	4075	4072	4075	
4072	4072	4066	4072	
4067	4066	4063	4067	
4065	4064	4058	4064	
4060	4061	4055	4062	
4057	4053	4051	4055	
4050	4047	4045	4047	
4042	4042	4038	4043	
4039	4034	4027	4036	
4033	4029	4019	4026	
4021	4018	4008	4017	
4017	4007	3997	4009	
4003	3999	3985	3999	
3993	3986	3974	3988	
3982	3971	3958	3975	
3969	3960	3943	3959	
3956	3945	3929	3945	
3939	3928	3909	3928	
3925	3914	3891	3912	
3909	3895	3869	3895	
3892	3876	3849	3876	
3878	3861	3830	3860	
3864	3846	3812	3846	
3854	3831	3795	3834	
3845	3821	3778	3822	
3832	3808	3760	3809	
3824	3795	3744	3798	
3812	3785	3732	3787	
3796	3761	3710	3764	
3749	3732	3661	3735	
3766	3754	3687	3758	
3775	3770	3708	3774	
3791	3784	3729	3787	
3806	3801	3749	3801	
3823	3815	3770	3819	
3840	3834	3793	3836	
3859	3856	3819	3856	
3880	3877	3844	3881	
3900	3896	3866	3899	
3920	3914	3887	3917	
3937	3931	3905	3934	
3955	3948	3925	3951	
3971	3964	3942	3966	
3983	3979	3962	3981	
3999	3993	3978	3996	
4013	4004	3991	4007	
4022	4017	4007	4018	
4032	4029	4021	4030	
4041	4039	4033	4041	
4053	4050	4046	4051	
4059	4057	4057	4062	
4068	4066	4065	4066	
4074	4072	4072	4073	
4078	4077	4077	4078	
4084	4083	4085	4083	
4087	4084	4085	4085	
4087	4086	4086	4088	
4084	4089	4088	4090	
4087	4083	4085	4085	
4085	4082	4082	4082	
4080	4081	4080	4080	
4079	4076	4077	4077	
4077	4073	4073	4075	
4073	4070	4067	4070	
4067	4065	4066	4066	
4062	4062	4059	4060	
4057	4055	4053	4056	
4051	4048	4045	4049	
4043	4042	4034	4041	
4038	4035	4026	4033	
4029	4024	4016	4026	
4021	4014	4006	4016	
4013	4004	3994	4007	
4003	3993	3979	3993	
3988	3980	3965	3979	
3977	3966	3951	3966	
3963	3952	3934	3952	
3949	3934	3918	3934	
3933	3917	3898	3920	
3914	3901	3879	3901	
3898	3882	3858	3883	
3885	3866	3837	3868	
3873	3852	3818	3852	
3859	3839	3801	3840	
3849	3827	3784	3827	
3839	3811	3766	3812	
3826	3799	3751	3800	
3818	3788	3736	3789	
3800	3767	3715	3766	
3748	3737	3666	3740	
3768	3758	3693	3761	
3782	3774	3713	3778	
3796	3789	3731	3791	
3810	3805	3753	3807	
3826	3821	3776	3824	
3845	3841	3802	3845	
3866	3860	3827	3864	
3887	3883	3849	3886	
3908	3903	3870	3904	
3924	3920	3890	3921	
3944	3936	3911	3938	
3960	3955	3932	3955	
3978	3969	3951	3971	
3989	3985	3967	3986	
4005	3998	3984	4000	
4018	4010	3999	4013	
4030	4026	4014	4026	
4043	4037	4030	4039	
4045	4046	4042	4048	
4058	4055	4054	4055	
4065	4066	4065	4066	
4074	4071	4073	4073	
4081	4079	4082	4079	
4084	4083	4084	4085	
4094	4089	4092	4091	
4090	4093	4094	4091	
4092	4092	4095	4093	
4090	4093	4095	4093	
4092	4091	4095	4092	
4089	4090	4091	4089	
4084	4085	4084	4086	
4082	4082	4083	4083	
4077	4078	4078	4078	
4079	4074	4073	4076	
4072	4071	4069	4071	
4068	4066	4064	4066	
4060	4057	4058	4059	
4055	4054	4051	4054	
4049	4046	4043	4046	
4045	4039	4031	4040	
4038	4031	4021	4030	
4028	4023	4011	4021	
4019	4011	4001	4010	
4007	3999	3986	4001	
3994	3986	3972	3985	
3985	3973	3960	3973	
3968	3958	3940	3958	
3953	3940	3923	3941	
3939	3923	3904	3925	
3920	3907	3886	3906	
3905	3889	3865	3890	
3888	3870	3840	3872	
3876	3856	3823	3857	
3863	3841	3805	3844	
3852	3829	3786	3831	
3840	3815	3769	3816	
3831	3801	3755	3803	
3819	3790	3741	3792	
3803	3769	3716	3770	
3754	3738	3669	3742	
3771	3762	3695	3765	
3785	3777	3714	3780	
3799	3791	3734	3793	
3814	3809	3758	3812	
3829	3825	3782	3830	
3850	3844	3805	3848	
3869	3866	3829	3869	
3891	3886	3853	3891	
3913	3906	3876	3910	
3929	3924	3897	3929	
3948	3939	3916	3945	
3966	3958	3935	3960	
3980	3974	3956	3975	
3998	3990	3973	3994	
4012	4004	3989	4008	
4024	4015	4008	4019	
4034	4029	4022	4032	
4046	4043	4036	4043	
4056	4051	4047	4053	
4065	4064	4062	4065	
4075	4072	4072	4073	
4080	4079	4080	4080	
4088	4087	4086	4087	
4091	4089	4091	4091	
4093	4090	4095	4094	
4095	4092	4096	4095	
4096	4097	4100	4096	
4094	4097	4099	4099	
4094	4095	4099	4096	
4094	4093	4096	4093	
4091	4089	4095	4089	
4087	4087	4088	4087	
4082	4082	4084	4081	
4080	4079	4080	4077	
4076	4074	4074	4075	
4071	4069	4070	4071	
4067	4065	4060	4063	
4061	4058	4051	4058	
4053	4052	4046	4052	
4047	4043	4036	4044	
4041	4036	4027	4036	
4032	4025	4015	4025	
4019	4012	4004	4014	
4011	4002	3990	4004	
3996	3990	3976	3989	
3989	3977	3962	3976	
3972	3962	3944	3964	
3956	3945	3927	3947	
3942	3929	3908	3928	
3925	3910	3888	3910	
3910	3894	3869	3892	
3893	3874	3847	3873	
3878	3859	3825	3860	
3866	3844	3808	3845	
3856	3832	3793	3831	
3844	3817	3772	3817	
3832	3803	3757	3806	
3821	3793	3740	3795	
3804	3770	3717	3773	
3754	3742	3670	3744	
3772	3766	3697	3768	
3788	3780	3716	3783	
3800	3795	3736	3797	
3817	3812	3760	3815	
3836	3829	3785	3832	
3853	3851	3810	3854	
3875	3870	3835	3873	
3900	3892	3859	3894	
3917	3911	3880	3912	
3934	3929	3901	3931	
3950	3945	3919	3948	
3967	3962	3938	3964	
3986	3979	3959	3980	
3999	3993	3977	3996	
4015	4010	3995	4011	
4026	4022	4011	4024	
4040	4034	4024	4036	
4050	4048	4039	4047	
4059	4058	4054	4059	
4069	4067	4064	4069	
4079	4077	4077	4078	
4087	4083	4084	4083	
4090	4089	4090	4090	
4091	4094	4094	4093	
4098	4097	4101	4095	
4098	4097	4100	4098	
4099	4096	4100	4099	
4098	4098	4103	4099	
4096	4098	4102	4099	
4096	4095	4101	4096	
4092	4093	4095	4093	
4088	4090	4093	4090	
4086	4085	4087	4086	
4082	4082	4082	4083	
4078	4078	4077	4076	
4075	4074	4072	4074	
4071	4068	4064	4067	
4063	4061	4055	4061	
4059	4055	4049	4054	
4053	4047	4038	4047	
4041	4037	4028	4038	
4034	4028	4018	4031	
4024	4018	4006	4018	
4013	4006	3995	4007	
4000	3993	3980	3995	
3989	3982	3967	3980	
3976	3969	3951	3967	
3961	3949	3932	3948	
3946	3931	3914	3934	
3931	3915	3894	3918	
3914	3900	3874	3899	
3896	3878	3849	3878	
3881	3862	3831	3862	
3869	3848	3810	3847	
3858	3834	3793	3833	
3844	3818	3775	3818	
3833	3806	3758	3808	
3823	3793	3742	3795	
3803	3774	3720	3774	
3759	3747	3669	3744	
3778	3767	3700	3770	
3790	3782	3720	3785	
3804	3796	3739	3800	
3819	3814	3761	3815	
3837	3832	3787	3835	
3859	3853	3812	3856	
3879	3874	3836	3878	
3900	3894	3862	3895	
3920	3913	3883	3916	
3937	3932	3906	3935	
3957	3947	3925	3952	
3972	3966	3945	3968	
3989	3982	3963	3985	
4006	3997	3981	3999	
4020	4011	3998	4015	
4030	4023	4015	4028	
4042	4037	4030	4040	
4053	4048	4044	4050	
4062	4060	4056	4062	
4073	4072	4070	4073	
4081	4078	4079	4078	
4088	4087	4088	4086	
4093	4092	4097	4093	
4096	4096	4100	4096	
4099	4098	4104	4098	
4102	4099	4101	4100	
4102	4099	4103	4100	
4101	4100	4105	4100	
4099	4101	4104	4099	
4098	4098	4101	4097	
4095	4094	4098	4094	
4091	4091	4094	4093	
4086	4087	4089	4090	
4085	4084	4084	4085	
4085	4079	4078	4080	
4076	4073	4071	4074	
4072	4069	4064	4070	
4066	4063	4057	4064	
4060	4058	4049	4058	
4053	4050	4041	4051	
4046	4041	4032	4040	
4038	4032	4022	4034	
4027	4022	4010	4023	
4016	4008	3997	4010	
4003	3994	3983	3998	
3992	3986	3969	3985	
3981	3969	3954	3970	
3964	3953	3936	3952	
3951	3935	3919	3936	
3934	3921	3899	3920	
3932	3915	3890	3915	
3899	3883	3853	3881	
3884	3863	3834	3864	
3873	3851	3816	3851	
3860	3838	3796	3836	
3847	3821	3774	3821	
3838	3808	3759	3808	
3825	3795	3745	3796	
3809	3775	3719	3777	
3756	3747	3674	3750	
3777	3767	3699	3771	
3790	3782	3720	3786	
3803	3798	3740	3800	
3819	3815	3762	3817	
3837	3834	3788	3837	
3860	3855	3814	3858	
3880	3875	3837	3879	
3904	3897	3862	3899	
3922	3919	3885	3921	
3941	3935	3905	3936	
3956	3951	3927	3954	
3977	3968	3944	3970	
3990	3983	3963	3985	
4006	3999	3981	4000	
4018	4014	4000	4014	
4033	4025	4016	4026	
4044	4039	4030	4041	
4054	4052	4044	4052	
4065	4061	4057	4062	
4071	4071	4071	4074	
4077	4080	4080	4079	
4087	4086	4087	4086	
4095	4092	4098	4095	
4097	4097	4103	4097	
4101	4098	4105	4099	
4099	4098	4106	4099	
4099	4100	4105	4101	
4101	4099	4106	4100	
4101	4099	4105	4099	
4099	4097	4102	4098	
4095	4095	4097	4095	
4092	4090	4094	4091	
4088	4089	4088	4088	
4083	4085	4084	4085	
4084	4079	4078	4080	
4075	4076	4071	4073	
4072	4071	4065	4069	
4066	4062	4059	4062	
4063	4057	4051	4056	
4054	4049	4041	4050	
4046	4042	4030	4040	
4036	4032	4023	4033	
4031	4023	4009	4023	
4020	4011	3998	4008	
4007	3998	3984	3997	
3995	3985	3971	3985	
3983	3970	3954	3971	
3964	3955	3934	3955	
3954	3937	3920	3938	
3938	3921	3899	3922	
3917	3902	3880	3903	
3901	3882	3855	3883	
3888	3865	3832	3865	
3874	3851	3814	3852	
3862	3837	3796	3838	
3849	3822	3775	3824	
3837	3809	3760	3810	
3828	3797	3744	3798	
3809	3773	3722	3775	
3761	3748	3677	3754	
3778	3771	3700	3773	
3789	3784	3719	3788	
3805	3800	3741	3804	
3822	3817	3763	3819	
3838	3834	3789	3837	
3858	3855	3816	3859	
3881	3877	3840	3880	
3904	3898	3865	3901	
3922	3918	3889	3920	
3938	3934	3906	3938	
3955	3952	3927	3954	
3974	3969	3945	3971	
3991	3984	3965	3987	
4004	3999	3983	4001	
4018	4012	3998	4014	
4031	4028	4015	4029	
4041	4037	4030	4039	
4055	4049	4041	4050	
4062	4059	4058	4061	
4073	4071	4071	4071	
4079	4080	4081	4081	
4089	4087	4091	4088	
4095	4093	4096	4095	
4097	4095	4100	4097	
4098	4098	4103	4099	
4100	4098	4105	4099	
4100	4099	4105	4100	
4098	4100	4104	4099	
4101	4098	4106	4099	
4096	4097	4105	4097	
4096	4096	4102	4095	
4091	4092	4093	4091	
4086	4089	4087	4090	
4086	4085	4082	4086	
4081	4081	4078	4080	
4078	4076	4073	4076	
4072	4068	4064	4070	
4067	4064	4057	4065	
4059	4057	4050	4056	
4054	4050	4044	4050	
4046	4042	4033	4042	
4040	4032	4022	4032	
4029	4022	4010	4023	
4016	4010	3999	4011	
4007	3999	3984	3999	
3995	3985	3970	3985	
3983	3974	3955	3973	
3968	3955	3938	3957	
3950	3938	3918	3938	
3934	3922	3900	3922	
3918	3902	3880	3904	
3901	3883	3853	3885	
3887	3866	3834	3868	
3874	3852	3815	3852	
3862	3839	3797	3839	
3848	3823	3779	3823	
3836	3810	3760	3811	
3828	3797	3746	3799	
3803	3775	3721	3776	
3759	3753	3675	3751	
3778	3772	3701	3775	
3792	3785	3719	3787	
3805	3801	3741	3801	
3825	3816	3765	3819	
3838	3836	3788	3840	
3862	3857	3817	3859	
3881	3877	3841	3880	
3903	3900	3863	3902	
3924	3920	3886	3920	
3944	3939	3907	3941	
3959	3954	3925	3955	
3976	3970	3946	3972	
3991	3984	3963	3988	
4003	4001	3980	4002	
4020	4014	4000	4015	
4030	4027	4015	4028	
4040	4037	4028	4040	
4050	4049	4040	4049	
4063	4061	4057	4062	
4073	4072	4070	4072	
4081	4080	4080	4080	
4091	4087	4089	4088	
4095	4093	4096	4094	
4098	4096	4101	4097	
4099	4099	4103	4102	
4099	4100	4106	4099	
4100	4101	4104	4099	
4099	4099	4105	4100	
4099	4100	4104	4099	
4098	4098	4103	4097	
4098	4097	4099	4096	
4093	4093	4093	4092	
4087	4088	4088	4089	
4086	4086	4084	4086	
4082	4080	4077	4079	
4078	4077	4073	4076	
4070	4070	4066	4068	
4066	4064	4057	4064	
4059	4057	4048	4058	
4055	4048	4040	4050	
4046	4040	4031	4042	
4035	4030	4019	4030	
4026	4021	4010	4021	
4016	4011	3998	4011	
4006	3998	3983	4000	
3994	3985	3971	3986	
3980	3971	3954	3972	
3968	3956	3938	3957	
3953	3938	3918	3939	
3936	3922	3899	3920	
3921	3905	3880	3905	
3902	3884	3857	3887	
3890	3867	3834	3868	
3876	3853	3816	3854	
3864	3840	3796	3838	
3852	3824	3780	3826	
3839	3812	3763	3814	
3830	3800	3746	3800	
3811	3779	3725	3779	
3761	3749	3674	3749	
3780	3772	3700	3773	
3793	3786	3720	3788	
3807	3800	3740	3804	
3820	3816	3763	3820	
3839	3836	3790	3838	
3861	3858	3815	3859	
3883	3878	3840	3879	
3902	3899	3865	3901	
3924	3920	3885	3921	
3941	3937	3906	3938	
3958	3954	3927	3954	
3975	3972	3948	3972	
3993	3987	3966	3987	
4008	3999	3983	4003	
4021	4016	3999	4015	
4032	4026	4014	4026	
4041	4037	4028	4037	
4052	4050	4044	4050	
4060	4058	4055	4060	
4070	4071	4066	4071	
4080	4080	4078	4079	
4086	4086	4086	4086	
4092	4093	4092	4093	
4096	4097	4099	4094	
4097	4098	4102	4098	
4100	4098	4104	4096	
4098	4098	4104	4097	
4099	4098	4104	4096	
4097	4097	4103	4096	
4095	4095	4099	4096	
4098	4096	4094	4095	
4092	4090	4090	4090	
4091	4087	4086	4086	
4087	4082	4083	4083	
4079	4081	4078	4080	
4080	4076	4074	4076	
4072	4069	4063	4067	
4067	4065	4057	4064	
4061	4056	4048	4056	
4054	4048	4040	4049	
4045	4039	4031	4039	
4036	4029	4019	4029	
4026	4021	4008	4021	
4017	4009	3997	4008	
4006	3998	3982	3996	
3994	3985	3968	3984	
3982	3970	3953	3968	
3963	3953	3935	3954	
3951	3938	3916	3940	
3933	3920	3896	3920	
3920	3903	3877	3904	
3902	3884	3857	3885	
3887	3868	3836	3868	
3874	3852	3814	3852	
3860	3838	3797	3839	
3853	3826	3777	3825	
3840	3812	3760	3813	
3829	3799	3744	3801	
3809	3778	3724	3777	
3757	3748	3672	3750	
3777	3768	3698	3771	
3789	3785	3719	3785	
3803	3799	3739	3801	
3821	3816	3763	3818	
3836	3835	3786	3836	
3858	3854	3813	3859	
3881	3877	3839	3879	
3904	3898	3862	3902	
3923	3917	3884	3920	
3939	3934	3907	3938	
3957	3953	3924	3956	
3975	3970	3944	3971	
3990	3985	3962	3986	
4004	3998	3979	4002	
4019	4012	3995	4016	
4032	4026	4012	4028	
4041	4036	4027	4040	
4047	4049	4041	4049	
4059	4056	4053	4056	
4069	4066	4064	4068	
4076	4076	4073	4075	
4081	4082	4083	4082	
4088	4089	4091	4090	
4093	4093	4098	4092	
4092	4094	4099	4095	
4095	4095	4102	4095	
4095	4096	4099	4091	
4094	4094	4102	4094	
4095	4094	4098	4092	
4093	4093	4095	4093	
4094	4092	4092	4091	
4090	4090	4087	4086	
4085	4083	4082	4086	
4080	4082	4080	4083	
4080	4077	4078	4078	
4075	4074	4070	4075	
4067	4068	4064	4069	
4063	4060	4057	4060	
4056	4054	4047	4054	
4049	4045	4038	4046	
4041	4039	4024	4038	
4030	4026	4014	4027	
4024	4017	4004	4017	
4013	4006	3993	4006	
4001	3995	3979	3994	
3989	3980	3961	3980	
3977	3967	3948	3966	
3960	3950	3929	3952	
3947	3936	3915	3937	
3932	3918	3893	3916	
3915	3901	3874	3901	
3898	3881	3852	3882	
3885	3866	3831	3865	
3871	3850	3812	3850	
3859	3836	3793	3837	
3850	3822	3775	3822	
3838	3810	3760	3811	
3828	3798	3744	3797	
3808	3776	3719	3777	
3757	3746	3672	3748	
3774	3768	3696	3771	
3785	3782	3716	3785	
3802	3797	3739	3799	
3818	3815	3759	3816	
3834	3833	3786	3835	
3856	3854	3812	3856	
3880	3876	3835	3877	
3900	3896	3859	3898	
3918	3915	3884	3920	
3937	3934	3904	3935	
3954	3951	3924	3952	
3969	3965	3939	3969	
3987	3984	3960	3981	
4003	3996	3976	3998	
4016	4013	3993	4014	
4026	4024	4011	4026	
4037	4037	4023	4037	
4047	4046	4037	4046	
4057	4055	4050	4058	
4065	4063	4060	4064	
4073	4072	4071	4071	
4078	4080	4081	4082	
4085	4086	4086	4086	
4087	4089	4093	4087	
4089	4090	4097	4092	
4091	4091	4099	4092	
4088	4091	4094	4091	
4091	4089	4093	4090	
4089	4090	4091	4090	
4087	4087	4090	4088	
4085	4087	4089	4086	
4083	4083	4086	4085	
4083	4080	4081	4082	
4080	4079	4079	4080	
4076	4075	4075	4072	
4073	4069	4067	4071	
4066	4065	4061	4064	
4057	4058	4053	4058	
4052	4051	4044	4051	
4047	4043	4037	4045	
4039	4034	4023	4033	
4029	4023	4012	4023	
4020	4012	4001	4012	
4008	4002	3985	4002	
3996	3990	3973	3989	
3984	3977	3960	3977	
3971	3963	3945	3964	
3957	3946	3926	3947	
3942	3932	3910	3934	
3926	3916	3889	3915	
3910	3896	3871	3898	
3895	3879	3849	3879	
3878	3861	3829	3864	
3868	3848	3810	3849	
3858	3835	3791	3836	
3848	3823	3773	3822	
3838	3807	3759	3809	
3827	3796	3741	3795	
3808	3774	3718	3773	
3757	3746	3671	3750	
3773	3766	3698	3769	
3784	3780	3715	3783	
3801	3796	3736	3799	
3816	3814	3757	3815	
3834	3830	3784	3832	
3852	3852	3809	3854	
3874	3873	3833	3874	
3898	3894	3859	3895	
3915	3913	3882	3916	
3936	3932	3900	3933	
3950	3950	3919	3950	
3967	3964	3938	3965	
3983	3978	3956	3981	
3998	3993	3973	3996	
4012	4010	3992	4011	
4024	4022	4003	4022	
4037	4034	4019	4034	
4046	4042	4032	4044	
4053	4054	4046	4055	
4062	4060	4053	4060	
4066	4068	4067	4070	
4074	4074	4072	4075	
4079	4080	4083	4079	
4085	4085	4086	4085	
4087	4090	4091	4087	
4085	4091	4092	4089	
4087	4088	4091	4089	
4089	4088	4090	4087	
4086	4086	4088	4087	
4087	4085	4085	4086	
4083	4083	4083	4084	
4082	4082	4080	4082	
4077	4079	4078	4078	
4075	4076	4076	4075	
4072	4072	4071	4074	
4069	4069	4066	4068	
4063	4062	4058	4062	
4058	4058	4050	4055	
4053	4049	4040	4048	
4047	4041	4031	4041	
4034	4031	4020	4031	
4026	4019	4007	4019	
4014	4010	3996	4010	
4005	3997	3984	3999	
3991	3988	3968	3985	
3980	3972	3956	3972	
3969	3959	3941	3959	
3954	3941	3923	3942	
3939	3929	3907	3927	
3924	3911	3885	3909	
3909	3894	3866	3892	
3893	3876	3845	3876	
3881	3862	3822	3861	
3869	3847	3808	3847	
3857	3835	3790	3835	
3846	3820	3771	3820	
3835	3808	3755	3807	
3825	3796	3738	3795	
3807	3774	3716	3770	
3753	3743	3666	3744	
3770	3764	3692	3767	
3780	3777	3710	3779	
3796	3792	3731	3796	
3815	3811	3757	3813	
3829	3827	3779	3830	
3850	3847	3803	3849	
3869	3868	3827	3871	
3893	3889	3855	3893	
3913	3911	3877	3913	
3931	3927	3895	3930	
3949	3944	3915	3946	
3962	3960	3932	3961	
3976	3974	3950	3977	
3992	3990	3965	3990	
4005	4005	3982	4006	
4020	4017	4002	4017	
4032	4029	4016	4031	
4040	4039	4027	4041	
4049	4048	4041	4050	
4057	4055	4051	4056	
4062	4062	4058	4062	
4067	4068	4068	4070	
4074	4075	4075	4076	
4078	4080	4080	4080	
4082	4084	4085	4082	
4084	4085	4086	4086	
4082	4086	4084	4086	
4085	4086	4088	4083	
4081	4081	4083	4083	
4080	4080	4085	4082	
4077	4078	4079	4079	
4077	4076	4075	4077	
4073	4074	4072	4074	
4070	4072	4070	4073	
4070	4069	4065	4070	
4062	4064	4061	4066	
4059	4056	4054	4058	
4053	4050	4043	4050	
4047	4044	4035	4043	
4038	4035	4028	4036	
4029	4026	4015	4025	
4021	4015	4004	4015	
4010	4006	3992	4005	
3998	3994	3976	3992	
3987	3979	3965	3979	
3975	3968	3950	3967	
3961	3955	3935	3953	
3947	3937	3915	3938	
3934	3923	3898	3922	
3918	3907	3878	3906	
3901	3889	3859	3889	
3887	3871	3839	3871	
3877	3858	3820	3857	
3866	3843	3803	3844	
3855	3829	3785	3831	
3842	3818	3768	3818	
3832	3804	3750	3804	
3821	3790	3738	3790	
3799	3769	3715	3771	
3747	3742	3663	3741	
3766	3760	3690	3765	
3778	3775	3707	3776	
3793	3790	3728	3793	
3812	3809	3752	3811	
3826	3826	3774	3828	
3840	3842	3800	3845	
3865	3864	3824	3866	
3887	3884	3849	3887	
3908	3906	3873	3908	
3924	3923	3891	3925	
3940	3938	3910	3940	
3954	3954	3927	3957	
3971	3967	3942	3974	
3986	3983	3961	3985	
3998	3998	3980	4001	
4011	4009	3992	4012	
4022	4021	4006	4022	
4031	4033	4020	4034	
4042	4041	4035	4042	
4050	4049	4041	4051	
4053	4056	4050	4057	
4060	4063	4061	4064	
4068	4067	4068	4069	
4071	4072	4071	4075	
4075	4077	4077	4078	
4079	4080	4078	4079	
4078	4082	4078	4083	
4080	4079	4080	4081	
4077	4082	4080	4080	
4077	4080	4079	4080	
4073	4078	4076	4076	
4071	4073	4074	4071	
4071	4071	4070	4071	
4064	4068	4064	4066	
4064	4063	4061	4063	
4061	4061	4056	4061	
4053	4054	4048	4055	
4048	4046	4039	4046	
4038	4040	4032	4040	
4034	4031	4023	4032	
4026	4022	4011	4023	
4013	4012	3998	4013	
4007	4002	3987	4000	
3992	3988	3971	3987	
3982	3976	3956	3975	
3967	3962	3941	3963	
3957	3949	3926	3949	
3943	3933	3910	3932	
3928	3917	3891	3918	
3912	3900	3875	3901	
3897	3883	3855	3883	
3883	3869	3831	3867	
3873	3855	3816	3856	
3862	3841	3800	3843	
3851	3827	3781	3828	
3837	3815	3766	3816	
3830	3800	3746	3801	
3817	3789	3735	3790	
3798	3767	3708	3767	
3745	3736	3659	3738	
3764	3759	3685	3760	
3777	3774	3705	3774	
3789	3785	3722	3788	
3805	3803	3746	3807	
3821	3820	3767	3820	
3836	3837	3792	3841	
3857	3858	3814	3859	
3877	3877	3839	3880	
3901	3899	3863	3903	
3916	3916	3882	3915	
3935	3934	3900	3935	
3950	3948	3918	3951	
3963	3965	3936	3966	
3977	3978	3951	3978	
3992	3990	3968	3992	
4005	4002	3982	4004	
4015	4014	3997	4014	
4022	4022	4006	4024	
4033	4034	4023	4034	
4042	4042	4034	4043	
4045	4047	4041	4048	
4053	4055	4049	4055	
4058	4062	4059	4062	
4062	4067	4064	4066	
4067	4072	4067	4071	
4071	4073	4071	4072	
4072	4074	4071	4077	
4072	4076	4074	4075	
4071	4074	4075	4074	
4071	4074	4072	4075	
4070	4071	4070	4071	
4067	4072	4066	4068	
4065	4068	4063	4066	
4063	4062	4060	4062	
4056	4057	4053	4058	
4055	4055	4049	4056	
4046	4049	4040	4048	
4042	4044	4033	4042	
4035	4036	4027	4034	
4025	4027	4015	4026	
4019	4017	4004	4015	
4009	4008	3994	4006	
3999	3998	3979	3996	
3989	3983	3966	3982	
3978	3969	3951	3970	
3965	3957	3936	3958	
3949	3944	3920	3942	
3936	3927	3903	3927	
3920	3911	3885	3912	
3906	3895	3865	3894	
3893	3877	3846	3878	
3880	3863	3828	3863	
3867	3851	3812	3850	
3859	3838	3795	3838	
3847	3825	3778	3826	
3836	3812	3758	3812	
3826	3799	3744	3798	
3815	3784	3728	3785	
3796	3762	3703	3763	
3739	3733	3655	3735	
3758	3754	3678	3757	
3771	3768	3697	3770	
3783	3782	3716	3786	
3800	3799	3740	3801	
3816	3815	3759	3817	
3831	3833	3783	3834	
3847	3852	3805	3853	
3874	3871	3833	3873	
3891	3892	3853	3893	
3911	3909	3870	3911	
3925	3925	3891	3926	
3945	3945	3913	3946	
3956	3956	3928	3959	
3970	3970	3942	3971	
3983	3983	3960	3986	
3996	3997	3976	3997	
4008	4006	3987	4008	
4014	4017	4000	4018	
4026	4029	4012	4028	
4033	4037	4023	4035	
4037	4042	4033	4042	
4046	4050	4041	4049	
4054	4058	4051	4056	
4058	4062	4056	4063	
4061	4065	4057	4064	
4065	4068	4063	4068	
4064	4071	4064	4070	
4066	4072	4065	4070	
4066	4069	4067	4069	
4065	4070	4066	4070	
4060	4066	4064	4066	
4060	4065	4060	4062	
4056	4061	4055	4059	
4056	4057	4052	4056	
4051	4056	4045	4053	
4047	4051	4042	4050	
4042	4043	4034	4043	
4036	4038	4029	4039	
4030	4031	4019	4030	
4024	4024	4009	4021	
4013	4012	3997	4011	
4003	4002	3985	4002	
3992	3991	3976	3991	
3979	3977	3956	3977	
3967	3966	3938	3965	
3957	3950	3925	3948	
3944	3934	3912	3936	
3930	3920	3895	3921	
3915	3903	3877	3905	
3897	3887	3857	3887	
3886	3872	3837	3872	
3876	3858	3820	3858	
3864	3846	3804	3846	
3854	3834	3786	3835	
3844	3820	3771	3821	
3832	3807	3756	3807	
3820	3796	3738	3794	
3809	3781	3723	3781	
3788	3757	3698	3759	
3739	3726	3650	3730	
3754	3748	3673	3751	
3768	3762	3691	3765	
3779	3776	3709	3779	
3795	3791	3730	3794	
3808	3810	3753	3810	
3824	3825	3772	3829	
3840	3841	3796	3846	
3861	3862	3822	3867	
3880	3881	3844	3885	
3898	3898	3862	3901	
3920	3922	3886	3924	
3955	3957	3922	3957	
3944	3946	3914	3948	
3959	3962	3931	3963	
3975	3974	3948	3975	
3982	3985	3962	3989	
4000	3996	3975	3997	
4007	4008	3988	4009	
4015	4017	4001	4021	
4022	4026	4011	4028	
4027	4031	4020	4033	
4038	4040	4029	4041	
4043	4047	4035	4047	
4046	4052	4042	4052	
4053	4055	4048	4055	
4053	4059	4049	4061	
4058	4059	4054	4061	
4056	4061	4055	4061	
4059	4061	4055	4063	
4055	4061	4055	4062	
4054	4059	4052	4058	
4051	4057	4049	4057	
4051	4054	4049	4054	
4047	4050	4044	4051	
4045	4049	4037	4045	
4042	4040	4032	4044	
4033	4038	4025	4039	
4027	4031	4019	4032	
4018	4025	4007	4023	
4015	4014	3999	4014	
4005	4006	3988	4004	
3995	3994	3977	3995	
3984	3982	3962	3982	
3972	3968	3949	3969	
3959	3955	3934	3956	
3945	3942	3917	3943	
3931	3927	3900	3929	
3918	3912	3883	3913	
3905	3896	3864	3896	
3889	3877	3846	3878	
3877	3862	3828	3863	
3867	3852	3811	3852	
3856	3840	3796	3840	
3847	3829	3779	3828	
3836	3816	3764	3816	
3824	3803	3747	3804	
3815	3790	3733	3792	
3803	3777	3716	3778	
3785	3755	3692	3755	
3734	3723	3642	3726	
3748	3745	3667	3748	
3759	3758	3685	3760	
3775	3772	3701	3774	
3790	3789	3722	3790	
3801	3802	3743	3804	
3818	3818	3763	3820	
3833	3834	3785	3836	
3852	3854	3807	3856	
3870	3874	3830	3876	
3891	3892	3849	3894	
3904	3907	3868	3909	
3919	3921	3886	3923	
3936	3936	3901	3937	
3952	3954	3917	3954	
3961	3965	3932	3967	
3973	3976	3948	3978	
3983	3989	3962	3990	
3997	3999	3976	3998	
4004	4008	3986	4008	
4012	4016	3996	4016	
4018	4023	4004	4023	
4027	4029	4013	4031	
4032	4037	4022	4037	
4039	4042	4029	4045	
4042	4047	4034	4047	
4046	4052	4038	4051	
4047	4053	4042	4052	
4047	4054	4040	4055	
4049	4056	4043	4052	
4047	4053	4043	4052	
4046	4053	4042	4052	
4044	4051	4039	4051	
4044	4048	4036	4050	
4041	4043	4030	4045	
4036	4037	4025	4039	
4031	4034	4020	4035	
4027	4029	4014	4028	
4019	4023	4005	4022	
4012	4017	3997	4015	
4004	4005	3988	4007	
3995	3998	3976	3995	
3988	3987	3963	3986	
3975	3975	3951	3973	
3965	3962	3936	3962	
3948	3948	3920	3947	
3938	3932	3903	3932	
3926	3921	3889	3921	
3909	3903	3869	3906	
3895	3886	3853	3887	
3881	3872	3835	3871	
3873	3859	3817	3856	
3860	3846	3799	3845	
3850	3835	3787	3834	
3843	3822	3771	3823	
3835	3811	3755	3811	
3821	3799	3739	3799	
3810	3787	3724	3785	
3799	3772	3709	3773	
3782	3748	3686	3750	
3726	3717	3635	3719	
3744	3740	3658	3742	
3756	3753	3678	3755	
3770	3767	3695	3769	
3781	3782	3712	3783	
3794	3796	3733	3798	
3810	3813	3752	3813	
3826	3827	3773	3828	
3842	3844	3795	3845	
3861	3862	3817	3864	
3878	3881	3835	3884	
3893	3898	3854	3899	
3912	3913	3870	3916	
3925	3926	3888	3930	
3939	3940	3902	3942	
3953	3954	3921	3956	
3964	3966	3932	3967	
3974	3978	3945	3978	
3983	3988	3959	3989	
3994	3995	3969	3999	
4002	4006	3982	4006	
4008	4012	3990	4011	
4014	4019	3996	4019	
4023	4025	4008	4028	
4029	4033	4015	4033	
4032	4037	4020	4037	
4035	4042	4025	4042	
4036	4042	4027	4042	
4037	4044	4028	4043	
4037	4043	4027	4045	
4038	4045	4028	4043	
4039	4044	4027	4042	
4035	4043	4025	4041	
4031	4040	4022	4039	
4030	4035	4020	4035	
4024	4030	4012	4029	
4019	4024	4005	4024	
4015	4019	3999	4019	
4010	4012	3991	4012	
4002	4007	3981	4006	
3990	3997	3973	3995	
3984	3987	3960	3986	
3974	3976	3950	3976	
3965	3964	3939	3965	
3952	3952	3923	3951	
3939	3938	3908	3938	
3927	3924	3891	3923	
3916	3909	3874	3908	
3898	3892	3857	3894	
3884	3876	3837	3875	
3873	3861	3822	3862	
3865	3848	3804	3850	
3852	3839	3789	3838	
3844	3827	3773	3826	
3835	3817	3761	3816	
3825	3806	3747	3806	
3815	3793	3731	3793	
3804	3780	3715	3779	
3792	3767	3699	3768	
3774	3744	3678	3743	
3721	3711	3629	3711	
3739	3734	3650	3733	
3751	3748	3667	3749	
3763	3760	3686	3762	
3775	3776	3705	3775	
3790	3787	3724	3789	
3803	3803	3741	3804	
3816	3818	3758	3819	
3830	3833	3780	3837	
3848	3851	3801	3855	
3866	3870	3821	3870	
3883	3886	3839	3887	
3898	3904	3858	3905	
3914	3916	3873	3918	
3926	3931	3887	3931	
3937	3941	3903	3943	
3950	3955	3917	3955	
3960	3965	3930	3967	
3970	3973	3942	3975	
3980	3985	3952	3984	
3989	3992	3963	3992	
3997	4001	3973	4000	
4002	4008	3981	4008	
4010	4014	3991	4016	
4016	4021	4000	4022	
4017	4027	4004	4025	
4025	4031	4007	4032	
4028	4033	4012	4033	
4027	4035	4014	4034	
4026	4034	4015	4033	
4025	4032	4014	4032	
4024	4032	4013	4031	
4026	4030	4013	4031	
4022	4030	4008	4029	
4017	4025	4003	4023	
4017	4021	3998	4020	
4010	4013	3993	4014	
4002	4008	3987	4008	
3997	4001	3978	4002	
3992	3993	3966	3993	
3979	3985	3959	3983	
3972	3974	3946	3974	
3963	3967	3936	3964	
3953	3954	3923	3954	
3943	3940	3910	3940	
3928	3928	3894	3927	
3915	3913	3879	3913	
3902	3898	3859	3898	
3887	3882	3841	3880	
3872	3864	3825	3864	
3861	3852	3807	3852	
3855	3843	3791	3841	
3844	3831	3776	3829	
3836	3821	3765	3820	
3827	3811	3749	3810	
3819	3799	3737	3799	
3806	3787	3721	3787	
3796	3774	3707	3773	
3785	3760	3693	3760	
3770	3739	3669	3738	
3714	3707	3620	3707	
3733	3726	3643	3729	
3745	3740	3660	3742	
3757	3753	3677	3756	
3772	3769	3695	3769	
3783	3781	3714	3782	
3792	3795	3731	3796	
3806	3808	3747	3810	
3822	3823	3768	3826	
3838	3841	3787	3843	
3852	3857	3805	3858	
3869	3874	3824	3875	
3887	3890	3842	3892	
3898	3905	3857	3904	
3912	3916	3873	3918	
3927	3928	3887	3930	
3935	3940	3900	3942	
3948	3949	3910	3952	
3958	3962	3926	3961	
3968	3972	3938	3972	
3976	3978	3948	3980	
3983	3986	3954	3986	
3990	3996	3966	3994	
3997	4002	3973	4002	
4003	4010	3982	4009	
4004	4014	3989	4013	
4012	4020	3993	4018	
4015	4020	3997	4021	
4016	4022	4001	4021	
4016	4023	3998	4021	
4017	4022	3995	4022	
4014	4021	3996	4021	
4014	4021	3997	4021	
4014	4017	3993	4018	
4009	4012	3990	4011	
4003	4010	3985	4010	
3996	4005	3978	4003	
3995	3997	3973	3996	
3983	3991	3961	3990	
3979	3980	3953	3980	
3970	3973	3942	3972	
3957	3963	3931	3963	
3950	3952	3919	3953	
3942	3942	3906	3940	
3928	3931	3893	3929	
3919	3916	3878	3915	
3902	3904	3863	3902	
3889	3887	3846	3887	
3876	3870	3826	3869	
3863	3855	3810	3855	
3855	3844	3797	3843	
3843	3833	3782	3834	
3837	3824	3768	3823	
3827	3813	3755	3813	
3820	3804	3742	3803	
3812	3792	3727	3793	
3799	3779	3712	3778	
3789	3766	3697	3767	
3778	3753	3685	3756	
3764	3732	3663	3734	
3710	3698	3612	3701	
3728	3722	3637	3720	
3737	3733	3653	3734	
3751	3746	3666	3749	
3762	3760	3688	3762	
3774	3774	3704	3777	
3788	3786	3717	3787	
3799	3800	3736	3801	
3812	3814	3753	3815	
3825	3830	3770	3831	
3840	3845	3793	3847	
3856	3861	3810	3861	
3874	3875	3826	3877	
3887	3890	3841	3891	
3898	3901	3854	3903	
3912	3917	3867	3915	
3924	3927	3883	3927	
3934	3937	3895	3938	
3943	3946	3907	3947	
3954	3956	3917	3957	
3961	3964	3929	3965	
3970	3974	3939	3974	
3976	3983	3948	3982	
3980	3990	3956	3991	
3989	3996	3965	3997	
3996	4000	3973	4001	
3999	4007	3976	4006	
4002	4010	3980	4009	
4005	4011	3985	4011	
4003	4011	3984	4011	
4001	4012	3982	4009	
3999	4009	3982	4008	
4000	4006	3980	4007	
3998	4004	3976	4003	
3993	4000	3971	4000	
3990	3996	3966	3997	
3986	3991	3961	3990	
3982	3983	3954	3984	
3971	3977	3947	3977	
3967	3969	3938	3969	
3957	3958	3926	3958	
3946	3948	3915	3949	
3935	3941	3903	3938	
3928	3930	3892	3930	
3918	3917	3878	3918	
3904	3905	3863	3904	
3894	3892	3848	3889	
3878	3875	3829	3873	
3865	3860	3810	3860	
3855	3847	3799	3846	
3845	3837	3784	3836	
3839	3828	3770	3827	
3831	3815	3758	3816	
3822	3806	3744	3806	
3813	3796	3731	3794	
3805	3786	3718	3784	
3795	3773	3706	3772	
3781	3759	3688	3760	
3773	3748	3676	3748	
3750	3724	3654	3724	
3705	3695	3608	3695	
3723	3713	3627	3715	
3734	3725	3644	3727	
3744	3740	3660	3741	
3757	3753	3678	3754	
3769	3768	3696	3766	
3780	3779	3709	3779	
3791	3790	3726	3792	
3805	3806	3741	3807	
3816	3819	3757	3821	
3830	3833	3775	3833	
3845	3847	3791	3847	
3859	3863	3810	3865	
3873	3877	3826	3878	
3885	3889	3837	3888	
3898	3903	3852	3901	
3909	3915	3868	3915	
3921	3928	3879	3925	
3933	3936	3891	3935	
3940	3943	3901	3943	
3949	3953	3912	3954	
3958	3961	3925	3961	
3963	3969	3932	3968	
3973	3976	3939	3976	
3979	3981	3946	3980	
3983	3987	3954	3987	
3989	3993	3961	3992	
3990	3996	3966	3995	
3994	4000	3968	3998	
3995	4002	3970	4000	
3993	4000	3968	3999	
3990	3999	3965	3995	
3988	3995	3964	3995	
3988	3992	3962	3990	
3984	3988	3954	3986	
3979	3984	3951	3983	
3975	3978	3945	3980	
3970	3972	3936	3970	
3960	3965	3927	3963	
3955	3955	3921	3956	
3944	3945	3908	3943	
3932	3936	3898	3935	
3927	3924	3886	3925	
3915	3915	3874	3916	
3905	3904	3861	3903	
3892	3890	3848	3893	
3878	3877	3832	3876	
3867	3864	3816	3862	
3858	3851	3799	3850	
3849	3840	3785	3840	
3838	3830	3775	3829	
3834	3820	3761	3819	
3823	3808	3746	3807	
3817	3799	3735	3797	
3808	3789	3721	3788	
3799	3778	3711	3777	
3785	3766	3696	3763	
3777	3751	3679	3753	
3765	3741	3667	3739	
3747	3719	3645	3719	
3702	3686	3599	3686	
3714	3706	3619	3704	
3728	3716	3634	3719	
3739	3728	3651	3729	
3753	3744	3669	3745	
3763	3757	3682	3757	
3774	3771	3697	3769	
3786	3780	3715	3781	
3798	3793	3727	3795	
3809	3806	3743	3809	
3825	3819	3759	3819	
3836	3832	3776	3832	
3849	3848	3791	3848	
3864	3863	3808	3864	
3880	3873	3822	3874	
3888	3888	3837	3888	
3901	3899	3850	3899	
3912	3911	3861	3910	
3924	3921	3873	3922	
3931	3930	3886	3931	
3941	3940	3895	3938	
3947	3947	3905	3945	
3955	3953	3913	3954	
3961	3959	3921	3960	
3964	3968	3931	3968	
3971	3971	3937	3970	
3975	3977	3940	3975	
3979	3980	3948	3980	
3982	3984	3953	3982	
3988	3987	3955	3986	
3984	3985	3953	3986	
3983	3986	3952	3982	
3980	3979	3947	3980	
3977	3977	3942	3975	
3970	3971	3937	3975	
3967	3968	3932	3969	
3965	3962	3927	3960	
3955	3955	3916	3957	
3951	3949	3912	3949	
3941	3940	3904	3940	
3934	3932	3889	3930	
3923	3919	3879	3920	
3914	3909	3868	3910	
3907	3902	3856	3900	
3894	3888	3846	3889	
3881	3876	3830	3875	
3874	3863	3816	3862	
3863	3851	3799	3850	
3850	3841	3786	3838	
3844	3828	3773	3828	
3834	3819	3761	3816	
3825	3809	3750	3808	
3819	3797	3738	3798	
3809	3789	3723	3790	
3799	3779	3711	3777	
3787	3767	3697	3768	
3779	3754	3684	3754	
3771	3745	3669	3742	
3759	3731	3657	3732	
3742	3709	3635	3709	
                                                                                                                                                                                                                                                                                                                                                                                                                                                                                                                                                                                                                                                                                                                                                                                                                                                                                                                                                                                                                                                                                                                                                                                                                                                                                                                                                                                                                                                                                                                                                                                                                                                                                                                                                                                                                                                                                                                                                                                                                                                                                                                                                                                                                                                                                                                                                                                                                                                                                                                                                                                                                                                                                                                                                                                                                                                                                                                                                                                                                                                                                                                                                                                                                                                                                                                                                                                                                                                                                                                                                                                                                                                                                                                                                                                                                                                                                                                                                                                                                                                                                                                                                                                                                                                                                                                                                                                                                                                                                                                                                                                                                                                                                                                                                                                                                                                                                                                                                                                                                                                                                                                                                                                                                                                                                                                                                                                                                                                                                                                                                                                                                                                                                                                                                                                                                                                                                                                                                                                                                                                                                                                                                                                                                                                                                                                                                                                                                                                                                                                                                                                                                                                                                                                                                                                                                                                                                                                                                                                                                                                                                                                                                                                                                                                                                                                                                                                                                                                                                                                                                                                                                                                                                                                                                                                                                                                                                                                                                                                                                                                                                                                                                                                                                                                                                                                                                                                                                                                                                                    