2.55E+02
2.55E+02
2.55E+02
2.55E+02
2.55E+02
2.55E+02
2.55E+02
2.55E+02
2.55E+02
2.55E+02
2.55E+02
2.55E+02
2.55E+02
2.55E+02
2.55E+02
2.55E+02
2.55E+02
2.55E+02
2.54E+02
2.50E+02
2.44E+02
2.36E+02
2.28E+02
2.18E+02
2.08E+02
1.98E+02
1.87E+02
1.75E+02
1.64E+02
1.53E+02
1.42E+02
1.33E+02
1.23E+02
1.15E+02
1.06E+02
9.80E+01
9.10E+01
8.40E+01
7.80E+01
7.20E+01
6.60E+01
6.10E+01
5.60E+01
5.10E+01
4.70E+01
4.30E+01
4.00E+01
3.60E+01
3.30E+01
3.00E+01
2.80E+01
2.60E+01
2.40E+01
2.20E+01
2.10E+01
1.90E+01
1.80E+01
1.70E+01
1.70E+01
1.60E+01
1.60E+01
1.60E+01
1.60E+01
1.60E+01
1.60E+01
1.60E+01
1.60E+01
1.60E+01
1.60E+01
1.60E+01
1.60E+01
1.60E+01
1.60E+01
1.60E+01
1.60E+01
1.60E+01
1.60E+01
1.60E+01
1.60E+01
1.60E+01
1.60E+01
1.60E+01
1.60E+01
1.60E+01
1.60E+01
1.60E+01
1.60E+01
1.60E+01
1.60E+01
1.60E+01
1.60E+01
1.60E+01
1.60E+01
1.60E+01
1.60E+01
1.60E+01
1.60E+01
1.60E+01
1.60E+01
1.60E+01
1.60E+01
1.60E+01
1.60E+01
1.60E+01
1.60E+01
1.60E+01
1.60E+01
1.60E+01
1.60E+01
1.60E+01
1.60E+01
1.60E+01
1.60E+01
1.60E+01
1.60E+01
1.60E+01
1.60E+01
1.60E+01
1.60E+01
1.60E+01
1.60E+01
1.60E+01
1.60E+01
1.60E+01
1.60E+01
1.60E+01
1.60E+01
1.60E+01