  1.5560500e+001
  1.5560500e+001
  1.5560500e+001
  1.5560500e+001
  1.5560500e+001
  1.5560500e+001
  1.5560500e+001
  1.5560500e+001
  1.5560500e+001
  1.5560500e+001
  1.5560500e+001
  1.5560500e+001
  1.5560500e+001
  1.5560500e+001
  1.5560500e+001
  1.5601380e+001
  1.6255460e+001
  1.6909540e+001
  1.7563620e+001
  1.8217700e+001
  1.8871780e+001
  1.9525860e+001
  2.0179940e+001
  2.0834020e+001
  2.1488100e+001
  2.2142180e+001
  2.2796260e+001
  2.3450340e+001
  2.4104420e+001
  2.4758500e+001
  2.5412580e+001
  2.6066660e+001
  2.6720740e+001
  2.7374820e+001
  2.8028900e+001
  2.8682980e+001
  2.9337060e+001
  2.9991140e+001
  3.0645220e+001
  3.1299300e+001
  3.1953380e+001
  3.2607460e+001
  3.3261540e+001
  3.3915620e+001
  3.4569700e+001
  3.5223780e+001
  3.5877860e+001
  3.6531940e+001
  3.7186020e+001
  3.7840100e+001
  3.8494180e+001
  3.9148260e+001
  3.9802340e+001
  4.0456420e+001
  4.1110500e+001
  4.1764580e+001
  4.2418660e+001
  4.3072740e+001
  4.3726820e+001
  4.4380900e+001
  4.5034980e+001
  4.5689060e+001
  4.6343140e+001
  4.6997220e+001
  4.7651300e+001
  4.8305380e+001
  4.8959460e+001
  4.9613540e+001
  5.0267620e+001
  5.0921700e+001
  5.1575780e+001
  5.2229860e+001
  5.2883940e+001
  5.3538020e+001
  5.4192100e+001
  5.4846180e+001
  5.5500260e+001
  5.5706238e+001
  5.5472915e+001
  5.5239592e+001
  5.5006269e+001
  5.4772946e+001
  5.4539623e+001
  5.4306300e+001
  5.4072977e+001
  5.3839654e+001
  5.3606331e+001
  5.3373008e+001
  5.3139685e+001
  5.2906362e+001
  5.2673039e+001
  5.2439716e+001
  5.2206393e+001
  5.1973070e+001
  5.1739747e+001
  5.1506424e+001
  5.1273101e+001
  5.1039778e+001
  5.0806455e+001
  5.0573132e+001
  5.0339809e+001
  5.0106486e+001
  4.9873163e+001
  4.9639840e+001
  4.9406517e+001
  4.9173194e+001
  4.8939871e+001
  4.8706548e+001
  4.8473225e+001
  4.8239902e+001
  4.8006579e+001
  4.7773256e+001
  4.7539933e+001
  4.7306610e+001
  4.7073287e+001
  4.6839964e+001
  4.6606641e+001
  4.6373318e+001
  4.6139995e+001
  4.5906672e+001
  4.5673348e+001
  4.5440025e+001
  4.5206702e+001
  4.4973379e+001
  4.4740056e+001
  4.4506733e+001
  4.4273410e+001
  4.4040087e+001
  4.3806764e+001
  4.3573441e+001
  4.3340118e+001
  4.3106795e+001
  4.2873472e+001
  4.2640149e+001
  4.2406826e+001
  4.2173503e+001
  4.1940180e+001
  4.1706857e+001
  4.1473534e+001
  4.1240211e+001
  4.1006888e+001
  4.0773565e+001
  4.0540242e+001
  4.0306919e+001
  4.0073596e+001
  3.9840273e+001
  3.9606950e+001
  3.9373627e+001
  3.9140304e+001
  3.8906981e+001
  3.8673658e+001
  3.8440335e+001
  3.8207012e+001
  3.7973689e+001
  3.7740366e+001
  3.7507043e+001
  3.7273720e+001
  3.7040397e+001
  3.6807074e+001
  3.6573751e+001
  3.6340428e+001
  3.6107105e+001
  3.5873782e+001
  3.5640458e+001
  3.5407135e+001
  3.5173812e+001
  3.4940489e+001
  3.4707166e+001
  3.4473843e+001
  3.4240520e+001
  3.4007197e+001
  3.3773874e+001
  3.3540551e+001
  3.3307228e+001
  3.3073905e+001
  3.2840582e+001
  3.2607259e+001
  3.2373936e+001
  3.2140613e+001
  3.1907290e+001
  3.1673967e+001
  3.1440644e+001
  3.1207321e+001
  3.0973998e+001
  3.0740675e+001
  3.0507352e+001
  3.0274029e+001
  3.0040706e+001
  2.9807383e+001
  2.9574060e+001
  2.9340737e+001
  2.9107414e+001
  2.8874091e+001
  2.8640768e+001
  2.8407445e+001
  2.8174122e+001
  2.7940799e+001
  2.7707476e+001
  2.7474153e+001
  2.7240830e+001
  2.7007507e+001
  2.6774184e+001
  2.6540861e+001
  2.6307538e+001
  2.6074215e+001
  2.5840892e+001
  2.5607568e+001
  2.5374245e+001
  2.5140922e+001
  2.4907599e+001
  2.4674276e+001
  2.4440953e+001
  2.4207630e+001
  2.3974307e+001
  2.3740984e+001
  2.3507661e+001
  2.3274338e+001
  2.3041015e+001
  2.2807692e+001
  2.2574369e+001
  2.2341046e+001
  2.2107723e+001
  2.1874400e+001
  2.1641077e+001
  2.1407754e+001
  2.1174431e+001
  2.0941108e+001
  2.0707785e+001
  2.0474462e+001
  2.0241139e+001
  2.0007816e+001
  1.9774493e+001
  1.9541170e+001
  1.9307847e+001
  1.9074524e+001
  1.8841201e+001
  1.8607878e+001
  1.8374555e+001
  1.8141232e+001
  1.7907909e+001
  1.7674586e+001
  1.7441263e+001
  1.7207940e+001
  1.6974617e+001
  1.6741294e+001
  1.6507971e+001
  1.6274648e+001
  1.6041325e+001
  1.5808001e+001
  1.5574678e+001
  1.5341355e+001
  1.5108032e+001
  1.4874709e+001
  1.4641386e+001
  1.4408063e+001
  1.4174740e+001
