  1.3486900e+001
  1.3486900e+001
  1.3486900e+001
  1.3486900e+001
  1.3486900e+001
  1.3486900e+001
  1.3486900e+001
  1.3486900e+001
  1.3486900e+001
  1.3486900e+001
  1.3486900e+001
  1.3486900e+001
  1.3486900e+001
  1.3486900e+001
  1.3486900e+001
  1.3486900e+001
  1.3486900e+001
  1.3486900e+001
  1.3486900e+001
  1.3720119e+001
  1.4059347e+001
  1.4398574e+001
  1.4737802e+001
  1.5077029e+001
  1.5416257e+001
  1.5755484e+001
  1.6094712e+001
  1.6433940e+001
  1.6773167e+001
  1.7112395e+001
  1.7451622e+001
  1.7790850e+001
  1.8130078e+001
  1.8469305e+001
  1.8808533e+001
  1.9147760e+001
  1.9486988e+001
  1.9826216e+001
  2.0165443e+001
  2.0504671e+001
  2.0843898e+001
  2.1183126e+001
  2.1522353e+001
  2.1861581e+001
  2.2200809e+001
  2.2540036e+001
  2.2879264e+001
  2.3218491e+001
  2.3557719e+001
  2.3896947e+001
  2.4236174e+001
  2.4575402e+001
  2.4914629e+001
  2.5253857e+001
  2.5593084e+001
  2.5932312e+001
  2.6271540e+001
  2.6610767e+001
  2.6949995e+001
  2.7289222e+001
  2.7628450e+001
  2.7967678e+001
  2.8306905e+001
  2.8646133e+001
  2.8985360e+001
  2.9324588e+001
  2.9663816e+001
  3.0003043e+001
  3.0342271e+001
  3.0681498e+001
  3.1020726e+001
  3.1359953e+001
  3.1699181e+001
  3.2038409e+001
  3.2377636e+001
  3.2716864e+001
  3.3056091e+001
  3.3395319e+001
  3.3734547e+001
  3.4073774e+001
  3.4413002e+001
  3.4752229e+001
  3.5091457e+001
  3.5430684e+001
  3.5769912e+001
  3.6109140e+001
  3.6448367e+001
  3.6787595e+001
  3.7126822e+001
  3.7466050e+001
  3.7805278e+001
  3.8144505e+001
  3.8483733e+001
  3.8822960e+001
  3.9162188e+001
  3.9501416e+001
  3.9840643e+001
  4.0179871e+001
  4.0519098e+001
  4.0858326e+001
  4.1197553e+001
  4.1536781e+001
  4.1876009e+001
  4.2215236e+001
  4.2554464e+001
  4.2893691e+001
  4.3232919e+001
  4.3572147e+001
  4.3911374e+001
  4.4250602e+001
  4.4589829e+001
  4.4929057e+001
  4.5268284e+001
  4.5607512e+001
  4.5946740e+001
  4.6285967e+001
  4.6625195e+001
  4.6964422e+001
  4.7303650e+001
  4.7642878e+001
  4.7982105e+001
  4.8321333e+001
  4.8660560e+001
  4.8999788e+001
  4.9339016e+001
  4.9678243e+001
  5.0017471e+001
  5.0356698e+001
  5.0695926e+001
  5.1035153e+001
  5.1374381e+001
  5.1518912e+001
  5.1209832e+001
  5.0900752e+001
  5.0591672e+001
  5.0282591e+001
  4.9973511e+001
  4.9664431e+001
  4.9355351e+001
  4.9046271e+001
  4.8737190e+001
  4.8428110e+001
  4.8119030e+001
  4.7809950e+001
  4.7500869e+001
  4.7191789e+001
  4.6882709e+001
  4.6573629e+001
  4.6264548e+001
  4.5955468e+001
  4.5646388e+001
  4.5337308e+001
  4.5028227e+001
  4.4719147e+001
  4.4410067e+001
  4.4100987e+001
  4.3791906e+001
  4.3482826e+001
  4.3173746e+001
  4.2864666e+001
  4.2555585e+001
  4.2246505e+001
  4.1937425e+001
  4.1628345e+001
  4.1319265e+001
  4.1010184e+001
  4.0701104e+001
  4.0392024e+001
  4.0082944e+001
  3.9773863e+001
  3.9464783e+001
  3.9155703e+001
  3.8846623e+001
  3.8537542e+001
  3.8228462e+001
  3.7919382e+001
  3.7610302e+001
  3.7301221e+001
  3.6992141e+001
  3.6683061e+001
  3.6373981e+001
  3.6064900e+001
  3.5755820e+001
  3.5446740e+001
  3.5137660e+001
  3.4828579e+001
  3.4519499e+001
  3.4210419e+001
  3.3901339e+001
  3.3592259e+001
  3.3283178e+001
  3.2974098e+001
  3.2665018e+001
  3.2355938e+001
  3.2046857e+001
  3.1737777e+001
  3.1428697e+001
  3.1119617e+001
  3.0810536e+001
  3.0501456e+001
  3.0192376e+001
  2.9883296e+001
  2.9574215e+001
  2.9265135e+001
  2.8956055e+001
  2.8646975e+001
  2.8337894e+001
  2.8028814e+001
  2.7719734e+001
  2.7410654e+001
  2.7101574e+001
  2.6792493e+001
  2.6483413e+001
  2.6174333e+001
  2.5865253e+001
  2.5556172e+001
  2.5247092e+001
  2.4938012e+001
  2.4628932e+001
  2.4319851e+001
  2.4010771e+001
  2.3701691e+001
  2.3392611e+001
  2.3083530e+001
  2.2774450e+001
  2.2465370e+001
  2.2156290e+001
  2.1847209e+001
  2.1538129e+001
  2.1229049e+001
  2.0919969e+001
  2.0610888e+001
  2.0301808e+001
  1.9992728e+001
  1.9683648e+001
  1.9374568e+001
  1.9065487e+001
  1.8756407e+001
  1.8447327e+001
  1.8138247e+001
  1.7829166e+001
  1.7520086e+001
  1.7211006e+001
  1.6901926e+001
  1.6592845e+001
  1.6283765e+001
  1.5974685e+001
  1.5665605e+001
  1.5356524e+001
  1.5047444e+001
  1.4738364e+001
  1.4429284e+001
  1.4120203e+001
  1.3811123e+001
  1.3502043e+001
  1.3192963e+001
