  1.7252400e+001
  1.7252400e+001
  1.7252400e+001
  1.7252400e+001
  1.7252400e+001
  1.7252400e+001
  1.7252400e+001
  1.7252400e+001
  1.7252400e+001
  1.7252400e+001
  1.7252400e+001
  1.7252400e+001
  1.7252400e+001
  1.7252400e+001
  1.7252400e+001
  1.7252400e+001
  1.7252400e+001
  1.7252400e+001
  1.7391659e+001
  1.7948695e+001
  1.8505731e+001
  1.9062766e+001
  1.9619802e+001
  2.0176838e+001
  2.0733874e+001
  2.1290910e+001
  2.1847946e+001
  2.2404981e+001
  2.2962017e+001
  2.3519053e+001
  2.4076089e+001
  2.4633125e+001
  2.5190161e+001
  2.5747196e+001
  2.6304232e+001
  2.6861268e+001
  2.7418304e+001
  2.7975340e+001
  2.8532376e+001
  2.9089411e+001
  2.9646447e+001
  3.0203483e+001
  3.0760519e+001
  3.1317555e+001
  3.1874590e+001
  3.2431626e+001
  3.2988662e+001
  3.3545698e+001
  3.4102734e+001
  3.4659770e+001
  3.5216805e+001
  3.5773841e+001
  3.6330877e+001
  3.6887913e+001
  3.7444949e+001
  3.8001985e+001
  3.8559020e+001
  3.9116056e+001
  3.9673092e+001
  4.0230128e+001
  4.0787164e+001
  4.1344200e+001
  4.1901235e+001
  4.2458271e+001
  4.3015307e+001
  4.3572343e+001
  4.4129379e+001
  4.4686415e+001
  4.5243450e+001
  4.5800486e+001
  4.6357522e+001
  4.6914558e+001
  4.7471594e+001
  4.8028629e+001
  4.8585665e+001
  4.9142701e+001
  4.9699737e+001
  5.0256773e+001
  5.0813809e+001
  5.1370844e+001
  5.1927880e+001
  5.2484916e+001
  5.3041952e+001
  5.3598988e+001
  5.4156024e+001
  5.4713059e+001
  5.5270095e+001
  5.5827131e+001
  5.6384167e+001
  5.6941203e+001
  5.7498239e+001
  5.8055274e+001
  5.8612310e+001
  5.9169346e+001
  5.9726382e+001
  6.0283418e+001
  6.0840454e+001
  6.1397489e+001
  6.1954525e+001
  6.2511561e+001
  6.3068597e+001
  6.3163165e+001
  6.2857682e+001
  6.2552198e+001
  6.2246715e+001
  6.1941231e+001
  6.1635747e+001
  6.1330264e+001
  6.1024780e+001
  6.0719297e+001
  6.0413813e+001
  6.0108329e+001
  5.9802846e+001
  5.9497362e+001
  5.9191879e+001
  5.8886395e+001
  5.8580911e+001
  5.8275428e+001
  5.7969944e+001
  5.7664461e+001
  5.7358977e+001
  5.7053493e+001
  5.6748010e+001
  5.6442526e+001
  5.6137043e+001
  5.5831559e+001
  5.5526075e+001
  5.5220592e+001
  5.4915108e+001
  5.4609625e+001
  5.4304141e+001
  5.3998657e+001
  5.3693174e+001
  5.3387690e+001
  5.3082207e+001
  5.2776723e+001
  5.2471239e+001
  5.2165756e+001
  5.1860272e+001
  5.1554789e+001
  5.1249305e+001
  5.0943821e+001
  5.0638338e+001
  5.0332854e+001
  5.0027371e+001
  4.9721887e+001
  4.9416403e+001
  4.9110920e+001
  4.8805436e+001
  4.8499953e+001
  4.8194469e+001
  4.7888985e+001
  4.7583502e+001
  4.7278018e+001
  4.6972535e+001
  4.6667051e+001
  4.6361567e+001
  4.6056084e+001
  4.5750600e+001
  4.5445117e+001
  4.5139633e+001
  4.4834149e+001
  4.4528666e+001
  4.4223182e+001
  4.3917699e+001
  4.3612215e+001
  4.3306731e+001
  4.3001248e+001
  4.2695764e+001
  4.2390281e+001
  4.2084797e+001
  4.1779313e+001
  4.1473830e+001
  4.1168346e+001
  4.0862863e+001
  4.0557379e+001
  4.0251895e+001
  3.9946412e+001
  3.9640928e+001
  3.9335445e+001
  3.9029961e+001
  3.8724477e+001
  3.8418994e+001
  3.8113510e+001
  3.7808027e+001
  3.7502543e+001
  3.7197059e+001
  3.6891576e+001
  3.6586092e+001
  3.6280609e+001
  3.5975125e+001
  3.5669641e+001
  3.5364158e+001
  3.5058674e+001
  3.4753191e+001
  3.4447707e+001
  3.4142223e+001
  3.3836740e+001
  3.3531256e+001
  3.3225773e+001
  3.2920289e+001
  3.2614805e+001
  3.2309322e+001
  3.2003838e+001
  3.1698355e+001
  3.1392871e+001
  3.1087387e+001
  3.0781904e+001
  3.0476420e+001
  3.0170937e+001
  2.9865453e+001
  2.9559969e+001
  2.9254486e+001
  2.8949002e+001
  2.8643519e+001
  2.8338035e+001
  2.8032551e+001
  2.7727068e+001
  2.7421584e+001
  2.7116101e+001
  2.6810617e+001
  2.6505133e+001
  2.6199650e+001
  2.5894166e+001
  2.5588683e+001
  2.5283199e+001
  2.4977715e+001
  2.4672232e+001
  2.4366748e+001
  2.4061265e+001
  2.3755781e+001
  2.3450297e+001
  2.3144814e+001
  2.2839330e+001
  2.2533847e+001
  2.2228363e+001
  2.1922879e+001
  2.1617396e+001
  2.1311912e+001
  2.1006428e+001
  2.0700945e+001
  2.0395461e+001
  2.0089978e+001
  1.9784494e+001
  1.9479010e+001
  1.9173527e+001
  1.8868043e+001
  1.8562560e+001
  1.8257076e+001
  1.7951592e+001
  1.7646109e+001
  1.7340625e+001
  1.7035142e+001
  1.6729658e+001
  1.6424174e+001
  1.6118691e+001
