  1.0500000e+001
  1.1437500e+001
  1.2375000e+001
  1.3375000e+001
  1.4312500e+001
  1.5250000e+001
  1.6125000e+001
  1.7062500e+001
  1.8000000e+001
  1.8937500e+001
  1.9812500e+001
  2.0750000e+001
  2.1625000e+001
  2.2500000e+001
  2.3437500e+001
  2.4312500e+001
  2.5187500e+001
  2.6062500e+001
  2.6937500e+001
  2.7750000e+001
  2.8625000e+001
  2.9500000e+001
  3.0312500e+001
  3.1187500e+001
  3.2000000e+001
  3.2812500e+001
  3.3625000e+001
  3.4437500e+001
  3.5250000e+001
  3.6062500e+001
  3.6875000e+001
  3.7687500e+001
  3.8437500e+001
  3.9250000e+001
  4.0000000e+001
  4.0812500e+001
  4.1562500e+001
  4.2312500e+001
  4.3062500e+001
  4.3812500e+001
  4.4562500e+001
  4.5312500e+001
  4.6062500e+001
  4.6812500e+001
  4.7500000e+001
  4.8250000e+001
  4.8937500e+001
  4.9625000e+001
  5.0375000e+001
  5.1062500e+001
  5.1750000e+001
  5.2437500e+001
  5.3125000e+001
  5.3812500e+001
  5.4437500e+001
  5.5125000e+001
  5.5750000e+001
  5.6437500e+001
  5.7062500e+001
  5.7750000e+001
  5.8375000e+001
  5.9000000e+001
  5.9625000e+001
  6.0250000e+001
  6.0875000e+001
  6.1437500e+001
  6.2062500e+001
  6.2687500e+001
  6.3250000e+001
  6.3812500e+001
  6.4437500e+001
  6.5000000e+001
  6.5562500e+001
  6.6125000e+001
  6.6687500e+001
  6.7250000e+001
  6.7812500e+001
  6.8312500e+001
  6.8875000e+001
  6.9437500e+001
  6.9937500e+001
  7.0437500e+001
  7.1000000e+001
  7.1500000e+001
  7.2000000e+001
  7.2500000e+001
  7.3000000e+001
  7.3500000e+001
  7.3937500e+001
  7.4437500e+001
  7.4937500e+001
  7.5375000e+001
  7.5812500e+001
  7.6312500e+001
  7.6750000e+001
  7.7187500e+001
  7.7625000e+001
  7.8062500e+001
  7.8500000e+001
  7.8937500e+001
  7.9312500e+001
  7.9750000e+001
  8.0125000e+001
  8.0562500e+001
  8.0937500e+001
  8.1312500e+001
  8.1750000e+001
  8.2125000e+001
  8.2500000e+001
  8.2875000e+001
  8.3187500e+001
  8.3562500e+001
  8.3937500e+001
  8.4250000e+001
  8.4625000e+001
  8.4937500e+001
  8.5250000e+001
  8.5625000e+001
  8.5937500e+001
  8.6250000e+001
  8.6562500e+001
  8.6875000e+001
  8.7125000e+001
  8.7437500e+001
  8.7750000e+001
  8.8000000e+001
  8.8250000e+001
  8.8562500e+001
  8.8812500e+001
  8.9062500e+001
  8.9312500e+001
  8.9562500e+001
  8.9812500e+001
  9.0062500e+001
  9.0312500e+001
  9.0500000e+001
  9.0750000e+001
  9.0937500e+001
  9.1187500e+001
  9.1375000e+001
  9.1562500e+001
  9.1750000e+001
  9.1937500e+001
  9.2125000e+001
  9.2312500e+001
  9.2500000e+001
  9.2625000e+001
  9.2812500e+001
  9.2937500e+001
  9.3125000e+001
  9.3250000e+001
  9.3375000e+001
  9.3500000e+001
  9.3625000e+001
  9.3750000e+001
  9.3875000e+001
  9.4000000e+001
  9.4125000e+001
  9.4187500e+001
  9.4312500e+001
  9.4375000e+001
  9.4500000e+001
  9.4562500e+001
  9.4625000e+001
  9.4687500e+001
  9.4750000e+001
  9.4812500e+001
  9.4875000e+001
  9.4937500e+001
  9.4937500e+001
  9.5000000e+001
  9.5000000e+001
  9.5062500e+001
  9.5062500e+001
  9.5062500e+001
  9.5062500e+001
  9.5062500e+001
  9.5062500e+001
  9.5062500e+001
  9.5062500e+001
  9.5062500e+001
  9.5062500e+001
  9.5062500e+001
  9.5062500e+001
  9.5062500e+001
  9.5062500e+001
  9.5062500e+001
  9.5062500e+001
  9.5062500e+001
  9.5062500e+001
  9.5062500e+001
  9.5062500e+001
  9.5062500e+001
  9.5062500e+001
  9.5062500e+001
  9.5062500e+001
  9.5062500e+001
  9.5062500e+001
  9.5062500e+001
  9.5062500e+001
  9.5062500e+001
  9.5062500e+001
  9.5062500e+001
  9.5062500e+001
  9.5062500e+001
  9.5062500e+001
  9.5062500e+001
  9.5062500e+001
  9.5062500e+001
  9.5062500e+001
  9.5062500e+001
  9.5062500e+001
  9.5062500e+001
  9.5062500e+001
  9.5062500e+001
  9.5062500e+001
  9.5062500e+001
  9.5062500e+001
  9.5062500e+001
  9.5062500e+001
  9.5062500e+001
  9.5062500e+001
  9.5062500e+001
  9.5062500e+001
  9.5062500e+001
  9.5062500e+001
  9.5062500e+001
  9.5062500e+001
  9.5062500e+001
  9.5062500e+001
  9.5062500e+001
  9.5062500e+001
  9.5062500e+001
  9.5062500e+001
  9.5062500e+001
  9.5062500e+001
  9.5062500e+001
  9.5062500e+001
  9.5062500e+001
  9.5062500e+001
  9.5062500e+001
  9.5062500e+001
  9.5062500e+001
  9.5062500e+001
  9.5062500e+001
  9.5062500e+001
  9.5062500e+001
  9.5062500e+001
  9.5062500e+001
  9.5062500e+001
  9.5062500e+001
  9.5062500e+001
  9.5062500e+001
  9.5062500e+001
  9.5062500e+001
  9.5062500e+001
