  1.2500000e-001
  1.1875000e+000
  2.1875000e+000
  3.1875000e+000
  4.2500000e+000
  5.1875000e+000
  6.1875000e+000
  7.1875000e+000
  8.1250000e+000
  9.1250000e+000
  1.0062500e+001
  1.1000000e+001
  1.1875000e+001
  1.2812500e+001
  1.3750000e+001
  1.4625000e+001
  1.5500000e+001
  1.6375000e+001
  1.7250000e+001
  1.8062500e+001
  1.8937500e+001
  1.9750000e+001
  2.0562500e+001
  2.1375000e+001
  2.2187500e+001
  2.3000000e+001
  2.3750000e+001
  2.4562500e+001
  2.5312500e+001
  2.6062500e+001
  2.6812500e+001
  2.7562500e+001
  2.8250000e+001
  2.8937500e+001
  2.9687500e+001
  3.0375000e+001
  3.1062500e+001
  3.1687500e+001
  3.2375000e+001
  3.3000000e+001
  3.3625000e+001
  3.4250000e+001
  3.4875000e+001
  3.5500000e+001
  3.6125000e+001
  3.6687500e+001
  3.7250000e+001
  3.7812500e+001
  3.8375000e+001
  3.8937500e+001
  3.9500000e+001
  4.0000000e+001
  4.0500000e+001
  4.1000000e+001
  4.1500000e+001
  4.2000000e+001
  4.2500000e+001
  4.2937500e+001
  4.3375000e+001
  4.3875000e+001
  4.4312500e+001
  4.4687500e+001
  4.5125000e+001
  4.5500000e+001
  4.5937500e+001
  4.6312500e+001
  4.6687500e+001
  4.7062500e+001
  4.7375000e+001
  4.7750000e+001
  4.8062500e+001
  4.8375000e+001
  4.8687500e+001
  4.9000000e+001
  4.9312500e+001
  4.9562500e+001
  4.9875000e+001
  5.0125000e+001
  5.0375000e+001
  5.0625000e+001
  5.0812500e+001
  5.1062500e+001
  5.1250000e+001
  5.1437500e+001
  5.1625000e+001
  5.1812500e+001
  5.2000000e+001
  5.2125000e+001
  5.2312500e+001
  5.2437500e+001
  5.2562500e+001
  5.2687500e+001
  5.2812500e+001
  5.2875000e+001
  5.3000000e+001
  5.3062500e+001
  5.3125000e+001
  5.3187500e+001
  5.3250000e+001
  5.3250000e+001
  5.3312500e+001
  5.3312500e+001
  5.3312500e+001
  5.3312500e+001
  5.3312500e+001
  5.3312500e+001
  5.3312500e+001
  5.3312500e+001
  5.3312500e+001
  5.3312500e+001
  5.3312500e+001
  5.3312500e+001
  5.3312500e+001
  5.3312500e+001
  5.3312500e+001
  5.3312500e+001
  5.3312500e+001
  5.3312500e+001
  5.3312500e+001
  5.3312500e+001
  5.3312500e+001
  5.3312500e+001
  5.3312500e+001
  5.3312500e+001
  5.3312500e+001
  5.3312500e+001
  5.3312500e+001
  5.3312500e+001
  5.3312500e+001
  5.3312500e+001
  5.3312500e+001
  5.3312500e+001
  5.3312500e+001
  5.3312500e+001
  5.3312500e+001
  5.3312500e+001
  5.3312500e+001
  5.3312500e+001
  5.3312500e+001
  5.3312500e+001
  5.3312500e+001
  5.3312500e+001
  5.3312500e+001
  5.3312500e+001
  5.3312500e+001
  5.3312500e+001
  5.3312500e+001
  5.3312500e+001
  5.3312500e+001
  5.3312500e+001
  5.3312500e+001
  5.3312500e+001
  5.3312500e+001
  5.3312500e+001
  5.3312500e+001
  5.3312500e+001
  5.3312500e+001
  5.3312500e+001
  5.3312500e+001
  5.3312500e+001
  5.3312500e+001
  5.3312500e+001
  5.3312500e+001
  5.3312500e+001
  5.3312500e+001
  5.3312500e+001
  5.3312500e+001
  5.3312500e+001
  5.3312500e+001
  5.3312500e+001
  5.3312500e+001
  5.3312500e+001
  5.3312500e+001
  5.3312500e+001
  5.3312500e+001
  5.3312500e+001
  5.3312500e+001
  5.3312500e+001
  5.3312500e+001
  5.3312500e+001
  5.3312500e+001
  5.3312500e+001
  5.3312500e+001
  5.3312500e+001
  5.3312500e+001
  5.3312500e+001
  5.3312500e+001
  5.3312500e+001
  5.3312500e+001
  5.3312500e+001
  5.3312500e+001
  5.3312500e+001
  5.3312500e+001
  5.3312500e+001
  5.3312500e+001
  5.3312500e+001
  5.3312500e+001
  5.3312500e+001
  5.3312500e+001
  5.3312500e+001
  5.3312500e+001
  5.3312500e+001
  5.3312500e+001
  5.3312500e+001
  5.3312500e+001
  5.3312500e+001
  5.3312500e+001
  5.3312500e+001
  5.3312500e+001
  5.3312500e+001
  5.3312500e+001
  5.3312500e+001
  5.3312500e+001
  5.3312500e+001
  5.3312500e+001
  5.3312500e+001
  5.3312500e+001
  5.3312500e+001
  5.3312500e+001
  5.3312500e+001
  5.3312500e+001
  5.3312500e+001
  5.3312500e+001
  5.3312500e+001
  5.3312500e+001
  5.3312500e+001
  5.3312500e+001
  5.3312500e+001
  5.3312500e+001
  5.3312500e+001
  5.3312500e+001
  5.3312500e+001
  5.3312500e+001
  5.3312500e+001
  5.3312500e+001
  5.3312500e+001
  5.3312500e+001
  5.3312500e+001
  5.3312500e+001
  5.3312500e+001
  5.3312500e+001
  5.3312500e+001
  5.3312500e+001
  5.3312500e+001
  5.3312500e+001
  5.3312500e+001
  5.3312500e+001
  5.3312500e+001
  5.3312500e+001
  5.3312500e+001
  5.3312500e+001
  5.3312500e+001
  5.3312500e+001
  5.3312500e+001
  5.3312500e+001
  5.3312500e+001
