2 /*n_tbl*/
2 /*nreg*/
/*loop2 for n_tbl*/
177 /*n_entry*/
0    /*tblidx_min*/
0x30 /*sensorMode of this tbl*/
32  /*(SINT8)exp_tblidx0_unit*/
16 /*exp_tblidx_unit*/
1 /*n_burst_sec*/
/*template*/ /*nreg*/
0x10
0x40
0
0
/*template*/
0x1C
0x40
0x00
0x00
/*loop1 for n_burst_sec*/ /*long exp*/
177  /*n_burstidx*/
4  /*nbyte_entry*/
0  /*burstidx_min*/
2  /*n_op*/
/*loop0 for n_op*/
0   /*tmpl_reg: reg# in template, 0-based*/
0   /*entry_lsb: right shift table entry contain*/
16  /*reg_lsb: left shift to reg*/
16   /*nbit_mask*/ /*NOTE! LSB12->8*/
/*loop0 ends*/
/*loop1 for n_op*/
1   /*tmpl_reg: reg# in template, 0-based*/
16   /*entry_lsb: right shift table entry contain*/
16  /*reg_lsb: left shift to reg*/
16  /*nbit_mask*/ /*NOTE! LSB12->8*/
/*loop1 ends*/
/*contains for n_burstidx * nbyte_entry*/
53
1
96
1
249
1
220
2
76
0
205
1
0
1
6
1
172
1
34
3
81
2
2
3
134
0
211
2
29
1
34
3
174
1
34
3
57
2
200
1
85
0
133
0
212
0
53
2
78
1
190
0
195
1
82
0
50
2
34
3
52
0
34
3
155
0
82
0
253
0
82
0
91
1
82
0
181
1
82
0
11
2
82
0
93
2
34
3
67
0
34
3
143
0
183
0
215
0
34
3
29
1
82
0
95
1
115
2
159
1
82
0
220
1
82
0
22
2
43
1
78
2
82
0
26
0
34
3
77
0
34
3
127
0
82
0
174
0
82
0
218
0
34
3
6
1
82
0
47
1
82
0
86
1
34
3
124
1
140
2
160
1
34
3
195
1
185
1
228
1
34
3
4
2
212
1
34
2
34
3
64
2
82
0
92
2
82
0
13
0
34
3
39
0
255
0
63
0
34
3
87
0
12
1
109
0
34
3
131
0
58
1
152
0
82
0
171
0
34
3
190
0
34
3
208
0
34
3
226
0
82
0
242
0
34
3
2
1
27
3
17
1
34
3
32
1
146
1
46
1
71
1
59
1
34
3
72
1
176
2
84
1
34
3
96
1
182
2
107
1
34
3
118
1
205
2
128
1
34
3
138
1
34
3
148
1
82
0
157
1
88
0
165
1
34
3
174
1
82
0
182
1
82
0
189
1
34
3
197
1
82
0
204
1
82
0
210
1
34
3
217
1
82
0
223
1
146
0
229
1
82
0
234
1
34
3
240
1
82
0
245
1
211
0
250
1
82
0
255
1
82
0
3
2
92
2
7
2
34
3
12
2
82
0
16
2
82
0
19
2
34
3
23
2
172
1
26
2
34
3
30
2
86
0
33
2
243
1
36
2
121
2
39
2
245
1
42
2
113
0
45
2
82
0
47
2
154
2
50
2
82
0
52
2
65
1
54
2
34
3
56
2
34
3
58
2
34
3
60
2
34
3
62
2
34
3
64
2
6
3
66
2
252
0
68
2
82
0
69
2
34
3
71
2
82
0
72
2
34
3
74
2
82
0
75
2
44
1
76
2
34
3
77
2
34
3
79
2
82
0
80
2
82
0
81
2
137
0
82
2
215
0
83
2
202
0
84
2
103
0
85
2
82
0
86
2
82
0
86
2
34
3
87
2
34
3
88
2
230
1
89
2
82
0
89
2
34
3
90
2
198
2
91
2
82
0
91
2
34
3
92
2
152
1
93
2
82
0
93
2
117
2
94
2
82
0
94
2
149
2
95
2
82
0
95
2
9
2
95
2
34
3
96
2
221
0
96
2
34
3
97
2
82
0
97
2
18
2
97
2
34
3
98
2
82
0
98
2
39
2
98
2
34
3
99
2
82
0
99
2
62
1
99
2
34
3
99
2
34
3
100
2
82
0
100
2
97
1
100
2
34
3
100
2
34
3
101
2
82
0
101
2
82
0
101
2
193
1
101
2
34
3
101
2
34
3
102
2
82
0
102
2
82
0
102
2
126
0
102
2
173
1
102
2
208
2
102
2
34
3
102
2
34
3
103
2
82
0
103
2
82
0
103
2
82
0
103
2
168
0
103
2
127
1
103
2
76
2
/*end contains*/
/*loop1 ends*/
/*vtable partition: n_vtblsec,def_vtype(0:no used,1:vcount,0xff:100us timer)*/
1
1
/*loop3 for n_vtblsec*/
177  /*n_vidx*/
1   /*nbyte_entry*/
0   /*vmin*/
1   /*vtype*/
/*contains n_vidx * nbyte_entry*/
8
8
7
7
7
7
6
6
6
6
5
5
5
5
5
4
4
4
4
4
4
4
3
3
3
3
3
3
3
3
3
2
2
2
2
2
2
2
2
2
2
2
2
2
2
2
2
1
1
1
1
1
1
1
1
1
1
1
1
1
1
1
1
1
1
1
1
1
1
1
1
1
1
1
1
1
1
1
1
1
1
1
1
1
1
1
1
1
1
1
1
1
1
1
1
1
1
1
1
1
1
1
1
1
1
1
1
1
1
1
1
1
1
1
1
1
1
1
1
1
1
1
1
1
1
1
1
1
1
1
1
1
1
1
1
1
1
1
1
1
1
1
1
1
1
1
1
1
1
1
1
1
1
1
1
1
1
1
1
1
1
1
1
1
1
1
1
1
1
1
1
1
1
1
1
1
1
/*end contains*/
/*end loop3*/
/*error table: n_erridx, emin, err unit in "N"-th ev*/
0
0
64
/*contains, for n_erridx (SINT8)*/
/*end contains*/
/*loop2 ends*/
/*loop2 for n_tbl*/
209 /*n_entry*/
0    /*tblidx_min*/
0x40 /*sensorMode of this tbl*/
0  /*(SINT8)exp_tblidx0_unit*/
16 /*exp_tblidx_unit*/
1 /*n_burst_sec*/
/*template*/ /*nreg*/
0x10
0x40
0
0
/*template*/
0x1C
0x40
0x00
0x00
/*loop1 for n_burst_sec*/ /*long exp*/
209  /*n_burstidx*/
4  /*nbyte_entry*/
0  /*burstidx_min*/
2  /*n_op*/
/*loop0 for n_op*/
0   /*tmpl_reg: reg# in template, 0-based*/
0   /*entry_lsb: right shift table entry contain*/
16  /*reg_lsb: left shift to reg*/
16   /*nbit_mask*/ /*NOTE! LSB12->8*/
/*loop0 ends*/
/*loop1 for n_op*/
1   /*tmpl_reg: reg# in template, 0-based*/
16  /*entry_lsb: right shift table entry contain*/
16  /*reg_lsb: left shift to reg*/
16  /*nbit_mask*/ /*NOTE! LSB12->8*/
/*loop1 ends*/
/*contains for n_burstidx * nbyte_entry*/
102
2
78
3
165
0
244
1
43
1
78
3
146
1
158
2
218
1
78
3
5
2
136
2
20
2
207
1
8
2
195
2
227
1
82
0
164
1
78
3
79
1
154
0
227
0
82
0
97
0
126
1
52
2
82
0
137
1
78
3
204
0
78
3
102
2
3
2
133
1
78
3
148
0
222
2
252
1
79
1
235
0
78
3
53
2
78
3
8
1
78
3
55
2
97
1
240
0
82
0
5
2
211
2
166
0
82
0
164
1
78
3
47
0
191
0
24
1
49
3
248
1
82
0
101
0
82
0
53
1
96
1
249
1
220
2
76
0
205
1
0
1
6
1
172
1
60
3
81
2
2
3
134
0
211
2
29
1
78
3
174
1
78
3
57
2
200
1
85
0
133
0
212
0
53
2
78
1
190
0
195
1
82
0
50
2
78
3
52
0
78
3
155
0
82
0
253
0
82
0
91
1
82
0
181
1
82
0
11
2
82
0
93
2
78
3
67
0
78
3
143
0
183
0
215
0
78
3
29
1
82
0
95
1
115
2
159
1
82
0
220
1
82
0
22
2
43
1
78
2
82
0
26
0
78
3
77
0
78
3
127
0
82
0
173
0
78
3
218
0
78
3
6
1
82
0
47
1
82
0
86
1
78
3
124
1
140
2
160
1
78
3
195
1
185
1
228
1
78
3
4
2
212
1
34
2
78
3
64
2
82
0
92
2
82
0
13
0
78
3
39
0
255
0
63
0
78
3
87
0
12
1
109
0
78
3
131
0
58
1
152
0
82
0
171
0
78
3
190
0
78
3
208
0
78
3
226
0
82
0
242
0
78
3
2
1
27
3
17
1
78
3
32
1
146
1
46
1
71
1
59
1
78
3
72
1
176
2
84
1
78
3
96
1
182
2
107
1
78
3
118
1
205
2
128
1
78
3
138
1
78
3
148
1
82
0
157
1
88
0
165
1
78
3
174
1
82
0
182
1
82
0
189
1
78
3
197
1
82
0
204
1
82
0
210
1
78
3
217
1
82
0
223
1
146
0
229
1
82
0
234
1
78
3
240
1
82
0
245
1
211
0
250
1
82
0
255
1
82
0
3
2
92
2
7
2
78
3
12
2
82
0
16
2
82
0
19
2
78
3
23
2
172
1
26
2
78
3
30
2
86
0
33
2
243
1
36
2
121
2
39
2
245
1
42
2
113
0
45
2
82
0
47
2
154
2
50
2
82
0
52
2
65
1
54
2
78
3
56
2
78
3
58
2
78
3
60
2
78
3
62
2
78
3
64
2
6
3
66
2
252
0
68
2
82
0
69
2
42
3
71
2
82
0
72
2
43
3
74
2
82
0
75
2
44
1
76
2
78
3
77
2
78
3
79
2
82
0
80
2
82
0
81
2
137
0
82
2
215
0
83
2
202
0
84
2
103
0
85
2
82
0
86
2
82
0
86
2
78
3
87
2
78
3
88
2
230
1
89
2
82
0
89
2
78
3
90
2
198
2
91
2
82
0
91
2
78
3
92
2
152
1
93
2
82
0
93
2
117
2
94
2
82
0
94
2
149
2
95
2
82
0
95
2
9
2
95
2
78
3
96
2
221
0
96
2
78
3
97
2
82
0
97
2
18
2
97
2
78
3
98
2
82
0
98
2
39
2
98
2
78
3
99
2
82
0
99
2
62
1
99
2
78
3
99
2
78
3
100
2
82
0
100
2
97
1
100
2
53
3
100
2
78
3
101
2
82
0
101
2
82
0
101
2
193
1
101
2
57
3
101
2
78
3
102
2
82
0
102
2
82
0
102
2
126
0
102
2
173
1
102
2
208
2
102
2
78
3
102
2
78
3
103
2
82
0
103
2
82
0
103
2
82
0
103
2
168
0
103
2
127
1
103
2
76
2
/*end contains*/
/*loop1 ends*/
/*vtable partition: n_vtblsec,def_vtype(0:no used,1:vcount,0xff:100us timer)*/
1
1
/*loop3 for n_vtblsec*/
209  /*n_vidx*/
1   /*nbyte_entry*/
0   /*vmin*/
1   /*vtype*/
/*contains n_vidx * nbyte_entry*/
31
29
28
27
26
25
24
23
22
21
20
19
18
18
17
16
16
15
14
14
13
13
12
12
11
11
10
10
9
9
9
8
8
8
7
7
7
7
6
6
6
6
5
5
5
5
5
4
4
4
4
4
4
4
3
3
3
3
3
3
3
3
3
2
2
2
2
2
2
2
2
2
2
2
2
2
2
2
2
1
1
1
1
1
1
1
1
1
1
1
1
1
1
1
1
1
1
1
1
1
1
1
1
1
1
1
1
1
1
1
1
1
1
1
1
1
1
1
1
1
1
1
1
1
1
1
1
1
1
1
1
1
1
1
1
1
1
1
1
1
1
1
1
1
1
1
1
1
1
1
1
1
1
1
1
1
1
1
1
1
1
1
1
1
1
1
1
1
1
1
1
1
1
1
1
1
1
1
1
1
1
1
1
1
1
1
1
1
1
1
1
1
1
1
1
1
1
1
1
1
1
1
1
1
1
1
1
1
1
/*end contains*/
/*end loop3*/
/*error table: n_erridx, emin, err unit in "N"-th ev*/
0
0
64
/*contains, for n_erridx (SINT8)*/
/*end contains*/
/*loop2 ends*/
