  1.9732780e+001
  1.9732780e+001
  1.9732780e+001
  1.9732780e+001
  1.9732780e+001
  1.9732780e+001
  1.9732780e+001
  1.9732780e+001
  1.9732780e+001
  1.9732780e+001
  1.9732780e+001
  2.0236027e+001
  2.0739273e+001
  2.1242519e+001
  2.1745765e+001
  2.2249011e+001
  2.2752257e+001
  2.3255503e+001
  2.3758749e+001
  2.4261995e+001
  2.4765241e+001
  2.5268487e+001
  2.5771733e+001
  2.6274979e+001
  2.6778225e+001
  2.7281471e+001
  2.7784717e+001
  2.8287963e+001
  2.8791209e+001
  2.9294455e+001
  2.9797701e+001
  3.0300947e+001
  3.0804193e+001
  3.1307439e+001
  3.1810685e+001
  3.2313931e+001
  3.2817177e+001
  3.3320423e+001
  3.3823669e+001
  3.4326915e+001
  3.4830162e+001
  3.5333408e+001
  3.5836654e+001
  3.6339900e+001
  3.6843146e+001
  3.7346392e+001
  3.7849638e+001
  3.8352884e+001
  3.8856130e+001
  3.9359376e+001
  3.9862622e+001
  4.0365868e+001
  4.0869114e+001
  4.1372360e+001
  4.1875606e+001
  4.2378852e+001
  4.2882098e+001
  4.3385344e+001
  4.3888590e+001
  4.4391836e+001
  4.4895082e+001
  4.5398328e+001
  4.5901574e+001
  4.6404820e+001
  4.6908066e+001
  4.7411312e+001
  4.7914558e+001
  4.8417804e+001
  4.8921051e+001
  4.9424297e+001
  4.9927543e+001
  5.0430789e+001
  5.0934035e+001
  5.1437281e+001
  5.1940527e+001
  5.2443773e+001
  5.2947019e+001
  5.3450265e+001
  5.3953511e+001
  5.4456757e+001
  5.4960003e+001
  5.5463249e+001
  5.5966495e+001
  5.6469741e+001
  5.6972987e+001
  5.7476233e+001
  5.7979479e+001
  5.8482725e+001
  5.8985971e+001
  5.9489217e+001
  5.9992463e+001
  6.0495709e+001
  6.0998955e+001
  6.1502201e+001
  6.2005447e+001
  6.2508693e+001
  6.3011939e+001
  6.3515186e+001
  6.4018432e+001
  6.4521678e+001
  6.5024924e+001
  6.5528170e+001
  6.6031416e+001
  6.6534662e+001
  6.7037908e+001
  6.7541154e+001
  6.8044400e+001
  6.8547646e+001
  6.9050892e+001
  6.9554138e+001
  7.0057384e+001
  7.0560630e+001
  7.0969581e+001
  7.0599861e+001
  7.0230140e+001
  6.9860420e+001
  6.9490699e+001
  6.9120978e+001
  6.8751258e+001
  6.8381537e+001
  6.8011817e+001
  6.7642096e+001
  6.7272376e+001
  6.6902655e+001
  6.6532934e+001
  6.6163214e+001
  6.5793493e+001
  6.5423773e+001
  6.5054052e+001
  6.4684331e+001
  6.4314611e+001
  6.3944890e+001
  6.3575170e+001
  6.3205449e+001
  6.2835729e+001
  6.2466008e+001
  6.2096287e+001
  6.1726567e+001
  6.1356846e+001
  6.0987126e+001
  6.0617405e+001
  6.0247685e+001
  5.9877964e+001
  5.9508243e+001
  5.9138523e+001
  5.8768802e+001
  5.8399082e+001
  5.8029361e+001
  5.7659640e+001
  5.7289920e+001
  5.6920199e+001
  5.6550479e+001
  5.6180758e+001
  5.5811038e+001
  5.5441317e+001
  5.5071596e+001
  5.4701876e+001
  5.4332155e+001
  5.3962435e+001
  5.3592714e+001
  5.3222994e+001
  5.2853273e+001
  5.2483552e+001
  5.2113832e+001
  5.1744111e+001
  5.1374391e+001
  5.1004670e+001
  5.0634949e+001
  5.0265229e+001
  4.9895508e+001
  4.9525788e+001
  4.9156067e+001
  4.8786347e+001
  4.8416626e+001
  4.8046905e+001
  4.7677185e+001
  4.7307464e+001
  4.6937744e+001
  4.6568023e+001
  4.6198303e+001
  4.5828582e+001
  4.5458861e+001
  4.5089141e+001
  4.4719420e+001
  4.4349700e+001
  4.3979979e+001
  4.3610258e+001
  4.3240538e+001
  4.2870817e+001
  4.2501097e+001
  4.2131376e+001
  4.1761656e+001
  4.1391935e+001
  4.1022214e+001
  4.0652494e+001
  4.0282773e+001
  3.9913053e+001
  3.9543332e+001
  3.9173612e+001
  3.8803891e+001
  3.8434170e+001
  3.8064450e+001
  3.7694729e+001
  3.7325009e+001
  3.6955288e+001
  3.6585567e+001
  3.6215847e+001
  3.5846126e+001
  3.5476406e+001
  3.5106685e+001
  3.4736965e+001
  3.4367244e+001
  3.3997523e+001
  3.3627803e+001
  3.3258082e+001
  3.2888362e+001
  3.2518641e+001
  3.2148921e+001
  3.1779200e+001
  3.1409479e+001
  3.1039759e+001
  3.0670038e+001
  3.0300318e+001
  2.9930597e+001
  2.9560876e+001
  2.9191156e+001
  2.8821435e+001
  2.8451715e+001
  2.8081994e+001
  2.7712274e+001
  2.7342553e+001
  2.6972832e+001
  2.6603112e+001
  2.6233391e+001
  2.5863671e+001
  2.5493950e+001
  2.5124230e+001
  2.4754509e+001
  2.4384788e+001
  2.4015068e+001
  2.3645347e+001
  2.3275627e+001
  2.2905906e+001
  2.2536185e+001
  2.2166465e+001
  2.1796744e+001
  2.1427024e+001
  2.1057303e+001
  2.0687583e+001
  2.0317862e+001
  1.9948141e+001
  1.9578421e+001
  1.9208700e+001
  1.8838980e+001
  1.8469259e+001
  1.8099539e+001
