255
255
255
254
254
253
252
251
249
248
247
245
243
241
239
236
234
231
229
226
223
220
216
213
209
206
202
198
194
189
185
180
176
171
166
161
156
151
146
141
135
130
124
119
113
107
102
 96
 90
 84
 79
 73
 67
 62
 56
 50
 45
 39
 34
 29
 24
 19
 14
  9
  4
  0
  0
  0
  0
  0
  0
  0
  0
  0
  0
  0
  0
  0
  0
  0
  0
  0
  0
  0
  0
  0
  0
  0
  0
  0
  0
  0
  0
  0
  0
  0
  0
  0
  0
  0
  0
  0
  0
  0
  0
  0
  0
  0
  0
  0
  0
  0
  0
  0
  0
  0
  0
  0
  0
  0
  0
  0
  0
  0
  0
  0
  0
  0
