  1.0575079e+002
  1.0575079e+002
  1.0575079e+002
  1.0575079e+002
  1.0575079e+002
  1.0575079e+002
  1.0575079e+002
  1.0575079e+002
  1.0575079e+002
  1.0575079e+002
  1.0575079e+002
  1.0575079e+002
  1.0575079e+002
  1.0575079e+002
  1.0622605e+002
  1.0774689e+002
  1.0926773e+002
  1.1078857e+002
  1.1230942e+002
  1.1383026e+002
  1.1535110e+002
  1.1687194e+002
  1.1839278e+002
  1.1991362e+002
  1.2143446e+002
  1.2295530e+002
  1.2447614e+002
  1.2599698e+002
  1.2751782e+002
  1.2903866e+002
  1.3055950e+002
  1.3208034e+002
  1.3360118e+002
  1.3512202e+002
  1.3664286e+002
  1.3816371e+002
  1.3968455e+002
  1.4120539e+002
  1.4272623e+002
  1.4424707e+002
  1.4576791e+002
  1.4728875e+002
  1.4880959e+002
  1.5033043e+002
  1.5185127e+002
  1.5337211e+002
  1.5489295e+002
  1.5641379e+002
  1.5793463e+002
  1.5945547e+002
  1.6097631e+002
  1.6249716e+002
  1.6401800e+002
  1.6553884e+002
  1.6705968e+002
  1.6858052e+002
  1.7010136e+002
  1.7162220e+002
  1.7314304e+002
  1.7466388e+002
  1.7618472e+002
  1.7770556e+002
  1.7922640e+002
  1.8074724e+002
  1.8226808e+002
  1.8378892e+002
  1.8530976e+002
  1.8683061e+002
  1.8835145e+002
  1.8987229e+002
  1.9139313e+002
  1.9291397e+002
  1.9443481e+002
  1.9595565e+002
  1.9747649e+002
  1.9899733e+002
  2.0051817e+002
  2.0203901e+002
  2.0355985e+002
  2.0508069e+002
  2.0660153e+002
  2.0812237e+002
  2.0964321e+002
  2.1116405e+002
  2.1268490e+002
  2.1420574e+002
  2.1572658e+002
  2.1724742e+002
  2.1876826e+002
  2.2028910e+002
  2.2180994e+002
  2.2333078e+002
  2.2485162e+002
  2.2637246e+002
  2.2789330e+002
  2.2941414e+002
  2.3093498e+002
  2.3245582e+002
  2.3397666e+002
  2.3549750e+002
  2.3701835e+002
  2.3853919e+002
  2.4006003e+002
  2.4158087e+002
  2.4310171e+002
  2.4462255e+002
  2.4614339e+002
  2.4766423e+002
  2.4918507e+002
  2.5070591e+002
  2.5222675e+002
  2.5374759e+002
  2.5526843e+002
  2.5678927e+002
  2.5831011e+002
  2.5983095e+002
  2.6135179e+002
  2.6287264e+002
  2.6439348e+002
  2.6591432e+002
  2.6743516e+002
  2.6895600e+002
  2.7047684e+002
  2.7199768e+002
  2.7351852e+002
  2.7503936e+002
  2.7547426e+002
  2.7405493e+002
  2.7263561e+002
  2.7121628e+002
  2.6979696e+002
  2.6837763e+002
  2.6695831e+002
  2.6553898e+002
  2.6411966e+002
  2.6270033e+002
  2.6128101e+002
  2.5986168e+002
  2.5844236e+002
  2.5702303e+002
  2.5560371e+002
  2.5418438e+002
  2.5276506e+002
  2.5134573e+002
  2.4992641e+002
  2.4850708e+002
  2.4708776e+002
  2.4566843e+002
  2.4424911e+002
  2.4282978e+002
  2.4141046e+002
  2.3999113e+002
  2.3857181e+002
  2.3715248e+002
  2.3573316e+002
  2.3431383e+002
  2.3289451e+002
  2.3147518e+002
  2.3005586e+002
  2.2863653e+002
  2.2721721e+002
  2.2579788e+002
  2.2437856e+002
  2.2295923e+002
  2.2153991e+002
  2.2012058e+002
  2.1870126e+002
  2.1728193e+002
  2.1586261e+002
  2.1444328e+002
  2.1302396e+002
  2.1160463e+002
  2.1018531e+002
  2.0876598e+002
  2.0734666e+002
  2.0592733e+002
  2.0450801e+002
  2.0308868e+002
  2.0166936e+002
  2.0025003e+002
  1.9883071e+002
  1.9741138e+002
  1.9599206e+002
  1.9457273e+002
  1.9315341e+002
  1.9173408e+002
  1.9031476e+002
  1.8889543e+002
  1.8747611e+002
  1.8605678e+002
  1.8463746e+002
  1.8321813e+002
  1.8179881e+002
  1.8037948e+002
  1.7896016e+002
  1.7754083e+002
  1.7612151e+002
  1.7470218e+002
  1.7328286e+002
  1.7186353e+002
  1.7044421e+002
  1.6902488e+002
  1.6760556e+002
  1.6618623e+002
  1.6476691e+002
  1.6334758e+002
  1.6192826e+002
  1.6050893e+002
  1.5908961e+002
  1.5767028e+002
  1.5625096e+002
  1.5483163e+002
  1.5341231e+002
  1.5199298e+002
  1.5057366e+002
  1.4915433e+002
  1.4773501e+002
  1.4631568e+002
  1.4489636e+002
  1.4347703e+002
  1.4205771e+002
  1.4063838e+002
  1.3921906e+002
  1.3779973e+002
  1.3638041e+002
  1.3496108e+002
  1.3354176e+002
  1.3212243e+002
  1.3070311e+002
  1.2928378e+002
  1.2786446e+002
  1.2644513e+002
  1.2502581e+002
  1.2360648e+002
  1.2218716e+002
  1.2076783e+002
  1.1934851e+002
  1.1792918e+002
  1.1650986e+002
  1.1509053e+002
  1.1367121e+002
  1.1225188e+002
  1.1083256e+002
  1.0941323e+002
  1.0799391e+002
  1.0657458e+002
  1.0515526e+002
  1.0373593e+002
  1.0231661e+002
  1.0089728e+002
  9.9477957e+001
  9.8058632e+001
  9.6639307e+001
  9.5219982e+001
  9.3800657e+001
  9.2381332e+001
