2704	2704	2704	2704	
12790	11308	10848	11308	
12530	10964	10606	10964	
12242	10670	10308	10670	
11718	10360	10020	10360	
11334	10026	9490	10026	
10918	9668	9390	9668	
10500	9296	9016	9296	
10046	8946	8508	8946	
9810	8574	8364	8574	
9346	8272	8051	8272	
9048	8027	7798	8027	
8778	7804	7533	7804	
8542	7591	7279	7591	
8368	7397	7218	7397	
8068	7229	7040	7229	
7881	7055	6863	7055	
7735	6931	6817	6931	
7532	6802	6703	6802	
7380	6699	6633	6699	
7307	6612	6316	6612	
7257	6517	6372	6517	
7096	6422	6378	6422	
7053	6368	6342	6368	
7024	6382	6247	6382	
7007	6333	6226	6333	
6947	6291	6208	6291	
6913	6312	6274	6312	
6922	6304	6266	6304	
6973	6332	6298	6332	
6980	6359	6277	6359	
7019	6434	6356	6434	
7078	6432	6333	6432	
7216	6557	6470	6557	
7344	6558	6522	6558	
7386	6719	6584	6719	
7575	6823	6663	6823	
7651	6968	6776	6968	
7896	7091	7006	7091	
7978	7273	7125	7273	
8218	7418	7265	7418	
8560	7595	7345	7595	
8754	7899	7644	7899	
9108	8093	7855	8093	
9366	8352	8053	8352	
9802	8656	8344	8656	
10098	8950	8776	8950	
10388	9342	9106	9342	
10778	9616	9244	9616	
11162	9904	9748	9904	
11560	10240	9982	10240	
11822	10460	10208	10460	
12222	10884	10646	10884	
12596	11230	10788	11230	
12196	10654	10306	10654	
11748	10334	10016	10334	
11452	9988	9728	9988	
11072	9644	9416	9644	
10560	9314	8932	9314	
10220	8938	8762	8938	
9780	8568	8336	8568	
9350	8248	8047	8248	
9092	7997	7813	7997	
8836	7737	7578	7737	
8480	7485	7363	7485	
8196	7297	7142	7297	
7983	7141	7027	7141	
7770	6962	6735	6962	
7604	6814	6616	6814	
7475	6713	6542	6713	
7296	6586	6454	6586	
7148	6455	6402	6455	
7038	6364	6219	6364	
6971	6313	6259	6313	
6830	6230	6135	6230	
6741	6193	6108	6193	
6728	6115	6045	6115	
6651	6107	6052	6107	
6657	6053	6029	6053	
6679	6058	6017	6058	
6671	6090	6038	6090	
6687	6106	6040	6106	
6725	6115	6063	6115	
6849	6157	6121	6157	
6815	6207	6167	6207	
6966	6297	6262	6297	
7045	6373	6269	6373	
7125	6454	6370	6454	
7316	6582	6507	6582	
7450	6691	6576	6691	
7579	6815	6718	6815	
7813	6962	6814	6962	
7965	7106	6931	7106	
8244	7357	7101	7357	
8480	7549	7351	7549	
8678	7751	7604	7751	
9090	8010	7810	8010	
9430	8310	8061	8310	
9772	8600	8350	8600	
10144	8988	8848	8988	
10514	9264	9010	9264	
10892	9624	9420	9624	
11256	10032	9808	10032	
11712	10258	10066	10258	
11952	10598	10290	10598	
12514	11036	10820	11036	
12044	10480	10320	10480	
11704	10162	9858	10162	
11268	9840	9550	9840	
10736	9436	9118	9436	
10362	9104	8918	9104	
9882	8706	8508	8706	
9556	8366	8173	8366	
9172	8055	7852	8055	
8832	7810	7608	7810	
8516	7565	7439	7565	
8254	7302	7126	7302	
8032	7135	7014	7135	
7800	6953	6812	6953	
7571	6780	6592	6780	
7434	6679	6543	6679	
7264	6549	6442	6549	
7139	6435	6257	6435	
6938	6304	6257	6304	
6831	6197	6118	6197	
6714	6105	6087	6105	
6646	6078	6046	6078	
6572	6013	5945	6013	
6523	5984	5919	5984	
6498	5926	5867	5926	
6448	5905	5890	5905	
6446	5900	5879	5900	
6445	5917	5883	5917	
6471	5954	5921	5954	
6521	5939	5862	5939	
6556	6003	5979	6003	
6690	6069	5986	6069	
6729	6149	6046	6149	
6833	6213	6205	6213	
6927	6307	6185	6307	
7167	6421	6353	6421	
7253	6527	6428	6527	
7378	6680	6536	6680	
7607	6812	6693	6812	
7809	6930	6772	6930	
8011	7162	6929	7162	
8242	7360	7165	7360	
8506	7565	7430	7565	
8862	7812	7605	7812	
9102	8043	7830	8043	
9498	8442	8234	8442	
9886	8740	8456	8740	
10270	9074	8912	9074	
10750	9400	9184	9400	
11116	9782	9574	9782	
11430	10062	9800	10062	
11832	10400	10066	10400	
12262	10916	10474	10916	
11870	10328	10108	10328	
11376	10028	9614	10028	
11062	9608	9402	9608	
10470	9206	8916	9206	
10084	8884	8618	8884	
9704	8526	8290	8526	
9318	8198	7894	8198	
8844	7871	7646	7871	
8608	7635	7420	7635	
8326	7399	7195	7399	
8049	7187	6946	7187	
7851	6961	6762	6961	
7593	6799	6651	6799	
7406	6673	6544	6673	
7243	6487	6450	6487	
7018	6373	6288	6373	
6946	6304	6208	6304	
6781	6182	6084	6182	
6648	6052	5989	6052	
6525	5983	5913	5983	
6449	5917	5871	5917	
6350	5849	5825	5849	
6339	5814	5821	5814	
6267	5760	5731	5760	
6250	5739	5763	5739	
6253	5743	5723	5743	
6229	5742	5742	5742	
6265	5773	5766	5773	
6326	5796	5749	5796	
6384	5846	5796	5846	
6424	5909	5885	5909	
6504	5963	5961	5963	
6611	6050	6035	6050	
6792	6191	6125	6191	
6893	6268	6260	6268	
7052	6408	6245	6408	
7245	6541	6385	6541	
7370	6677	6520	6677	
7546	6827	6671	6827	
7775	6964	6774	6964	
8062	7151	6978	7151	
8344	7424	7184	7424	
8612	7651	7477	7651	
8960	7883	7686	7883	
9360	8198	7995	8198	
9620	8554	8366	8554	
10008	8884	8546	8884	
10384	9250	9082	9250	
10784	9646	9384	9646	
11286	9892	9676	9892	
11648	10258	10166	10258	
12104	10804	10526	10804	
11724	10202	9830	10202	
11154	9830	9508	9830	
10782	9466	9190	9466	
10280	9070	8850	9070	
9896	8666	8446	8666	
9460	8342	8045	8342	
9060	7955	7784	7955	
8700	7694	7587	7694	
8400	7479	7248	7479	
8165	7264	7067	7264	
7891	7024	6922	7024	
7606	6830	6677	6830	
7465	6691	6587	6691	
7261	6531	6465	6531	
7033	6358	6276	6358	
6869	6257	6152	6257	
6702	6111	6056	6111	
6551	6022	5975	6022	
6450	5915	5867	5915	
6283	5840	5776	5840	
6211	5763	5737	5763	
6162	5700	5673	5700	
6107	5641	5613	5641	
6074	5622	5629	5622	
6035	5601	5620	5601	
6030	5586	5585	5586	
6058	5627	5590	5627	
6071	5628	5634	5628	
6145	5647	5619	5647	
6165	5721	5643	5721	
6232	5782	5705	5782	
6344	5840	5782	5840	
6455	5934	5865	5934	
6572	6030	5970	6030	
6713	6135	6085	6135	
6880	6240	6095	6240	
6993	6375	6305	6375	
7190	6517	6441	6517	
7410	6633	6461	6633	
7619	6860	6650	6860	
7845	7045	6927	7045	
8096	7209	7053	7209	
8422	7445	7277	7445	
8714	7717	7519	7717	
9030	7998	7795	7998	
9356	8304	8146	8304	
9736	8656	8416	8656	
10254	9054	8768	9054	
10574	9392	9282	9392	
11022	9752	9490	9752	
11436	10046	9982	10046	
11946	10596	10262	10596	
11418	10038	9664	10038	
10954	9654	9338	9654	
10528	9262	8886	9262	
10116	8848	8606	8848	
9566	8424	8206	8424	
9286	8130	7865	8130	
8856	7781	7561	7781	
8502	7515	7371	7515	
8242	7308	7157	7308	
7909	7099	6861	7099	
7625	6858	6708	6858	
7477	6695	6568	6695	
7242	6547	6372	6547	
7050	6399	6319	6399	
6870	6204	6129	6204	
6677	6104	5996	6104	
6548	5969	5873	5969	
6369	5860	5857	5860	
6280	5794	5717	5794	
6172	5683	5640	5683	
6029	5589	5627	5589	
5973	5550	5521	5550	
5895	5496	5486	5496	
5877	5478	5470	5478	
5843	5455	5472	5455	
5835	5476	5455	5476	
5890	5460	5380	5460	
5827	5463	5461	5463	
5897	5498	5451	5498	
5972	5557	5527	5557	
6050	5621	5609	5621	
6134	5666	5633	5666	
6285	5761	5681	5761	
6413	5877	5818	5877	
6547	5967	6000	5967	
6697	6110	6020	6110	
6873	6236	6137	6236	
7064	6390	6329	6390	
7225	6536	6445	6536	
7426	6688	6578	6688	
7679	6889	6763	6889	
7887	7104	6950	7104	
8125	7264	7128	7264	
8456	7509	7313	7509	
8810	7804	7614	7804	
9218	8147	7922	8147	
9556	8442	8346	8442	
9996	8840	8648	8840	
10440	9224	8978	9224	
10786	9568	9348	9568	
11258	10022	9722	10022	
11924	10528	10058	10528	
11324	9874	9566	9874	
10916	9482	9124	9482	
10310	9024	8900	9024	
9902	8646	8396	8646	
9384	8264	8002	8264	
9016	7942	7774	7942	
8706	7642	7519	7642	
8284	7378	7179	7378	
8003	7143	6945	7143	
7737	6939	6750	6939	
7544	6743	6670	6743	
7276	6576	6464	6576	
7108	6413	6357	6413	
6944	6251	6199	6251	
6756	6120	6002	6120	
6500	5992	5893	5992	
6397	5863	5813	5863	
6186	5729	5684	5729	
6102	5634	5572	5634	
5941	5524	5506	5524	
5904	5448	5453	5448	
5782	5409	5351	5409	
5761	5382	5358	5382	
5675	5335	5294	5335	
5642	5295	5305	5295	
5632	5291	5275	5291	
5658	5290	5315	5290	
5731	5336	5301	5336	
5778	5376	5382	5376	
5806	5429	5444	5429	
5886	5498	5443	5498	
5963	5546	5521	5546	
6074	5654	5646	5654	
6217	5754	5700	5754	
6349	5850	5782	5850	
6515	5977	5913	5977	
6661	6128	6038	6128	
6862	6289	6071	6289	
7060	6414	6263	6414	
7249	6551	6441	6551	
7479	6770	6611	6770	
7756	6929	6796	6929	
8065	7151	6984	7151	
8308	7405	7251	7405	
8622	7670	7449	7670	
9046	8004	7786	8004	
9372	8294	8080	8294	
9906	8652	8408	8652	
10300	9016	8870	9016	
10670	9448	9184	9448	
11110	9820	9484	9820	
11728	10308	10000	10308	
11098	9748	9358	9748	
10592	9258	9100	9258	
10114	8916	8662	8916	
9686	8500	8183	8500	
9278	8122	7923	8122	
8830	7787	7596	7787	
8470	7537	7343	7537	
8160	7256	7053	7256	
7927	7081	6930	7081	
7592	6824	6646	6824	
7334	6610	6477	6610	
7122	6422	6310	6422	
6969	6314	6236	6314	
6704	6147	6078	6147	
6533	5975	5885	5975	
6351	5844	5761	5844	
6160	5728	5669	5728	
6019	5591	5504	5591	
5893	5496	5446	5496	
5765	5419	5402	5419	
5706	5329	5327	5329	
5626	5293	5278	5293	
5564	5254	5208	5254	
5533	5206	5208	5206	
5474	5181	5131	5181	
5474	5169	5194	5169	
5490	5150	5151	5150	
5496	5199	5189	5199	
5570	5231	5176	5231	
5643	5285	5276	5285	
5722	5338	5343	5338	
5798	5437	5370	5437	
5912	5516	5478	5516	
6033	5591	5559	5591	
6207	5748	5707	5748	
6341	5859	5795	5859	
6547	5996	5895	5996	
6677	6137	5979	6137	
6872	6263	6188	6263	
7125	6458	6392	6458	
7379	6643	6487	6643	
7607	6837	6683	6837	
7865	7040	6867	7040	
8166	7247	7119	7247	
8478	7511	7309	7511	
8898	7836	7605	7836	
9208	8116	8001	8116	
9614	8492	8268	8492	
10102	8858	8750	8858	
10496	9256	9050	9256	
10924	9726	9388	9726	
11716	10238	9742	10238	
10978	9500	9230	9500	
10412	9146	8852	9146	
9920	8738	8636	8738	
9476	8308	8057	8308	
9054	7990	7694	7990	
8738	7669	7463	7669	
8272	7375	7277	7375	
7925	7114	6964	7114	
7785	6924	6690	6924	
7430	6709	6630	6709	
7221	6517	6401	6517	
6974	6333	6223	6333	
6761	6177	6068	6177	
6591	6019	5937	6019	
6362	5862	5778	5862	
6167	5726	5642	5726	
6033	5582	5497	5582	
5855	5449	5481	5449	
5700	5370	5357	5370	
5621	5281	5290	5281	
5512	5199	5209	5199	
5442	5128	5162	5128	
5393	5097	5091	5097	
5343	5065	5065	5065	
5315	5043	4999	5043	
5294	5034	4994	5034	
5322	5055	5079	5055	
5370	5055	5043	5055	
5379	5109	5083	5109	
5463	5182	5154	5182	
5517	5210	5216	5210	
5602	5275	5304	5275	
5766	5373	5361	5373	
5862	5463	5431	5463	
6054	5629	5591	5629	
6156	5705	5669	5705	
6358	5855	5811	5855	
6529	6013	5957	6013	
6765	6154	6051	6154	
6955	6329	6180	6329	
7188	6490	6412	6490	
7392	6693	6554	6693	
7685	6934	6777	6934	
7954	7144	7044	7144	
8302	7398	7175	7398	
8684	7695	7550	7695	
8988	8030	7778	8030	
9420	8366	8060	8366	
9816	8718	8536	8718	
10310	9092	8892	9092	
10726	9590	9232	9590	
11330	10110	9858	10110	
10790	9402	9010	9402	
10240	8998	8696	8998	
9752	8576	8350	8576	
9308	8159	8015	8159	
8898	7816	7597	7816	
8482	7519	7303	7519	
8194	7249	7031	7249	
7885	7013	6860	7013	
7605	6794	6639	6794	
7341	6613	6443	6613	
7065	6428	6277	6428	
6855	6236	6093	6236	
6608	6089	6008	6089	
6401	5910	5844	5910	
6184	5742	5640	5742	
5987	5607	5569	5607	
5869	5474	5440	5474	
5704	5337	5336	5337	
5562	5245	5239	5245	
5488	5158	5194	5158	
5391	5106	5101	5106	
5273	5013	5030	5013	
5225	4992	4947	4992	
5209	4940	4954	4940	
5135	4918	4909	4918	
5169	4899	4901	4899	
5153	4911	4986	4911	
5198	4953	4990	4953	
5206	4962	4967	4962	
5294	5014	5098	5014	
5393	5069	5126	5069	
5469	5149	5144	5149	
5595	5259	5225	5259	
5725	5381	5353	5381	
5878	5480	5450	5480	
6028	5613	5510	5613	
6176	5738	5712	5738	
6416	5931	5863	5931	
6621	6054	5921	6054	
6866	6214	6118	6214	
7060	6400	6271	6400	
7300	6586	6479	6586	
7501	6792	6587	6792	
7909	7053	6841	7053	
8149	7295	7064	7295	
8510	7578	7340	7578	
8842	7834	7566	7834	
9268	8202	7904	8202	
9650	8574	8340	8574	
10192	8998	8662	8998	
10672	9428	9082	9428	
11230	9950	9616	9950	
10574	9192	8896	9192	
10088	8858	8590	8858	
9732	8478	8250	8478	
9186	8007	7780	8007	
8758	7734	7519	7734	
8440	7408	7210	7408	
8103	7168	7033	7168	
7701	6911	6793	6911	
7457	6709	6524	6709	
7206	6499	6390	6499	
6941	6310	6212	6310	
6712	6164	6087	6164	
6475	5996	5910	5996	
6278	5804	5729	5804	
6072	5644	5604	5644	
5878	5511	5494	5511	
5705	5352	5348	5352	
5528	5233	5235	5233	
5413	5133	5137	5133	
5308	5048	5037	5048	
5221	4991	4978	4991	
5159	4919	4901	4919	
5057	4842	4886	4842	
5038	4825	4849	4825	
5012	4794	4787	4794	
4971	4802	4787	4802	
5024	4802	4856	4802	
5049	4830	4829	4830	
5119	4872	4852	4872	
5145	4920	4932	4920	
5235	4959	4949	4959	
5348	5069	5066	5069	
5462	5162	5155	5162	
5571	5262	5219	5262	
5745	5402	5342	5402	
5889	5524	5452	5524	
6045	5650	5629	5650	
6284	5812	5768	5812	
6485	5981	5867	5981	
6728	6156	6072	6156	
6951	6330	6262	6330	
7147	6526	6409	6526	
7460	6699	6538	6699	
7753	6946	6749	6946	
7997	7185	6994	7185	
8382	7465	7327	7465	
8634	7711	7493	7711	
9158	8049	7888	8049	
9524	8464	8176	8464	
9992	8866	8574	8866	
10404	9314	8996	9314	
11108	9864	9400	9864	
10450	9148	8914	9148	
9930	8730	8404	8730	
9512	8318	8065	8318	
9064	7959	7735	7959	
8596	7606	7452	7606	
8322	7375	7160	7375	
7949	7071	6932	7071	
7627	6855	6716	6855	
7377	6604	6426	6604	
7081	6438	6315	6438	
6888	6268	6106	6268	
6595	6044	5960	6044	
6349	5876	5817	5876	
6133	5714	5647	5714	
5966	5546	5552	5546	
5778	5403	5384	5403	
5578	5269	5258	5269	
5432	5125	5153	5125	
5291	5048	5054	5048	
5168	4942	5009	4942	
5107	4857	4846	4857	
5003	4797	4874	4797	
4954	4756	4779	4756	
4899	4722	4751	4722	
4872	4692	4660	4692	
4842	4683	4705	4683	
4890	4691	4726	4691	
4891	4713	4754	4713	
4960	4752	4777	4752	
5011	4819	4838	4819	
5076	4860	4853	4860	
5187	4954	4972	4954	
5321	5027	5030	5027	
5469	5180	5113	5180	
5631	5281	5223	5281	
5737	5418	5317	5418	
5937	5569	5509	5569	
6107	5724	5685	5724	
6380	5910	5842	5910	
6602	6080	6001	6080	
6846	6237	6152	6237	
7053	6434	6265	6434	
7338	6646	6426	6646	
7536	6842	6581	6842	
7882	7052	6905	7052	
8180	7333	7166	7333	
8560	7625	7414	7625	
8974	8003	7765	8003	
9404	8364	8218	8364	
9852	8714	8586	8714	
10346	9192	8986	9192	
10824	9698	9348	9698	
10256	9060	8666	9060	
9800	8612	8254	8612	
9302	8202	7904	8202	
8874	7809	7604	7809	
8526	7584	7342	7584	
8204	7267	7122	7267	
7877	7053	6852	7053	
7601	6742	6678	6742	
7232	6575	6442	6575	
7007	6343	6211	6343	
6722	6143	6046	6143	
6442	5958	5840	5958	
6219	5813	5743	5813	
6006	5612	5597	5612	
5831	5450	5427	5450	
5635	5300	5284	5300	
5448	5194	5148	5194	
5314	5021	5023	5021	
5175	4948	4922	4948	
5057	4823	4847	4823	
4935	4759	4772	4759	
4879	4699	4678	4699	
4827	4642	4698	4642	
4813	4622	4644	4622	
4736	4583	4635	4583	
4734	4585	4612	4585	
4753	4605	4628	4605	
4798	4623	4658	4623	
4806	4652	4680	4652	
4873	4712	4709	4712	
4957	4783	4816	4783	
5106	4853	4871	4853	
5202	4970	4897	4970	
5304	5059	5008	5059	
5469	5196	5146	5196	
5624	5326	5278	5326	
5854	5469	5411	5469	
6050	5634	5587	5634	
6239	5792	5788	5792	
6466	6005	5920	6005	
6743	6174	6067	6174	
6991	6362	6253	6362	
7266	6557	6416	6557	
7551	6766	6589	6766	
7746	6995	6803	6995	
8153	7286	7101	7286	
8404	7532	7254	7532	
8880	7888	7719	7888	
9294	8222	8009	8222	
9664	8650	8412	8650	
10282	9050	8860	9050	
10882	9588	9362	9588	
10106	8852	8538	8852	
9640	8526	8234	8526	
9132	8156	7831	8156	
8722	7769	7515	7769	
8428	7477	7253	7477	
8051	7178	6984	7178	
7781	6938	6762	6938	
7445	6704	6557	6704	
7164	6485	6333	6485	
6903	6297	6195	6297	
6620	6097	5950	6097	
6369	5884	5808	5884	
6126	5692	5648	5692	
5916	5535	5507	5535	
5690	5365	5349	5365	
5520	5229	5234	5229	
5358	5066	5076	5066	
5188	4979	4936	4979	
5054	4855	4848	4855	
4930	4747	4773	4747	
4827	4690	4671	4690	
4769	4607	4634	4607	
4700	4566	4570	4566	
4672	4531	4528	4531	
4615	4479	4521	4479	
4632	4494	4534	4494	
4636	4511	4562	4511	
4659	4516	4571	4516	
4710	4563	4554	4563	
4778	4608	4631	4608	
4835	4681	4680	4681	
4939	4727	4749	4727	
5066	4862	4827	4862	
5211	4984	4939	4984	
5385	5101	5063	5101	
5475	5230	5186	5230	
5700	5376	5336	5376	
5906	5551	5532	5551	
6141	5696	5655	5696	
6372	5930	5786	5930	
6579	6103	6010	6103	
6891	6281	6135	6281	
7151	6480	6352	6480	
7378	6694	6565	6694	
7686	6932	6782	6932	
8023	7196	7035	7196	
8346	7446	7251	7446	
8706	7794	7611	7794	
9110	8131	7776	8131	
9610	8500	8258	8500	
10104	8932	8722	8932	
10730	9482	9302	9482	
10084	8836	8618	8836	
9516	8428	8038	8428	
9142	8015	7830	8015	
8690	7673	7534	7673	
8262	7362	7145	7362	
7959	7125	6934	7125	
7695	6858	6669	6858	
7358	6629	6491	6629	
7105	6446	6265	6446	
6766	6195	6092	6195	
6538	5978	5949	5978	
6271	5783	5779	5783	
6011	5652	5648	5652	
5792	5463	5420	5463	
5582	5309	5232	5309	
5387	5142	5143	5142	
5209	4977	5021	4977	
5064	4871	4851	4871	
4946	4752	4709	4752	
4833	4688	4709	4688	
4723	4593	4628	4593	
4672	4519	4564	4519	
4587	4477	4516	4477	
4566	4419	4464	4419	
4552	4423	4443	4423	
4546	4419	4475	4419	
4548	4424	4451	4424	
4565	4457	4517	4457	
4626	4468	4496	4468	
4656	4537	4483	4537	
4747	4595	4586	4595	
4851	4657	4710	4657	
4942	4759	4734	4759	
5100	4867	4892	4867	
5271	5000	5033	5000	
5413	5127	5145	5127	
5608	5289	5256	5289	
5828	5446	5438	5446	
6009	5643	5612	5643	
6281	5808	5722	5808	
6534	6008	5946	6008	
6797	6204	6115	6204	
7011	6414	6339	6414	
7340	6625	6440	6625	
7616	6867	6696	6867	
7901	7085	6957	7085	
8188	7332	7203	7332	
8614	7690	7484	7690	
9034	8006	7819	8006	
9472	8336	8186	8336	
9986	8900	8684	8900	
10600	9428	9056	9428	
10008	8742	8572	8742	
9494	8336	7998	8336	
9102	7999	7683	7999	
8544	7627	7364	7627	
8230	7278	7085	7278	
7881	7035	6890	7035	
7603	6800	6576	6800	
7298	6603	6444	6603	
6983	6368	6235	6368	
6713	6170	6037	6170	
6435	5941	5880	5941	
6167	5719	5608	5719	
5966	5576	5598	5576	
5729	5394	5341	5394	
5490	5235	5172	5235	
5337	5077	5046	5077	
5147	4928	4923	4928	
4990	4795	4781	4795	
4857	4690	4735	4690	
4750	4618	4631	4618	
4637	4519	4555	4519	
4570	4458	4496	4458	
4530	4417	4435	4417	
4484	4395	4443	4395	
4433	4370	4400	4370	
4457	4358	4364	4358	
4456	4359	4373	4359	
4490	4371	4378	4371	
4523	4412	4457	4412	
4590	4471	4447	4471	
4654	4527	4529	4527	
4760	4609	4605	4609	
4869	4717	4663	4717	
5022	4811	4811	4811	
5162	4931	4957	4931	
5337	5081	5087	5081	
5518	5203	5169	5203	
5723	5410	5363	5410	
5919	5564	5560	5564	
6197	5767	5666	5767	
6433	5975	5879	5975	
6676	6148	6055	6148	
6981	6367	6243	6367	
7255	6567	6392	6567	
7591	6782	6625	6782	
7863	7035	6880	7035	
8236	7274	7155	7274	
8620	7569	7370	7569	
8984	7927	7766	7927	
9448	8318	8200	8318	
9854	8772	8562	8772	
10602	9350	9094	9350	
9836	8614	8368	8614	
9428	8252	8027	8252	
8948	7903	7701	7903	
8558	7533	7293	7533	
8158	7276	7093	7276	
7881	6966	6861	6966	
7511	6764	6578	6764	
7217	6522	6359	6522	
6863	6300	6171	6300	
6639	6124	6006	6124	
6369	5867	5827	5867	
6109	5656	5673	5656	
5884	5501	5489	5501	
5609	5315	5270	5315	
5414	5138	5104	5138	
5230	4996	4945	4996	
5052	4867	4858	4867	
4924	4737	4753	4737	
4799	4652	4667	4652	
4661	4543	4554	4543	
4567	4471	4473	4471	
4496	4374	4399	4374	
4424	4361	4386	4361	
4422	4334	4394	4334	
4377	4314	4320	4314	
4380	4295	4309	4295	
4369	4297	4328	4297	
4412	4327	4381	4327	
4436	4356	4416	4356	
4502	4387	4413	4387	
4578	4445	4443	4445	
4665	4533	4510	4533	
4791	4612	4625	4612	
4878	4737	4730	4737	
5055	4864	4873	4864	
5222	5027	5015	5027	
5424	5172	5154	5172	
5650	5338	5264	5338	
5866	5522	5433	5522	
6092	5678	5633	5678	
6358	5875	5774	5875	
6658	6082	5968	6082	
6914	6310	6166	6310	
7199	6524	6406	6524	
7419	6729	6576	6729	
7811	6984	6824	6984	
8111	7228	7058	7228	
8462	7544	7357	7544	
8950	7876	7667	7876	
9298	8244	8007	8244	
9776	8730	8500	8730	
10572	9212	8802	9212	
9792	8564	8312	8564	
9246	8157	7903	8157	
8888	7846	7605	7846	
8462	7489	7296	7489	
8123	7224	7076	7224	
7769	6934	6803	6934	
7440	6659	6559	6659	
7109	6492	6395	6492	
6884	6257	6113	6257	
6535	6048	5891	6048	
6299	5810	5763	5810	
5996	5613	5553	5613	
5747	5441	5425	5441	
5533	5242	5224	5242	
5343	5105	5085	5105	
5161	4943	4925	4943	
4933	4789	4819	4789	
4805	4698	4633	4698	
4703	4560	4557	4560	
4588	4485	4450	4485	
4510	4403	4447	4403	
4442	4351	4388	4351	
4356	4301	4327	4301	
4327	4266	4259	4266	
4312	4253	4288	4253	
4311	4242	4267	4242	
4311	4239	4254	4239	
4310	4251	4276	4251	
4355	4284	4285	4284	
4419	4339	4388	4339	
4473	4396	4353	4396	
4531	4469	4499	4469	
4683	4566	4549	4566	
4825	4683	4728	4683	
4995	4807	4804	4807	
5159	4928	4936	4928	
5347	5091	5066	5091	
5569	5252	5248	5252	
5794	5432	5388	5432	
6036	5642	5550	5642	
6301	5831	5728	5831	
6588	6033	5966	6033	
6793	6261	6162	6261	
7132	6478	6343	6478	
7448	6684	6474	6684	
7688	6909	6835	6909	
8003	7159	7015	7159	
8426	7480	7317	7480	
8800	7806	7592	7806	
9254	8176	7954	8176	
9702	8618	8412	8618	
10374	9244	8792	9244	
9744	8540	8286	8540	
9210	8099	7809	8099	
8810	7781	7545	7781	
8364	7461	7203	7461	
7956	7153	6901	7153	
7664	6904	6673	6904	
7417	6681	6464	6681	
7103	6385	6208	6385	
6835	6206	6053	6206	
6520	5977	5899	5977	
6229	5751	5674	5751	
5971	5550	5509	5550	
5721	5360	5356	5360	
5497	5231	5165	5231	
5255	5017	4985	5017	
5039	4889	4863	4889	
4902	4721	4719	4721	
4736	4601	4639	4601	
4624	4502	4491	4502	
4516	4423	4437	4423	
4448	4342	4390	4342	
4364	4284	4309	4284	
4316	4262	4283	4262	
4277	4211	4207	4211	
4260	4177	4207	4177	
4243	4168	4207	4168	
4272	4205	4222	4205	
4277	4216	4225	4216	
4299	4228	4240	4228	
4349	4286	4263	4286	
4430	4332	4338	4332	
4525	4423	4406	4423	
4612	4527	4530	4527	
4736	4608	4648	4608	
4903	4739	4769	4739	
5072	4881	4867	4881	
5292	5035	4972	5035	
5489	5222	5178	5222	
5701	5393	5339	5393	
5971	5574	5488	5574	
6219	5783	5691	5783	
6506	5999	5928	5999	
6799	6223	6147	6223	
6991	6422	6292	6422	
7387	6661	6482	6661	
7621	6854	6712	6854	
7974	7144	6975	7144	
8298	7463	7230	7463	
8724	7753	7515	7753	
9092	8082	7851	8082	
9606	8606	8288	8606	
10242	9090	8736	9090	
9652	8416	8113	8416	
9178	8087	7797	8087	
8750	7709	7440	7709	
8290	7402	7082	7402	
8027	7094	6870	7094	
7625	6849	6626	6849	
7327	6607	6443	6607	
7032	6392	6302	6392	
6720	6167	6035	6167	
6445	5932	5866	5932	
6115	5695	5643	5695	
5864	5518	5470	5518	
5652	5326	5253	5326	
5416	5168	5140	5168	
5211	4974	4933	4974	
5025	4830	4782	4830	
4849	4677	4692	4677	
4700	4567	4559	4567	
4590	4475	4504	4475	
4441	4373	4428	4373	
4378	4309	4370	4309	
4324	4250	4271	4250	
4273	4227	4249	4227	
4228	4174	4221	4174	
4204	4163	4183	4163	
4218	4146	4182	4146	
4210	4175	4194	4175	
4215	4179	4181	4179	
4258	4205	4204	4205	
4318	4236	4222	4236	
4359	4277	4274	4277	
4457	4357	4357	4357	
4558	4461	4440	4461	
4713	4553	4546	4553	
4831	4692	4673	4692	
5018	4832	4823	4832	
5212	4990	5002	4990	
5455	5166	5132	5166	
5668	5340	5269	5340	
5932	5532	5467	5532	
6175	5749	5615	5749	
6400	5957	5874	5957	
6721	6165	6026	6165	
6990	6376	6230	6376	
7278	6574	6422	6574	
7603	6829	6692	6829	
7902	7077	6906	7077	
8282	7410	7212	7410	
8664	7700	7432	7700	
9032	8020	7852	8020	
9568	8462	8204	8462	
10244	9040	8666	9040	
9520	8362	8200	8362	
9132	8017	7671	8017	
8680	7660	7467	7660	
8316	7344	7075	7344	
7931	7089	6879	7089	
7590	6834	6666	6834	
7285	6597	6467	6597	
7000	6344	6186	6344	
6653	6106	5957	6106	
6363	5894	5794	5894	
6092	5692	5628	5692	
5820	5472	5464	5472	
5598	5292	5231	5292	
5417	5107	5119	5107	
5143	4933	4945	4933	
4965	4799	4754	4799	
4852	4648	4683	4648	
4636	4513	4554	4513	
4524	4425	4470	4425	
4434	4342	4413	4342	
4358	4287	4334	4287	
4289	4229	4272	4229	
4212	4170	4276	4170	
4217	4166	4183	4166	
4179	4139	4176	4139	
4164	4129	4150	4129	
4185	4128	4169	4128	
4196	4155	4163	4155	
4214	4161	4181	4161	
4276	4220	4194	4220	
4308	4265	4283	4265	
4413	4329	4350	4329	
4535	4427	4427	4427	
4624	4523	4506	4523	
4799	4652	4671	4652	
4969	4790	4764	4790	
5159	4949	4913	4949	
5399	5137	5133	5137	
5598	5294	5281	5294	
5814	5475	5416	5475	
6123	5681	5649	5681	
6359	5912	5825	5912	
6675	6115	6057	6115	
6928	6339	6238	6339	
7219	6546	6409	6546	
7528	6821	6649	6821	
7877	7038	6900	7038	
8164	7330	7124	7330	
8568	7651	7421	7651	
9062	7994	7858	7994	
9424	8412	8258	8412	
10146	9096	8730	9096	
9492	8368	8137	8368	
9104	7977	7666	7977	
8650	7638	7441	7638	
8278	7332	7055	7332	
7938	7049	6870	7049	
7519	6792	6609	6792	
7283	6571	6388	6571	
6915	6340	6227	6340	
6687	6085	6022	6085	
6302	5865	5768	5865	
6094	5657	5595	5657	
5807	5446	5375	5446	
5556	5241	5218	5241	
5357	5087	5075	5087	
5107	4920	4901	4920	
4956	4773	4766	4773	
4781	4638	4655	4638	
4621	4493	4528	4493	
4486	4414	4453	4414	
4394	4323	4339	4323	
4328	4254	4312	4254	
4271	4219	4246	4219	
4199	4166	4201	4166	
4168	4135	4183	4135	
4139	4120	4155	4120	
4137	4108	4112	4108	
4139	4112	4136	4112	
4170	4148	4148	4148	
4175	4145	4142	4145	
4242	4191	4184	4191	
4301	4252	4270	4252	
4367	4302	4301	4302	
4476	4386	4379	4386	
4592	4502	4502	4502	
4760	4638	4626	4638	
4943	4770	4729	4770	
5125	4886	4844	4886	
5346	5094	5123	5094	
5546	5273	5249	5273	
5811	5484	5392	5484	
6088	5669	5604	5669	
6362	5880	5792	5880	
6670	6095	6007	6095	
6896	6350	6198	6350	
7187	6565	6348	6565	
7589	6752	6620	6752	
7829	7022	6879	7022	
8228	7323	7132	7323	
8598	7640	7421	7640	
8962	7986	7706	7986	
9406	8418	8232	8418	
10218	9042	8666	9042	
9522	8376	8092	8376	
9014	7966	7651	7966	
8658	7671	7415	7671	
8234	7335	7141	7335	
7887	7038	6812	7038	
7520	6802	6577	6802	
7261	6547	6410	6547	
6949	6321	6210	6321	
6619	6090	5971	6090	
6335	5866	5784	5866	
6046	5634	5624	5634	
5735	5434	5408	5434	
5515	5230	5217	5230	
5323	5065	5055	5065	
5091	4884	4906	4884	
4898	4751	4757	4751	
4720	4633	4616	4633	
4597	4489	4481	4489	
4482	4383	4395	4383	
4380	4298	4363	4298	
4305	4242	4279	4242	
4224	4211	4227	4211	
4212	4169	4216	4169	
4163	4133	4178	4133	
4129	4128	4168	4128	
4136	4104	4139	4104	
4128	4096	4142	4096	
4156	4127	4135	4127	
4180	4157	4164	4157	
4219	4185	4196	4185	
4290	4250	4246	4250	
4352	4289	4322	4289	
4434	4369	4365	4369	
4586	4472	4458	4472	
4727	4597	4552	4597	
4916	4730	4709	4730	
5099	4905	4856	4905	
5331	5092	5043	5092	
5586	5262	5225	5262	
5796	5452	5443	5452	
6054	5648	5611	5648	
6338	5873	5779	5873	
6604	6093	5955	6093	
6934	6328	6183	6328	
7160	6535	6415	6535	
7484	6766	6701	6766	
7847	6999	6823	6999	
8166	7315	7051	7315	
8604	7618	7437	7618	
8950	7958	7666	7958	
9400	8368	8020	8368	
10038	8968	8584	8968	
9500	8376	7977	8376	
9034	7983	7687	7983	
8584	7596	7502	7596	
8248	7300	7088	7300	
7867	7012	6840	7012	
7551	6746	6548	6746	
7159	6520	6349	6520	
6897	6309	6172	6309	
6582	6071	5931	6071	
6317	5851	5721	5851	
5989	5634	5532	5634	
5740	5390	5377	5390	
5491	5229	5213	5229	
5261	5043	5039	5043	
5062	4855	4873	4855	
4879	4728	4695	4728	
4731	4588	4622	4588	
4550	4474	4496	4474	
4451	4371	4449	4371	
4364	4301	4296	4301	
4278	4238	4276	4238	
4219	4170	4190	4170	
4187	4139	4173	4139	
4140	4121	4124	4121	
4122	4104	4134	4104	
4096	4103	4133	4103	
4102	4114	4121	4114	
4135	4110	4129	4110	
4132	4123	4145	4123	
4178	4158	4179	4158	
4260	4199	4193	4199	
4309	4258	4260	4258	
4448	4344	4379	4344	
4566	4456	4481	4456	
4732	4579	4559	4579	
4894	4720	4711	4720	
5071	4877	4894	4877	
5294	5053	5033	5053	
5525	5252	5138	5252	
5766	5453	5407	5453	
6029	5629	5573	5629	
6290	5846	5750	5846	
6565	6069	6025	6069	
6887	6292	6129	6292	
7214	6536	6380	6536	
7478	6759	6540	6759	
7843	6999	6849	6999	
8198	7287	7044	7287	
8548	7593	7350	7593	
8924	7935	7718	7935	
9426	8326	8091	8326	
10122	9016	8590	9016	
9486	8350	8110	8350	
9096	7947	7697	7947	
8548	7647	7349	7647	
8222	7266	7045	7266	
7844	7016	6723	7016	
7529	6776	6597	6776	
7191	6542	6402	6542	
6901	6314	6146	6314	
6550	6087	5912	6087	
6341	5837	5711	5837	
6005	5641	5564	5641	
5756	5401	5351	5401	
5514	5219	5204	5219	
5282	5053	5039	5053	
5057	4881	4878	4881	
4865	4736	4773	4736	
4700	4579	4622	4579	
4564	4472	4458	4472	
4479	4379	4426	4379	
4337	4306	4298	4306	
4281	4235	4246	4235	
4207	4181	4175	4181	
4176	4145	4180	4145	
4146	4132	4110	4132	
4104	4117	4131	4117	
4111	4113	4154	4113	
4125	4128	4115	4128	
4123	4121	4096	4121	
4153	4126	4112	4126	
4197	4160	4196	4160	
4241	4219	4222	4219	
4321	4264	4246	4264	
4408	4356	4379	4356	
4568	4446	4441	4446	
4729	4589	4576	4589	
4880	4716	4709	4716	
5056	4870	4859	4870	
5314	5073	5010	5073	
5495	5238	5249	5238	
5724	5458	5361	5458	
6084	5643	5501	5643	
6297	5835	5749	5835	
6611	6077	6002	6077	
6901	6316	6172	6316	
7173	6541	6363	6541	
7471	6755	6563	6755	
7793	7009	6863	7009	
8162	7314	7081	7314	
8492	7593	7465	7593	
9038	7953	7791	7953	
9364	8344	7990	8344	
10110	9002	8656	9002	
9452	8364	8080	8364	
9020	7987	7772	7987	
8654	7645	7415	7645	
8210	7328	7108	7328	
7901	7089	6809	7089	
7574	6789	6642	6789	
7237	6537	6435	6537	
6898	6325	6190	6325	
6601	6112	5904	6112	
6330	5858	5746	5858	
6031	5618	5542	5618	
5728	5420	5385	5420	
5522	5216	5181	5216	
5274	5074	5055	5074	
5066	4904	4884	4904	
4873	4737	4727	4737	
4736	4604	4631	4604	
4556	4488	4509	4488	
4435	4379	4396	4379	
4388	4296	4337	4296	
4287	4229	4257	4229	
4231	4198	4207	4198	
4183	4170	4189	4170	
4171	4132	4143	4132	
4134	4118	4171	4118	
4133	4114	4125	4114	
4149	4121	4123	4121	
4127	4130	4146	4130	
4158	4127	4180	4127	
4197	4184	4181	4184	
4267	4218	4240	4218	
4343	4286	4281	4286	
4448	4351	4370	4351	
4572	4476	4457	4476	
4757	4601	4585	4601	
4874	4718	4732	4718	
5079	4890	4824	4890	
5324	5083	5026	5083	
5542	5275	5214	5275	
5783	5478	5381	5478	
6064	5648	5577	5648	
6307	5881	5765	5881	
6584	6071	5997	6071	
6892	6310	6157	6310	
7147	6534	6480	6534	
7497	6805	6612	6805	
7840	7035	6799	7035	
8240	7314	7065	7314	
8526	7604	7394	7604	
8942	7958	7681	7958	
9376	8384	8077	8384	
10206	9056	8674	9056	
9560	8414	8147	8414	
9094	8003	7775	8003	
8610	7685	7391	7685	
8200	7318	7121	7318	
7858	7061	6834	7061	
7581	6814	6676	6814	
7262	6558	6444	6558	
6932	6331	6198	6331	
6643	6084	5956	6084	
6345	5864	5782	5864	
6025	5650	5551	5650	
5742	5429	5400	5429	
5534	5264	5213	5264	
5325	5074	5059	5074	
5077	4893	4878	4893	
4893	4737	4764	4737	
4739	4621	4653	4621	
4579	4503	4517	4503	
4446	4406	4388	4406	
4372	4316	4294	4316	
4298	4257	4264	4257	
4228	4212	4210	4212	
4194	4162	4173	4162	
4168	4155	4180	4155	
4158	4135	4182	4135	
4148	4120	4165	4120	
4147	4121	4139	4121	
4161	4146	4146	4146	
4190	4157	4194	4157	
4212	4191	4195	4191	
4291	4247	4251	4247	
4356	4291	4299	4291	
4459	4371	4359	4371	
4566	4486	4442	4486	
4736	4610	4617	4610	
4873	4731	4695	4731	
5065	4904	4879	4904	
5345	5097	5016	5097	
5548	5280	5250	5280	
5800	5487	5386	5487	
6073	5673	5596	5673	
6326	5906	5786	5906	
6637	6100	5966	6100	
6878	6329	6160	6329	
7147	6539	6392	6539	
7522	6762	6609	6762	
7791	7065	6865	7065	
8171	7309	7058	7309	
8602	7611	7399	7611	
8918	7995	7686	7995	
9390	8460	8312	8460	
10190	9050	8658	9050	
9532	8344	8068	8344	
9074	8057	7698	8057	
8656	7683	7450	7683	
8264	7355	7142	7355	
7902	7103	6948	7103	
7600	6832	6635	6832	
7259	6619	6540	6619	
6963	6358	6185	6358	
6614	6126	6046	6126	
6346	5888	5820	5888	
6073	5672	5612	5672	
5797	5442	5379	5442	
5598	5280	5213	5280	
5322	5079	5103	5079	
5109	4923	4877	4923	
4925	4781	4774	4781	
4740	4641	4640	4641	
4607	4500	4491	4500	
4491	4415	4459	4415	
4380	4324	4320	4324	
4336	4270	4270	4270	
4244	4230	4238	4230	
4234	4207	4210	4207	
4174	4184	4192	4184	
4175	4149	4178	4149	
4156	4137	4175	4137	
4165	4137	4174	4137	
4181	4152	4164	4152	
4187	4158	4187	4158	
4199	4197	4187	4197	
4292	4262	4242	4262	
4365	4305	4365	4305	
4451	4382	4384	4382	
4580	4504	4505	4504	
4744	4620	4585	4620	
4905	4789	4745	4789	
5097	4945	4901	4945	
5346	5113	5068	5113	
5584	5279	5275	5279	
5834	5474	5403	5474	
6071	5694	5593	5694	
6343	5930	5812	5930	
6653	6143	6015	6143	
6921	6346	6213	6346	
7236	6534	6371	6534	
7564	6811	6619	6811	
7811	7059	6857	7059	
8174	7319	7137	7319	
8604	7708	7394	7708	
8946	7966	7715	7966	
9390	8464	8250	8464	
10220	9168	8708	9168	
9652	8474	8124	8474	
9228	8063	7775	8063	
8630	7709	7398	7709	
8306	7421	7246	7421	
7958	7104	6798	7104	
7655	6854	6599	6854	
7278	6636	6367	6636	
6928	6380	6236	6380	
6715	6135	6045	6135	
6381	5950	5831	5950	
6123	5721	5661	5721	
5847	5504	5478	5504	
5601	5334	5239	5334	
5351	5127	5120	5127	
5150	4964	4975	4964	
4957	4813	4819	4813	
4788	4684	4685	4684	
4656	4554	4556	4554	
4553	4450	4461	4450	
4417	4383	4353	4383	
4337	4308	4318	4308	
4287	4256	4276	4256	
4237	4210	4250	4210	
4213	4205	4181	4205	
4184	4184	4193	4184	
4196	4167	4169	4167	
4210	4161	4168	4161	
4206	4182	4173	4182	
4201	4189	4177	4189	
4263	4239	4275	4239	
4312	4281	4272	4281	
4386	4357	4325	4357	
4500	4436	4428	4436	
4612	4529	4489	4529	
4811	4655	4625	4655	
4959	4810	4787	4810	
5153	4984	4910	4984	
5348	5136	5047	5136	
5596	5337	5230	5337	
5864	5539	5460	5539	
6118	5717	5633	5717	
6400	5955	5863	5955	
6703	6166	6005	6166	
6917	6356	6201	6356	
7253	6618	6366	6618	
7612	6839	6703	6839	
7905	7101	6892	7101	
8290	7419	7131	7419	
8654	7720	7443	7720	
9078	8073	7844	8073	
9532	8542	8272	8542	
10302	9162	8798	9162	
9686	8530	8150	8530	
9210	8086	7800	8086	
8710	7743	7492	7743	
8314	7401	7245	7401	
7948	7161	6948	7161	
7617	6913	6746	6913	
7329	6666	6457	6666	
6979	6413	6236	6413	
6759	6225	6012	6225	
6447	5969	5858	5969	
6152	5742	5678	5742	
5843	5567	5519	5567	
5642	5342	5300	5342	
5407	5171	5109	5171	
5198	4993	4952	4993	
5021	4842	4835	4842	
4881	4705	4661	4705	
4698	4578	4576	4578	
4564	4487	4463	4487	
4460	4396	4386	4396	
4389	4331	4302	4331	
4302	4284	4286	4284	
4292	4256	4247	4256	
4237	4198	4198	4198	
4218	4183	4224	4183	
4211	4173	4209	4173	
4214	4189	4209	4189	
4246	4197	4198	4197	
4271	4221	4228	4221	
4288	4259	4229	4259	
4364	4307	4298	4307	
4414	4379	4356	4379	
4554	4463	4435	4463	
4659	4569	4564	4569	
4847	4708	4632	4708	
5005	4848	4837	4848	
5206	4971	4924	4971	
5424	5193	5162	5193	
5673	5368	5328	5368	
5913	5569	5522	5569	
6182	5776	5688	5776	
6442	5968	5896	5968	
6738	6193	6121	6193	
6998	6421	6268	6421	
7301	6632	6498	6632	
7594	6890	6672	6890	
7960	7135	6956	7135	
8308	7446	7182	7446	
8666	7715	7489	7715	
9086	8094	7746	8094	
9636	8526	8274	8526	
10356	9280	8758	9280	
9698	8576	8192	8576	
9298	8138	7821	8138	
8826	7832	7520	7832	
8442	7496	7173	7496	
8028	7212	7028	7212	
7746	6939	6698	6939	
7401	6700	6522	6700	
7084	6442	6332	6442	
6771	6225	6117	6225	
6481	6019	5912	6019	
6156	5805	5738	5805	
5931	5593	5550	5593	
5636	5390	5300	5390	
5452	5234	5164	5234	
5213	5051	4963	5051	
5018	4891	4841	4891	
4876	4739	4723	4739	
4733	4616	4602	4616	
4589	4508	4492	4508	
4493	4435	4435	4435	
4430	4366	4338	4366	
4370	4309	4336	4309	
4306	4273	4269	4273	
4269	4251	4282	4251	
4235	4211	4240	4211	
4235	4221	4236	4221	
4251	4223	4210	4223	
4249	4226	4226	4226	
4260	4247	4274	4247	
4353	4304	4297	4304	
4424	4352	4333	4352	
4481	4428	4384	4428	
4594	4501	4491	4501	
4718	4630	4614	4630	
4898	4745	4690	4745	
5048	4867	4836	4867	
5246	5055	4987	5055	
5485	5227	5127	5227	
5677	5401	5356	5401	
5958	5600	5490	5600	
6220	5797	5677	5797	
6459	6006	5973	6006	
6802	6260	6129	6260	
7055	6447	6288	6447	
7296	6664	6491	6664	
7665	6904	6691	6904	
7941	7158	6978	7158	
8348	7472	7203	7472	
8696	7777	7496	7777	
9222	8145	7908	8145	
9656	8630	8350	8630	
10326	9278	8998	9278	
9832	8630	8292	8630	
9354	8187	7859	8187	
8840	7834	7613	7834	
8470	7550	7248	7550	
8077	7241	6993	7241	
7834	7018	6806	7018	
7460	6735	6549	6735	
7110	6543	6362	6543	
6825	6231	6072	6231	
6556	6019	5956	6019	
6224	5846	5740	5846	
5959	5645	5524	5645	
5741	5444	5379	5444	
5542	5248	5197	5248	
5325	5076	5019	5076	
5121	4930	4882	4930	
4941	4775	4786	4775	
4775	4647	4654	4647	
4665	4572	4551	4572	
4554	4474	4430	4474	
4461	4408	4432	4408	
4405	4361	4351	4361	
4374	4330	4314	4330	
4297	4286	4294	4286	
4287	4264	4267	4264	
4276	4245	4267	4245	
4279	4253	4279	4253	
4329	4275	4279	4275	
4341	4297	4274	4297	
4384	4343	4321	4343	
4458	4392	4405	4392	
4534	4466	4486	4466	
4625	4533	4490	4533	
4768	4658	4628	4658	
4959	4794	4726	4794	
5112	4923	4891	4923	
5316	5093	5021	5093	
5551	5297	5238	5297	
5775	5467	5398	5467	
6007	5654	5593	5654	
6281	5841	5705	5841	
6535	6061	5928	6061	
6808	6267	6140	6267	
7128	6493	6346	6493	
7424	6733	6513	6733	
7680	6997	6802	6997	
8042	7213	7060	7213	
8410	7539	7293	7539	
8812	7849	7584	7849	
9232	8164	7984	8164	
9672	8680	8430	8680	
10522	9350	9052	9350	
9882	8714	8344	8714	
9432	8276	7998	8276	
8934	7899	7658	7899	
8518	7599	7297	7599	
8158	7282	7040	7282	
7854	7058	6801	7058	
7500	6770	6523	6770	
7224	6565	6364	6565	
6910	6360	6210	6360	
6587	6127	5967	6127	
6392	5874	5859	5874	
6049	5681	5587	5681	
5821	5500	5493	5500	
5607	5307	5306	5307	
5371	5162	5092	5162	
5166	5003	4940	5003	
4976	4861	4809	4861	
4887	4722	4708	4722	
4728	4611	4596	4611	
4617	4537	4508	4537	
4522	4455	4413	4455	
4445	4391	4419	4391	
4411	4349	4400	4349	
4395	4331	4334	4331	
4354	4320	4293	4320	
4323	4299	4327	4299	
4352	4304	4287	4304	
4370	4320	4323	4320	
4384	4346	4331	4346	
4443	4386	4379	4386	
4523	4449	4459	4449	
4630	4518	4535	4518	
4705	4584	4582	4584	
4865	4730	4681	4730	
4996	4849	4843	4849	
5193	4988	4957	4988	
5390	5167	5101	5167	
5603	5360	5295	5360	
5833	5530	5443	5530	
6086	5755	5636	5755	
6366	5902	5719	5902	
6591	6143	5994	6143	
6918	6336	6161	6336	
7147	6535	6370	6535	
7434	6770	6555	6770	
7759	7047	6820	7047	
8158	7277	7060	7277	
8434	7577	7313	7577	
8860	7899	7715	7899	
9324	8278	8007	8278	
9862	8772	8438	8772	
10684	9402	8906	9402	
9970	8752	8374	8752	
9522	8334	7965	8334	
8974	7952	7627	7952	
8600	7680	7377	7680	
8230	7339	6999	7339	
7950	7110	6884	7110	
7591	6865	6641	6865	
7267	6624	6467	6624	
6993	6398	6245	6398	
6724	6185	6107	6185	
6388	5972	5850	5972	
6197	5780	5690	5780	
5898	5564	5539	5564	
5663	5363	5346	5363	
5480	5225	5148	5225	
5237	5069	5024	5069	
5088	4924	4858	4924	
4934	4776	4798	4776	
4793	4698	4668	4698	
4690	4586	4587	4586	
4578	4518	4542	4518	
4517	4454	4457	4454	
4464	4410	4433	4410	
4430	4382	4396	4382	
4395	4356	4381	4356	
4405	4349	4359	4349	
4408	4346	4374	4346	
4426	4365	4371	4365	
4468	4388	4377	4388	
4518	4460	4450	4460	
4602	4507	4466	4507	
4670	4581	4525	4581	
4817	4689	4650	4689	
4941	4814	4809	4814	
5097	4949	4876	4949	
5268	5085	5015	5085	
5470	5219	5166	5219	
5689	5424	5298	5424	
5901	5578	5497	5578	
6172	5802	5625	5802	
6434	5973	5833	5973	
6691	6202	6030	6202	
6968	6395	6245	6395	
7266	6596	6411	6596	
7543	6842	6677	6842	
7843	7064	6828	7064	
8162	7362	7082	7362	
8568	7628	7375	7628	
8974	7935	7725	7935	
9460	8320	8108	8320	
9798	8798	8556	8798	
10760	9536	9180	9536	
10112	8880	8538	8880	
9594	8428	8187	8428	
9164	8057	7826	8057	
8610	7663	7538	7663	
8282	7422	7199	7422	
8017	7174	6944	7174	
7630	6946	6688	6946	
7368	6687	6499	6687	
7058	6480	6316	6480	
6792	6278	6111	6278	
6462	6015	5944	6015	
6229	5844	5711	5844	
5967	5647	5535	5647	
5764	5479	5397	5479	
5538	5277	5216	5277	
5348	5132	5082	5132	
5172	4996	4884	4996	
5028	4861	4820	4861	
4888	4762	4723	4762	
4748	4648	4616	4648	
4685	4582	4551	4582	
4613	4524	4504	4524	
4528	4494	4472	4494	
4511	4450	4446	4450	
4483	4410	4451	4410	
4489	4435	4373	4435	
4483	4423	4432	4423	
4518	4446	4434	4446	
4563	4461	4453	4461	
4625	4512	4479	4512	
4692	4578	4558	4578	
4770	4649	4622	4649	
4878	4770	4733	4770	
5022	4869	4813	4869	
5233	5011	4997	5011	
5367	5156	5096	5156	
5569	5325	5245	5325	
5801	5485	5403	5485	
5980	5653	5553	5653	
6269	5832	5733	5832	
6495	6038	5924	6038	
6749	6274	6120	6274	
7055	6465	6286	6465	
7345	6676	6529	6676	
7603	6906	6702	6906	
7933	7089	6958	7089	
8310	7393	7162	7393	
8646	7730	7408	7730	
9092	8049	7858	8049	
9498	8460	8224	8460	
10040	8894	8530	8894	
11000	9674	9242	9674	
10238	9016	8702	9016	
9674	8576	8216	8576	
9274	8220	7839	8220	
8820	7795	7437	7795	
8426	7487	7214	7487	
8063	7238	6893	7238	
7776	7018	6815	7018	
7461	6780	6636	6780	
7196	6537	6386	6537	
6866	6305	6156	6305	
6626	6119	6024	6119	
6320	5932	5867	5932	
6104	5723	5598	5723	
5889	5548	5491	5548	
5615	5354	5310	5354	
5437	5221	5120	5221	
5303	5083	5036	5083	
5086	4938	4934	4938	
4961	4839	4817	4839	
4858	4744	4730	4744	
4785	4664	4634	4664	
4704	4618	4605	4618	
4654	4553	4523	4553	
4621	4517	4530	4517	
4551	4503	4508	4503	
4581	4502	4485	4502	
4572	4510	4537	4510	
4575	4524	4476	4524	
4644	4567	4573	4567	
4691	4602	4628	4602	
4781	4684	4648	4684	
4866	4758	4701	4758	
5001	4855	4775	4855	
5150	4968	4970	4968	
5304	5106	5022	5106	
5469	5231	5167	5231	
5686	5404	5328	5404	
5919	5576	5451	5576	
6097	5729	5582	5729	
6343	5940	5814	5940	
6576	6128	6057	6128	
6890	6299	6172	6299	
7143	6519	6379	6519	
7420	6754	6544	6754	
7752	6948	6778	6948	
8041	7200	7027	7200	
8340	7496	7220	7496	
8766	7810	7494	7810	
9168	8143	7862	8143	
9606	8608	8290	8608	
10132	8986	8776	8986	
11048	9790	9422	9790	
10384	9024	8818	9024	
9820	8678	8332	8678	
9418	8246	7955	8246	
8918	7907	7624	7907	
8518	7622	7418	7622	
8173	7349	7076	7349	
7837	7097	6813	7097	
7511	6863	6632	6863	
7329	6638	6450	6638	
6987	6438	6289	6438	
6674	6208	6047	6208	
6506	5996	5899	5996	
6215	5823	5695	5823	
5979	5653	5556	5653	
5787	5486	5372	5486	
5551	5340	5288	5340	
5372	5192	5098	5192	
5246	5053	4969	5053	
5098	4955	4914	4955	
4997	4828	4853	4828	
4884	4765	4759	4765	
4809	4697	4724	4697	
4740	4642	4614	4642	
4710	4608	4574	4608	
4655	4578	4606	4578	
4661	4595	4564	4595	
4691	4591	4577	4591	
4689	4608	4572	4608	
4763	4653	4623	4653	
4812	4685	4692	4685	
4902	4780	4726	4780	
4987	4849	4823	4849	
5123	4945	4915	4945	
5242	5071	5010	5071	
5407	5215	5156	5215	
5614	5353	5314	5353	
5784	5516	5399	5516	
5999	5672	5614	5672	
6206	5853	5681	5853	
6496	6061	5902	6061	
6702	6219	6082	6219	
6986	6372	6250	6372	
7257	6617	6473	6617	
7506	6841	6600	6841	
7823	7068	6860	7068	
8167	7356	7177	7356	
8520	7545	7397	7545	
8898	7897	7672	7897	
9242	8288	7973	8288	
9680	8688	8430	8688	
10272	9140	8910	9140	
11228	9972	9640	9972	
10488	9212	8878	9212	
9998	8852	8428	8852	
9500	8380	7983	8380	
9048	8024	7779	8024	
8664	7709	7513	7709	
8344	7401	7268	7401	
7941	7180	6967	7180	
7652	6993	6702	6993	
7416	6735	6469	6735	
7129	6498	6332	6498	
6839	6277	6179	6277	
6585	6097	5980	6097	
6364	5947	5867	5947	
6115	5758	5615	5758	
5899	5578	5471	5578	
5725	5447	5368	5447	
5520	5322	5279	5322	
5361	5157	5093	5157	
5212	5063	5053	5063	
5092	4958	4961	4958	
4994	4861	4885	4861	
4948	4812	4822	4812	
4901	4764	4731	4764	
4859	4728	4731	4728	
4803	4708	4686	4708	
4812	4677	4664	4677	
4828	4700	4670	4700	
4850	4748	4700	4748	
4883	4753	4731	4753	
4931	4806	4754	4806	
5027	4886	4841	4886	
5125	4979	4905	4979	
5237	5068	4986	5068	
5425	5187	5118	5187	
5595	5327	5249	5327	
5764	5445	5366	5445	
5932	5604	5499	5604	
6159	5794	5693	5794	
6355	5952	5885	5952	
6613	6108	5950	6108	
6824	6289	6132	6289	
7098	6529	6351	6529	
7365	6710	6633	6710	
7627	6914	6726	6914	
7937	7173	6969	7173	
8228	7421	7199	7421	
8606	7658	7452	7658	
9038	8044	7740	8044	
9470	8400	8022	8400	
9960	8768	8448	8768	
10444	9296	8992	9296	
11358	10074	9630	10074	
10722	9326	8988	9326	
10104	8934	8486	8934	
9640	8546	8202	8546	
9116	8116	7843	8116	
8802	7801	7562	7801	
8410	7538	7313	7538	
8107	7284	6988	7284	
7771	7060	6821	7060	
7444	6826	6600	6826	
7244	6614	6412	6614	
6966	6404	6232	6404	
6677	6200	6076	6200	
6481	6029	5920	6029	
6225	5862	5791	5862	
6037	5710	5574	5710	
5857	5540	5469	5540	
5661	5416	5265	5416	
5525	5276	5229	5276	
5331	5149	5104	5149	
5250	5062	4975	5062	
5122	4984	4979	4984	
5077	4911	4886	4911	
5043	4868	4822	4868	
4957	4834	4795	4834	
4921	4785	4734	4785	
4963	4811	4734	4811	
4955	4809	4764	4809	
4959	4829	4794	4829	
4986	4867	4811	4867	
5066	4913	4901	4913	
5167	5006	4961	5006	
5288	5070	5078	5070	
5404	5181	5060	5181	
5534	5305	5249	5305	
5740	5443	5348	5443	
5857	5583	5502	5583	
6017	5716	5617	5716	
6260	5898	5850	5898	
6490	6052	5857	6052	
6702	6240	6104	6240	
6981	6432	6306	6432	
7224	6619	6405	6619	
7482	6805	6608	6805	
7775	7036	6796	7036	
8039	7248	6966	7248	
8392	7529	7331	7529	
8742	7781	7548	7781	
9230	8200	7886	8200	
9602	8524	8318	8524	
10038	8934	8628	8934	
10520	9436	8968	9436	
11424	10168	9722	10168	
10792	9568	9098	9568	
10338	9064	8718	9064	
9872	8696	8362	8696	
9324	8310	8037	8310	
8980	7957	7627	7957	
8630	7601	7384	7601	
8246	7361	7193	7361	
7946	7159	6896	7159	
7569	6926	6707	6926	
7297	6706	6453	6706	
7086	6498	6326	6498	
6835	6325	6170	6325	
6562	6137	6031	6137	
6345	5986	5847	5986	
6169	5813	5693	5813	
5989	5663	5500	5663	
5829	5531	5448	5531	
5650	5403	5348	5403	
5524	5265	5197	5265	
5368	5186	5179	5186	
5299	5109	5026	5109	
5211	5034	5015	5034	
5177	4984	4943	4984	
5104	4936	4909	4936	
5092	4914	4881	4914	
5050	4915	4861	4915	
5083	4941	4910	4941	
5143	4954	4955	4954	
5123	4978	4975	4978	
5258	5063	5068	5063	
5301	5121	5065	5121	
5422	5214	5156	5214	
5549	5316	5182	5316	
5668	5412	5318	5412	
5850	5581	5516	5581	
6000	5677	5580	5677	
6228	5835	5652	5835	
6432	6010	5878	6010	
6620	6158	6046	6158	
6835	6354	6226	6354	
7082	6495	6336	6495	
7406	6715	6475	6715	
7619	6917	6684	6917	
7867	7137	6927	7137	
8246	7387	7124	7387	
8496	7663	7375	7663	
8942	7969	7627	7969	
9294	8290	7937	8290	
9750	8644	8376	8644	
10228	9112	8720	9112	
10742	9538	9294	9538	
11674	10466	10054	10466	
11086	9636	9328	9636	
10588	9300	8896	9300	
9988	8866	8538	8866	
9572	8480	8128	8480	
9116	8084	7812	8084	
8722	7778	7518	7778	
8452	7497	7273	7497	
8073	7268	7039	7268	
7837	7026	6806	7026	
7495	6835	6617	6835	
7245	6615	6405	6615	
7003	6429	6309	6429	
6793	6278	6159	6278	
6560	6120	5987	6120	
6311	5963	5831	5963	
6119	5779	5680	5779	
5965	5668	5562	5668	
5829	5545	5436	5545	
5673	5420	5376	5420	
5577	5315	5292	5315	
5433	5261	5219	5261	
5368	5180	5108	5180	
5324	5116	5081	5116	
5283	5096	5045	5096	
5258	5068	5007	5068	
5238	5069	5018	5069	
5257	5061	5034	5061	
5287	5090	5086	5090	
5333	5136	5073	5136	
5408	5187	5192	5187	
5478	5281	5169	5281	
5581	5356	5300	5356	
5714	5458	5357	5458	
5852	5585	5455	5585	
6010	5709	5606	5709	
6195	5832	5693	5832	
6375	5975	5817	5975	
6586	6147	5995	6147	
6794	6317	6141	6317	
7008	6426	6279	6426	
7242	6621	6523	6621	
7532	6826	6677	6826	
7827	7031	6837	7031	
8063	7254	6980	7254	
8310	7484	7279	7484	
8750	7787	7553	7787	
9090	8073	7923	8073	
9508	8460	8152	8460	
9922	8852	8548	8852	
10418	9248	8956	9248	
10946	9688	9400	9688	
11820	10632	10138	10632	
11204	9938	9422	9938	
10704	9422	9002	9422	
10254	9046	8732	9046	
9690	8616	8306	8616	
9292	8252	7917	8252	
8948	7901	7756	7901	
8518	7631	7379	7631	
8222	7403	7206	7403	
8008	7174	6926	7174	
7662	6983	6723	6983	
7421	6765	6515	6765	
7157	6542	6399	6542	
6958	6409	6261	6409	
6701	6267	6071	6267	
6485	6067	5998	6067	
6280	5933	5834	5933	
6175	5814	5670	5814	
5967	5679	5579	5679	
5868	5581	5477	5581	
5765	5451	5379	5451	
5626	5387	5354	5387	
5524	5319	5184	5319	
5492	5278	5252	5278	
5453	5241	5215	5241	
5448	5187	5128	5187	
5394	5217	5154	5217	
5431	5217	5200	5217	
5450	5267	5189	5267	
5493	5293	5227	5293	
5583	5322	5292	5322	
5654	5418	5351	5418	
5747	5513	5434	5513	
5876	5605	5543	5605	
6021	5698	5627	5698	
6188	5844	5782	5844	
6351	5981	5822	5981	
6535	6078	5985	6078	
6706	6244	6098	6244	
6955	6406	6247	6406	
7173	6605	6401	6605	
7368	6778	6548	6778	
7673	7003	6769	7003	
7978	7186	7007	7186	
8206	7391	7202	7391	
8568	7638	7453	7638	
8886	7955	7666	7955	
9328	8288	7986	8288	
9728	8646	8302	8646	
10166	9032	8712	9032	
10614	9474	9050	9474	
11046	9888	9630	9888	
12016	10736	10322	10736	
11414	10090	9692	10090	
10896	9630	9126	9630	
10338	9184	8870	9184	
9948	8790	8512	8790	
9484	8414	8125	8414	
9152	8105	7737	8105	
8680	7766	7459	7766	
8436	7540	7273	7540	
8129	7282	7069	7282	
7815	7077	6824	7077	
7572	6915	6638	6915	
7340	6711	6439	6711	
7072	6541	6349	6541	
6841	6382	6211	6382	
6658	6228	5976	6228	
6488	6063	5953	6063	
6311	5949	5784	5949	
6157	5847	5710	5847	
5990	5719	5568	5719	
5909	5612	5532	5612	
5826	5550	5446	5550	
5754	5480	5391	5480	
5689	5421	5363	5421	
5614	5406	5320	5406	
5586	5353	5291	5353	
5588	5365	5227	5365	
5588	5377	5297	5377	
5616	5420	5318	5420	
5664	5440	5364	5440	
5753	5510	5428	5510	
5832	5553	5453	5553	
5957	5679	5619	5679	
6033	5714	5575	5714	
6204	5861	5719	5861	
6354	5978	5810	5978	
6496	6090	5922	6090	
6694	6229	6080	6229	
6937	6416	6183	6416	
7058	6536	6364	6536	
7275	6738	6523	6738	
7562	6872	6650	6872	
7758	7079	6831	7079	
8100	7291	7040	7291	
8418	7566	7304	7566	
8694	7759	7575	7759	
9030	8090	7814	8090	
9382	8454	8266	8454	
9858	8768	8486	8768	
10308	9208	8946	9208	
10854	9590	9290	9590	
11286	10056	9778	10056	
12284	10946	10402	10946	
11698	10226	9790	10226	
11022	9784	9320	9784	
10614	9384	9034	9384	
10078	8974	8632	8974	
9710	8576	8107	8576	
9290	8246	7875	8246	
8848	7917	7538	7917	
8490	7652	7322	7652	
8180	7435	7139	7435	
7973	7198	6921	7198	
7699	7035	6793	7035	
7481	6837	6635	6837	
7325	6646	6448	6646	
7084	6471	6286	6471	
6812	6336	6173	6336	
6661	6204	6020	6204	
6503	6111	5946	6111	
6332	5951	5844	5951	
6219	5877	5731	5877	
6130	5767	5671	5767	
5961	5694	5577	5694	
5899	5631	5602	5631	
5855	5594	5495	5594	
5820	5547	5448	5547	
5809	5497	5425	5497	
5753	5483	5483	5483	
5794	5509	5432	5509	
5866	5547	5444	5547	
5885	5592	5497	5592	
5959	5625	5519	5625	
6053	5719	5602	5719	
6150	5814	5643	5814	
6218	5877	5750	5877	
6381	5998	5874	5998	
6583	6100	6053	6100	
6731	6248	6062	6248	
6817	6363	6157	6363	
7060	6532	6308	6532	
7280	6667	6527	6667	
7484	6815	6589	6815	
7699	7032	6816	7032	
7977	7201	7014	7201	
8248	7430	7254	7430	
8580	7675	7460	7675	
8872	7903	7736	7903	
9240	8260	7954	8260	
9702	8574	8364	8574	
10098	8956	8724	8956	
10526	9384	9044	9384	
11026	9818	9540	9818	
11520	10244	9824	10244	
12418	11174	10606	11174	
11820	10388	9940	10388	
11298	9948	9564	9948	
10836	9604	9240	9604	
10378	9206	8752	9206	
9922	8774	8406	8774	
9382	8406	8065	8406	
9056	8075	7847	8075	
8760	7833	7474	7833	
8424	7582	7241	7582	
8125	7357	7055	7357	
7905	7138	6890	7138	
7665	6972	6667	6972	
7436	6828	6558	6828	
7244	6623	6459	6623	
6988	6491	6313	6491	
6822	6347	6156	6347	
6686	6234	6088	6234	
6495	6112	5949	6112	
6454	6021	5913	6021	
6296	5937	5796	5937	
6197	5825	5722	5825	
6088	5797	5632	5797	
6043	5740	5632	5740	
6043	5696	5636	5696	
6012	5662	5604	5662	
5965	5659	5559	5659	
5975	5688	5568	5688	
6036	5710	5592	5710	
6030	5709	5647	5709	
6150	5781	5669	5781	
6197	5874	5742	5874	
6324	5947	5778	5947	
6470	6033	5928	6033	
6614	6145	5993	6145	
6670	6247	6124	6247	
6863	6363	6186	6363	
7064	6516	6395	6516	
7250	6665	6473	6665	
7447	6793	6602	6793	
7675	7004	6698	7004	
7893	7157	6914	7157	
8188	7384	7087	7384	
8460	7596	7369	7596	
8752	7810	7504	7810	
9072	8129	7860	8129	
9522	8416	8160	8416	
9930	8788	8458	8788	
10320	9200	8806	9200	
10774	9586	9256	9586	
11196	9970	9596	9970	
11736	10406	9922	10406	
12820	11268	10942	11268	
12036	10578	10160	10578	
11630	10152	9708	10152	
11082	9778	9420	9778	
10604	9378	9078	9378	
10156	8986	8678	8986	
9696	8552	8342	8552	
9242	8332	7941	8332	
8942	7978	7632	7978	
8576	7764	7394	7764	
8356	7542	7243	7542	
8069	7293	6918	7293	
7853	7150	6902	7150	
7566	6969	6701	6969	
7373	6791	6573	6791	
7205	6660	6459	6660	
7041	6503	6283	6503	
6918	6377	6204	6377	
6750	6268	6061	6268	
6566	6155	5993	6155	
6456	6072	5923	6072	
6378	5998	5875	5998	
6296	5948	5807	5948	
6266	5926	5802	5926	
6246	5873	5778	5873	
6185	5839	5679	5839	
6157	5845	5727	5845	
6208	5856	5738	5856	
6234	5885	5772	5885	
6278	5934	5797	5934	
6319	5955	5857	5955	
6430	6034	5830	6034	
6514	6090	5930	6090	
6602	6188	6036	6188	
6782	6300	6106	6300	
6910	6401	6256	6401	
7039	6491	6357	6491	
7231	6659	6519	6659	
7437	6830	6530	6830	
7571	6976	6775	6976	
7849	7130	6918	7130	
8089	7327	7012	7327	
8368	7512	7257	7512	
8600	7743	7510	7743	
8916	8030	7726	8030	
9296	8302	8060	8302	
9712	8642	8292	8642	
10122	9022	8648	9022	
10614	9360	9084	9360	
10956	9764	9426	9764	
11464	10132	9888	10132	
11840	10562	10246	10562	
12858	11514	11036	11514	
12190	10730	10402	10730	
11724	10366	9964	10366	
11280	10042	9534	10042	
10754	9620	9272	9620	
10382	9160	8780	9160	
10012	8864	8398	8864	
9558	8508	8071	8508	
9164	8169	7827	8169	
8824	7885	7592	7885	
8568	7687	7308	7687	
8232	7433	7231	7433	
7999	7264	6955	7264	
7849	7107	6829	7107	
7588	6950	6766	6950	
7386	6793	6511	6793	
7215	6657	6454	6657	
7142	6574	6296	6574	
6936	6403	6187	6403	
6814	6352	6122	6352	
6634	6266	6108	6266	
6594	6171	6033	6171	
6558	6134	5943	6134	
6469	6042	5880	6042	
6406	6044	5893	6044	
6378	5987	5870	5987	
6408	6004	5898	6004	
6460	6054	5920	6054	
6469	6068	5903	6068	
6462	6082	5938	6082	
6517	6132	5911	6132	
6565	6178	6065	6178	
6755	6274	6079	6274	
6814	6363	6206	6363	
6998	6431	6255	6431	
7093	6569	6393	6569	
7259	6685	6379	6685	
7448	6843	6536	6843	
7605	6989	6770	6989	
7876	7116	6814	7116	
8035	7308	6943	7308	
8298	7482	7223	7482	
8490	7686	7489	7686	
8844	7978	7689	7978	
9190	8196	7943	8196	
9546	8514	8108	8514	
9968	8854	8516	8854	
10364	9234	8810	9234	
10806	9590	9284	9590	
11274	10044	9696	10044	
11628	10376	9846	10376	
12192	10812	10496	10812	
12938	11532	10912	11532	
12480	11066	10522	11066	
11994	10578	10074	10578	
11626	10252	9748	10252	
11106	9896	9404	9896	
10638	9398	9090	9398	
10230	9080	8628	9080	
9772	8690	8382	8690	
9408	8370	8076	8370	
9074	8126	7762	8126	
8790	7875	7580	7875	
8502	7627	7305	7627	
8196	7466	7171	7466	
8078	7235	6948	7235	
7796	7063	6850	7063	
7674	6952	6754	6952	
7495	6807	6536	6807	
7328	6718	6517	6718	
7173	6619	6461	6619	
6993	6492	6335	6492	
6969	6429	6214	6429	
6787	6352	6206	6352	
6748	6278	6119	6278	
6665	6250	6043	6250	
6678	6206	6119	6206	
6637	6190	6024	6190	
6615	6191	5991	6191	
6684	6204	6025	6204	
6681	6249	6083	6249	
6691	6242	6054	6242	
6772	6298	6131	6298	
6881	6369	6141	6369	
6968	6428	6253	6428	
7068	6523	6313	6523	
7174	6609	6408	6609	
7331	6740	6570	6740	
7471	6824	6597	6824	
7641	6982	6740	6982	
7867	7173	6853	7173	
8019	7321	7059	7321	
8288	7443	7256	7443	
8416	7666	7359	7666	
8740	7859	7600	7859	
9094	8168	7813	8168	
9494	8472	8105	8472	
9852	8800	8496	8800	
10222	9084	8742	9084	
10616	9430	9082	9430	
11142	9860	9472	9860	
11488	10182	9840	10182	
11914	10610	10236	10610	
12256	10974	10504	10974	
13180	11756	11252	11756	
12778	11176	10730	11176	
12186	10874	10402	10874	
11912	10440	9966	10440	
11322	9984	9596	9984	
10862	9622	9096	9622	
10484	9286	8890	9286	
9960	8912	8524	8912	
9650	8594	8169	8594	
9334	8338	7929	8338	
9030	8054	7680	8054	
8708	7825	7505	7825	
8442	7636	7351	7636	
8216	7448	7134	7448	
7983	7299	6960	7299	
7808	7148	6848	7148	
7645	6982	6640	6982	
7531	6886	6608	6886	
7356	6784	6539	6784	
7240	6679	6412	6679	
7158	6592	6345	6592	
7031	6496	6339	6496	
7011	6453	6337	6453	
6894	6405	6225	6405	
6891	6372	6188	6372	
6854	6336	6146	6336	
6809	6375	6161	6375	
6835	6386	6207	6386	
6876	6395	6252	6395	
6938	6438	6227	6438	
7049	6500	6278	6500	
7082	6538	6366	6538	
7150	6624	6431	6624	
7294	6673	6489	6673	
7389	6799	6565	6799	
7505	6905	6650	6905	
7707	6990	6735	6990	
7886	7154	6889	7154	
8052	7285	7050	7285	
8306	7438	7184	7438	
8490	7639	7345	7639	
8706	7871	7528	7871	
9078	8090	7731	8090	
9328	8388	7989	8388	
9702	8626	8356	8626	
10104	8980	8588	8980	
10520	9374	8998	9374	
10890	9680	9286	9680	
11180	10056	9736	10056	
11708	10400	10158	10400	
12150	10712	10226	10712	
12414	11132	10730	11132	
13372	11888	11038	11888	
12868	11260	10738	11260	
12408	11016	10518	11016	
12110	10678	10300	10678	
11658	10298	9936	10298	
11126	9958	9410	9958	
10706	9520	9046	9520	
10360	9160	8752	9160	
9950	8892	8516	8892	
9548	8614	8042	8614	
9278	8268	7995	8268	
8956	8039	7766	8039	
8718	7786	7489	7786	
8462	7622	7200	7622	
8304	7486	7175	7486	
8022	7323	7027	7323	
7873	7169	6860	7169	
7714	7079	6807	7079	
7641	6969	6720	6969	
7494	6882	6642	6882	
7408	6797	6544	6797	
7292	6715	6491	6715	
7267	6658	6461	6658	
7170	6594	6419	6594	
7168	6558	6382	6558	
7115	6532	6318	6532	
7083	6527	6329	6527	
7092	6577	6328	6577	
7146	6595	6372	6595	
7166	6624	6375	6624	
7252	6656	6480	6656	
7314	6710	6496	6710	
7359	6788	6601	6788	
7513	6872	6666	6872	
7661	6974	6707	6974	
7772	7099	6887	7099	
7902	7167	6921	7167	
8087	7349	7156	7349	
8272	7543	7149	7543	
8440	7634	7399	7634	
8740	7844	7560	7844	
9006	8079	7722	8079	
9250	8370	8001	8370	
9626	8584	8338	8584	
9942	8866	8538	8866	
10310	9234	8818	9234	
10758	9586	9246	9586	
11188	9938	9558	9938	
11618	10234	9944	10234	
11984	10600	10176	10600	
12186	10902	10530	10902	
12694	11222	10662	11222	
13560	12020	11344	12020	
13104	11466	10932	11466	
12752	11200	10542	11200	
12498	10888	10414	10888	
11952	10566	10018	10566	
11528	10222	9862	10222	
11088	9776	9454	9776	
10612	9418	9118	9418	
10292	9138	8702	9138	
9880	8784	8462	8784	
9594	8538	8218	8538	
9290	8232	7905	8232	
8938	8015	7630	8015	
8766	7853	7489	7853	
8520	7704	7296	7704	
8272	7479	7168	7479	
8093	7368	7124	7368	
7955	7258	7022	7258	
7841	7125	6872	7125	
7762	7056	6797	7056	
7648	6979	6689	6979	
7491	6911	6698	6911	
7521	6832	6593	6832	
7403	6801	6625	6801	
7436	6790	6556	6790	
7383	6734	6556	6734	
7334	6747	6560	6747	
7381	6776	6609	6776	
7349	6765	6520	6765	
7439	6764	6527	6764	
7566	6844	6675	6844	
7550	6902	6707	6902	
7640	6945	6711	6945	
7733	7053	6816	7053	
7885	7166	6870	7166	
8029	7283	6999	7283	
8149	7401	7124	7401	
8362	7491	7234	7491	
8592	7709	7507	7709	
8746	7842	7541	7842	
8934	8064	7818	8064	
9272	8296	7895	8296	
9580	8516	8248	8516	
9876	8862	8494	8862	
10302	9170	8776	9170	
10588	9470	9128	9470	
11062	9832	9412	9832	
11394	10112	9760	10112	
11894	10504	10208	10504	
12236	10814	10554	10814	
12462	11040	10700	11040	
12822	11408	11000	11408	
13652	12252	11614	12252	
13310	11764	11262	11764	
13056	11462	11000	11462	
12676	11294	10928	11294	
12248	10868	10626	10868	
11800	10566	10162	10566	
11450	10168	9712	10168	
11036	9840	9466	9840	
10748	9430	9032	9430	
10278	9138	8756	9138	
9816	8808	8510	8808	
9480	8576	8402	8576	
9322	8298	7979	8298	
9062	8090	7709	8090	
8832	7949	7552	7949	
8598	7779	7491	7779	
8368	7625	7315	7625	
8288	7465	7122	7465	
8158	7360	7128	7360	
8106	7277	6976	7277	
7870	7249	7028	7249	
7858	7136	6889	7136	
7676	7106	6847	7106	
7719	7015	6730	7015	
7674	7039	6742	7039	
7673	6971	6730	6971	
7617	6976	6865	6976	
7703	6973	6765	6973	
7665	7002	6814	7002	
7712	7071	6798	7071	
7802	7077	6833	7077	
7838	7191	6899	7191	
7927	7221	7023	7221	
7954	7285	6987	7285	
8154	7386	7176	7386	
8258	7518	7255	7518	
8462	7632	7340	7632	
8660	7780	7529	7780	
8858	7972	7725	7972	
9044	8157	7962	8157	
9308	8318	7998	8318	
9648	8630	8304	8630	
9926	8852	8440	8852	
10336	9166	8892	9166	
10656	9502	9106	9502	
10992	9882	9416	9882	
11354	10096	9766	10096	
11842	10530	10132	10530	
12184	10796	10532	10796	
12510	11008	10640	11008	
12790	11356	10860	11356	
13004	11694	11314	11694	
                                                                                                                                                                                                                                                                                                                                                                                                                                                                                                                                                                                                                                                                                                                                                                                                                                                                                                                                                                                                                                                                                                                                                                                                                                                                                                                                                                                                                                                                                                                                                                                                                                                                                                                                                                                                                                                                                                                                                                                                                                                                                                                                                                                                                                                                                                                                                                                                                                                                                                                                                                                                                                                                                                                                                                                                                                                                                                                                                                                                                                                                                                                                                                                                                                                                                                                                                                                                                                                                                                                                                                                                                                                                                                                                                                                                                                                                                                                                                                                                                                                                                                                                                                                                                                                                                                                                                                                                                                                                                                                                                                                                                                                                                                                                                                                                                                                                                                                                                                                                                                                                                                                                                                                                                                                                                                                                                                                                                                                                                                                                                                                                                                                                                                                                                                                                                                                                                                                                                                                                                                                                                                                                                                                                                                                                                                                                                                                                                                                                                                                                                                                                                                                                                                                                                                                                                                                                                                                                                                                                                                                                                                                                                                                                                                                                                                                                                                                                                                                                                                                                                                                                                                                                                                                                                                                                                                                                                                                                                                                                                                                                                                                                                                                                                                                                                                                                                                                                                                                                                                                                                                                                                                                                                                                                                                                                                                                                                                                                                                                                                                                                                                                                                                                                                                                                                                                                                                                                                                                                                                                                                                                                                                                                                                                                                                                                                                                                                                                                                                                                                                                                                                                                                                                                                                                                                                                                                                                                                                                                                                                                                                                                                                                                            