  3.9000000e+001
  4.1375000e+001
  4.3687500e+001
  4.5937500e+001
  4.8250000e+001
  5.0500000e+001
  5.2750000e+001
  5.5000000e+001
  5.7187500e+001
  5.9375000e+001
  6.1500000e+001
  6.3687500e+001
  6.5812500e+001
  6.7875000e+001
  7.0000000e+001
  7.2062500e+001
  7.4125000e+001
  7.6125000e+001
  7.8125000e+001
  8.0125000e+001
  8.2125000e+001
  8.4062500e+001
  8.6000000e+001
  8.7875000e+001
  8.9812500e+001
  9.1687500e+001
  9.3500000e+001
  9.5375000e+001
  9.7187500e+001
  9.8937500e+001
  1.0075000e+002
  1.0250000e+002
  1.0425000e+002
  1.0593750e+002
  1.0762500e+002
  1.0931250e+002
  1.1100000e+002
  1.1262500e+002
  1.1425000e+002
  1.1587500e+002
  1.1743750e+002
  1.1900000e+002
  1.2056250e+002
  1.2206250e+002
  1.2356250e+002
  1.2506250e+002
  1.2650000e+002
  1.2800000e+002
  1.2937500e+002
  1.3081250e+002
  1.3218750e+002
  1.3356250e+002
  1.3493750e+002
  1.3625000e+002
  1.3756250e+002
  1.3887500e+002
  1.4012500e+002
  1.4137500e+002
  1.4262500e+002
  1.4381250e+002
  1.4500000e+002
  1.4618750e+002
  1.4737500e+002
  1.4850000e+002
  1.4962500e+002
  1.5068750e+002
  1.5175000e+002
  1.5281250e+002
  1.5387500e+002
  1.5487500e+002
  1.5587500e+002
  1.5687500e+002
  1.5781250e+002
  1.5875000e+002
  1.5968750e+002
  1.6062500e+002
  1.6150000e+002
  1.6237500e+002
  1.6318750e+002
  1.6400000e+002
  1.6481250e+002
  1.6562500e+002
  1.6637500e+002
  1.6712500e+002
  1.6787500e+002
  1.6856250e+002
  1.6925000e+002
  1.6993750e+002
  1.7056250e+002
  1.7125000e+002
  1.7181250e+002
  1.7243750e+002
  1.7300000e+002
  1.7356250e+002
  1.7406250e+002
  1.7462500e+002
  1.7512500e+002
  1.7556250e+002
  1.7606250e+002
  1.7650000e+002
  1.7687500e+002
  1.7731250e+002
  1.7768750e+002
  1.7806250e+002
  1.7837500e+002
  1.7868750e+002
  1.7900000e+002
  1.7931250e+002
  1.7956250e+002
  1.7981250e+002
  1.8000000e+002
  1.8025000e+002
  1.8043750e+002
  1.8056250e+002
  1.8075000e+002
  1.8087500e+002
  1.8093750e+002
  1.8106250e+002
  1.8112500e+002
  1.8118750e+002
  1.8118750e+002
  1.8118750e+002
  1.8118750e+002
  1.8118750e+002
  1.8118750e+002
  1.8118750e+002
  1.8118750e+002
  1.8118750e+002
  1.8118750e+002
  1.8118750e+002
  1.8118750e+002
  1.8118750e+002
  1.8118750e+002
  1.8118750e+002
  1.8118750e+002
  1.8118750e+002
  1.8118750e+002
  1.8118750e+002
  1.8118750e+002
  1.8118750e+002
  1.8118750e+002
  1.8118750e+002
  1.8118750e+002
  1.8118750e+002
  1.8118750e+002
  1.8118750e+002
  1.8118750e+002
  1.8118750e+002
  1.8118750e+002
  1.8118750e+002
  1.8118750e+002
  1.8118750e+002
  1.8118750e+002
  1.8118750e+002
  1.8118750e+002
  1.8118750e+002
  1.8118750e+002
  1.8118750e+002
  1.8118750e+002
  1.8118750e+002
  1.8118750e+002
  1.8118750e+002
  1.8118750e+002
  1.8118750e+002
  1.8118750e+002
  1.8118750e+002
  1.8118750e+002
  1.8118750e+002
  1.8118750e+002
  1.8118750e+002
  1.8118750e+002
  1.8118750e+002
  1.8118750e+002
  1.8118750e+002
  1.8118750e+002
  1.8118750e+002
  1.8118750e+002
  1.8118750e+002
  1.8118750e+002
  1.8118750e+002
  1.8118750e+002
  1.8118750e+002
  1.8118750e+002
  1.8118750e+002
  1.8118750e+002
  1.8118750e+002
  1.8118750e+002
  1.8118750e+002
  1.8118750e+002
  1.8118750e+002
  1.8118750e+002
  1.8118750e+002
  1.8118750e+002
  1.8118750e+002
  1.8118750e+002
  1.8118750e+002
  1.8118750e+002
  1.8118750e+002
  1.8118750e+002
  1.8118750e+002
  1.8118750e+002
  1.8118750e+002
  1.8118750e+002
  1.8118750e+002
  1.8118750e+002
  1.8118750e+002
  1.8118750e+002
  1.8118750e+002
  1.8118750e+002
  1.8118750e+002
  1.8118750e+002
  1.8118750e+002
  1.8118750e+002
  1.8118750e+002
  1.8118750e+002
  1.8118750e+002
  1.8118750e+002
  1.8118750e+002
  1.8118750e+002
  1.8118750e+002
  1.8118750e+002
  1.8118750e+002
  1.8118750e+002
  1.8118750e+002
  1.8118750e+002
  1.8118750e+002
  1.8118750e+002
  1.8118750e+002
  1.8118750e+002
  1.8118750e+002
  1.8118750e+002
  1.8118750e+002
  1.8118750e+002
  1.8118750e+002
  1.8118750e+002
  1.8118750e+002
  1.8118750e+002
  1.8118750e+002
  1.8118750e+002
  1.8118750e+002
  1.8118750e+002
  1.8118750e+002
  1.8118750e+002
  1.8118750e+002
  1.8118750e+002
  1.8118750e+002
  1.8118750e+002
  1.8118750e+002
  1.8118750e+002
  1.8118750e+002
  1.8118750e+002
  1.8118750e+002
  1.8118750e+002
  1.8118750e+002
  1.8118750e+002
  1.8118750e+002
