  4.6312500e+001
  4.8000000e+001
  4.9687500e+001
  5.1437500e+001
  5.3125000e+001
  5.4750000e+001
  5.6437500e+001
  5.8062500e+001
  5.9750000e+001
  6.1375000e+001
  6.3000000e+001
  6.4625000e+001
  6.6187500e+001
  6.7812500e+001
  6.9375000e+001
  7.0937500e+001
  7.2500000e+001
  7.4062500e+001
  7.5625000e+001
  7.7125000e+001
  7.8687500e+001
  8.0187500e+001
  8.1687500e+001
  8.3187500e+001
  8.4687500e+001
  8.6125000e+001
  8.7625000e+001
  8.9062500e+001
  9.0500000e+001
  9.1937500e+001
  9.3375000e+001
  9.4750000e+001
  9.6187500e+001
  9.7562500e+001
  9.8937500e+001
  1.0031250e+002
  1.0168750e+002
  1.0306250e+002
  1.0437500e+002
  1.0575000e+002
  1.0706250e+002
  1.0837500e+002
  1.0968750e+002
  1.1093750e+002
  1.1225000e+002
  1.1350000e+002
  1.1475000e+002
  1.1600000e+002
  1.1725000e+002
  1.1850000e+002
  1.1975000e+002
  1.2093750e+002
  1.2212500e+002
  1.2337500e+002
  1.2450000e+002
  1.2568750e+002
  1.2687500e+002
  1.2800000e+002
  1.2918750e+002
  1.3031250e+002
  1.3143750e+002
  1.3256250e+002
  1.3362500e+002
  1.3475000e+002
  1.3581250e+002
  1.3687500e+002
  1.3793750e+002
  1.3900000e+002
  1.4006250e+002
  1.4106250e+002
  1.4212500e+002
  1.4312500e+002
  1.4412500e+002
  1.4512500e+002
  1.4612500e+002
  1.4706250e+002
  1.4806250e+002
  1.4900000e+002
  1.4993750e+002
  1.5087500e+002
  1.5181250e+002
  1.5268750e+002
  1.5362500e+002
  1.5450000e+002
  1.5537500e+002
  1.5625000e+002
  1.5712500e+002
  1.5800000e+002
  1.5881250e+002
  1.5968750e+002
  1.6050000e+002
  1.6131250e+002
  1.6212500e+002
  1.6287500e+002
  1.6368750e+002
  1.6443750e+002
  1.6525000e+002
  1.6600000e+002
  1.6675000e+002
  1.6743750e+002
  1.6818750e+002
  1.6887500e+002
  1.6962500e+002
  1.7031250e+002
  1.7100000e+002
  1.7162500e+002
  1.7231250e+002
  1.7300000e+002
  1.7362500e+002
  1.7425000e+002
  1.7487500e+002
  1.7550000e+002
  1.7612500e+002
  1.7668750e+002
  1.7725000e+002
  1.7787500e+002
  1.7843750e+002
  1.7893750e+002
  1.7950000e+002
  1.8006250e+002
  1.8056250e+002
  1.8106250e+002
  1.8156250e+002
  1.8206250e+002
  1.8256250e+002
  1.8306250e+002
  1.8350000e+002
  1.8393750e+002
  1.8437500e+002
  1.8481250e+002
  1.8525000e+002
  1.8568750e+002
  1.8606250e+002
  1.8650000e+002
  1.8687500e+002
  1.8725000e+002
  1.8762500e+002
  1.8793750e+002
  1.8831250e+002
  1.8862500e+002
  1.8893750e+002
  1.8925000e+002
  1.8956250e+002
  1.8987500e+002
  1.9012500e+002
  1.9043750e+002
  1.9068750e+002
  1.9093750e+002
  1.9118750e+002
  1.9143750e+002
  1.9162500e+002
  1.9187500e+002
  1.9206250e+002
  1.9225000e+002
  1.9243750e+002
  1.9262500e+002
  1.9281250e+002
  1.9293750e+002
  1.9306250e+002
  1.9325000e+002
  1.9337500e+002
  1.9343750e+002
  1.9356250e+002
  1.9368750e+002
  1.9375000e+002
  1.9381250e+002
  1.9387500e+002
  1.9393750e+002
  1.9400000e+002
  1.9400000e+002
  1.9406250e+002
  1.9406250e+002
  1.9406250e+002
  1.9406250e+002
  1.9406250e+002
  1.9406250e+002
  1.9406250e+002
  1.9406250e+002
  1.9406250e+002
  1.9406250e+002
  1.9406250e+002
  1.9406250e+002
  1.9406250e+002
  1.9406250e+002
  1.9406250e+002
  1.9406250e+002
  1.9406250e+002
  1.9406250e+002
  1.9406250e+002
  1.9406250e+002
  1.9406250e+002
  1.9406250e+002
  1.9406250e+002
  1.9406250e+002
  1.9406250e+002
  1.9406250e+002
  1.9406250e+002
  1.9406250e+002
  1.9406250e+002
  1.9406250e+002
  1.9406250e+002
  1.9406250e+002
  1.9406250e+002
  1.9406250e+002
  1.9406250e+002
  1.9406250e+002
  1.9406250e+002
  1.9406250e+002
  1.9406250e+002
  1.9406250e+002
  1.9406250e+002
  1.9406250e+002
  1.9406250e+002
  1.9406250e+002
  1.9406250e+002
  1.9406250e+002
  1.9406250e+002
  1.9406250e+002
  1.9406250e+002
  1.9406250e+002
  1.9406250e+002
  1.9406250e+002
  1.9406250e+002
  1.9406250e+002
  1.9406250e+002
  1.9406250e+002
  1.9406250e+002
  1.9406250e+002
  1.9406250e+002
  1.9406250e+002
  1.9406250e+002
  1.9406250e+002
  1.9406250e+002
  1.9406250e+002
  1.9406250e+002
  1.9406250e+002
  1.9406250e+002
  1.9406250e+002
  1.9406250e+002
  1.9406250e+002
  1.9406250e+002
  1.9406250e+002
  1.9406250e+002
  1.9406250e+002
  1.9406250e+002
  1.9406250e+002
  1.9406250e+002
  1.9406250e+002
  1.9406250e+002
  1.9406250e+002
  1.9406250e+002
  1.9406250e+002
  1.9406250e+002
  1.9406250e+002
  1.9406250e+002
  1.9406250e+002
