  4.7062500e+001
  4.9000000e+001
  5.0937500e+001
  5.2875000e+001
  5.4812500e+001
  5.6687500e+001
  5.8625000e+001
  6.0500000e+001
  6.2375000e+001
  6.4187500e+001
  6.6062500e+001
  6.7875000e+001
  6.9687500e+001
  7.1500000e+001
  7.3312500e+001
  7.5062500e+001
  7.6812500e+001
  7.8562500e+001
  8.0312500e+001
  8.2062500e+001
  8.3750000e+001
  8.5437500e+001
  8.7125000e+001
  8.8812500e+001
  9.0437500e+001
  9.2125000e+001
  9.3750000e+001
  9.5375000e+001
  9.6937500e+001
  9.8562500e+001
  1.0012500e+002
  1.0168750e+002
  1.0325000e+002
  1.0481250e+002
  1.0631250e+002
  1.0781250e+002
  1.0931250e+002
  1.1081250e+002
  1.1231250e+002
  1.1375000e+002
  1.1518750e+002
  1.1662500e+002
  1.1806250e+002
  1.1943750e+002
  1.2087500e+002
  1.2225000e+002
  1.2362500e+002
  1.2493750e+002
  1.2631250e+002
  1.2762500e+002
  1.2893750e+002
  1.3025000e+002
  1.3150000e+002
  1.3281250e+002
  1.3406250e+002
  1.3531250e+002
  1.3656250e+002
  1.3775000e+002
  1.3900000e+002
  1.4018750e+002
  1.4137500e+002
  1.4256250e+002
  1.4368750e+002
  1.4481250e+002
  1.4593750e+002
  1.4706250e+002
  1.4818750e+002
  1.4925000e+002
  1.5037500e+002
  1.5143750e+002
  1.5250000e+002
  1.5350000e+002
  1.5456250e+002
  1.5556250e+002
  1.5656250e+002
  1.5750000e+002
  1.5850000e+002
  1.5943750e+002
  1.6043750e+002
  1.6131250e+002
  1.6225000e+002
  1.6318750e+002
  1.6406250e+002
  1.6493750e+002
  1.6581250e+002
  1.6668750e+002
  1.6750000e+002
  1.6831250e+002
  1.6912500e+002
  1.6993750e+002
  1.7075000e+002
  1.7150000e+002
  1.7225000e+002
  1.7300000e+002
  1.7375000e+002
  1.7450000e+002
  1.7518750e+002
  1.7587500e+002
  1.7656250e+002
  1.7725000e+002
  1.7787500e+002
  1.7850000e+002
  1.7918750e+002
  1.7975000e+002
  1.8037500e+002
  1.8100000e+002
  1.8156250e+002
  1.8212500e+002
  1.8268750e+002
  1.8318750e+002
  1.8375000e+002
  1.8425000e+002
  1.8475000e+002
  1.8525000e+002
  1.8568750e+002
  1.8612500e+002
  1.8662500e+002
  1.8700000e+002
  1.8743750e+002
  1.8787500e+002
  1.8825000e+002
  1.8862500e+002
  1.8900000e+002
  1.8937500e+002
  1.8968750e+002
  1.9000000e+002
  1.9031250e+002
  1.9062500e+002
  1.9093750e+002
  1.9118750e+002
  1.9143750e+002
  1.9168750e+002
  1.9193750e+002
  1.9212500e+002
  1.9237500e+002
  1.9256250e+002
  1.9275000e+002
  1.9287500e+002
  1.9306250e+002
  1.9318750e+002
  1.9331250e+002
  1.9343750e+002
  1.9356250e+002
  1.9362500e+002
  1.9368750e+002
  1.9375000e+002
  1.9381250e+002
  1.9387500e+002
  1.9387500e+002
  1.9387500e+002
  1.9387500e+002
  1.9387500e+002
  1.9387500e+002
  1.9387500e+002
  1.9387500e+002
  1.9387500e+002
  1.9387500e+002
  1.9387500e+002
  1.9387500e+002
  1.9387500e+002
  1.9387500e+002
  1.9387500e+002
  1.9387500e+002
  1.9387500e+002
  1.9387500e+002
  1.9387500e+002
  1.9387500e+002
  1.9387500e+002
  1.9387500e+002
  1.9387500e+002
  1.9387500e+002
  1.9387500e+002
  1.9387500e+002
  1.9387500e+002
  1.9387500e+002
  1.9387500e+002
  1.9387500e+002
  1.9387500e+002
  1.9387500e+002
  1.9387500e+002
  1.9387500e+002
  1.9387500e+002
  1.9387500e+002
  1.9387500e+002
  1.9387500e+002
  1.9387500e+002
  1.9387500e+002
  1.9387500e+002
  1.9387500e+002
  1.9387500e+002
  1.9387500e+002
  1.9387500e+002
  1.9387500e+002
  1.9387500e+002
  1.9387500e+002
  1.9387500e+002
  1.9387500e+002
  1.9387500e+002
  1.9387500e+002
  1.9387500e+002
  1.9387500e+002
  1.9387500e+002
  1.9387500e+002
  1.9387500e+002
  1.9387500e+002
  1.9387500e+002
  1.9387500e+002
  1.9387500e+002
  1.9387500e+002
  1.9387500e+002
  1.9387500e+002
  1.9387500e+002
  1.9387500e+002
  1.9387500e+002
  1.9387500e+002
  1.9387500e+002
  1.9387500e+002
  1.9387500e+002
  1.9387500e+002
  1.9387500e+002
  1.9387500e+002
  1.9387500e+002
  1.9387500e+002
  1.9387500e+002
  1.9387500e+002
  1.9387500e+002
  1.9387500e+002
  1.9387500e+002
  1.9387500e+002
  1.9387500e+002
  1.9387500e+002
  1.9387500e+002
  1.9387500e+002
  1.9387500e+002
  1.9387500e+002
  1.9387500e+002
  1.9387500e+002
  1.9387500e+002
  1.9387500e+002
  1.9387500e+002
  1.9387500e+002
  1.9387500e+002
  1.9387500e+002
  1.9387500e+002
  1.9387500e+002
  1.9387500e+002
  1.9387500e+002
  1.9387500e+002
  1.9387500e+002
  1.9387500e+002
  1.9387500e+002
  1.9387500e+002
  1.9387500e+002
  1.9387500e+002
  1.9387500e+002
  1.9387500e+002
