  3.1886374e+001
  3.1886374e+001
  3.1886374e+001
  3.1886374e+001
  3.1886374e+001
  3.1886374e+001
  3.1886374e+001
  3.1886374e+001
  3.1886374e+001
  3.1886374e+001
  3.1886374e+001
  3.1886374e+001
  3.1886374e+001
  3.2456178e+001
  3.3063970e+001
  3.3671761e+001
  3.4279553e+001
  3.4887344e+001
  3.5495135e+001
  3.6102927e+001
  3.6710718e+001
  3.7318509e+001
  3.7926301e+001
  3.8534092e+001
  3.9141884e+001
  3.9749675e+001
  4.0357466e+001
  4.0965258e+001
  4.1573049e+001
  4.2180840e+001
  4.2788632e+001
  4.3396423e+001
  4.4004215e+001
  4.4612006e+001
  4.5219797e+001
  4.5827589e+001
  4.6435380e+001
  4.7043171e+001
  4.7650963e+001
  4.8258754e+001
  4.8866546e+001
  4.9474337e+001
  5.0082128e+001
  5.0689920e+001
  5.1297711e+001
  5.1905502e+001
  5.2513294e+001
  5.3121085e+001
  5.3728877e+001
  5.4336668e+001
  5.4944459e+001
  5.5552251e+001
  5.6160042e+001
  5.6767833e+001
  5.7375625e+001
  5.7983416e+001
  5.8591208e+001
  5.9198999e+001
  5.9806790e+001
  6.0414582e+001
  6.1022373e+001
  6.1630164e+001
  6.2237956e+001
  6.2845747e+001
  6.3453539e+001
  6.4061330e+001
  6.4669121e+001
  6.5276913e+001
  6.5884704e+001
  6.6492495e+001
  6.7100287e+001
  6.7708078e+001
  6.8315870e+001
  6.8923661e+001
  6.9531452e+001
  7.0139244e+001
  7.0747035e+001
  7.1354826e+001
  7.1962618e+001
  7.2570409e+001
  7.3178201e+001
  7.3785992e+001
  7.4393783e+001
  7.5001575e+001
  7.5609366e+001
  7.6217157e+001
  7.6824949e+001
  7.7432740e+001
  7.8040532e+001
  7.8648323e+001
  7.9256114e+001
  7.9863906e+001
  8.0471697e+001
  8.1079488e+001
  8.1687280e+001
  8.2295071e+001
  8.2902863e+001
  8.3510654e+001
  8.4118445e+001
  8.4726237e+001
  8.5334028e+001
  8.5941819e+001
  8.6549611e+001
  8.7157402e+001
  8.7765194e+001
  8.8372985e+001
  8.8980776e+001
  8.9588568e+001
  9.0196359e+001
  9.0804150e+001
  9.1411942e+001
  9.2019733e+001
  9.2627525e+001
  9.3235316e+001
  9.3843107e+001
  9.4450899e+001
  9.5058690e+001
  9.5666481e+001
  9.6274273e+001
  9.6882064e+001
  9.7489856e+001
  9.8097647e+001
  9.8705438e+001
  9.9313230e+001
  9.9921021e+001
  1.0052881e+002
  1.0113660e+002
  1.0174440e+002
  1.0235219e+002
  1.0295998e+002
  1.0314444e+002
  1.0259647e+002
  1.0204849e+002
  1.0150052e+002
  1.0095255e+002
  1.0040458e+002
  9.9856604e+001
  9.9308631e+001
  9.8760658e+001
  9.8212685e+001
  9.7664712e+001
  9.7116739e+001
  9.6568767e+001
  9.6020794e+001
  9.5472821e+001
  9.4924848e+001
  9.4376875e+001
  9.3828903e+001
  9.3280930e+001
  9.2732957e+001
  9.2184984e+001
  9.1637011e+001
  9.1089038e+001
  9.0541066e+001
  8.9993093e+001
  8.9445120e+001
  8.8897147e+001
  8.8349174e+001
  8.7801201e+001
  8.7253229e+001
  8.6705256e+001
  8.6157283e+001
  8.5609310e+001
  8.5061337e+001
  8.4513364e+001
  8.3965392e+001
  8.3417419e+001
  8.2869446e+001
  8.2321473e+001
  8.1773500e+001
  8.1225527e+001
  8.0677555e+001
  8.0129582e+001
  7.9581609e+001
  7.9033636e+001
  7.8485663e+001
  7.7937690e+001
  7.7389718e+001
  7.6841745e+001
  7.6293772e+001
  7.5745799e+001
  7.5197826e+001
  7.4649854e+001
  7.4101881e+001
  7.3553908e+001
  7.3005935e+001
  7.2457962e+001
  7.1909989e+001
  7.1362017e+001
  7.0814044e+001
  7.0266071e+001
  6.9718098e+001
  6.9170125e+001
  6.8622152e+001
  6.8074180e+001
  6.7526207e+001
  6.6978234e+001
  6.6430261e+001
  6.5882288e+001
  6.5334315e+001
  6.4786343e+001
  6.4238370e+001
  6.3690397e+001
  6.3142424e+001
  6.2594451e+001
  6.2046478e+001
  6.1498506e+001
  6.0950533e+001
  6.0402560e+001
  5.9854587e+001
  5.9306614e+001
  5.8758641e+001
  5.8210669e+001
  5.7662696e+001
  5.7114723e+001
  5.6566750e+001
  5.6018777e+001
  5.5470805e+001
  5.4922832e+001
  5.4374859e+001
  5.3826886e+001
  5.3278913e+001
  5.2730940e+001
  5.2182968e+001
  5.1634995e+001
  5.1087022e+001
  5.0539049e+001
  4.9991076e+001
  4.9443103e+001
  4.8895131e+001
  4.8347158e+001
  4.7799185e+001
  4.7251212e+001
  4.6703239e+001
  4.6155266e+001
  4.5607294e+001
  4.5059321e+001
  4.4511348e+001
  4.3963375e+001
  4.3415402e+001
  4.2867429e+001
  4.2319457e+001
  4.1771484e+001
  4.1223511e+001
  4.0675538e+001
  4.0127565e+001
  3.9579592e+001
  3.9031620e+001
  3.8483647e+001
  3.7935674e+001
  3.7387701e+001
  3.6839728e+001
  3.6291756e+001
  3.5743783e+001
  3.5195810e+001
  3.4647837e+001
