  1.6755700e+001
  1.6755700e+001
  1.6755700e+001
  1.6755700e+001
  1.6755700e+001
  1.6755700e+001
  1.6755700e+001
  1.6755700e+001
  1.6755700e+001
  1.6755700e+001
  1.6755700e+001
  1.6861970e+001
  1.7287048e+001
  1.7712126e+001
  1.8137205e+001
  1.8562283e+001
  1.8987362e+001
  1.9412440e+001
  1.9837519e+001
  2.0262597e+001
  2.0687675e+001
  2.1112754e+001
  2.1537832e+001
  2.1962911e+001
  2.2387989e+001
  2.2813067e+001
  2.3238146e+001
  2.3663224e+001
  2.4088303e+001
  2.4513381e+001
  2.4938460e+001
  2.5363538e+001
  2.5788616e+001
  2.6213695e+001
  2.6638773e+001
  2.7063852e+001
  2.7488930e+001
  2.7914008e+001
  2.8339087e+001
  2.8764165e+001
  2.9189244e+001
  2.9614322e+001
  3.0039401e+001
  3.0464479e+001
  3.0889557e+001
  3.1314636e+001
  3.1739714e+001
  3.2164793e+001
  3.2589871e+001
  3.3014949e+001
  3.3440028e+001
  3.3865106e+001
  3.4290185e+001
  3.4715263e+001
  3.5140342e+001
  3.5565420e+001
  3.5990498e+001
  3.6415577e+001
  3.6840655e+001
  3.7265734e+001
  3.7690812e+001
  3.8115890e+001
  3.8540969e+001
  3.8966047e+001
  3.9391126e+001
  3.9816204e+001
  4.0241283e+001
  4.0666361e+001
  4.1091439e+001
  4.1516518e+001
  4.1941596e+001
  4.2366675e+001
  4.2791753e+001
  4.3216831e+001
  4.3641910e+001
  4.4066988e+001
  4.4492067e+001
  4.4917145e+001
  4.5342224e+001
  4.5767302e+001
  4.6192380e+001
  4.6617459e+001
  4.7042537e+001
  4.7467616e+001
  4.7892694e+001
  4.8317773e+001
  4.8742851e+001
  4.9167929e+001
  4.9593008e+001
  5.0018086e+001
  5.0443165e+001
  5.0868243e+001
  5.1293321e+001
  5.1718400e+001
  5.2143478e+001
  5.2568557e+001
  5.2993635e+001
  5.3418714e+001
  5.3843792e+001
  5.4268870e+001
  5.4693949e+001
  5.5119027e+001
  5.5544106e+001
  5.5969184e+001
  5.6394262e+001
  5.6819341e+001
  5.7244419e+001
  5.7669498e+001
  5.8094576e+001
  5.8519655e+001
  5.8944733e+001
  5.9369811e+001
  5.9794890e+001
  6.0219968e+001
  6.0645047e+001
  6.1070125e+001
  6.1495203e+001
  6.1920282e+001
  6.2345360e+001
  6.2770439e+001
  6.3195517e+001
  6.3620596e+001
  6.4045674e+001
  6.4470752e+001
  6.4895831e+001
  6.5320909e+001
  6.5745988e+001
  6.6171066e+001
  6.6596144e+001
  6.7021223e+001
  6.7446301e+001
  6.7871380e+001
  6.8296458e+001
  6.8721537e+001
  6.9146615e+001
  6.9571693e+001
  6.9607545e+001
  6.9172676e+001
  6.8737808e+001
  6.8302939e+001
  6.7868071e+001
  6.7433202e+001
  6.6998334e+001
  6.6563465e+001
  6.6128597e+001
  6.5693728e+001
  6.5258860e+001
  6.4823991e+001
  6.4389123e+001
  6.3954254e+001
  6.3519386e+001
  6.3084517e+001
  6.2649648e+001
  6.2214780e+001
  6.1779911e+001
  6.1345043e+001
  6.0910174e+001
  6.0475306e+001
  6.0040437e+001
  5.9605569e+001
  5.9170700e+001
  5.8735832e+001
  5.8300963e+001
  5.7866095e+001
  5.7431226e+001
  5.6996357e+001
  5.6561489e+001
  5.6126620e+001
  5.5691752e+001
  5.5256883e+001
  5.4822015e+001
  5.4387146e+001
  5.3952278e+001
  5.3517409e+001
  5.3082541e+001
  5.2647672e+001
  5.2212804e+001
  5.1777935e+001
  5.1343067e+001
  5.0908198e+001
  5.0473329e+001
  5.0038461e+001
  4.9603592e+001
  4.9168724e+001
  4.8733855e+001
  4.8298987e+001
  4.7864118e+001
  4.7429250e+001
  4.6994381e+001
  4.6559513e+001
  4.6124644e+001
  4.5689776e+001
  4.5254907e+001
  4.4820038e+001
  4.4385170e+001
  4.3950301e+001
  4.3515433e+001
  4.3080564e+001
  4.2645696e+001
  4.2210827e+001
  4.1775959e+001
  4.1341090e+001
  4.0906222e+001
  4.0471353e+001
  4.0036485e+001
  3.9601616e+001
  3.9166748e+001
  3.8731879e+001
  3.8297010e+001
  3.7862142e+001
  3.7427273e+001
  3.6992405e+001
  3.6557536e+001
  3.6122668e+001
  3.5687799e+001
  3.5252931e+001
  3.4818062e+001
  3.4383194e+001
  3.3948325e+001
  3.3513457e+001
  3.3078588e+001
  3.2643719e+001
  3.2208851e+001
  3.1773982e+001
  3.1339114e+001
  3.0904245e+001
  3.0469377e+001
  3.0034508e+001
  2.9599640e+001
  2.9164771e+001
  2.8729903e+001
  2.8295034e+001
  2.7860166e+001
  2.7425297e+001
  2.6990429e+001
  2.6555560e+001
  2.6120691e+001
  2.5685823e+001
  2.5250954e+001
  2.4816086e+001
  2.4381217e+001
  2.3946349e+001
  2.3511480e+001
  2.3076612e+001
  2.2641743e+001
  2.2206875e+001
  2.1772006e+001
  2.1337138e+001
  2.0902269e+001
  2.0467400e+001
  2.0032532e+001
  1.9597663e+001
  1.9162795e+001
  1.8727926e+001
  1.8293058e+001
  1.7858189e+001
