  3.4969800e+001
  3.4969800e+001
  3.4969800e+001
  3.4969800e+001
  3.4969800e+001
  3.4969800e+001
  3.4969800e+001
  3.4969800e+001
  3.4969800e+001
  3.4969800e+001
  3.4969800e+001
  3.4969800e+001
  3.4969800e+001
  3.4969800e+001
  3.4969800e+001
  3.4969800e+001
  3.4969800e+001
  3.4969800e+001
  3.5120644e+001
  3.5925144e+001
  3.6729645e+001
  3.7534145e+001
  3.8338645e+001
  3.9143146e+001
  3.9947646e+001
  4.0752146e+001
  4.1556647e+001
  4.2361147e+001
  4.3165647e+001
  4.3970148e+001
  4.4774648e+001
  4.5579148e+001
  4.6383649e+001
  4.7188149e+001
  4.7992650e+001
  4.8797150e+001
  4.9601650e+001
  5.0406151e+001
  5.1210651e+001
  5.2015151e+001
  5.2819652e+001
  5.3624152e+001
  5.4428652e+001
  5.5233153e+001
  5.6037653e+001
  5.6842153e+001
  5.7646654e+001
  5.8451154e+001
  5.9255655e+001
  6.0060155e+001
  6.0864655e+001
  6.1669156e+001
  6.2473656e+001
  6.3278156e+001
  6.4082657e+001
  6.4887157e+001
  6.5691657e+001
  6.6496158e+001
  6.7300658e+001
  6.8105158e+001
  6.8909659e+001
  6.9714159e+001
  7.0518660e+001
  7.1323160e+001
  7.2127660e+001
  7.2932161e+001
  7.3736661e+001
  7.4541161e+001
  7.5345662e+001
  7.6150162e+001
  7.6954662e+001
  7.7759163e+001
  7.8563663e+001
  7.9368163e+001
  8.0172664e+001
  8.0977164e+001
  8.1781665e+001
  8.2586165e+001
  8.3390665e+001
  8.4195166e+001
  8.4999666e+001
  8.5804166e+001
  8.6608667e+001
  8.7413167e+001
  8.8217667e+001
  8.9022168e+001
  8.9826668e+001
  9.0631168e+001
  9.1435669e+001
  9.2240169e+001
  9.3044670e+001
  9.3849170e+001
  9.4653670e+001
  9.5458171e+001
  9.6262671e+001
  9.7067171e+001
  9.7871672e+001
  9.8676172e+001
  9.9480672e+001
  1.0028517e+002
  1.0108967e+002
  1.0189417e+002
  1.0269867e+002
  1.0350317e+002
  1.0430767e+002
  1.0511217e+002
  1.0591668e+002
  1.0672118e+002
  1.0752568e+002
  1.0833018e+002
  1.0913468e+002
  1.0993918e+002
  1.1074368e+002
  1.1154818e+002
  1.1235268e+002
  1.1315718e+002
  1.1396168e+002
  1.1476618e+002
  1.1557068e+002
  1.1637518e+002
  1.1717968e+002
  1.1798418e+002
  1.1878868e+002
  1.1949857e+002
  1.1882447e+002
  1.1815037e+002
  1.1747627e+002
  1.1680217e+002
  1.1612806e+002
  1.1545396e+002
  1.1477986e+002
  1.1410576e+002
  1.1343166e+002
  1.1275756e+002
  1.1208346e+002
  1.1140936e+002
  1.1073526e+002
  1.1006116e+002
  1.0938706e+002
  1.0871296e+002
  1.0803886e+002
  1.0736476e+002
  1.0669065e+002
  1.0601655e+002
  1.0534245e+002
  1.0466835e+002
  1.0399425e+002
  1.0332015e+002
  1.0264605e+002
  1.0197195e+002
  1.0129785e+002
  1.0062375e+002
  9.9949647e+001
  9.9275546e+001
  9.8601445e+001
  9.7927345e+001
  9.7253244e+001
  9.6579143e+001
  9.5905042e+001
  9.5230942e+001
  9.4556841e+001
  9.3882740e+001
  9.3208639e+001
  9.2534539e+001
  9.1860438e+001
  9.1186337e+001
  9.0512236e+001
  8.9838136e+001
  8.9164035e+001
  8.8489934e+001
  8.7815833e+001
  8.7141733e+001
  8.6467632e+001
  8.5793531e+001
  8.5119430e+001
  8.4445330e+001
  8.3771229e+001
  8.3097128e+001
  8.2423027e+001
  8.1748927e+001
  8.1074826e+001
  8.0400725e+001
  7.9726624e+001
  7.9052524e+001
  7.8378423e+001
  7.7704322e+001
  7.7030221e+001
  7.6356121e+001
  7.5682020e+001
  7.5007919e+001
  7.4333818e+001
  7.3659718e+001
  7.2985617e+001
  7.2311516e+001
  7.1637415e+001
  7.0963315e+001
  7.0289214e+001
  6.9615113e+001
  6.8941012e+001
  6.8266912e+001
  6.7592811e+001
  6.6918710e+001
  6.6244609e+001
  6.5570509e+001
  6.4896408e+001
  6.4222307e+001
  6.3548206e+001
  6.2874106e+001
  6.2200005e+001
  6.1525904e+001
  6.0851803e+001
  6.0177703e+001
  5.9503602e+001
  5.8829501e+001
  5.8155400e+001
  5.7481300e+001
  5.6807199e+001
  5.6133098e+001
  5.5458997e+001
  5.4784897e+001
  5.4110796e+001
  5.3436695e+001
  5.2762594e+001
  5.2088494e+001
  5.1414393e+001
  5.0740292e+001
  5.0066191e+001
  4.9392091e+001
  4.8717990e+001
  4.8043889e+001
  4.7369788e+001
  4.6695687e+001
  4.6021587e+001
  4.5347486e+001
  4.4673385e+001
  4.3999284e+001
  4.3325184e+001
  4.2651083e+001
  4.1976982e+001
  4.1302881e+001
  4.0628781e+001
  3.9954680e+001
  3.9280579e+001
  3.8606478e+001
  3.7932378e+001
  3.7258277e+001
  3.6584176e+001
  3.5910075e+001
  3.5235975e+001
  3.4561874e+001
  3.3887773e+001
  3.3213672e+001
  3.2539572e+001
  3.1865471e+001
  3.1191370e+001
  3.0517269e+001
