  3.8692080e+001
  3.8692080e+001
  3.8692080e+001
  3.8692080e+001
  3.8692080e+001
  3.8692080e+001
  3.8692080e+001
  3.8692080e+001
  3.8692080e+001
  3.8692080e+001
  3.8692080e+001
  3.8692080e+001
  3.8692080e+001
  3.8692080e+001
  3.8692080e+001
  3.8692080e+001
  3.8692080e+001
  3.8692080e+001
  3.8692080e+001
  3.8692080e+001
  3.8692080e+001
  3.8692080e+001
  3.9323959e+001
  4.0334964e+001
  4.1345970e+001
  4.2356976e+001
  4.3367982e+001
  4.4378987e+001
  4.5389993e+001
  4.6400999e+001
  4.7412004e+001
  4.8423010e+001
  4.9434016e+001
  5.0445022e+001
  5.1456027e+001
  5.2467033e+001
  5.3478039e+001
  5.4489045e+001
  5.5500050e+001
  5.6511056e+001
  5.7522062e+001
  5.8533068e+001
  5.9544073e+001
  6.0555079e+001
  6.1566085e+001
  6.2577091e+001
  6.3588096e+001
  6.4599102e+001
  6.5610108e+001
  6.6621114e+001
  6.7632119e+001
  6.8643125e+001
  6.9654131e+001
  7.0665136e+001
  7.1676142e+001
  7.2687148e+001
  7.3698154e+001
  7.4709159e+001
  7.5720165e+001
  7.6731171e+001
  7.7742177e+001
  7.8753182e+001
  7.9764188e+001
  8.0775194e+001
  8.1786200e+001
  8.2797205e+001
  8.3808211e+001
  8.4819217e+001
  8.5830223e+001
  8.6841228e+001
  8.7852234e+001
  8.8863240e+001
  8.9874245e+001
  9.0885251e+001
  9.1896257e+001
  9.2907263e+001
  9.3918268e+001
  9.4929274e+001
  9.5940280e+001
  9.6951286e+001
  9.7962291e+001
  9.8973297e+001
  9.9984303e+001
  1.0099531e+002
  1.0200631e+002
  1.0301732e+002
  1.0402833e+002
  1.0503933e+002
  1.0605034e+002
  1.0706134e+002
  1.0807235e+002
  1.0908335e+002
  1.1009436e+002
  1.1110537e+002
  1.1211637e+002
  1.1312738e+002
  1.1413838e+002
  1.1514939e+002
  1.1616039e+002
  1.1717140e+002
  1.1818241e+002
  1.1919341e+002
  1.2020442e+002
  1.2121542e+002
  1.2222643e+002
  1.2323743e+002
  1.2424844e+002
  1.2525945e+002
  1.2627045e+002
  1.2728146e+002
  1.2829246e+002
  1.2930347e+002
  1.2954420e+002
  1.2886972e+002
  1.2819524e+002
  1.2752076e+002
  1.2684628e+002
  1.2617180e+002
  1.2549732e+002
  1.2482284e+002
  1.2414836e+002
  1.2347388e+002
  1.2279940e+002
  1.2212492e+002
  1.2145044e+002
  1.2077596e+002
  1.2010148e+002
  1.1942700e+002
  1.1875253e+002
  1.1807805e+002
  1.1740357e+002
  1.1672909e+002
  1.1605461e+002
  1.1538013e+002
  1.1470565e+002
  1.1403117e+002
  1.1335669e+002
  1.1268221e+002
  1.1200773e+002
  1.1133325e+002
  1.1065877e+002
  1.0998429e+002
  1.0930981e+002
  1.0863533e+002
  1.0796086e+002
  1.0728638e+002
  1.0661190e+002
  1.0593742e+002
  1.0526294e+002
  1.0458846e+002
  1.0391398e+002
  1.0323950e+002
  1.0256502e+002
  1.0189054e+002
  1.0121606e+002
  1.0054158e+002
  9.9867103e+001
  9.9192623e+001
  9.8518144e+001
  9.7843665e+001
  9.7169185e+001
  9.6494706e+001
  9.5820226e+001
  9.5145747e+001
  9.4471268e+001
  9.3796788e+001
  9.3122309e+001
  9.2447830e+001
  9.1773350e+001
  9.1098871e+001
  9.0424391e+001
  8.9749912e+001
  8.9075433e+001
  8.8400953e+001
  8.7726474e+001
  8.7051995e+001
  8.6377515e+001
  8.5703036e+001
  8.5028556e+001
  8.4354077e+001
  8.3679598e+001
  8.3005118e+001
  8.2330639e+001
  8.1656160e+001
  8.0981680e+001
  8.0307201e+001
  7.9632721e+001
  7.8958242e+001
  7.8283763e+001
  7.7609283e+001
  7.6934804e+001
  7.6260325e+001
  7.5585845e+001
  7.4911366e+001
  7.4236886e+001
  7.3562407e+001
  7.2887928e+001
  7.2213448e+001
  7.1538969e+001
  7.0864490e+001
  7.0190010e+001
  6.9515531e+001
  6.8841051e+001
  6.8166572e+001
  6.7492093e+001
  6.6817613e+001
  6.6143134e+001
  6.5468654e+001
  6.4794175e+001
  6.4119696e+001
  6.3445216e+001
  6.2770737e+001
  6.2096258e+001
  6.1421778e+001
  6.0747299e+001
  6.0072819e+001
  5.9398340e+001
  5.8723861e+001
  5.8049381e+001
  5.7374902e+001
  5.6700423e+001
  5.6025943e+001
  5.5351464e+001
  5.4676984e+001
  5.4002505e+001
  5.3328026e+001
  5.2653546e+001
  5.1979067e+001
  5.1304588e+001
  5.0630108e+001
  4.9955629e+001
  4.9281149e+001
  4.8606670e+001
  4.7932191e+001
  4.7257711e+001
  4.6583232e+001
  4.5908753e+001
  4.5234273e+001
  4.4559794e+001
  4.3885314e+001
  4.3210835e+001
  4.2536356e+001
  4.1861876e+001
  4.1187397e+001
  4.0512918e+001
  3.9838438e+001
  3.9163959e+001
  3.8489479e+001
  3.7815000e+001
  3.7140521e+001
  3.6466041e+001
  3.5791562e+001
  3.5117083e+001
  3.4442603e+001
  3.3768124e+001
  3.3093644e+001
