96 
96 
96 
96 
96 
96 
96 
96 
96 
96 
96 
96 
96 
96 
96 
96 
96 
96 
96 
96 
96 
96 
96 
96 
96 
96 
96 
96 
96 
96 
96 
96 
96 
96 
96 
96 
96 
96 
96 
96 
96 
96 
96 
96 
96 
96 
96 
96 
96 
96 
96 
96 
96 
96 
96 
96 
96 
96 
96 
96 
96 
96 
96 
96 
96 
96 
96 
96 
96 
96 
96 
96 
96 
96 
96 
96 
96 
96 
96 
96 
96 
96 
96 
96 
96 
96 
96 
96 
96 
96 
96 
96 
96 
96 
96 
96 
96 
96 
96 
96 
96 
96 
96 
96 
96 
96 
96 
96 
96 
96 
96 
96 
96 
96 
96 
96 
96 
96 
96 
96 
96 
96 
96 
96 
96 
96 
96 
96 
96 
96 
96 
96 
96 
96 
96 
96 
96 
96 
96 
95 
95 
95 
95 
95 
94 
94 
94 
94 
93 
93 
93 
93 
92 
92 
92 
91 
91 
90 
90 
90 
89 
89 
88 
88 
87 
87 
87 
86 
86 
85 
85 
84 
84 
83 
83 
82 
81 
81 
80 
80 
79 
79 
78 
78 
77 
76 
76 
75 
74 
74 
72 
72 
71 
70 
69 
68 
67 
65 
64 
63 
62 
60 
59 
58 
57 
55 
54 
53 
51 
50 
48 
46 
45 
43 
42 
40 
39 
37 
36 
34 
33 
32 
30 
29 
27 
26 
24 
23 
22 
20 
19 
18 
16 
15 
14 
13 
12 
11 
10 
9 
8 
7 
6 
5 
4 
4 
3 
3 
2 
2 
2 
1 
1 
0 
0 
0 
0 
0 
0 
0 
1 
1 
2 
2 
2 
3 
3 
4 
4 
5 
6 
7 
8 
9 
10 
11 
12 
13 
14 
15 
16 
18 
19 
20 
22 
23 
24 
26 
27 
29 
30 
32 
33 
34 
36 
37 
39 
40 
42 
43 
45 
46 
48 
50 
51 
53 
54 
55 
57 
58 
59 
60 
62 
63 
64 
65 
67 
68 
69 
70 
71 
72 
72 
74 
74 
75 
76 
76 
77 
78 
78 
79 
79 
80 
80 
81 
81 
82 
83 
83 
84 
84 
85 
85 
86 
86 
87 
87 
87 
88 
88 
89 
89 
90 
90 
90 
91 
91 
92 
92 
92 
93 
93 
93 
93 
94 
94 
94 
94 
95 
95 
95 
95 
95 
96 
96 
96 
96 
96 
96 
96 
96 
96 
96 
96 
96 
96 
96 
96 
96 
96 
96 
96 
96 
96 
96 
96 
96 
96 
96 
96 
96 
96 
96 
96 
96 
96 
96 
96 
96 
96 
96 
96 
96 
96 
96 
96 
96 
96 
96 
96 
96 
96 
96 
96 
96 
96 
96 
96 
96 
96 
96 
96 
96 
96 
96 
96 
96 
96 
96 
96 
96 
96 
96 
96 
96 
96 
96 
96 
96 
96 
96 
96 
96 
96 
96 
96 
96 
96 
96 
96 
96 
96 
96 
96 
96 
96 
96 
96 
96 
96 
96 
96 
96 
96 
96 
96 
96 
96 
96 
96 
96 
96 
96 
96 
96 
96 
96 
96 
96 
96 
96 
96 
96 
96 
96 
96 
96 
96 
96 
96 
96 
96 
96 
96 
96 
96 
96 
96 
96 
96 
96 
