  2.7323103e+001
  2.7323103e+001
  2.7323103e+001
  2.7323103e+001
  2.7323103e+001
  2.7323103e+001
  2.7323103e+001
  2.7323103e+001
  2.7323103e+001
  2.7323103e+001
  2.7323103e+001
  2.8253416e+001
  2.9183729e+001
  3.0114042e+001
  3.1044355e+001
  3.1974668e+001
  3.2904981e+001
  3.3835293e+001
  3.4765606e+001
  3.5695919e+001
  3.6626232e+001
  3.7556545e+001
  3.8486858e+001
  3.9417171e+001
  4.0347484e+001
  4.1277797e+001
  4.2208110e+001
  4.3138423e+001
  4.4068735e+001
  4.4999048e+001
  4.5929361e+001
  4.6859674e+001
  4.7789987e+001
  4.8720300e+001
  4.9650613e+001
  5.0580926e+001
  5.1511239e+001
  5.2441552e+001
  5.3371865e+001
  5.4302178e+001
  5.5232490e+001
  5.6162803e+001
  5.7093116e+001
  5.8023429e+001
  5.8953742e+001
  5.9884055e+001
  6.0814368e+001
  6.1744681e+001
  6.2674994e+001
  6.3605307e+001
  6.4535620e+001
  6.5465933e+001
  6.6396245e+001
  6.7326558e+001
  6.8256871e+001
  6.9187184e+001
  7.0117497e+001
  7.1047810e+001
  7.1978123e+001
  7.2908436e+001
  7.3452337e+001
  7.3171293e+001
  7.2890250e+001
  7.2609206e+001
  7.2328163e+001
  7.2047119e+001
  7.1766076e+001
  7.1485032e+001
  7.1203989e+001
  7.0922945e+001
  7.0641902e+001
  7.0360858e+001
  7.0079815e+001
  6.9798771e+001
  6.9517728e+001
  6.9236684e+001
  6.8955641e+001
  6.8674597e+001
  6.8393554e+001
  6.8112510e+001
  6.7831467e+001
  6.7550423e+001
  6.7269380e+001
  6.6988336e+001
  6.6707293e+001
  6.6426249e+001
  6.6145206e+001
  6.5864162e+001
  6.5583119e+001
  6.5302075e+001
  6.5021032e+001
  6.4739988e+001
  6.4458945e+001
  6.4177901e+001
  6.3896858e+001
  6.3615814e+001
  6.3334771e+001
  6.3053727e+001
  6.2772684e+001
  6.2491640e+001
  6.2210597e+001
  6.1929553e+001
  6.1648510e+001
  6.1367466e+001
  6.1086423e+001
  6.0805379e+001
  6.0524336e+001
  6.0243292e+001
  5.9962249e+001
  5.9681205e+001
  5.9400162e+001
  5.9119118e+001
  5.8838075e+001
  5.8557031e+001
  5.8275988e+001
  5.7994945e+001
  5.7713901e+001
  5.7432858e+001
  5.7151814e+001
  5.6870771e+001
  5.6589727e+001
  5.6308684e+001
  5.6027640e+001
  5.5746597e+001
  5.5465553e+001
  5.5184510e+001
  5.4903466e+001
  5.4622423e+001
  5.4341379e+001
  5.4060336e+001
  5.3779292e+001
  5.3498249e+001
  5.3217205e+001
  5.2936162e+001
  5.2655118e+001
  5.2374075e+001
  5.2093031e+001
  5.1811988e+001
  5.1530944e+001
  5.1249901e+001
  5.0968857e+001
  5.0687814e+001
  5.0406770e+001
  5.0125727e+001
  4.9844683e+001
  4.9563640e+001
  4.9282596e+001
  4.9001553e+001
  4.8720509e+001
  4.8439466e+001
  4.8158422e+001
  4.7877379e+001
  4.7596335e+001
  4.7315292e+001
  4.7034248e+001
  4.6753205e+001
  4.6472161e+001
  4.6191118e+001
  4.5910074e+001
  4.5629031e+001
  4.5347987e+001
  4.5066944e+001
  4.4785900e+001
  4.4504857e+001
  4.4223813e+001
  4.3942770e+001
  4.3661726e+001
  4.3380683e+001
  4.3099639e+001
  4.2818596e+001
  4.2537552e+001
  4.2256509e+001
  4.1975465e+001
  4.1694422e+001
  4.1413378e+001
  4.1132335e+001
  4.0851291e+001
  4.0570248e+001
  4.0289204e+001
  4.0008161e+001
  3.9727117e+001
  3.9446074e+001
  3.9165030e+001
  3.8883987e+001
  3.8602943e+001
  3.8321900e+001
  3.8040856e+001
  3.7759813e+001
  3.7478769e+001
  3.7197726e+001
  3.6916682e+001
  3.6635639e+001
  3.6354595e+001
  3.6073552e+001
  3.5792508e+001
  3.5511465e+001
  3.5230421e+001
  3.4949378e+001
  3.4668334e+001
  3.4387291e+001
  3.4106247e+001
  3.3825204e+001
  3.3544160e+001
  3.3263117e+001
  3.2982073e+001
  3.2701030e+001
  3.2419987e+001
  3.2138943e+001
  3.1857900e+001
  3.1576856e+001
  3.1295813e+001
  3.1014769e+001
  3.0733726e+001
  3.0452682e+001
  3.0171639e+001
  2.9890595e+001
  2.9609552e+001
  2.9328508e+001
  2.9047465e+001
  2.8766421e+001
  2.8485378e+001
  2.8204334e+001
  2.7923291e+001
  2.7642247e+001
  2.7361204e+001
  2.7080160e+001
  2.6799117e+001
  2.6518073e+001
  2.6237030e+001
  2.5955986e+001
  2.5674943e+001
  2.5393899e+001
  2.5112856e+001
  2.4831812e+001
  2.4550769e+001
  2.4269725e+001
  2.3988682e+001
  2.3707638e+001
  2.3426595e+001
  2.3145551e+001
  2.2864508e+001
  2.2583464e+001
  2.2302421e+001
  2.2021377e+001
  2.1740334e+001
  2.1459290e+001
  2.1178247e+001
  2.0897203e+001
  2.0616160e+001
  2.0335116e+001
  2.0054073e+001
  1.9773029e+001
  1.9491986e+001
  1.9210942e+001
  1.8929899e+001
  1.8648855e+001
