48
2304
1512
256
0
0
2
0
0
127
127
127
127
95
95
111
127
127
127
127
127
111
95
95
79
95
95
95
111
63
0
0
0
2288
1512
256
0
0
2
0
0
127
127
127
127
95
95
111
127
127
127
127
127
111
95
95
95
95
95
111
127
0
0
0
0
2272
1512
256
0
0
2
0
0
127
127
127
127
95
95
111
127
127
127
127
127
95
95
95
95
95
95
95
111
31
0
0
0
2256
1512
256
0
0
2
0
0
127
127
127
127
95
95
111
127
127
127
127
127
95
95
95
95
79
95
95
111
31
0
0
0
2240
1512
256
0
0
2
0
0
127
127
127
127
95
95
111
127
127
127
127
127
95
95
79
95
95
95
95
127
0
0
0
0
2224
1512
256
0
0
2
0
0
127
127
127
127
95
95
111
127
127
127
127
127
95
95
95
79
79
95
95
127
0
0
0
0
2208
1512
256
0
0
2
0
0
127
127
127
127
95
95
111
127
127
127
127
127
95
79
95
95
95
95
95
95
0
0
0
0
2192
1512
256
0
0
2
0
0
127
127
127
127
95
95
111
127
127
127
127
127
95
95
79
95
79
95
95
95
0
0
0
0
2176
1512
256
0
0
2
0
0
127
127
127
127
95
95
111
127
127
127
127
111
95
95
95
95
95
95
95
63
0
0
0
0
2160
1512
256
0
0
2
0
0
127
127
127
127
95
95
111
127
127
127
127
111
95
79
79
95
95
95
95
79
0
0
0
0
2144
1512
256
0
0
2
0
0
127
127
127
127
95
95
111
127
127
127
127
95
95
79
79
79
95
95
95
95
0
0
0
0
2128
1512
256
0
0
2
0
0
127
127
127
127
95
95
111
127
127
127
127
95
95
79
79
79
95
95
95
79
0
0
0
0
2112
1512
256
0
0
2
0
0
127
127
127
127
95
95
111
127
127
127
127
95
79
79
79
79
95
95
95
79
0
0
0
0
2096
1512
256
0
0
2
0
0
127
127
127
127
95
95
111
127
127
127
127
95
79
79
79
79
79
95
95
79
0
0
0
0
2080
1512
256
0
0
2
0
0
127
127
127
127
95
95
111
127
127
127
127
95
79
79
79
79
95
95
95
47
0
0
0
0
2064
1512
256
0
0
2
0
0
127
127
127
127
95
95
111
127
127
127
127
79
79
79
79
79
79
95
95
63
0
0
0
0
2048
1512
256
0
0
2
0
0
127
127
127
127
95
95
111
127
127
127
127
79
79
79
79
79
79
95
95
47
0
0
0
0
2032
1512
256
0
0
2
0
0
127
127
127
127
95
95
111
127
127
127
111
95
79
79
79
79
79
95
95
31
0
0
0
0
2016
1512
256
0
0
2
0
0
127
127
127
127
79
95
111
127
127
127
111
95
79
79
79
79
79
95
95
31
0
0
0
0
2000
1512
256
0
0
2
0
0
127
127
127
127
79
95
111
127
127
127
95
95
79
79
79
79
79
95
95
31
0
0
0
0
1984
1512
256
0
0
2
0
0
127
127
127
127
79
95
111
127
127
127
95
79
79
79
79
79
79
95
95
31
0
0
0
0
1968
1512
256
0
0
2
0
0
127
127
127
127
79
95
111
127
127
127
95
79
79
63
63
79
79
79
95
63
0
0
0
0
1952
1512
256
0
0
2
0
0
127
127
127
127
79
95
111
127
127
127
95
79
79
79
79
79
79
79
111
0
0
0
0
0
1936
1512
256
0
0
2
0
0
127
127
127
127
79
95
111
127
127
127
79
79
63
79
63
79
79
79
79
63
0
0
0
0
1920
1512
256
0
0
2
0
0
127
127
127
127
79
95
111
127
127
127
95
79
79
79
79
79
79
79
79
0
0
0
0
0
1904
1512
256
0
0
2
0
0
127
127
127
127
79
95
111
127
127
127
95
79
79
63
79
79
79
79
79
0
0
0
0
0
1888
1512
256
0
0
2
0
0
127
127
127
127
79
95
111
127
127
127
79
79
63
79
63
79
79
79
95
0
0
0
0
0
1872
1512
256
0
0
2
0
0
127
127
127
127
79
95
127
127
127
111
79
79
79
63
79
79
79
79
63
0
0
0
0
0
1856
1512
256
0
0
2
0
0
127
127
127
127
79
95
127
127
127
95
79
79
79
79
79
63
79
79
63
0
0
0
0
0
1840
1512
256
0
0
2
0
0
127
127
127
127
79
95
127
127
127
95
79
79
79
79
79
79
79
79
31
0
0
0
0
0
1824
1512
256
0
0
2
0
0
127
127
127
127
79
95
127
127
127
95
79
79
63
63
79
79
79
79
47
0
0
0
0
0
1808
1512
256
0
0
2
0
0
127
127
127
127
79
95
127
127
127
95
79
63
63
63
63
79
79
79
63
0
0
0
0
0
1792
1512
256
0
0
2
0
0
127
127
127
127
79
95
127
127
127
79
79
63
63
63
63
79
79
79
63
0
0
0
0
0
1776
1512
256
0
0
2
0
0
127
127
127
127
79
95
127
127
127
95
79
63
63
63
63
79
79
79
31
0
0
0
0
0
1760
1512
256
0
0
2
0
0
127
127
127
127
79
95
127
127
127
79
63
63
63
63
63
79
79
79
47
0
0
0
0
0
1744
1512
256
0
0
2
0
0
127
127
127
127
79
95
127
127
127
79
79
63
63
63
63
63
79
79
31
0
0
0
0
0
1728
1512
256
0
0
2
0
0
127
127
127
127
79
95
127
127
127
79
63
63
63
63
63
63
79
79
31
0
0
0
0
0
1712
1512
256
0
0
2
0
0
127
127
127
127
79
95
127
127
127
79
63
63
63
63
63
63
79
95
0
0
0
0
0
0
1696
1512
256
0
0
2
0
0
127
127
127
127
79
95
127
127
111
79
63
63
63
63
63
63
79
95
0
0
0
0
0
0
1680
1512
256
0
0
2
0
0
127
127
127
127
79
95
127
127
111
79
63
63
63
63
63
63
79
79
0
0
0
0
0
0
1664
1512
256
0
0
2
0
0
127
127
127
127
79
95
127
127
95
79
63
63
63
63
63
63
63
79
15
0
0
0
0
0
1648
1512
256
0
0
2
0
0
127
127
127
127
79
95
127
127
95
79
63
63
63
63
63
63
63
79
0
0
0
0
0
0
1632
1512
256
0
0
2
0
0
127
127
127
127
79
95
127
127
79
79
63
63
63
63
63
63
79
63
0
0
0
0
0
0
1616
1512
256
0
0
2
0
0
127
127
127
127
79
95
127
127
79
63
63
63
63
63
63
63
63
79
0
0
0
0
0
0
1600
1512
256
0
0
2
0
0
127
127
127
127
79
111
127
127
79
63
63
63
63
63
63
63
79
31
0
0
0
0
0
0
1584
1512
256
0
0
2
0
0
127
127
127
127
79
95
127
127
79
63
63
63
63
63
63
63
63
47
0
0
0
0
0
0
1568
1512
256
0
0
2
0
0
127
127
127
127
79
111
127
127
63
63
63
63
63
63
63
63
63
31
0
0
0
0
0
0
1552
1512
256
0
0
2
0
0
127
127
127
127
79
127
127
95
79
63
63
63
63
63
63
63
79
0
0
0
0
0
0
0
