2  /*n_tbl*/
2 /*nreg*/
/*loop2 for n_tbl*/
177 /*n_entry*/
0    /*tblidx_min*/
0x30 /*sensorMode of this tbl*/
32  /*(SINT8)exp_tblidx0_unit*/
16 /*exp_tblidx_unit*/
1 /*n_burst_sec*/
/*template*/ /*nreg*/
0x10
0x40
0
0
/*template*/
0x1C
0x40
0x00
0x00
/*loop1 for n_burst_sec*/ /*long exp*/
177  /*n_burstidx*/
3  /*nbyte_entry*/
0  /*burstidx_min*/
2  /*n_op*/
/*loop0 for n_op*/
0   /*tmpl_reg: reg# in template, 0-based*/
0   /*entry_lsb: right shift table entry contain*/
16  /*reg_lsb: left shift to reg*/
8   /*nbit_mask*/ /*NOTE! LSB12->8*/
/*loop0 ends*/
/*loop1 for n_op*/
1   /*tmpl_reg: reg# in template, 0-based*/
8   /*entry_lsb: right shift table entry contain*/
16  /*reg_lsb: left shift to reg*/
16  /*nbit_mask*/ /*NOTE! LSB12->8*/
/*loop1 ends*/
/*contains for n_burstidx * nbyte_entry*/
116
30
16
193
191
1
27
195
0
96
30
16
163
113
14
227
121
15
50
95
3
108
30
16
165
43
3
219
175
0
31
87
11
81
126
0
128
185
5
173
32
11
217
126
0
19
119
9
59
83
5
97
240
6
133
158
15
168
70
14
202
29
4
234
161
4
25
30
16
55
93
5
83
166
7
110
104
6
136
144
2
160
89
15
184
237
8
207
116
2
228
15
15
10
204
10
30
126
0
49
126
0
67
126
0
85
126
0
101
126
0
118
126
0
133
126
0
148
126
0
162
126
0
175
126
0
188
126
0
200
126
0
212
126
0
223
126
0
234
126
0
6
126
0
16
126
0
25
126
0
34
126
0
43
126
0
51
126
0
59
126
0
67
126
0
74
126
0
81
126
0
88
126
0
95
126
0
101
126
0
107
126
0
112
126
0
118
126
0
123
126
0
128
126
0
133
126
0
137
126
0
142
126
0
146
126
0
150
126
0
154
126
0
157
126
0
161
126
0
164
126
0
167
126
0
170
126
0
173
126
0
176
126
0
179
126
0
182
126
0
184
126
0
186
126
0
189
126
0
191
126
0
193
126
0
195
126
0
197
126
0
199
126
0
201
126
0
202
126
0
204
126
0
205
126
0
207
126
0
208
126
0
210
126
0
211
126
0
212
126
0
213
126
0
214
126
0
216
126
0
217
126
0
218
126
0
219
126
0
219
126
0
220
126
0
221
126
0
222
126
0
223
126
0
224
126
0
224
102
12
225
125
6
226
126
0
226
115
11
227
5
4
227
122
14
228
36
6
228
186
15
229
145
6
229
91
15
230
110
5
230
126
13
231
222
2
231
66
10
231
30
16
232
198
5
232
67
12
233
126
0
233
22
6
233
202
11
233
30
16
234
33
4
234
35
9
234
238
13
235
126
0
235
146
4
235
199
8
235
207
12
235
30
16
236
5
2
236
143
5
236
243
8
236
50
12
236
78
15
237
126
0
237
201
2
237
132
5
237
33
8
237
162
10
237
7
13
237
83
15
238
126
0
238
126
0
238
126
0
238
126
0
238
126
0
238
126
0
238
126
0
238
126
0
238
126
0
238
126
0
238
126
0
239
126
0
239
245
0
239
53
2
239
104
3
239
142
4
239
167
5
239
180
6
239
182
7
239
173
8
239
154
9
239
124
10
239
85
11
239
37
12
239
236
12
239
170
13
239
97
14
/*end contains*/
/*loop1 ends*/
/*vtable partition: n_vtblsec,def_vtype(0:no used,1:vcount,0xff:100us timer)*/
1
1
/*loop3 for n_vtblsec*/
177  /*n_vidx*/
1   /*nbyte_entry*/
0   /*vmin*/
1   /*vtype*/
/*contains n_vidx * nbyte_entry*/
8
8
7
7
7
7
6
6
6
6
5
5
5
5
5
4
4
4
4
4
4
4
3
3
3
3
3
3
3
3
3
2
2
2
2
2
2
2
2
2
2
2
2
2
2
2
2
1
1
1
1
1
1
1
1
1
1
1
1
1
1
1
1
1
1
1
1
1
1
1
1
1
1
1
1
1
1
1
1
1
1
1
1
1
1
1
1
1
1
1
1
1
1
1
1
1
1
1
1
1
1
1
1
1
1
1
1
1
1
1
1
1
1
1
1
1
1
1
1
1
1
1
1
1
1
1
1
1
1
1
1
1
1
1
1
1
1
1
1
1
1
1
1
1
1
1
1
1
1
1
1
1
1
1
1
1
1
1
1
1
1
1
1
1
1
1
1
1
1
1
1
1
1
1
1
1
1
/*end contains*/
/*end loop3*/
/*error table: n_erridx, emin, err unit in "N"-th ev*/
0
0
64
/*contains, for n_erridx (SINT8)*/
/*end contains*/
/*loop2 ends*/
/*loop2 for n_tbl*/
177 /*n_entry*/
0    /*tblidx_min*/
0x40 /*sensorMode of this tbl*/
0  /*(SINT8)exp_tblidx0_unit*/
16 /*exp_tblidx_unit*/
1 /*n_burst_sec*/
/*template*/ /*nreg*/
0x10
0x40
0
0
/*template*/
0x1C
0x40
0x00
0x00
/*loop1 for n_burst_sec*/ /*long exp*/
177  /*n_burstidx*/
3  /*nbyte_entry*/
0  /*burstidx_min*/
2  /*n_op*/
/*loop0 for n_op*/
0   /*tmpl_reg: reg# in template, 0-based*/
0   /*entry_lsb: right shift table entry contain*/
16  /*reg_lsb: left shift to reg*/
8   /*nbit_mask*/ /*NOTE! LSB12->8*/
/*loop0 ends*/
/*loop1 for n_op*/
1   /*tmpl_reg: reg# in template, 0-based*/
8   /*entry_lsb: right shift table entry contain*/
16  /*reg_lsb: left shift to reg*/
16  /*nbit_mask*/ /*NOTE! LSB12->8*/
/*loop1 ends*/
/*contains for n_burstidx * nbyte_entry*/
222
233
4
49
126
0
102
126
0
142
37
3
171
126
0
188
126
0
194
66
5
190
55
5
176
43
5
153
126
0
120
41
1
78
66
5
29
126
0
210
126
0
144
66
5
71
66
5
231
126
0
144
229
1
51
126
0
191
126
0
85
66
5
213
66
5
97
37
5
215
126
0
88
190
4
196
126
0
60
189
2
159
126
0
14
66
5
105
80
2
192
126
0
36
126
0
115
66
5
192
126
0
25
66
5
95
66
5
162
66
5
226
66
5
49
126
0
107
66
5
164
126
0
217
66
5
30
135
3
79
66
5
127
126
0
172
80
3
215
66
5
18
167
1
58
126
0
96
126
0
132
66
5
167
66
5
201
126
0
233
126
0
24
66
5
54
126
0
82
126
0
109
126
0
135
126
0
159
66
5
183
29
1
206
126
0
227
66
5
9
252
2
29
234
0
48
184
1
66
66
5
84
126
0
100
66
5
116
66
5
132
126
0
146
66
5
160
66
5
174
116
1
187
126
0
199
66
5
211
183
2
222
66
5
233
66
5
5
126
0
14
66
5
24
4
3
33
48
5
42
126
0
50
66
5
58
66
5
66
237
0
73
66
5
80
66
5
87
226
2
93
66
5
100
126
0
106
126
0
111
66
5
117
126
0
122
126
0
127
126
0
132
126
0
136
192
4
140
66
5
145
126
0
149
126
0
152
66
5
156
66
5
160
126
0
163
154
3
166
66
5
169
66
5
172
66
5
175
66
5
178
126
0
180
66
5
183
153
1
185
66
5
188
126
0
190
126
0
192
126
0
194
126
0
196
126
0
198
126
0
199
66
5
201
245
3
203
126
0
204
66
5
206
126
0
207
219
4
208
66
5
210
126
0
211
245
2
212
66
5
213
66
5
214
66
5
215
66
5
216
66
5
217
66
5
218
66
5
219
66
5
220
35
4
221
148
0
222
126
0
222
66
5
223
150
4
224
126
0
224
66
5
225
163
3
226
126
0
226
66
5
227
126
0
227
66
5
228
126
0
228
66
5
229
126
0
229
66
5
230
126
0
230
114
2
230
66
5
231
126
0
231
115
4
231
66
5
232
126
0
232
250
3
232
66
5
233
126
0
233
83
1
233
66
5
233
66
5
234
126
0
234
247
0
234
255
4
234
66
5
235
126
0
235
126
0
235
35
1
235
98
4
235
66
5
235
66
5
236
126
0
/*end contains*/
/*loop1 ends*/
/*vtable partition: n_vtblsec,def_vtype(0:no used,1:vcount,0xff:100us timer)*/
1
1
/*loop3 for n_vtblsec*/
177  /*n_vidx*/
1   /*nbyte_entry*/
0   /*vmin*/
1   /*vtype*/
/*contains n_vidx * nbyte_entry*/
31
29
28
27
26
25
24
23
22
21
20
19
18
18
17
16
16
15
14
14
13
13
12
12
11
11
10
10
9
9
9
8
8
8
7
7
7
7
6
6
6
6
5
5
5
5
5
4
4
4
4
4
4
4
3
3
3
3
3
3
3
3
3
2
2
2
2
2
2
2
2
2
2
2
2
2
2
2
2
1
1
1
1
1
1
1
1
1
1
1
1
1
1
1
1
1
1
1
1
1
1
1
1
1
1
1
1
1
1
1
1
1
1
1
1
1
1
1
1
1
1
1
1
1
1
1
1
1
1
1
1
1
1
1
1
1
1
1
1
1
1
1
1
1
1
1
1
1
1
1
1
1
1
1
1
1
1
1
1
1
1
1
1
1
1
1
1
1
1
1
1
1
1
1
1
1
1
/*end contains*/
/*end loop3*/
/*error table: n_erridx, emin, err unit in "N"-th ev*/
0
0
64
/*contains, for n_erridx (SINT8)*/
/*end contains*/
/*loop2 ends*/
