  1.7320400e+001
  1.7320400e+001
  1.7320400e+001
  1.7320400e+001
  1.7320400e+001
  1.7320400e+001
  1.7320400e+001
  1.7320400e+001
  1.7320400e+001
  1.7320400e+001
  1.7320400e+001
  1.7620378e+001
  1.7920356e+001
  1.8220334e+001
  1.8520312e+001
  1.8820290e+001
  1.9120268e+001
  1.9420246e+001
  1.9720224e+001
  2.0020202e+001
  2.0320181e+001
  2.0620159e+001
  2.0920137e+001
  2.1220115e+001
  2.1520093e+001
  2.1820071e+001
  2.2120049e+001
  2.2420027e+001
  2.2720005e+001
  2.3019983e+001
  2.3319961e+001
  2.3619939e+001
  2.3919917e+001
  2.4219895e+001
  2.4519873e+001
  2.4819851e+001
  2.5119829e+001
  2.5419807e+001
  2.5719785e+001
  2.6019764e+001
  2.6319742e+001
  2.6619720e+001
  2.6919698e+001
  2.7219676e+001
  2.7519654e+001
  2.7819632e+001
  2.8119610e+001
  2.8419588e+001
  2.8719566e+001
  2.9019544e+001
  2.9319522e+001
  2.9619500e+001
  2.9919478e+001
  3.0219456e+001
  3.0519434e+001
  3.0819412e+001
  3.1119390e+001
  3.1419368e+001
  3.1719347e+001
  3.2019325e+001
  3.2319303e+001
  3.2619281e+001
  3.2919259e+001
  3.3219237e+001
  3.3519215e+001
  3.3819193e+001
  3.4119171e+001
  3.4419149e+001
  3.4719127e+001
  3.5019105e+001
  3.5319083e+001
  3.5619061e+001
  3.5919039e+001
  3.6219017e+001
  3.6518995e+001
  3.6818973e+001
  3.7118951e+001
  3.7418929e+001
  3.7718908e+001
  3.8018886e+001
  3.8318864e+001
  3.8618842e+001
  3.8918820e+001
  3.9218798e+001
  3.9518776e+001
  3.9818754e+001
  4.0118732e+001
  4.0418710e+001
  4.0718688e+001
  4.1018666e+001
  4.1318644e+001
  4.1618622e+001
  4.1918600e+001
  4.2218578e+001
  4.2518556e+001
  4.2818534e+001
  4.3118512e+001
  4.3418491e+001
  4.3718469e+001
  4.4018447e+001
  4.4318425e+001
  4.4618403e+001
  4.4496099e+001
  4.4299070e+001
  4.4102041e+001
  4.3905011e+001
  4.3707982e+001
  4.3510953e+001
  4.3313923e+001
  4.3116894e+001
  4.2919865e+001
  4.2722836e+001
  4.2525806e+001
  4.2328777e+001
  4.2131748e+001
  4.1934718e+001
  4.1737689e+001
  4.1540660e+001
  4.1343630e+001
  4.1146601e+001
  4.0949572e+001
  4.0752542e+001
  4.0555513e+001
  4.0358484e+001
  4.0161455e+001
  3.9964425e+001
  3.9767396e+001
  3.9570367e+001
  3.9373337e+001
  3.9176308e+001
  3.8979279e+001
  3.8782249e+001
  3.8585220e+001
  3.8388191e+001
  3.8191161e+001
  3.7994132e+001
  3.7797103e+001
  3.7600074e+001
  3.7403044e+001
  3.7206015e+001
  3.7008986e+001
  3.6811956e+001
  3.6614927e+001
  3.6417898e+001
  3.6220868e+001
  3.6023839e+001
  3.5826810e+001
  3.5629780e+001
  3.5432751e+001
  3.5235722e+001
  3.5038692e+001
  3.4841663e+001
  3.4644634e+001
  3.4447605e+001
  3.4250575e+001
  3.4053546e+001
  3.3856517e+001
  3.3659487e+001
  3.3462458e+001
  3.3265429e+001
  3.3068399e+001
  3.2871370e+001
  3.2674341e+001
  3.2477311e+001
  3.2280282e+001
  3.2083253e+001
  3.1886224e+001
  3.1689194e+001
  3.1492165e+001
  3.1295136e+001
  3.1098106e+001
  3.0901077e+001
  3.0704048e+001
  3.0507018e+001
  3.0309989e+001
  3.0112960e+001
  2.9915930e+001
  2.9718901e+001
  2.9521872e+001
  2.9324843e+001
  2.9127813e+001
  2.8930784e+001
  2.8733755e+001
  2.8536725e+001
  2.8339696e+001
  2.8142667e+001
  2.7945637e+001
  2.7748608e+001
  2.7551579e+001
  2.7354549e+001
  2.7157520e+001
  2.6960491e+001
  2.6763461e+001
  2.6566432e+001
  2.6369403e+001
  2.6172374e+001
  2.5975344e+001
  2.5778315e+001
  2.5581286e+001
  2.5384256e+001
  2.5187227e+001
  2.4990198e+001
  2.4793168e+001
  2.4596139e+001
  2.4399110e+001
  2.4202080e+001
  2.4005051e+001
  2.3808022e+001
  2.3610993e+001
  2.3413963e+001
  2.3216934e+001
  2.3019905e+001
  2.2822875e+001
  2.2625846e+001
  2.2428817e+001
  2.2231787e+001
  2.2034758e+001
  2.1837729e+001
  2.1640699e+001
  2.1443670e+001
  2.1246641e+001
  2.1049612e+001
  2.0852582e+001
  2.0655553e+001
  2.0458524e+001
  2.0261494e+001
  2.0064465e+001
  1.9867436e+001
  1.9670406e+001
  1.9473377e+001
  1.9276348e+001
  1.9079318e+001
  1.8882289e+001
  1.8685260e+001
  1.8488230e+001
  1.8291201e+001
  1.8094172e+001
  1.7897143e+001
  1.7700113e+001
  1.7503084e+001
  1.7306055e+001
  1.7109025e+001
  1.6911996e+001
  1.6714967e+001
  1.6517937e+001
  1.6320908e+001
  1.6123879e+001
  1.5926849e+001
  1.5729820e+001
  1.5532791e+001
  1.5335762e+001
  1.5138732e+001
  1.4941703e+001
  1.4744674e+001
  1.4547644e+001
  1.4350615e+001
