  2.4725600e+001
  2.4725600e+001
  2.4725600e+001
  2.4725600e+001
  2.4725600e+001
  2.4725600e+001
  2.4725600e+001
  2.4725600e+001
  2.4725600e+001
  2.4725600e+001
  2.4725600e+001
  2.5140039e+001
  2.5554478e+001
  2.5968917e+001
  2.6383356e+001
  2.6797795e+001
  2.7212234e+001
  2.7626673e+001
  2.8041112e+001
  2.8455551e+001
  2.8869990e+001
  2.9284429e+001
  2.9698868e+001
  3.0113307e+001
  3.0527746e+001
  3.0942185e+001
  3.1356624e+001
  3.1771063e+001
  3.2185502e+001
  3.2599941e+001
  3.3014380e+001
  3.3428819e+001
  3.3843258e+001
  3.4257697e+001
  3.4672136e+001
  3.5086575e+001
  3.5501014e+001
  3.5915453e+001
  3.6329892e+001
  3.6744331e+001
  3.7158770e+001
  3.7573209e+001
  3.7987648e+001
  3.8402087e+001
  3.8816526e+001
  3.9230965e+001
  3.9645404e+001
  4.0059843e+001
  4.0474282e+001
  4.0888721e+001
  4.1303160e+001
  4.1717599e+001
  4.2132038e+001
  4.2546477e+001
  4.2960916e+001
  4.3375355e+001
  4.3789794e+001
  4.4204233e+001
  4.4618672e+001
  4.5033111e+001
  4.5447550e+001
  4.5861989e+001
  4.6276428e+001
  4.6690867e+001
  4.7105306e+001
  4.7519745e+001
  4.7934184e+001
  4.8348623e+001
  4.8763062e+001
  4.9177501e+001
  4.9591940e+001
  5.0006379e+001
  5.0420818e+001
  5.0835257e+001
  5.1249696e+001
  5.1664135e+001
  5.2078574e+001
  5.2493013e+001
  5.2907452e+001
  5.3321891e+001
  5.3736330e+001
  5.4150769e+001
  5.4565208e+001
  5.4979647e+001
  5.5394086e+001
  5.5808525e+001
  5.6222964e+001
  5.6637403e+001
  5.7051842e+001
  5.7466281e+001
  5.7880720e+001
  5.8295159e+001
  5.8709598e+001
  5.9124037e+001
  5.9538476e+001
  5.9952915e+001
  6.0367354e+001
  6.0781793e+001
  6.1196232e+001
  6.1610671e+001
  6.2025110e+001
  6.2439549e+001
  6.2853988e+001
  6.2808189e+001
  6.2544609e+001
  6.2281028e+001
  6.2017448e+001
  6.1753868e+001
  6.1490288e+001
  6.1226708e+001
  6.0963128e+001
  6.0699547e+001
  6.0435967e+001
  6.0172387e+001
  5.9908807e+001
  5.9645227e+001
  5.9381647e+001
  5.9118067e+001
  5.8854486e+001
  5.8590906e+001
  5.8327326e+001
  5.8063746e+001
  5.7800166e+001
  5.7536586e+001
  5.7273006e+001
  5.7009425e+001
  5.6745845e+001
  5.6482265e+001
  5.6218685e+001
  5.5955105e+001
  5.5691525e+001
  5.5427945e+001
  5.5164364e+001
  5.4900784e+001
  5.4637204e+001
  5.4373624e+001
  5.4110044e+001
  5.3846464e+001
  5.3582884e+001
  5.3319303e+001
  5.3055723e+001
  5.2792143e+001
  5.2528563e+001
  5.2264983e+001
  5.2001403e+001
  5.1737822e+001
  5.1474242e+001
  5.1210662e+001
  5.0947082e+001
  5.0683502e+001
  5.0419922e+001
  5.0156342e+001
  4.9892761e+001
  4.9629181e+001
  4.9365601e+001
  4.9102021e+001
  4.8838441e+001
  4.8574861e+001
  4.8311281e+001
  4.8047700e+001
  4.7784120e+001
  4.7520540e+001
  4.7256960e+001
  4.6993380e+001
  4.6729800e+001
  4.6466220e+001
  4.6202639e+001
  4.5939059e+001
  4.5675479e+001
  4.5411899e+001
  4.5148319e+001
  4.4884739e+001
  4.4621159e+001
  4.4357578e+001
  4.4093998e+001
  4.3830418e+001
  4.3566838e+001
  4.3303258e+001
  4.3039678e+001
  4.2776098e+001
  4.2512517e+001
  4.2248937e+001
  4.1985357e+001
  4.1721777e+001
  4.1458197e+001
  4.1194617e+001
  4.0931036e+001
  4.0667456e+001
  4.0403876e+001
  4.0140296e+001
  3.9876716e+001
  3.9613136e+001
  3.9349556e+001
  3.9085975e+001
  3.8822395e+001
  3.8558815e+001
  3.8295235e+001
  3.8031655e+001
  3.7768075e+001
  3.7504495e+001
  3.7240914e+001
  3.6977334e+001
  3.6713754e+001
  3.6450174e+001
  3.6186594e+001
  3.5923014e+001
  3.5659434e+001
  3.5395853e+001
  3.5132273e+001
  3.4868693e+001
  3.4605113e+001
  3.4341533e+001
  3.4077953e+001
  3.3814373e+001
  3.3550792e+001
  3.3287212e+001
  3.3023632e+001
  3.2760052e+001
  3.2496472e+001
  3.2232892e+001
  3.1969312e+001
  3.1705731e+001
  3.1442151e+001
  3.1178571e+001
  3.0914991e+001
  3.0651411e+001
  3.0387831e+001
  3.0124250e+001
  2.9860670e+001
  2.9597090e+001
  2.9333510e+001
  2.9069930e+001
  2.8806350e+001
  2.8542770e+001
  2.8279189e+001
  2.8015609e+001
  2.7752029e+001
  2.7488449e+001
  2.7224869e+001
  2.6961289e+001
  2.6697709e+001
  2.6434128e+001
  2.6170548e+001
  2.5906968e+001
  2.5643388e+001
  2.5379808e+001
  2.5116228e+001
  2.4852648e+001
  2.4589067e+001
  2.4325487e+001
  2.4061907e+001
  2.3798327e+001
  2.3534747e+001
  2.3271167e+001
  2.3007587e+001
  2.2744006e+001
