  5.2854800e+001
  5.2854800e+001
  5.2854800e+001
  5.2854800e+001
  5.2854800e+001
  5.2854800e+001
  5.2854800e+001
  5.2854800e+001
  5.2854800e+001
  5.2854800e+001
  5.2854800e+001
  5.3043341e+001
  5.3797503e+001
  5.4551665e+001
  5.5305828e+001
  5.6059990e+001
  5.6814153e+001
  5.7568315e+001
  5.8322477e+001
  5.9076640e+001
  5.9830802e+001
  6.0584964e+001
  6.1339127e+001
  6.2093289e+001
  6.2847452e+001
  6.3601614e+001
  6.4355776e+001
  6.5109939e+001
  6.5864101e+001
  6.6618263e+001
  6.7372426e+001
  6.8126588e+001
  6.8880751e+001
  6.9634913e+001
  7.0389075e+001
  7.1143238e+001
  7.1897400e+001
  7.2651563e+001
  7.3405725e+001
  7.4159887e+001
  7.4914050e+001
  7.5668212e+001
  7.6422374e+001
  7.7176537e+001
  7.7930699e+001
  7.8684862e+001
  7.9439024e+001
  8.0193186e+001
  8.0947349e+001
  8.1701511e+001
  8.2455673e+001
  8.3209836e+001
  8.3963998e+001
  8.4718161e+001
  8.5472323e+001
  8.6226485e+001
  8.6980648e+001
  8.7734810e+001
  8.8488973e+001
  8.9243135e+001
  8.9997297e+001
  9.0751460e+001
  9.1505622e+001
  9.2259784e+001
  9.3013947e+001
  9.3768109e+001
  9.4522272e+001
  9.5276434e+001
  9.6030596e+001
  9.6784759e+001
  9.7538921e+001
  9.8293083e+001
  9.9047246e+001
  9.9801408e+001
  1.0055557e+002
  1.0130973e+002
  1.0206390e+002
  1.0281806e+002
  1.0357222e+002
  1.0432638e+002
  1.0508054e+002
  1.0583471e+002
  1.0658887e+002
  1.0734303e+002
  1.0809719e+002
  1.0885136e+002
  1.0960552e+002
  1.1035968e+002
  1.1111384e+002
  1.1186801e+002
  1.1262217e+002
  1.1337633e+002
  1.1413049e+002
  1.1488466e+002
  1.1563882e+002
  1.1639298e+002
  1.1714714e+002
  1.1790131e+002
  1.1865547e+002
  1.1940963e+002
  1.2016379e+002
  1.2091795e+002
  1.2167212e+002
  1.2242628e+002
  1.2318044e+002
  1.2393460e+002
  1.2468877e+002
  1.2544293e+002
  1.2619709e+002
  1.2695125e+002
  1.2694630e+002
  1.2637155e+002
  1.2579679e+002
  1.2522204e+002
  1.2464728e+002
  1.2407253e+002
  1.2349777e+002
  1.2292302e+002
  1.2234826e+002
  1.2177351e+002
  1.2119875e+002
  1.2062400e+002
  1.2004924e+002
  1.1947449e+002
  1.1889973e+002
  1.1832498e+002
  1.1775022e+002
  1.1717547e+002
  1.1660071e+002
  1.1602596e+002
  1.1545120e+002
  1.1487645e+002
  1.1430169e+002
  1.1372694e+002
  1.1315218e+002
  1.1257743e+002
  1.1200267e+002
  1.1142792e+002
  1.1085316e+002
  1.1027841e+002
  1.0970365e+002
  1.0912890e+002
  1.0855414e+002
  1.0797939e+002
  1.0740463e+002
  1.0682988e+002
  1.0625512e+002
  1.0568037e+002
  1.0510561e+002
  1.0453086e+002
  1.0395610e+002
  1.0338135e+002
  1.0280659e+002
  1.0223184e+002
  1.0165708e+002
  1.0108233e+002
  1.0050757e+002
  9.9932818e+001
  9.9358063e+001
  9.8783308e+001
  9.8208553e+001
  9.7633798e+001
  9.7059043e+001
  9.6484288e+001
  9.5909533e+001
  9.5334778e+001
  9.4760023e+001
  9.4185268e+001
  9.3610513e+001
  9.3035758e+001
  9.2461003e+001
  9.1886248e+001
  9.1311494e+001
  9.0736739e+001
  9.0161984e+001
  8.9587229e+001
  8.9012474e+001
  8.8437719e+001
  8.7862964e+001
  8.7288209e+001
  8.6713454e+001
  8.6138699e+001
  8.5563944e+001
  8.4989189e+001
  8.4414434e+001
  8.3839679e+001
  8.3264924e+001
  8.2690169e+001
  8.2115414e+001
  8.1540659e+001
  8.0965904e+001
  8.0391149e+001
  7.9816395e+001
  7.9241640e+001
  7.8666885e+001
  7.8092130e+001
  7.7517375e+001
  7.6942620e+001
  7.6367865e+001
  7.5793110e+001
  7.5218355e+001
  7.4643600e+001
  7.4068845e+001
  7.3494090e+001
  7.2919335e+001
  7.2344580e+001
  7.1769825e+001
  7.1195070e+001
  7.0620315e+001
  7.0045560e+001
  6.9470805e+001
  6.8896051e+001
  6.8321296e+001
  6.7746541e+001
  6.7171786e+001
  6.6597031e+001
  6.6022276e+001
  6.5447521e+001
  6.4872766e+001
  6.4298011e+001
  6.3723256e+001
  6.3148501e+001
  6.2573746e+001
  6.1998991e+001
  6.1424236e+001
  6.0849481e+001
  6.0274726e+001
  5.9699971e+001
  5.9125216e+001
  5.8550461e+001
  5.7975706e+001
  5.7400952e+001
  5.6826197e+001
  5.6251442e+001
  5.5676687e+001
  5.5101932e+001
  5.4527177e+001
  5.3952422e+001
  5.3377667e+001
  5.2802912e+001
  5.2228157e+001
  5.1653402e+001
  5.1078647e+001
  5.0503892e+001
  4.9929137e+001
  4.9354382e+001
  4.8779627e+001
  4.8204872e+001
  4.7630117e+001
  4.7055362e+001
  4.6480608e+001
  4.5905853e+001
  4.5331098e+001
  4.4756343e+001
  4.4181588e+001
  4.3606833e+001
