  1.3872200e+001
  1.3872200e+001
  1.3872200e+001
  1.3872200e+001
  1.3872200e+001
  1.3872200e+001
  1.3872200e+001
  1.3872200e+001
  1.3872200e+001
  1.3872200e+001
  1.3872200e+001
  1.4099611e+001
  1.4327022e+001
  1.4554433e+001
  1.4781844e+001
  1.5009255e+001
  1.5236666e+001
  1.5464077e+001
  1.5691488e+001
  1.5918899e+001
  1.6146310e+001
  1.6373721e+001
  1.6601132e+001
  1.6828543e+001
  1.7055954e+001
  1.7283365e+001
  1.7510775e+001
  1.7738186e+001
  1.7965597e+001
  1.8193008e+001
  1.8420419e+001
  1.8647830e+001
  1.8875241e+001
  1.9102652e+001
  1.9330063e+001
  1.9557474e+001
  1.9784885e+001
  2.0012296e+001
  2.0239707e+001
  2.0467118e+001
  2.0694529e+001
  2.0921940e+001
  2.1149351e+001
  2.1376762e+001
  2.1604173e+001
  2.1831584e+001
  2.2058995e+001
  2.2286406e+001
  2.2513817e+001
  2.2741228e+001
  2.2968639e+001
  2.3196050e+001
  2.3423461e+001
  2.3650872e+001
  2.3878283e+001
  2.4105694e+001
  2.4333104e+001
  2.4560515e+001
  2.4787926e+001
  2.5015337e+001
  2.5242748e+001
  2.5470159e+001
  2.5697570e+001
  2.5924981e+001
  2.6152392e+001
  2.6379803e+001
  2.6607214e+001
  2.6834625e+001
  2.7062036e+001
  2.7289447e+001
  2.7516858e+001
  2.7744269e+001
  2.7971680e+001
  2.8199091e+001
  2.8426502e+001
  2.8653913e+001
  2.8881324e+001
  2.9108735e+001
  2.9336146e+001
  2.9563557e+001
  2.9790968e+001
  3.0018379e+001
  3.0245790e+001
  3.0473201e+001
  3.0700612e+001
  3.0928023e+001
  3.1155434e+001
  3.1382844e+001
  3.1610255e+001
  3.1837666e+001
  3.2065077e+001
  3.2292488e+001
  3.2519899e+001
  3.2747310e+001
  3.2974721e+001
  3.3202132e+001
  3.3429543e+001
  3.3656954e+001
  3.3884365e+001
  3.4111776e+001
  3.4339187e+001
  3.4566598e+001
  3.4794009e+001
  3.5021420e+001
  3.5248831e+001
  3.5476242e+001
  3.5703653e+001
  3.5931064e+001
  3.6158475e+001
  3.6385886e+001
  3.6613297e+001
  3.6840708e+001
  3.6831986e+001
  3.6639962e+001
  3.6447938e+001
  3.6255914e+001
  3.6063890e+001
  3.5871866e+001
  3.5679842e+001
  3.5487818e+001
  3.5295794e+001
  3.5103770e+001
  3.4911746e+001
  3.4719722e+001
  3.4527698e+001
  3.4335674e+001
  3.4143650e+001
  3.3951626e+001
  3.3759602e+001
  3.3567578e+001
  3.3375554e+001
  3.3183530e+001
  3.2991506e+001
  3.2799481e+001
  3.2607457e+001
  3.2415433e+001
  3.2223409e+001
  3.2031385e+001
  3.1839361e+001
  3.1647337e+001
  3.1455313e+001
  3.1263289e+001
  3.1071265e+001
  3.0879241e+001
  3.0687217e+001
  3.0495193e+001
  3.0303169e+001
  3.0111145e+001
  2.9919121e+001
  2.9727097e+001
  2.9535073e+001
  2.9343049e+001
  2.9151025e+001
  2.8959001e+001
  2.8766976e+001
  2.8574952e+001
  2.8382928e+001
  2.8190904e+001
  2.7998880e+001
  2.7806856e+001
  2.7614832e+001
  2.7422808e+001
  2.7230784e+001
  2.7038760e+001
  2.6846736e+001
  2.6654712e+001
  2.6462688e+001
  2.6270664e+001
  2.6078640e+001
  2.5886616e+001
  2.5694592e+001
  2.5502568e+001
  2.5310544e+001
  2.5118520e+001
  2.4926495e+001
  2.4734471e+001
  2.4542447e+001
  2.4350423e+001
  2.4158399e+001
  2.3966375e+001
  2.3774351e+001
  2.3582327e+001
  2.3390303e+001
  2.3198279e+001
  2.3006255e+001
  2.2814231e+001
  2.2622207e+001
  2.2430183e+001
  2.2238159e+001
  2.2046135e+001
  2.1854111e+001
  2.1662087e+001
  2.1470063e+001
  2.1278039e+001
  2.1086015e+001
  2.0893990e+001
  2.0701966e+001
  2.0509942e+001
  2.0317918e+001
  2.0125894e+001
  1.9933870e+001
  1.9741846e+001
  1.9549822e+001
  1.9357798e+001
  1.9165774e+001
  1.8973750e+001
  1.8781726e+001
  1.8589702e+001
  1.8397678e+001
  1.8205654e+001
  1.8013630e+001
  1.7821606e+001
  1.7629582e+001
  1.7437558e+001
  1.7245534e+001
  1.7053510e+001
  1.6861485e+001
  1.6669461e+001
  1.6477437e+001
  1.6285413e+001
  1.6093389e+001
  1.5901365e+001
  1.5709341e+001
  1.5517317e+001
  1.5325293e+001
  1.5133269e+001
  1.4941245e+001
  1.4749221e+001
  1.4557197e+001
  1.4365173e+001
  1.4173149e+001
  1.3981125e+001
  1.3789101e+001
  1.3597077e+001
  1.3405053e+001
  1.3213029e+001
  1.3021005e+001
  1.2985000e+001
  1.2985000e+001
  1.2985000e+001
  1.2985000e+001
  1.2985000e+001
  1.2985000e+001
  1.2985000e+001
  1.2985000e+001
  1.2985000e+001
  1.2985000e+001
  1.2985000e+001
  1.2985000e+001
  1.2985000e+001
  1.2985000e+001
  1.2985000e+001
  1.2985000e+001
  1.2985000e+001
  1.2985000e+001
  1.2985000e+001
