  7.6436000e+000
  7.6436000e+000
  7.6436000e+000
  7.6436000e+000
  7.6436000e+000
  7.6436000e+000
  7.6436000e+000
  7.6436000e+000
  7.6436000e+000
  7.6436000e+000
  7.6436000e+000
  7.8239293e+000
  8.0042586e+000
  8.1845879e+000
  8.3649172e+000
  8.5452465e+000
  8.7255758e+000
  8.9059051e+000
  9.0862344e+000
  9.2665637e+000
  9.4468930e+000
  9.6272223e+000
  9.8075516e+000
  9.9878809e+000
  1.0168210e+001
  1.0348539e+001
  1.0528869e+001
  1.0709198e+001
  1.0889527e+001
  1.1069857e+001
  1.1250186e+001
  1.1430515e+001
  1.1610845e+001
  1.1791174e+001
  1.1971503e+001
  1.2151832e+001
  1.2332162e+001
  1.2512491e+001
  1.2692820e+001
  1.2873150e+001
  1.3053479e+001
  1.3233808e+001
  1.3414137e+001
  1.3594467e+001
  1.3774796e+001
  1.3955125e+001
  1.4135455e+001
  1.4315784e+001
  1.4496113e+001
  1.4676443e+001
  1.4856772e+001
  1.5037101e+001
  1.5217430e+001
  1.5397760e+001
  1.5578089e+001
  1.5758418e+001
  1.5938748e+001
  1.6119077e+001
  1.6299406e+001
  1.6479736e+001
  1.6660065e+001
  1.6840394e+001
  1.7020723e+001
  1.7201053e+001
  1.7381382e+001
  1.7561711e+001
  1.7742041e+001
  1.7922370e+001
  1.8102699e+001
  1.8283029e+001
  1.8463358e+001
  1.8643687e+001
  1.8824016e+001
  1.9004346e+001
  1.9184675e+001
  1.9365004e+001
  1.9545334e+001
  1.9725663e+001
  1.9905992e+001
  2.0086321e+001
  2.0266651e+001
  2.0446980e+001
  2.0627309e+001
  2.0807639e+001
  2.0987968e+001
  2.1168297e+001
  2.1348627e+001
  2.1528956e+001
  2.1709285e+001
  2.1889614e+001
  2.2069944e+001
  2.2250273e+001
  2.2430602e+001
  2.2610932e+001
  2.2791261e+001
  2.2971590e+001
  2.3151920e+001
  2.3332249e+001
  2.3512578e+001
  2.3692907e+001
  2.3873237e+001
  2.4053566e+001
  2.4233895e+001
  2.4414225e+001
  2.4594554e+001
  2.4774883e+001
  2.4955212e+001
  2.5135542e+001
  2.5315871e+001
  2.5496200e+001
  2.5676530e+001
  2.5856859e+001
  2.6037188e+001
  2.5906022e+001
  2.5714048e+001
  2.5522075e+001
  2.5330101e+001
  2.5138128e+001
  2.4946154e+001
  2.4754181e+001
  2.4562207e+001
  2.4370234e+001
  2.4178260e+001
  2.3986287e+001
  2.3794313e+001
  2.3602340e+001
  2.3410366e+001
  2.3218393e+001
  2.3026419e+001
  2.2834446e+001
  2.2642472e+001
  2.2450499e+001
  2.2258525e+001
  2.2066552e+001
  2.1874578e+001
  2.1682605e+001
  2.1490631e+001
  2.1298658e+001
  2.1106685e+001
  2.0914711e+001
  2.0722738e+001
  2.0530764e+001
  2.0338791e+001
  2.0146817e+001
  1.9954844e+001
  1.9762870e+001
  1.9570897e+001
  1.9378923e+001
  1.9186950e+001
  1.8994976e+001
  1.8803003e+001
  1.8611029e+001
  1.8419056e+001
  1.8227082e+001
  1.8035109e+001
  1.7843135e+001
  1.7651162e+001
  1.7459188e+001
  1.7267215e+001
  1.7075241e+001
  1.6883268e+001
  1.6691294e+001
  1.6499321e+001
  1.6307348e+001
  1.6115374e+001
  1.5923401e+001
  1.5731427e+001
  1.5539454e+001
  1.5347480e+001
  1.5155507e+001
  1.4963533e+001
  1.4771560e+001
  1.4579586e+001
  1.4387613e+001
  1.4195639e+001
  1.4003666e+001
  1.3811692e+001
  1.3619719e+001
  1.3427745e+001
  1.3235772e+001
  1.3043798e+001
  1.2851825e+001
  1.2659851e+001
  1.2467878e+001
  1.2275904e+001
  1.2083931e+001
  1.1891957e+001
  1.1699984e+001
  1.1508010e+001
  1.1316037e+001
  1.1124064e+001
  1.0932090e+001
  1.0740117e+001
  1.0548143e+001
  1.0356170e+001
  1.0164196e+001
  9.9722227e+000
  9.7802492e+000
  9.5882757e+000
  9.3963022e+000
  9.2043287e+000
  9.0123552e+000
  8.8203818e+000
  8.6284083e+000
  8.4364348e+000
  8.2444613e+000
  8.0524878e+000
  7.8605144e+000
  7.6685409e+000
  7.4765674e+000
  7.2845939e+000
  7.0926204e+000
  6.9006470e+000
  6.7086735e+000
  6.5167000e+000
  6.5167000e+000
  6.5167000e+000
  6.5167000e+000
  6.5167000e+000
  6.5167000e+000
  6.5167000e+000
  6.5167000e+000
  6.5167000e+000
  6.5167000e+000
  6.5167000e+000
  6.5167000e+000
  6.5167000e+000
  6.5167000e+000
  6.5167000e+000
  6.5167000e+000
  6.5167000e+000
  6.5167000e+000
  6.5167000e+000
  6.5167000e+000
  6.5167000e+000
  6.5167000e+000
  6.5167000e+000
  6.5167000e+000
  6.5167000e+000
  6.5167000e+000
  6.5167000e+000
  6.5167000e+000
  6.5167000e+000
  6.5167000e+000
  6.5167000e+000
  6.5167000e+000
  6.5167000e+000
  6.5167000e+000
  6.5167000e+000
  6.5167000e+000
  6.5167000e+000
  6.5167000e+000
  6.5167000e+000
  6.5167000e+000
  6.5167000e+000
  6.5167000e+000
