  5.2610200e+001
  5.2610200e+001
  5.2610200e+001
  5.2610200e+001
  5.2610200e+001
  5.2610200e+001
  5.2610200e+001
  5.2610200e+001
  5.2610200e+001
  5.2610200e+001
  5.2610200e+001
  5.3399085e+001
  5.4187969e+001
  5.4976854e+001
  5.5765738e+001
  5.6554623e+001
  5.7343507e+001
  5.8132392e+001
  5.8921277e+001
  5.9710161e+001
  6.0499046e+001
  6.1287930e+001
  6.2076815e+001
  6.2865699e+001
  6.3654584e+001
  6.4443468e+001
  6.5232353e+001
  6.6021238e+001
  6.6810122e+001
  6.7599007e+001
  6.8387891e+001
  6.9176776e+001
  6.9965660e+001
  7.0754545e+001
  7.1543430e+001
  7.2332314e+001
  7.3121199e+001
  7.3910083e+001
  7.4698968e+001
  7.5487852e+001
  7.6276737e+001
  7.7065622e+001
  7.7854506e+001
  7.8643391e+001
  7.9432275e+001
  8.0221160e+001
  8.1010044e+001
  8.1798929e+001
  8.2587814e+001
  8.3376698e+001
  8.4165583e+001
  8.4954467e+001
  8.5743352e+001
  8.6532236e+001
  8.7321121e+001
  8.8110005e+001
  8.8898890e+001
  8.9687775e+001
  9.0476659e+001
  9.1265544e+001
  9.2054428e+001
  9.2843313e+001
  9.3632197e+001
  9.4421082e+001
  9.5209967e+001
  9.5998851e+001
  9.6787736e+001
  9.7576620e+001
  9.8365505e+001
  9.9154389e+001
  9.9943274e+001
  1.0073216e+002
  1.0152104e+002
  1.0230993e+002
  1.0309881e+002
  1.0388770e+002
  1.0467658e+002
  1.0546547e+002
  1.0625435e+002
  1.0704324e+002
  1.0783212e+002
  1.0862100e+002
  1.0940989e+002
  1.1019877e+002
  1.1098766e+002
  1.1177654e+002
  1.1256543e+002
  1.1335431e+002
  1.1414320e+002
  1.1493208e+002
  1.1572097e+002
  1.1650985e+002
  1.1729873e+002
  1.1808762e+002
  1.1887650e+002
  1.1966539e+002
  1.2045427e+002
  1.2124316e+002
  1.2203204e+002
  1.2241997e+002
  1.2189731e+002
  1.2137465e+002
  1.2085200e+002
  1.2032934e+002
  1.1980668e+002
  1.1928402e+002
  1.1876137e+002
  1.1823871e+002
  1.1771605e+002
  1.1719339e+002
  1.1667074e+002
  1.1614808e+002
  1.1562542e+002
  1.1510276e+002
  1.1458011e+002
  1.1405745e+002
  1.1353479e+002
  1.1301213e+002
  1.1248948e+002
  1.1196682e+002
  1.1144416e+002
  1.1092150e+002
  1.1039885e+002
  1.0987619e+002
  1.0935353e+002
  1.0883087e+002
  1.0830822e+002
  1.0778556e+002
  1.0726290e+002
  1.0674024e+002
  1.0621759e+002
  1.0569493e+002
  1.0517227e+002
  1.0464961e+002
  1.0412696e+002
  1.0360430e+002
  1.0308164e+002
  1.0255898e+002
  1.0203633e+002
  1.0151367e+002
  1.0099101e+002
  1.0046835e+002
  9.9945695e+001
  9.9423037e+001
  9.8900380e+001
  9.8377722e+001
  9.7855065e+001
  9.7332407e+001
  9.6809749e+001
  9.6287092e+001
  9.5764434e+001
  9.5241777e+001
  9.4719119e+001
  9.4196462e+001
  9.3673804e+001
  9.3151147e+001
  9.2628489e+001
  9.2105832e+001
  9.1583174e+001
  9.1060516e+001
  9.0537859e+001
  9.0015201e+001
  8.9492544e+001
  8.8969886e+001
  8.8447229e+001
  8.7924571e+001
  8.7401914e+001
  8.6879256e+001
  8.6356598e+001
  8.5833941e+001
  8.5311283e+001
  8.4788626e+001
  8.4265968e+001
  8.3743311e+001
  8.3220653e+001
  8.2697996e+001
  8.2175338e+001
  8.1652680e+001
  8.1130023e+001
  8.0607365e+001
  8.0084708e+001
  7.9562050e+001
  7.9039393e+001
  7.8516735e+001
  7.7994078e+001
  7.7471420e+001
  7.6948763e+001
  7.6426105e+001
  7.5903447e+001
  7.5380790e+001
  7.4858132e+001
  7.4335475e+001
  7.3812817e+001
  7.3290160e+001
  7.2767502e+001
  7.2244845e+001
  7.1722187e+001
  7.1199529e+001
  7.0676872e+001
  7.0154214e+001
  6.9631557e+001
  6.9108899e+001
  6.8586242e+001
  6.8063584e+001
  6.7540927e+001
  6.7018269e+001
  6.6495611e+001
  6.5972954e+001
  6.5450296e+001
  6.4927639e+001
  6.4404981e+001
  6.3882324e+001
  6.3359666e+001
  6.2837009e+001
  6.2314351e+001
  6.1791694e+001
  6.1269036e+001
  6.0746378e+001
  6.0223721e+001
  5.9701063e+001
  5.9178406e+001
  5.8655748e+001
  5.8133091e+001
  5.7610433e+001
  5.7087776e+001
  5.6565118e+001
  5.6042460e+001
  5.5519803e+001
  5.4997145e+001
  5.4474488e+001
  5.3951830e+001
  5.3429173e+001
  5.2906515e+001
  5.2383858e+001
  5.1861200e+001
  5.1338542e+001
  5.0815885e+001
  5.0293227e+001
  4.9770570e+001
  4.9247912e+001
  4.8725255e+001
  4.8202597e+001
  4.7679940e+001
  4.7157282e+001
  4.6634625e+001
  4.6111967e+001
  4.5589309e+001
  4.5066652e+001
  4.4543994e+001
  4.4021337e+001
  4.3498679e+001
  4.2976022e+001
  4.2453364e+001
  4.1930707e+001
  4.1408049e+001
  4.0885391e+001
