 800	 800	 800	 800	
12992	12181	11051	12181	
11689	10976	9992	10976	
10386	9772	8934	9772	
9083	8567	7875	8567	
8253	7798	7159	7798	
7680	7255	6691	7255	
7171	6783	6272	6783	
6714	6363	5927	6363	
6370	6056	5680	6056	
6168	5864	5510	5864	
6010	5725	5398	5725	
5888	5608	5298	5608	
5810	5529	5234	5529	
5735	5466	5196	5466	
5761	5483	5207	5483	
5785	5506	5244	5506	
5820	5540	5265	5540	
5882	5587	5306	5587	
5954	5645	5357	5645	
6025	5705	5412	5705	
6092	5753	5444	5753	
6239	5855	5527	5855	
6431	6028	5678	6028	
6652	6223	5850	6223	
6941	6454	6051	6454	
7261	6732	6308	6732	
7634	7051	6584	7051	
8083	7443	6934	7443	
8766	8048	7444	8048	
9735	8881	8194	8881	
11012	10006	9185	10006	
12730	11466	10525	11466	
11507	10828	9911	10828	
10452	9844	9031	9844	
9396	8860	8152	8860	
8341	7876	7273	7876	
7652	7223	6688	7223	
7120	6747	6269	6747	
6698	6348	5919	6348	
6327	6006	5636	6006	
6080	5780	5455	5780	
5901	5616	5307	5616	
5761	5475	5194	5475	
5637	5368	5107	5368	
5563	5305	5055	5305	
5519	5269	5035	5269	
5527	5270	5048	5270	
5555	5296	5065	5296	
5628	5353	5128	5353	
5688	5410	5185	5410	
5762	5474	5244	5474	
5833	5523	5277	5523	
5899	5569	5309	5569	
6013	5655	5379	5655	
6183	5800	5496	5800	
6401	5979	5657	5979	
6649	6190	5831	6190	
6950	6444	6061	6444	
7316	6758	6333	6758	
7708	7098	6633	7098	
8223	7547	7029	7547	
8985	8211	7617	8211	
10059	9151	8457	9151	
11235	10184	9385	10184	
11271	10600	9679	10600	
9901	9335	8565	9335	
8531	8071	7450	8071	
7679	7282	6746	7282	
7068	6707	6250	6707	
6618	6286	5882	6286	
6253	5938	5579	5938	
5963	5686	5369	5686	
5766	5497	5209	5497	
5597	5339	5077	5339	
5455	5215	4972	5215	
5369	5133	4917	5133	
5301	5076	4872	5076	
5268	5055	4856	5055	
5288	5072	4883	5072	
5307	5083	4897	5083	
5349	5124	4938	5124	
5447	5204	5017	5204	
5527	5269	5082	5269	
5543	5280	5074	5280	
5661	5361	5144	5361	
5767	5455	5222	5455	
5906	5553	5293	5553	
6121	5730	5440	5730	
6356	5931	5613	5931	
6612	6143	5791	6143	
6937	6428	6040	6428	
7314	6759	6338	6759	
7776	7153	6678	7153	
8306	7625	7095	7625	
9190	8389	7784	8389	
10233	9273	8563	9273	
10516	9918	9056	9918	
9050	8534	7847	8534	
7933	7506	6949	7506	
7217	6848	6366	6848	
6684	6350	5930	6350	
6271	5965	5601	5965	
5941	5664	5351	5664	
5697	5440	5165	5440	
5497	5259	5012	5259	
5334	5111	4894	5111	
5216	5007	4811	5007	
5146	4945	4764	4945	
5099	4897	4732	4897	
5064	4873	4711	4873	
5071	4879	4730	4879	
5087	4895	4742	4895	
5112	4914	4765	4914	
5187	4975	4829	4975	
5269	5054	4905	5054	
5343	5117	4964	5117	
5452	5202	5026	5202	
5589	5307	5110	5307	
5734	5421	5200	5421	
5904	5547	5311	5547	
6134	5734	5450	5734	
6363	5928	5617	5928	
6650	6171	5824	6171	
7018	6478	6088	6478	
7442	6851	6412	6851	
7928	7270	6786	7270	
8628	7879	7319	7879	
9581	8706	8029	8706	
9539	9019	8239	9019	
8397	7946	7318	7946	
7467	7086	6572	7086	
6842	6503	6070	6503	
6379	6065	5685	6065	
6000	5719	5385	5719	
5697	5449	5173	5449	
5466	5243	5003	5243	
5269	5062	4851	5062	
5115	4927	4745	4927	
5010	4829	4671	4829	
4945	4770	4621	4770	
4902	4735	4597	4735	
4856	4696	4562	4696	
4850	4686	4567	4686	
4861	4691	4573	4691	
4877	4708	4594	4708	
4943	4770	4662	4770	
5047	4869	4759	4869	
5166	4975	4846	4975	
5274	5045	4904	5045	
5409	5152	4991	5152	
5569	5271	5083	5271	
5751	5414	5201	5414	
5937	5554	5295	5554	
6170	5763	5472	5763	
6430	5968	5650	5968	
6742	6239	5883	6239	
7160	6601	6198	6601	
7628	7006	6549	7006	
8230	7541	6997	7541	
9012	8221	7571	8221	
8804	8362	7687	8362	
7892	7492	6924	7492	
7102	6753	6289	6753	
6539	6235	5835	6235	
6106	5826	5483	5826	
5754	5509	5223	5509	
5478	5261	5022	5261	
5249	5057	4860	5057	
5065	4889	4723	4889	
4929	4771	4623	4771	
4809	4667	4539	4667	
4740	4602	4494	4602	
4696	4567	4471	4567	
4670	4542	4447	4542	
4660	4537	4455	4537	
4665	4537	4449	4537	
4692	4562	4487	4562	
4749	4617	4544	4617	
4840	4704	4625	4704	
4976	4811	4722	4811	
5098	4912	4806	4912	
5213	4994	4874	4994	
5367	5111	4953	5111	
5560	5264	5081	5264	
5736	5406	5182	5406	
5971	5584	5326	5584	
6238	5808	5524	5808	
6527	6057	5736	6057	
6905	6379	6009	6379	
7337	6772	6347	6772	
7915	7270	6775	7270	
8550	7817	7242	7817	
8279	7888	7288	7888	
7494	7132	6608	7132	
6813	6500	6069	6500	
6301	6021	5653	6021	
5867	5627	5324	5627	
5566	5352	5098	5352	
5291	5106	4906	5106	
5062	4906	4738	4906	
4871	4735	4601	4735	
4754	4626	4511	4626	
4646	4530	4432	4530	
4566	4461	4382	4461	
4517	4420	4352	4420	
4491	4402	4340	4402	
4499	4409	4361	4409	
4520	4429	4383	4429	
4543	4452	4408	4452	
4601	4498	4462	4498	
4665	4550	4493	4550	
4781	4652	4583	4652	
4924	4770	4686	4770	
5045	4859	4760	4859	
5214	4983	4849	4983	
5403	5141	4983	5141	
5591	5279	5086	5279	
5799	5440	5209	5440	
6050	5657	5395	5657	
6340	5903	5602	5903	
6692	6202	5855	6202	
7123	6573	6178	6573	
7639	7039	6570	7039	
8176	7515	6972	7515	
7930	7564	6970	7564	
7203	6871	6380	6871	
6569	6274	5873	6274	
6084	5823	5488	5823	
5686	5465	5187	5465	
5401	5209	4986	5209	
5146	4981	4808	4981	
4933	4798	4653	4798	
4740	4620	4509	4620	
4614	4503	4406	4503	
4506	4411	4336	4411	
4425	4346	4297	4346	
4379	4313	4275	4313	
4371	4308	4276	4308	
4391	4332	4301	4332	
4430	4364	4335	4364	
4446	4376	4353	4376	
4496	4417	4393	4417	
4561	4469	4437	4469	
4633	4522	4478	4522	
4773	4645	4583	4645	
4916	4754	4676	4754	
5078	4876	4773	4876	
5248	5003	4867	5003	
5419	5137	4959	5137	
5626	5301	5093	5301	
5899	5525	5280	5525	
6179	5765	5487	5765	
6528	6061	5741	6061	
6932	6425	6046	6425	
7424	6856	6420	6856	
7914	7282	6779	7282	
7617	7295	6743	7295	
6973	6663	6186	6663	
6377	6098	5710	6098	
5903	5665	5348	5665	
5542	5337	5075	5337	
5269	5093	4886	5093	
5025	4885	4721	4885	
4821	4701	4576	4701	
4650	4546	4444	4546	
4499	4410	4334	4410	
4384	4317	4263	4317	
4318	4264	4236	4264	
4287	4244	4230	4244	
4285	4245	4229	4245	
4307	4261	4246	4261	
4350	4297	4285	4297	
4385	4322	4311	4322	
4404	4347	4341	4347	
4455	4374	4349	4374	
4524	4426	4392	4426	
4631	4518	4462	4518	
4766	4627	4564	4627	
4939	4764	4670	4764	
5112	4894	4782	4894	
5299	5037	4881	5037	
5496	5192	5007	5192	
5757	5413	5174	5413	
6053	5661	5393	5661	
6392	5948	5636	5948	
6783	6292	5931	6292	
7258	6709	6276	6709	
7703	7091	6623	7091	
7411	7105	6563	7105	
6793	6506	6058	6506	
6233	5972	5609	5972	
5786	5552	5258	5552	
5435	5249	5002	5249	
5185	5022	4828	5022	
4952	4820	4666	4820	
4749	4643	4517	4643	
4577	4486	4391	4486	
4438	4368	4306	4368	
4328	4273	4231	4273	
4254	4214	4193	4214	
4215	4192	4192	4192	
4222	4200	4191	4200	
4246	4213	4218	4213	
4282	4248	4243	4248	
4322	4275	4271	4275	
4337	4286	4284	4286	
4358	4295	4285	4295	
4429	4352	4318	4352	
4545	4447	4405	4447	
4692	4570	4512	4570	
4862	4703	4625	4703	
5037	4838	4733	4838	
5228	4987	4848	4987	
5409	5121	4954	5121	
5665	5337	5123	5337	
5964	5594	5340	5594	
6292	5868	5571	5868	
6667	6189	5841	6189	
7137	6601	6192	6601	
7556	6992	6530	6992	
7274	6985	6475	6985	
6680	6407	5964	6407	
6129	5888	5543	5888	
5693	5481	5202	5481	
5371	5194	4962	5194	
5113	4964	4779	4964	
4896	4777	4632	4777	
4709	4614	4500	4614	
4523	4453	4370	4453	
4385	4325	4271	4325	
4273	4236	4203	4236	
4200	4177	4169	4177	
4162	4150	4155	4150	
4165	4156	4157	4156	
4182	4166	4180	4166	
4240	4215	4223	4215	
4264	4235	4241	4235	
4277	4235	4236	4235	
4300	4247	4242	4247	
4355	4287	4276	4287	
4472	4389	4361	4389	
4631	4524	4482	4524	
4808	4661	4588	4661	
4969	4794	4704	4794	
5151	4930	4804	4930	
5340	5078	4922	5078	
5602	5300	5095	5300	
5905	5552	5306	5552	
6224	5819	5537	5819	
6566	6120	5789	6120	
7028	6528	6122	6528	
7456	6895	6446	6895	
7154	6875	6376	6875	
6586	6321	5897	6321	
6049	5823	5474	5823	
5623	5422	5147	5422	
5305	5136	4912	5136	
5060	4912	4727	4912	
4838	4719	4578	4719	
4667	4573	4465	4573	
4487	4416	4339	4416	
4342	4286	4234	4286	
4239	4204	4175	4204	
4162	4148	4131	4148	
4124	4118	4117	4118	
4110	4106	4106	4106	
4133	4127	4145	4127	
4183	4166	4174	4166	
4191	4174	4181	4174	
4220	4190	4201	4190	
4260	4218	4217	4218	
4326	4264	4251	4264	
4439	4362	4332	4362	
4591	4485	4441	4485	
4765	4630	4563	4630	
4916	4751	4666	4751	
5089	4880	4757	4880	
5301	5049	4899	5049	
5562	5270	5077	5270	
5850	5515	5269	5515	
6174	5785	5505	5785	
6505	6081	5750	6081	
6934	6459	6067	6459	
7377	6841	6400	6841	
7139	6862	6365	6862	
6558	6309	5882	6309	
6030	5799	5461	5799	
5608	5408	5132	5408	
5271	5110	4888	5110	
5024	4887	4710	4887	
4810	4708	4571	4708	
4620	4537	4431	4537	
4453	4385	4304	4385	
4317	4257	4209	4257	
4222	4185	4150	4185	
4145	4121	4105	4121	
4104	4096	4096	4096	
4096	4100	4109	4100	
4120	4111	4126	4111	
4146	4135	4146	4135	
4168	4152	4163	4152	
4207	4180	4193	4180	
4263	4225	4222	4225	
4342	4279	4271	4279	
4447	4371	4346	4371	
4601	4486	4438	4486	
4759	4612	4537	4612	
4893	4724	4627	4724	
5080	4867	4736	4867	
5299	5053	4896	5053	
5556	5271	5080	5271	
5837	5507	5277	5507	
6172	5786	5500	5786	
6499	6073	5730	6073	
6934	6442	6056	6442	
7350	6821	6377	6821	
7133	6885	6379	6885	
6568	6318	5891	6318	
6025	5807	5461	5807	
5604	5407	5132	5407	
5271	5109	4887	5109	
5006	4871	4697	4871	
4792	4692	4555	4692	
4596	4514	4408	4514	
4429	4361	4285	4361	
4294	4241	4192	4241	
4205	4171	4134	4171	
4146	4125	4107	4125	
4105	4097	4099	4097	
4098	4101	4112	4101	
4110	4115	4134	4115	
4134	4126	4144	4126	
4171	4161	4176	4161	
4231	4200	4210	4200	
4297	4263	4262	4263	
4392	4332	4321	4332	
4504	4426	4396	4426	
4624	4519	4473	4519	
4750	4608	4535	4608	
4884	4707	4612	4707	
5075	4865	4737	4865	
5286	5042	4887	5042	
5556	5275	5075	5275	
5854	5529	5297	5529	
6161	5786	5500	5786	
6509	6077	5739	6077	
6938	6452	6053	6452	
7351	6817	6387	6817	
7224	6951	6434	6951	
6619	6365	5937	6365	
6061	5843	5502	5843	
5636	5446	5167	5446	
5309	5145	4904	5145	
5037	4895	4700	4895	
4811	4701	4554	4701	
4611	4524	4415	4524	
4443	4372	4298	4372	
4305	4254	4202	4254	
4213	4174	4138	4174	
4174	4153	4138	4153	
4137	4129	4124	4129	
4123	4124	4128	4124	
4131	4128	4143	4128	
4154	4141	4158	4141	
4190	4171	4183	4171	
4253	4223	4233	4223	
4344	4305	4305	4305	
4444	4387	4367	4387	
4571	4479	4434	4479	
4665	4548	4492	4548	
4772	4623	4536	4623	
4895	4714	4613	4714	
5080	4868	4737	4868	
5282	5037	4871	5037	
5571	5282	5079	5282	
5855	5539	5289	5539	
6169	5785	5498	5785	
6532	6100	5760	6100	
6976	6496	6093	6496	
7389	6869	6412	6869	
7338	7064	6547	7064	
6703	6463	6029	6463	
6131	5920	5571	5920	
5701	5512	5221	5512	
5363	5193	4951	5193	
5095	4954	4753	4954	
4857	4744	4587	4744	
4655	4567	4461	4567	
4492	4422	4345	4422	
4360	4307	4250	4307	
4270	4234	4192	4234	
4223	4195	4174	4195	
4197	4183	4170	4183	
4194	4185	4185	4185	
4187	4182	4191	4182	
4211	4194	4200	4194	
4234	4216	4228	4216	
4279	4253	4259	4253	
4376	4332	4325	4332	
4488	4422	4394	4422	
4615	4525	4473	4525	
4705	4586	4516	4586	
4817	4661	4573	4661	
4942	4758	4653	4758	
5125	4912	4771	4912	
5345	5096	4924	5096	
5597	5306	5098	5306	
5880	5552	5301	5552	
6202	5813	5523	5813	
6574	6144	5805	6144	
7041	6563	6154	6563	
7448	6942	6482	6942	
7523	7249	6700	7249	
6874	6610	6158	6610	
6279	6051	5675	6051	
5829	5620	5306	5620	
5464	5281	5011	5281	
5173	5020	4804	5020	
4955	4824	4644	4824	
4748	4644	4519	4644	
4582	4495	4397	4495	
4449	4379	4310	4379	
4354	4304	4243	4304	
4294	4257	4215	4257	
4272	4246	4213	4246	
4271	4247	4224	4247	
4273	4244	4233	4244	
4286	4249	4239	4249	
4287	4254	4252	4254	
4332	4290	4283	4290	
4435	4379	4356	4379	
4558	4476	4432	4476	
4687	4574	4505	4574	
4771	4632	4552	4632	
4877	4712	4616	4712	
5008	4817	4700	4817	
5204	4983	4826	4983	
5426	5166	4976	5166	
5682	5381	5159	5381	
5951	5599	5329	5599	
6277	5881	5565	5881	
6673	6237	5871	6237	
7135	6651	6234	6651	
7572	7038	6567	7038	
7804	7510	6939	7510	
7085	6807	6329	6807	
6465	6207	5815	6207	
5979	5765	5426	5765	
5586	5403	5115	5403	
5301	5131	4897	5131	
5076	4948	4756	4948	
4872	4765	4627	4765	
4700	4618	4503	4618	
4558	4481	4395	4481	
4436	4369	4292	4369	
4368	4305	4254	4305	
4341	4304	4260	4304	
4350	4309	4261	4309	
4357	4306	4272	4306	
4366	4318	4285	4318	
4369	4313	4287	4313	
4407	4348	4322	4348	
4503	4436	4401	4436	
4618	4525	4463	4525	
4746	4615	4532	4615	
4858	4704	4614	4704	
4965	4786	4670	4786	
5102	4902	4771	4902	
5283	5054	4889	5054	
5509	5237	5027	5237	
5762	5449	5212	5449	
6037	5682	5398	5682	
6392	5989	5658	5989	
6800	6350	5967	6350	
7260	6765	6314	6765	
7695	7151	6669	7151	
8234	7908	7275	7908	
7355	7078	6559	7078	
6652	6411	5986	6411	
6163	5941	5583	5941	
5753	5560	5245	5560	
5450	5274	5020	5274	
5215	5082	4873	5082	
5014	4902	4743	4902	
4842	4747	4618	4747	
4697	4609	4503	4609	
4555	4478	4382	4478	
4481	4408	4328	4408	
4447	4385	4313	4385	
4449	4388	4325	4388	
4460	4395	4344	4395	
4468	4402	4353	4402	
4476	4415	4366	4415	
4498	4424	4381	4424	
4588	4510	4454	4510	
4694	4594	4520	4594	
4837	4705	4601	4705	
4962	4802	4688	4802	
5091	4902	4761	4902	
5244	5030	4876	5030	
5405	5170	4992	5170	
5619	5348	5129	5348	
5883	5562	5303	5562	
6168	5807	5508	5807	
6545	6133	5787	6133	
6958	6510	6108	6510	
7423	6924	6460	6924	
7918	7354	6834	7354	
8775	8384	7673	8384	
7713	7407	6848	7407	
6925	6664	6210	6664	
6386	6148	5751	6148	
5950	5736	5402	5736	
5609	5422	5142	5422	
5362	5208	4976	5208	
5168	5037	4843	5037	
4991	4878	4723	4878	
4851	4754	4620	4754	
4740	4643	4518	4643	
4641	4549	4442	4549	
4592	4513	4420	4513	
4580	4503	4411	4503	
4566	4485	4401	4485	
4570	4480	4401	4480	
4571	4487	4414	4487	
4605	4517	4436	4517	
4688	4591	4507	4591	
4816	4688	4590	4688	
4950	4804	4677	4804	
5088	4921	4779	4921	
5236	5038	4874	5038	
5377	5162	4983	5162	
5545	5303	5096	5303	
5745	5463	5223	5463	
6026	5684	5401	5684	
6338	5960	5629	5960	
6723	6297	5921	6297	
7138	6670	6240	6670	
7627	7109	6630	7109	
8227	7639	7079	7639	
9450	9044	8251	9044	
8195	7856	7238	7856	
7261	6978	6473	6978	
6656	6403	5982	6403	
6186	5967	5591	5967	
5846	5640	5314	5640	
5562	5376	5112	5376	
5349	5193	4972	5193	
5183	5043	4851	5043	
5044	4916	4744	4916	
4922	4805	4645	4805	
4833	4727	4586	4727	
4788	4681	4559	4681	
4738	4641	4526	4641	
4717	4621	4513	4621	
4725	4622	4511	4622	
4728	4615	4514	4615	
4750	4636	4534	4636	
4831	4708	4599	4708	
4959	4815	4688	4815	
5101	4945	4793	4945	
5255	5077	4913	5077	
5406	5211	5017	5211	
5547	5320	5114	5320	
5721	5445	5210	5445	
5914	5606	5344	5606	
6201	5847	5535	5847	
6545	6148	5796	6148	
6930	6489	6093	6489	
7347	6870	6417	6870	
7932	7386	6872	7386	
8622	8007	7412	8007	
10365	9907	9027	9907	
8803	8423	7752	8423	
7708	7397	6846	7397	
7003	6729	6261	6729	
6486	6249	5831	6249	
6111	5891	5525	5891	
5799	5599	5284	5599	
5567	5385	5116	5385	
5387	5223	4980	5223	
5252	5097	4888	5097	
5136	4997	4805	4997	
5056	4919	4754	4919	
5003	4870	4713	4870	
4953	4831	4676	4831	
4910	4793	4655	4793	
4904	4776	4637	4776	
4893	4763	4633	4763	
4941	4797	4666	4797	
5024	4870	4726	4870	
5143	4975	4820	4975	
5304	5120	4942	5120	
5456	5257	5061	5257	
5602	5382	5160	5382	
5737	5490	5249	5490	
5916	5617	5343	5617	
6138	5802	5494	5802	
6432	6048	5704	6048	
6770	6359	5962	6359	
7161	6704	6277	6704	
7638	7144	6658	7144	
8365	7778	7207	7778	
9125	8461	7813	8461	
11120	10643	9700	10643	
9716	9309	8530	9309	
8311	7976	7359	7976	
7464	7177	6651	7177	
6861	6609	6147	6609	
6425	6185	5785	6185	
6081	5866	5508	5866	
5808	5601	5290	5601	
5613	5425	5144	5425	
5467	5295	5053	5295	
5369	5212	4987	5212	
5286	5135	4924	5135	
5220	5079	4884	5079	
5163	5028	4845	5028	
5118	4983	4811	4983	
5084	4939	4774	4939	
5084	4938	4767	4938	
5146	4985	4813	4985	
5220	5055	4877	5055	
5354	5172	4981	5172	
5501	5309	5097	5309	
5640	5426	5196	5426	
5790	5549	5295	5549	
5934	5666	5388	5666	
6139	5820	5512	5820	
6371	6022	5674	6022	
6675	6291	5901	6291	
7013	6600	6176	6600	
7472	6990	6522	6990	
8068	7532	7000	7532	
8887	8273	7641	8273	
9779	9056	8359	9056	
11433	10928	9972	10928	
10314	9873	9038	9873	
9196	8818	8104	8818	
8077	7763	7170	7763	
7334	7063	6545	7063	
6819	6559	6104	6559	
6428	6191	5792	6191	
6113	5903	5543	5903	
5889	5685	5355	5685	
5712	5513	5228	5513	
5597	5417	5144	5417	
5508	5336	5085	5336	
5427	5258	5017	5258	
5365	5207	4972	5207	
5323	5152	4930	5152	
5296	5124	4908	5124	
5301	5125	4925	5125	
5359	5179	4961	5179	
5447	5257	5032	5257	
5571	5371	5136	5371	
5709	5497	5235	5497	
5853	5615	5342	5615	
5976	5723	5426	5723	
6148	5854	5528	5854	
6364	6036	5677	6036	
6636	6272	5883	6272	
6959	6554	6121	6554	
7341	6906	6433	6906	
7902	7403	6876	7403	
8613	8032	7434	8032	
9567	8892	8199	8892	
10702	9891	9141	9891	
13179	12569	11483	12569	
11712	11191	10240	11191	
10245	9813	8996	9813	
8778	8434	7753	8434	
7839	7541	6944	7541	
7226	6951	6433	6951	
6769	6512	6063	6512	
6427	6193	5778	6193	
6173	5944	5568	5944	
5960	5747	5417	5747	
5818	5614	5306	5614	
5707	5513	5224	5513	
5613	5428	5140	5428	
5561	5375	5097	5375	
5507	5318	5055	5318	
5485	5291	5019	5291	
5480	5287	5031	5287	
5546	5333	5077	5333	
5642	5427	5155	5427	
5757	5532	5254	5532	
5889	5649	5349	5649	
6024	5777	5457	5777	
6186	5899	5543	5899	
6368	6044	5668	6044	
6593	6249	5846	6249	
6868	6498	6059	6498	
7255	6836	6347	6836	
7748	7263	6735	7263	
8374	7825	7244	7825	
9193	8559	7887	8559	
10373	9613	8826	9613	
12117	11110	10137	11110	
                                                                                                                                                                                                                                                                                                                                                                                                                                                                                                                                                                                                                                                                                                                                                                                                                                                                                                                                                                                                                                                                                                                                                                                                                                                                                                                                                                                                                                                                                                                                                                                                                                                                                                                                                                                                                                                                                                                                                                                                                                                                                                                                                                                                                                                                                                                                                                                                                                                                                                                                                                                                                                                                                                                                                                                                                                                                                                                                                                                                                                                                                                                                                                                                                                                                                 