255
255
255
255
255
255
254
254
253
253
253
252
251
251
250
250
249
247
247
246
245
244
243
241
241
239
238
237
235
234
232
231
229
228
226
224
223
221
219
217
215
214
211
209
208
205
203
201
199
196
194
192
190
187
185
182
180
178
175
172
170
167
165
163
160
157
154
152
149
147
145
142
139
136
134
132
129
127
124
122
119
117
115
112
110
108
106
103
101
100
 97
 95
 94
 91
 90
 88
 86
 85
 83
 82
 80
 79
 77
 76
 75
 74
 73
 72
 70
 70
 69
 68
 67
 67
 66
 66
 65
 64
 64
 64
 64
 64
 64
 64
 64
 64
 64
 64
