  5.1875000e+000
  5.4375000e+000
  5.6875000e+000
  5.9375000e+000
  6.1250000e+000
  6.3750000e+000
  6.6250000e+000
  6.8750000e+000
  7.0625000e+000
  7.3125000e+000
  7.5625000e+000
  7.8125000e+000
  8.0000000e+000
  8.2500000e+000
  8.5000000e+000
  8.6875000e+000
  8.9375000e+000
  9.1250000e+000
  9.3750000e+000
  9.5625000e+000
  9.8125000e+000
  1.0000000e+001
  1.0250000e+001
  1.0437500e+001
  1.0687500e+001
  1.0875000e+001
  1.1062500e+001
  1.1312500e+001
  1.1500000e+001
  1.1687500e+001
  1.1937500e+001
  1.2125000e+001
  1.2312500e+001
  1.2562500e+001
  1.2750000e+001
  1.2937500e+001
  1.3125000e+001
  1.3312500e+001
  1.3500000e+001
  1.3750000e+001
  1.3937500e+001
  1.4125000e+001
  1.4312500e+001
  1.4500000e+001
  1.4687500e+001
  1.4875000e+001
  1.5062500e+001
  1.5250000e+001
  1.5437500e+001
  1.5625000e+001
  1.5812500e+001
  1.5937500e+001
  1.6125000e+001
  1.6312500e+001
  1.6500000e+001
  1.6687500e+001
  1.6875000e+001
  1.7000000e+001
  1.7187500e+001
  1.7375000e+001
  1.7500000e+001
  1.7687500e+001
  1.7875000e+001
  1.8000000e+001
  1.8187500e+001
  1.8375000e+001
  1.8500000e+001
  1.8687500e+001
  1.8812500e+001
  1.9000000e+001
  1.9125000e+001
  1.9312500e+001
  1.9437500e+001
  1.9625000e+001
  1.9750000e+001
  1.9875000e+001
  2.0062500e+001
  2.0187500e+001
  2.0312500e+001
  2.0500000e+001
  2.0625000e+001
  2.0750000e+001
  2.0937500e+001
  2.1062500e+001
  2.1187500e+001
  2.1312500e+001
  2.1437500e+001
  2.1562500e+001
  2.1750000e+001
  2.1875000e+001
  2.2000000e+001
  2.2125000e+001
  2.2250000e+001
  2.2375000e+001
  2.2500000e+001
  2.2625000e+001
  2.2750000e+001
  2.2875000e+001
  2.3000000e+001
  2.3125000e+001
  2.3250000e+001
  2.3312500e+001
  2.3437500e+001
  2.3562500e+001
  2.3687500e+001
  2.3812500e+001
  2.3875000e+001
  2.4000000e+001
  2.4125000e+001
  2.4250000e+001
  2.4312500e+001
  2.4437500e+001
  2.4562500e+001
  2.4625000e+001
  2.4750000e+001
  2.4812500e+001
  2.4937500e+001
  2.5000000e+001
  2.5125000e+001
  2.5187500e+001
  2.5312500e+001
  2.5375000e+001
  2.5500000e+001
  2.5562500e+001
  2.5687500e+001
  2.5750000e+001
  2.5812500e+001
  2.5937500e+001
  2.6000000e+001
  2.6062500e+001
  2.6187500e+001
  2.6250000e+001
  2.6312500e+001
  2.6375000e+001
  2.6437500e+001
  2.6562500e+001
  2.6625000e+001
  2.6687500e+001
  2.6750000e+001
  2.6812500e+001
  2.6875000e+001
  2.6937500e+001
  2.7000000e+001
  2.7062500e+001
  2.7125000e+001
  2.7187500e+001
  2.7250000e+001
  2.7312500e+001
  2.7375000e+001
  2.7437500e+001
  2.7500000e+001
  2.7562500e+001
  2.7562500e+001
  2.7625000e+001
  2.7687500e+001
  2.7750000e+001
  2.7812500e+001
  2.7812500e+001
  2.7875000e+001
  2.7937500e+001
  2.7937500e+001
  2.8000000e+001
  2.8062500e+001
  2.8062500e+001
  2.8125000e+001
  2.8125000e+001
  2.8187500e+001
  2.8187500e+001
  2.8250000e+001
  2.8250000e+001
  2.8312500e+001
  2.8312500e+001
  2.8375000e+001
  2.8375000e+001
  2.8437500e+001
  2.8437500e+001
  2.8437500e+001
  2.8500000e+001
  2.8500000e+001
  2.8500000e+001
  2.8500000e+001
  2.8562500e+001
  2.8562500e+001
  2.8562500e+001
  2.8562500e+001
  2.8562500e+001
  2.8625000e+001
  2.8625000e+001
  2.8625000e+001
  2.8625000e+001
  2.8625000e+001
  2.8625000e+001
  2.8625000e+001
  2.8625000e+001
  2.8625000e+001
  2.8625000e+001
  2.8625000e+001
  2.8625000e+001
  2.8625000e+001
  2.8625000e+001
  2.8625000e+001
  2.8625000e+001
  2.8625000e+001
  2.8625000e+001
  2.8625000e+001
  2.8625000e+001
  2.8625000e+001
  2.8625000e+001
  2.8625000e+001
  2.8625000e+001
  2.8625000e+001
  2.8625000e+001
  2.8625000e+001
  2.8625000e+001
  2.8625000e+001
  2.8625000e+001
  2.8625000e+001
  2.8625000e+001
  2.8625000e+001
  2.8625000e+001
  2.8625000e+001
  2.8625000e+001
  2.8625000e+001
  2.8625000e+001
  2.8625000e+001
  2.8625000e+001
  2.8625000e+001
  2.8625000e+001
  2.8625000e+001
  2.8625000e+001
  2.8625000e+001
  2.8625000e+001
  2.8625000e+001
  2.8625000e+001
  2.8625000e+001
  2.8625000e+001
  2.8625000e+001
  2.8625000e+001
  2.8625000e+001
  2.8625000e+001
  2.8625000e+001
  2.8625000e+001
  2.8625000e+001
  2.8625000e+001
  2.8625000e+001
  2.8625000e+001
  2.8625000e+001
  2.8625000e+001
  2.8625000e+001
  2.8625000e+001
  2.8625000e+001
  2.8625000e+001
  2.8625000e+001
  2.8625000e+001
  2.8625000e+001
  2.8625000e+001
