  4.3105003e+001
  4.3105003e+001
  4.3105003e+001
  4.3105003e+001
  4.3105003e+001
  4.3105003e+001
  4.3105003e+001
  4.3105003e+001
  4.3105003e+001
  4.3105003e+001
  4.3105003e+001
  4.4064793e+001
  4.5024582e+001
  4.5984371e+001
  4.6944161e+001
  4.7903950e+001
  4.8863740e+001
  4.9823529e+001
  5.0783318e+001
  5.1743108e+001
  5.2702897e+001
  5.3662686e+001
  5.4622476e+001
  5.5582265e+001
  5.6542055e+001
  5.7501844e+001
  5.8461633e+001
  5.9421423e+001
  6.0381212e+001
  6.1341001e+001
  6.2300791e+001
  6.3260580e+001
  6.4220369e+001
  6.5180159e+001
  6.6139948e+001
  6.7099738e+001
  6.8059527e+001
  6.9019316e+001
  6.9979106e+001
  7.0938895e+001
  7.1898684e+001
  7.2858474e+001
  7.3818263e+001
  7.4778053e+001
  7.5737842e+001
  7.6697631e+001
  7.7657421e+001
  7.8617210e+001
  7.9576999e+001
  8.0536789e+001
  8.1496578e+001
  8.2456368e+001
  8.3416157e+001
  8.4375946e+001
  8.5335736e+001
  8.6295525e+001
  8.7255314e+001
  8.8215104e+001
  8.9174893e+001
  9.0134683e+001
  9.1094472e+001
  9.2054261e+001
  9.3014051e+001
  9.3973840e+001
  9.4933629e+001
  9.5893419e+001
  9.6853208e+001
  9.7812998e+001
  9.8772787e+001
  9.9732576e+001
  1.0069237e+002
  1.0165216e+002
  1.0261194e+002
  1.0357173e+002
  1.0453152e+002
  1.0549131e+002
  1.0645110e+002
  1.0741089e+002
  1.0837068e+002
  1.0933047e+002
  1.1029026e+002
  1.1125005e+002
  1.1220984e+002
  1.1316963e+002
  1.1412942e+002
  1.1508921e+002
  1.1604900e+002
  1.1700878e+002
  1.1796857e+002
  1.1892836e+002
  1.1988815e+002
  1.2084794e+002
  1.2180773e+002
  1.2276752e+002
  1.2372731e+002
  1.2468710e+002
  1.2564689e+002
  1.2660668e+002
  1.2756647e+002
  1.2852626e+002
  1.2948605e+002
  1.3044584e+002
  1.3140563e+002
  1.3236541e+002
  1.3332520e+002
  1.3428499e+002
  1.3524478e+002
  1.3620457e+002
  1.3716436e+002
  1.3812415e+002
  1.3908394e+002
  1.4004373e+002
  1.4078988e+002
  1.4005644e+002
  1.3932300e+002
  1.3858956e+002
  1.3785612e+002
  1.3712268e+002
  1.3638924e+002
  1.3565580e+002
  1.3492237e+002
  1.3418893e+002
  1.3345549e+002
  1.3272205e+002
  1.3198861e+002
  1.3125517e+002
  1.3052173e+002
  1.2978829e+002
  1.2905485e+002
  1.2832141e+002
  1.2758797e+002
  1.2685453e+002
  1.2612109e+002
  1.2538766e+002
  1.2465422e+002
  1.2392078e+002
  1.2318734e+002
  1.2245390e+002
  1.2172046e+002
  1.2098702e+002
  1.2025358e+002
  1.1952014e+002
  1.1878670e+002
  1.1805326e+002
  1.1731982e+002
  1.1658638e+002
  1.1585295e+002
  1.1511951e+002
  1.1438607e+002
  1.1365263e+002
  1.1291919e+002
  1.1218575e+002
  1.1145231e+002
  1.1071887e+002
  1.0998543e+002
  1.0925199e+002
  1.0851855e+002
  1.0778511e+002
  1.0705168e+002
  1.0631824e+002
  1.0558480e+002
  1.0485136e+002
  1.0411792e+002
  1.0338448e+002
  1.0265104e+002
  1.0191760e+002
  1.0118416e+002
  1.0045072e+002
  9.9717283e+001
  9.8983844e+001
  9.8250405e+001
  9.7516965e+001
  9.6783526e+001
  9.6050087e+001
  9.5316648e+001
  9.4583209e+001
  9.3849769e+001
  9.3116330e+001
  9.2382891e+001
  9.1649452e+001
  9.0916013e+001
  9.0182573e+001
  8.9449134e+001
  8.8715695e+001
  8.7982256e+001
  8.7248817e+001
  8.6515377e+001
  8.5781938e+001
  8.5048499e+001
  8.4315060e+001
  8.3581620e+001
  8.2848181e+001
  8.2114742e+001
  8.1381303e+001
  8.0647864e+001
  7.9914424e+001
  7.9180985e+001
  7.8447546e+001
  7.7714107e+001
  7.6980668e+001
  7.6247228e+001
  7.5513789e+001
  7.4780350e+001
  7.4046911e+001
  7.3313472e+001
  7.2580032e+001
  7.1846593e+001
  7.1113154e+001
  7.0379715e+001
  6.9646275e+001
  6.8912836e+001
  6.8179397e+001
  6.7445958e+001
  6.6712519e+001
  6.5979079e+001
  6.5245640e+001
  6.4512201e+001
  6.3778762e+001
  6.3045323e+001
  6.2311883e+001
  6.1578444e+001
  6.0845005e+001
  6.0111566e+001
  5.9378127e+001
  5.8644687e+001
  5.7911248e+001
  5.7177809e+001
  5.6444370e+001
  5.5710930e+001
  5.4977491e+001
  5.4244052e+001
  5.3510613e+001
  5.2777174e+001
  5.2043734e+001
  5.1310295e+001
  5.0576856e+001
  4.9843417e+001
  4.9109978e+001
  4.8376538e+001
  4.7643099e+001
  4.6909660e+001
  4.6176221e+001
  4.5442781e+001
  4.4709342e+001
  4.3975903e+001
  4.3242464e+001
  4.2509025e+001
  4.1775585e+001
  4.1042146e+001
  4.0308707e+001
  3.9575268e+001
  3.8841829e+001
  3.8108389e+001
  3.7374950e+001
  3.6641511e+001
  3.5908072e+001
