2704	2704	2704	2704	
11818	11448	11060	11448	
11518	11062	10816	11062	
10988	10930	10644	10930	
10786	10506	10220	10506	
10346	10140	9858	10140	
10080	9914	9544	9914	
9782	9388	9258	9388	
9184	9022	8772	9022	
8926	8704	8612	8704	
8580	8412	8202	8412	
8440	8116	8015	8116	
8043	7875	7762	7875	
7821	7685	7498	7685	
7588	7506	7283	7506	
7495	7305	7178	7305	
7336	7181	7003	7181	
7231	7030	6950	7030	
7037	6889	6793	6889	
6878	6758	6795	6758	
6815	6722	6616	6722	
6807	6581	6505	6581	
6711	6548	6400	6548	
6565	6497	6384	6497	
6624	6453	6319	6453	
6629	6398	6317	6398	
6543	6401	6386	6401	
6555	6396	6336	6396	
6586	6406	6302	6406	
6591	6433	6329	6433	
6644	6465	6438	6465	
6674	6517	6360	6517	
6687	6569	6480	6569	
6836	6705	6543	6705	
6995	6751	6666	6751	
7014	6852	6764	6852	
7101	7010	6850	7010	
7325	7114	6989	7114	
7414	7284	7092	7284	
7622	7397	7301	7397	
7906	7599	7467	7599	
7942	7810	7645	7810	
8268	8046	7902	8046	
8474	8280	8198	8280	
8748	8606	8402	8606	
9178	8944	8712	8944	
9458	9238	9036	9238	
9858	9570	9392	9570	
10218	9942	9756	9942	
10678	10288	10180	10288	
11020	10688	10386	10688	
11322	10940	10652	10940	
11738	11390	10956	11390	
11630	11268	11016	11268	
11190	10758	10634	10758	
10874	10474	10320	10474	
10510	10128	9950	10128	
10152	9752	9466	9752	
9698	9402	9204	9402	
9448	9054	8912	9054	
9026	8650	8520	8650	
8646	8336	8144	8336	
8340	8075	7969	8075	
8049	7839	7666	7839	
7851	7625	7435	7625	
7584	7363	7249	7363	
7454	7192	7103	7192	
7266	7029	6937	7029	
7163	6880	6791	6880	
6960	6755	6660	6755	
6812	6618	6587	6618	
6757	6571	6464	6571	
6681	6482	6407	6482	
6560	6383	6338	6383	
6527	6293	6262	6293	
6435	6241	6195	6241	
6435	6223	6125	6223	
6389	6184	6105	6184	
6361	6163	6113	6163	
6306	6165	6104	6165	
6368	6173	6150	6173	
6427	6192	6142	6192	
6399	6232	6201	6232	
6508	6288	6182	6288	
6565	6357	6314	6357	
6654	6424	6292	6424	
6682	6506	6431	6506	
6742	6598	6547	6598	
6983	6712	6620	6712	
7054	6860	6749	6860	
7168	6990	6878	6990	
7374	7120	7045	7120	
7551	7294	7204	7294	
7731	7513	7389	7513	
7961	7750	7641	7750	
8244	7966	7903	7966	
8510	8224	8107	8224	
8796	8530	8436	8530	
9112	8890	8738	8890	
9648	9234	9112	9234	
9956	9612	9446	9612	
10260	9948	9764	9948	
10746	10352	10160	10352	
11082	10682	10502	10682	
11420	11000	10724	11000	
11356	11134	10806	11134	
11028	10638	10376	10638	
10634	10282	10040	10282	
10284	9930	9740	9930	
9890	9530	9394	9530	
9450	9182	8966	9182	
9148	8788	8612	8788	
8754	8418	8280	8418	
8382	8110	8011	8110	
8177	7878	7665	7878	
7866	7621	7431	7621	
7581	7362	7270	7362	
7417	7197	7108	7197	
7235	7009	6904	7009	
7044	6858	6785	6858	
6967	6732	6609	6732	
6773	6598	6511	6598	
6696	6481	6384	6481	
6569	6376	6288	6376	
6497	6255	6227	6255	
6358	6198	6123	6198	
6323	6129	6074	6129	
6256	6082	6025	6082	
6206	6051	6013	6051	
6228	5995	5948	5995	
6198	5981	5932	5981	
6149	5976	5959	5976	
6192	5992	5948	5992	
6192	6050	5939	6050	
6179	6052	6028	6052	
6279	6120	6067	6120	
6351	6183	6086	6183	
6417	6255	6215	6255	
6552	6347	6290	6347	
6585	6441	6365	6441	
6697	6533	6523	6533	
6810	6641	6621	6641	
7002	6781	6746	6781	
7170	6964	6912	6964	
7275	7088	7068	7088	
7547	7315	7229	7315	
7679	7541	7386	7541	
8070	7750	7620	7750	
8368	8028	7914	8028	
8568	8278	8220	8278	
8896	8644	8416	8644	
9288	9026	8922	9026	
9708	9334	9204	9334	
10050	9744	9600	9744	
10490	10138	9944	10138	
10848	10490	10212	10490	
11240	10856	10686	10856	
11424	11050	10766	11050	
10866	10406	10248	10406	
10358	10120	9864	10120	
10056	9756	9444	9756	
9634	9272	9206	9272	
9288	8974	8750	8974	
8876	8586	8438	8586	
8500	8204	8122	8204	
8166	7938	7760	7938	
7901	7694	7485	7694	
7690	7430	7262	7430	
7383	7194	7124	7194	
7172	7029	6871	7029	
7091	6859	6757	6859	
6886	6686	6567	6686	
6729	6572	6493	6572	
6648	6438	6350	6438	
6521	6318	6253	6318	
6382	6234	6135	6234	
6274	6097	6075	6097	
6228	6063	5995	6063	
6157	5980	5960	5980	
6074	5937	5914	5937	
6027	5874	5857	5874	
6022	5835	5816	5835	
5998	5804	5796	5804	
5992	5828	5767	5828	
5999	5830	5786	5830	
6042	5868	5781	5868	
6091	5900	5869	5900	
6088	5929	5892	5929	
6171	6019	5971	6019	
6297	6085	6064	6085	
6353	6192	6143	6192	
6437	6269	6198	6269	
6573	6373	6317	6373	
6695	6472	6415	6472	
6910	6643	6600	6643	
6971	6778	6742	6778	
7165	6942	6836	6942	
7320	7165	7056	7165	
7507	7319	7196	7319	
7747	7555	7432	7555	
8022	7859	7684	7859	
8378	8145	7926	8145	
8666	8382	8300	8382	
9178	8786	8612	8786	
9346	9174	8980	9174	
9902	9560	9364	9560	
10194	9956	9840	9956	
10730	10270	10130	10270	
11186	10654	10410	10654	
11146	10900	10586	10900	
10736	10268	10134	10268	
10172	9958	9664	9958	
9766	9536	9394	9536	
9466	9164	8860	9164	
8980	8728	8526	8728	
8648	8380	8246	8380	
8312	8026	7887	8026	
8049	7701	7594	7701	
7645	7486	7391	7486	
7421	7252	7145	7252	
7247	7062	6953	7062	
7112	6849	6773	6849	
6914	6724	6642	6724	
6766	6586	6486	6586	
6648	6418	6358	6418	
6527	6318	6177	6318	
6343	6158	6162	6158	
6227	6060	6011	6060	
6126	5974	5903	5974	
6060	5896	5836	5896	
5946	5793	5774	5793	
5924	5762	5706	5762	
5886	5711	5680	5711	
5839	5693	5648	5693	
5851	5673	5607	5673	
5784	5667	5674	5667	
5890	5676	5655	5676	
5819	5699	5683	5699	
5899	5730	5699	5730	
5935	5797	5755	5797	
5950	5847	5797	5847	
6052	5922	5884	5922	
6149	5999	5976	5999	
6321	6161	6059	6161	
6365	6240	6181	6240	
6529	6364	6266	6364	
6709	6524	6445	6524	
6807	6647	6608	6647	
6979	6812	6670	6812	
7209	6972	6910	6972	
7401	7186	7092	7186	
7596	7368	7297	7368	
7871	7651	7522	7651	
8151	7887	7758	7887	
8482	8168	8066	8168	
8800	8506	8422	8506	
9134	8956	8830	8956	
9690	9356	9144	9356	
10034	9720	9484	9720	
10500	10086	9812	10086	
10796	10522	10322	10522	
10906	10678	10436	10678	
10444	10118	9946	10118	
9986	9686	9432	9686	
9632	9334	9154	9334	
9152	8846	8748	8846	
8770	8514	8270	8514	
8414	8150	8054	8150	
8079	7806	7693	7806	
7752	7566	7439	7566	
7553	7294	7135	7294	
7268	7093	7001	7093	
7137	6872	6758	6872	
6938	6731	6628	6731	
6751	6585	6498	6585	
6577	6423	6333	6423	
6403	6254	6213	6254	
6323	6148	6077	6148	
6163	6018	5964	6018	
6058	5909	5858	5909	
5957	5825	5741	5825	
5919	5733	5721	5733	
5769	5632	5668	5632	
5767	5585	5600	5585	
5703	5558	5541	5558	
5692	5528	5538	5528	
5625	5502	5459	5502	
5642	5525	5507	5525	
5663	5529	5500	5529	
5676	5528	5514	5528	
5709	5573	5551	5573	
5803	5646	5621	5646	
5858	5679	5645	5679	
5932	5774	5715	5774	
6005	5860	5783	5860	
6127	5975	5905	5975	
6243	6101	6013	6101	
6377	6198	6173	6198	
6488	6316	6266	6316	
6702	6514	6464	6514	
6828	6630	6499	6630	
7005	6835	6731	6835	
7196	7010	6930	7010	
7455	7244	7069	7244	
7705	7499	7428	7499	
7992	7741	7560	7741	
8212	8021	7947	8021	
8646	8378	8202	8378	
9018	8706	8602	8706	
9504	9090	8894	9090	
9916	9538	9366	9538	
10204	9892	9708	9892	
10688	10332	10088	10332	
10896	10600	10318	10600	
10390	9944	9656	9944	
9852	9514	9308	9514	
9450	9146	8948	9146	
8924	8734	8502	8734	
8586	8312	8103	8312	
8268	8008	7886	8008	
7899	7658	7585	7658	
7655	7418	7286	7418	
7378	7155	7121	7155	
7117	6954	6846	6954	
6974	6773	6693	6773	
6773	6561	6523	6561	
6615	6458	6370	6458	
6443	6315	6247	6315	
6306	6151	6103	6151	
6174	5996	5938	5996	
6021	5881	5822	5881	
5914	5769	5682	5769	
5838	5661	5686	5661	
5760	5585	5580	5585	
5661	5513	5464	5513	
5615	5438	5442	5438	
5556	5429	5411	5429	
5563	5371	5418	5371	
5525	5375	5379	5375	
5500	5353	5356	5353	
5517	5360	5358	5360	
5536	5427	5367	5427	
5588	5457	5412	5457	
5648	5493	5488	5493	
5697	5567	5500	5567	
5781	5650	5594	5650	
5870	5750	5727	5750	
5964	5816	5786	5816	
6114	5962	5924	5962	
6283	6088	6027	6088	
6347	6205	6147	6205	
6518	6372	6317	6372	
6663	6533	6441	6533	
6908	6724	6583	6724	
7093	6871	6789	6871	
7274	7058	6993	7058	
7504	7317	7197	7317	
7806	7583	7435	7583	
8097	7841	7769	7841	
8496	8184	8087	8184	
8828	8534	8346	8534	
9234	8926	8786	8926	
9724	9336	9224	9336	
10022	9758	9558	9758	
10584	10244	10086	10244	
10632	10402	10160	10402	
10114	9772	9500	9772	
9710	9342	9124	9342	
9196	8940	8744	8940	
8786	8532	8362	8532	
8394	8162	7966	8162	
8016	7823	7745	7823	
7750	7539	7430	7539	
7456	7214	7173	7214	
7244	7082	6943	7082	
7042	6825	6761	6825	
6816	6630	6555	6630	
6570	6452	6348	6452	
6497	6300	6293	6300	
6347	6144	6103	6144	
6146	6019	5965	6019	
6013	5860	5807	5860	
5900	5737	5702	5737	
5755	5617	5593	5617	
5658	5525	5503	5525	
5548	5437	5448	5437	
5529	5377	5365	5377	
5453	5356	5322	5356	
5418	5306	5289	5306	
5363	5247	5233	5247	
5361	5231	5196	5231	
5342	5219	5201	5219	
5365	5245	5247	5245	
5413	5270	5271	5270	
5436	5281	5255	5281	
5486	5332	5364	5332	
5540	5414	5437	5414	
5650	5499	5486	5499	
5721	5592	5556	5592	
5818	5700	5649	5700	
5977	5848	5809	5848	
6040	5935	5874	5935	
6198	6088	6051	6088	
6359	6224	6116	6224	
6570	6392	6304	6392	
6718	6588	6453	6588	
6919	6755	6658	6755	
7139	6977	6856	6977	
7402	7195	7040	7195	
7603	7428	7255	7428	
7920	7722	7605	7722	
8278	8051	7869	8051	
8646	8362	8196	8362	
8996	8788	8580	8788	
9466	9162	9026	9162	
9772	9564	9404	9564	
10358	10000	9828	10000	
10526	10250	9964	10250	
9918	9580	9466	9580	
9490	9162	9036	9162	
9032	8736	8646	8736	
8538	8348	8176	8348	
8186	8013	7865	8013	
7883	7657	7560	7657	
7588	7373	7275	7373	
7364	7134	7051	7134	
7136	6953	6804	6953	
6866	6724	6683	6724	
6713	6502	6422	6502	
6537	6366	6303	6366	
6368	6158	6135	6158	
6178	6026	6001	6026	
6061	5866	5841	5866	
5858	5752	5656	5752	
5752	5605	5615	5605	
5655	5487	5507	5487	
5535	5380	5336	5380	
5425	5295	5283	5295	
5330	5236	5218	5236	
5262	5172	5177	5172	
5264	5146	5115	5146	
5221	5108	5106	5108	
5206	5094	5097	5094	
5213	5066	5064	5066	
5217	5097	5120	5097	
5251	5117	5137	5117	
5292	5159	5150	5159	
5350	5217	5226	5217	
5377	5275	5296	5275	
5481	5348	5313	5348	
5589	5427	5423	5427	
5690	5563	5532	5563	
5855	5683	5660	5683	
5974	5806	5730	5806	
6106	5942	5888	5942	
6218	6102	5988	6102	
6410	6261	6160	6261	
6583	6427	6308	6427	
6710	6615	6528	6615	
6996	6805	6732	6805	
7230	7037	6945	7037	
7499	7289	7196	7289	
7766	7556	7437	7556	
8078	7850	7769	7850	
8514	8166	8054	8166	
8856	8568	8434	8568	
9220	8986	8798	8986	
9766	9404	9276	9404	
10156	9874	9628	9874	
10252	10126	9734	10126	
9838	9424	9156	9424	
9374	8990	8830	8990	
8846	8564	8360	8564	
8426	8188	8039	8188	
8142	7807	7678	7807	
7811	7533	7382	7533	
7498	7258	7167	7258	
7233	7018	6906	7018	
7011	6815	6663	6815	
6776	6617	6496	6617	
6606	6388	6321	6388	
6392	6234	6170	6234	
6214	6076	5989	6076	
6094	5898	5905	5898	
5922	5745	5734	5745	
5751	5602	5561	5602	
5597	5486	5454	5486	
5482	5356	5328	5356	
5389	5252	5287	5252	
5287	5153	5171	5153	
5261	5123	5129	5123	
5146	5047	5040	5047	
5143	4997	4993	4997	
5091	4979	4958	4979	
5089	4941	4976	4941	
5067	4940	4928	4940	
5063	4963	4980	4963	
5090	4983	4996	4983	
5141	5016	5028	5016	
5205	5093	5086	5093	
5232	5125	5197	5125	
5329	5228	5238	5228	
5455	5329	5324	5329	
5542	5430	5401	5430	
5691	5568	5508	5568	
5822	5697	5598	5697	
5996	5836	5749	5836	
6133	5991	5948	5991	
6278	6148	6040	6148	
6456	6322	6273	6322	
6667	6519	6424	6519	
6885	6726	6628	6726	
7097	6916	6859	6916	
7317	7171	7075	7171	
7666	7393	7334	7393	
8016	7733	7614	7733	
8288	8013	7907	8013	
8738	8388	8222	8388	
9148	8844	8756	8844	
9532	9268	9044	9268	
10016	9714	9584	9714	
10252	9966	9738	9966	
9624	9278	9030	9278	
9124	8832	8672	8832	
8776	8472	8192	8472	
8262	8036	7891	8036	
7906	7691	7531	7691	
7619	7407	7286	7407	
7331	7142	7028	7142	
7082	6868	6762	6868	
6883	6691	6568	6691	
6673	6496	6457	6496	
6464	6285	6265	6285	
6259	6119	6088	6119	
6099	5983	5906	5983	
5920	5758	5745	5758	
5769	5645	5596	5645	
5585	5487	5485	5487	
5488	5370	5359	5370	
5377	5252	5213	5252	
5273	5138	5156	5138	
5160	5059	5038	5059	
5078	4995	4984	4995	
5018	4938	4955	4938	
4987	4873	4908	4873	
4966	4844	4889	4844	
4952	4833	4838	4833	
4929	4821	4837	4821	
4927	4838	4830	4838	
4959	4876	4889	4876	
4991	4891	4918	4891	
5070	4973	4953	4973	
5132	5037	5008	5037	
5216	5110	5084	5110	
5302	5218	5201	5218	
5427	5319	5269	5319	
5530	5436	5386	5436	
5669	5585	5544	5585	
5815	5731	5671	5731	
6067	5879	5802	5879	
6193	6037	5951	6037	
6385	6224	6145	6224	
6629	6429	6306	6429	
6779	6651	6521	6651	
6994	6803	6728	6803	
7285	7036	6975	7036	
7442	7299	7171	7299	
7797	7640	7501	7640	
8078	7897	7752	7897	
8458	8246	8092	8246	
8906	8644	8494	8644	
9402	9056	8904	9056	
9836	9596	9394	9596	
9992	9852	9658	9852	
9380	9130	8974	9130	
9014	8694	8472	8694	
8518	8346	8173	8346	
8115	7916	7760	7916	
7850	7575	7450	7575	
7513	7335	7182	7335	
7219	7063	6907	7063	
6992	6805	6700	6805	
6829	6600	6540	6600	
6550	6385	6312	6385	
6334	6212	6151	6212	
6150	6013	5989	6013	
5984	5872	5839	5872	
5829	5704	5640	5704	
5674	5547	5544	5547	
5524	5386	5371	5386	
5381	5263	5289	5263	
5224	5134	5098	5134	
5119	5040	4996	5040	
5069	4977	4963	4977	
4976	4872	4921	4872	
4922	4798	4832	4798	
4844	4763	4767	4763	
4819	4740	4711	4740	
4798	4699	4745	4699	
4800	4687	4743	4687	
4778	4718	4716	4718	
4830	4750	4777	4750	
4864	4782	4820	4782	
4911	4846	4854	4846	
5025	4920	4913	4920	
5072	4985	4989	4985	
5163	5084	5094	5084	
5307	5213	5227	5213	
5445	5358	5292	5358	
5577	5443	5440	5443	
5691	5590	5556	5590	
5936	5784	5744	5784	
6084	5932	5855	5932	
6282	6153	6092	6153	
6505	6316	6276	6316	
6682	6516	6423	6516	
6898	6730	6596	6730	
7091	6945	6849	6945	
7433	7210	7124	7210	
7670	7450	7345	7450	
7953	7781	7549	7781	
8408	8168	8029	8168	
8794	8546	8290	8546	
9214	8962	8786	8962	
9656	9458	9314	9458	
9824	9648	9400	9648	
9266	9036	8868	9036	
8862	8592	8392	8592	
8420	8186	8048	8186	
8039	7822	7644	7822	
7676	7499	7331	7499	
7395	7196	7118	7196	
7150	6978	6931	6978	
6882	6733	6596	6733	
6689	6520	6470	6520	
6516	6315	6261	6315	
6249	6091	6032	6091	
6068	5909	5853	5909	
5897	5750	5726	5750	
5728	5584	5542	5584	
5605	5431	5427	5431	
5390	5282	5290	5282	
5243	5156	5142	5156	
5137	5022	5002	5022	
5028	4929	4934	4929	
4979	4843	4854	4843	
4849	4775	4767	4775	
4815	4719	4716	4719	
4730	4661	4701	4661	
4724	4641	4661	4641	
4647	4606	4633	4606	
4712	4608	4639	4608	
4681	4604	4637	4604	
4737	4657	4689	4657	
4783	4678	4680	4678	
4855	4724	4764	4724	
4855	4802	4827	4802	
4978	4884	4909	4884	
5052	4998	4995	4998	
5212	5094	5050	5094	
5366	5204	5193	5204	
5465	5338	5342	5338	
5617	5515	5488	5515	
5871	5694	5667	5694	
6002	5856	5788	5856	
6196	6051	5974	6051	
6325	6229	6148	6229	
6608	6427	6328	6427	
6832	6640	6535	6640	
7018	6870	6766	6870	
7281	7102	6961	7102	
7546	7380	7218	7380	
7850	7662	7442	7662	
8282	8009	7929	8009	
8716	8412	8220	8412	
9080	8794	8684	8794	
9552	9264	9088	9264	
9884	9594	9436	9594	
9194	8844	8654	8844	
8718	8444	8230	8444	
8292	8091	7927	8091	
7960	7669	7582	7669	
7618	7391	7331	7391	
7344	7112	6992	7112	
7085	6883	6752	6883	
6795	6635	6587	6635	
6541	6450	6340	6450	
6378	6227	6168	6227	
6207	6030	5965	6030	
5964	5843	5791	5843	
5773	5659	5621	5659	
5669	5492	5473	5492	
5466	5329	5339	5329	
5265	5191	5184	5191	
5149	5070	5064	5070	
5043	4954	4948	4954	
4935	4842	4860	4842	
4857	4741	4763	4741	
4722	4674	4666	4674	
4699	4624	4643	4624	
4598	4577	4593	4577	
4633	4540	4550	4540	
4607	4511	4515	4511	
4596	4499	4522	4499	
4587	4540	4554	4540	
4614	4547	4558	4547	
4669	4583	4571	4583	
4715	4646	4679	4646	
4779	4689	4695	4689	
4891	4769	4758	4769	
4945	4879	4860	4879	
5078	5002	4992	5002	
5238	5146	5123	5146	
5357	5264	5237	5264	
5499	5423	5401	5423	
5725	5581	5565	5581	
5887	5786	5712	5786	
6040	5944	5894	5944	
6284	6158	6062	6158	
6491	6347	6272	6347	
6716	6544	6471	6544	
6923	6769	6713	6769	
7256	7035	6903	7035	
7544	7292	7185	7292	
7838	7586	7442	7586	
8124	7934	7817	7934	
8536	8316	8167	8316	
8980	8696	8600	8696	
9352	9082	8852	9082	
9660	9430	9132	9430	
9050	8730	8570	8730	
8622	8318	8155	8318	
8206	7961	7901	7961	
7914	7608	7477	7608	
7480	7282	7179	7282	
7227	7041	6947	7041	
7025	6802	6685	6802	
6742	6575	6428	6575	
6523	6350	6276	6350	
6273	6131	6121	6131	
6040	5943	5935	5943	
5857	5756	5699	5756	
5719	5582	5531	5582	
5528	5400	5374	5400	
5344	5243	5224	5243	
5181	5106	5066	5106	
5100	4980	4974	4980	
4940	4845	4855	4845	
4820	4744	4750	4744	
4695	4661	4672	4661	
4686	4575	4573	4575	
4608	4516	4528	4516	
4570	4470	4521	4470	
4484	4451	4476	4451	
4484	4424	4477	4424	
4476	4431	4470	4431	
4510	4443	4454	4443	
4506	4473	4492	4473	
4575	4490	4500	4490	
4588	4533	4526	4533	
4665	4591	4646	4591	
4778	4687	4672	4687	
4841	4780	4762	4780	
4957	4899	4901	4899	
5151	5044	5053	5044	
5212	5171	5148	5171	
5398	5322	5327	5322	
5641	5487	5478	5487	
5748	5681	5657	5681	
5984	5861	5812	5861	
6188	6079	5950	6079	
6391	6263	6231	6263	
6634	6476	6369	6476	
6856	6677	6624	6677	
7081	6936	6813	6936	
7363	7183	7123	7183	
7685	7473	7359	7473	
8020	7763	7669	7763	
8394	8163	8051	8163	
8900	8606	8458	8606	
9310	9118	8814	9118	
9474	9336	9108	9336	
8960	8674	8466	8674	
8524	8280	8110	8280	
8198	7867	7687	7867	
7764	7541	7361	7541	
7406	7231	7104	7231	
7166	6949	6842	6949	
6893	6726	6613	6726	
6692	6510	6443	6510	
6448	6288	6201	6288	
6227	6060	5990	6060	
6011	5869	5850	5869	
5798	5687	5693	5687	
5609	5518	5470	5518	
5427	5350	5286	5350	
5296	5175	5166	5175	
5124	5051	4987	5051	
4986	4900	4891	4900	
4821	4766	4769	4766	
4756	4666	4665	4666	
4664	4609	4603	4609	
4567	4506	4520	4506	
4524	4445	4486	4445	
4456	4410	4463	4410	
4459	4403	4413	4403	
4398	4353	4390	4353	
4425	4364	4385	4364	
4425	4358	4390	4358	
4454	4361	4381	4361	
4483	4424	4447	4424	
4518	4474	4479	4474	
4600	4524	4579	4524	
4697	4625	4626	4625	
4799	4723	4722	4723	
4882	4821	4820	4821	
5047	4972	4935	4972	
5195	5095	5087	5095	
5340	5250	5240	5250	
5517	5403	5387	5403	
5719	5582	5560	5582	
5936	5809	5707	5809	
6125	5971	5946	5971	
6348	6203	6165	6203	
6555	6415	6342	6415	
6813	6651	6526	6651	
7045	6902	6837	6902	
7339	7149	7004	7149	
7627	7390	7232	7390	
7957	7689	7612	7689	
8408	8099	7967	8099	
8754	8484	8226	8484	
9194	8926	8856	8926	
9466	9290	8948	9290	
8756	8560	8380	8560	
8372	8188	7982	8188	
8040	7812	7612	7812	
7688	7489	7310	7489	
7371	7184	7045	7184	
7046	6931	6708	6931	
6852	6680	6526	6680	
6599	6423	6307	6423	
6364	6219	6168	6219	
6235	6037	5950	6037	
5951	5803	5758	5803	
5771	5593	5583	5593	
5562	5447	5408	5447	
5362	5250	5268	5250	
5198	5088	5088	5088	
5034	4948	4956	4948	
4889	4830	4848	4830	
4744	4703	4710	4703	
4672	4611	4618	4611	
4564	4524	4546	4524	
4480	4443	4483	4443	
4424	4385	4410	4385	
4388	4354	4356	4354	
4376	4337	4363	4337	
4354	4296	4333	4296	
4317	4307	4319	4307	
4362	4306	4319	4306	
4357	4318	4321	4318	
4422	4360	4382	4360	
4497	4384	4415	4384	
4533	4450	4478	4450	
4599	4524	4550	4524	
4699	4625	4629	4625	
4805	4746	4716	4746	
4960	4885	4869	4885	
5113	5021	5016	5021	
5247	5214	5159	5214	
5425	5357	5326	5357	
5627	5539	5458	5539	
5858	5721	5657	5721	
6062	5943	5905	5943	
6284	6122	6068	6122	
6537	6345	6246	6345	
6748	6580	6485	6580	
6958	6786	6714	6786	
7228	7060	6900	7060	
7524	7331	7199	7331	
7883	7641	7501	7641	
8264	8030	7904	8030	
8716	8408	8214	8408	
9042	8912	8562	8912	
9330	9090	8756	9090	
8760	8454	8364	8454	
8282	8059	7947	8059	
7983	7715	7556	7715	
7564	7384	7235	7384	
7332	7155	6995	7155	
7055	6840	6748	6840	
6708	6625	6483	6625	
6561	6407	6280	6407	
6339	6196	6097	6196	
6095	5941	5882	5941	
5875	5751	5735	5751	
5673	5546	5522	5546	
5475	5373	5367	5373	
5295	5186	5186	5186	
5120	5055	5053	5055	
4965	4889	4877	4889	
4819	4761	4734	4761	
4691	4640	4641	4640	
4597	4524	4532	4524	
4500	4456	4454	4456	
4412	4378	4422	4378	
4409	4326	4360	4326	
4344	4290	4329	4290	
4303	4249	4265	4249	
4295	4256	4244	4256	
4290	4237	4259	4237	
4289	4237	4266	4237	
4315	4267	4288	4267	
4305	4296	4309	4296	
4394	4343	4332	4343	
4464	4392	4405	4392	
4540	4464	4475	4464	
4623	4562	4561	4562	
4739	4698	4666	4698	
4860	4811	4849	4811	
5037	4949	4923	4949	
5216	5120	5099	5120	
5377	5281	5279	5281	
5581	5450	5449	5450	
5790	5654	5641	5654	
5996	5864	5788	5864	
6252	6112	5987	6112	
6415	6281	6210	6281	
6666	6538	6354	6538	
6889	6755	6633	6755	
7191	7022	6903	7022	
7496	7244	7136	7244	
7791	7589	7420	7589	
8190	7944	7813	7944	
8522	8328	8151	8328	
9024	8782	8618	8782	
9258	9084	8876	9084	
8692	8428	8260	8428	
8220	8010	7831	8010	
7920	7704	7490	7704	
7534	7337	7241	7337	
7238	7050	6948	7050	
7085	6794	6702	6794	
6722	6564	6485	6564	
6510	6330	6225	6330	
6297	6143	6089	6143	
6066	5901	5852	5901	
5823	5691	5672	5691	
5603	5494	5506	5494	
5406	5299	5265	5299	
5273	5152	5133	5152	
5091	4970	4939	4970	
4899	4842	4816	4842	
4783	4680	4713	4680	
4667	4563	4564	4563	
4583	4471	4502	4471	
4432	4402	4417	4402	
4369	4343	4363	4343	
4306	4281	4290	4281	
4294	4248	4268	4248	
4280	4219	4231	4219	
4228	4192	4218	4192	
4228	4200	4182	4200	
4232	4210	4220	4210	
4240	4211	4235	4211	
4286	4234	4249	4234	
4323	4276	4288	4276	
4381	4348	4350	4348	
4466	4423	4406	4423	
4538	4512	4542	4512	
4678	4624	4608	4624	
4847	4761	4737	4761	
4995	4885	4893	4885	
5123	5058	5021	5058	
5298	5236	5217	5236	
5538	5406	5359	5406	
5723	5613	5591	5613	
5891	5813	5726	5813	
6158	6009	5932	6009	
6429	6241	6152	6241	
6597	6472	6333	6472	
6917	6712	6583	6712	
7127	6968	6817	6968	
7415	7238	7152	7238	
7686	7517	7365	7517	
8085	7886	7774	7886	
8500	8270	8136	8270	
9044	8718	8528	8718	
9226	9010	8704	9010	
8618	8346	8142	8346	
8153	7944	7759	7944	
7850	7630	7415	7630	
7520	7300	7127	7300	
7233	7029	6903	7029	
6900	6785	6624	6785	
6669	6516	6391	6516	
6441	6298	6216	6298	
6174	6070	5990	6070	
5952	5830	5772	5830	
5742	5637	5602	5637	
5546	5452	5401	5452	
5338	5262	5242	5262	
5185	5105	5076	5105	
5048	4912	4924	4912	
4856	4782	4792	4782	
4700	4644	4634	4644	
4587	4548	4505	4548	
4483	4447	4446	4447	
4386	4358	4384	4358	
4329	4282	4300	4282	
4315	4242	4259	4242	
4249	4205	4244	4205	
4211	4183	4233	4183	
4187	4144	4179	4144	
4152	4157	4195	4157	
4214	4175	4160	4175	
4219	4169	4220	4169	
4237	4198	4196	4198	
4292	4245	4243	4245	
4332	4287	4322	4287	
4427	4374	4401	4374	
4499	4466	4492	4466	
4629	4553	4566	4553	
4757	4690	4685	4690	
4881	4845	4825	4845	
5071	5021	4996	5021	
5289	5177	5162	5177	
5460	5343	5338	5343	
5668	5550	5466	5550	
5878	5779	5697	5779	
6079	5983	5886	5983	
6362	6210	6079	6210	
6574	6440	6334	6440	
6807	6663	6538	6663	
7129	6910	6752	6910	
7398	7180	7004	7180	
7725	7469	7331	7469	
8022	7826	7642	7826	
8464	8177	8028	8177	
8878	8686	8482	8686	
9188	8928	8614	8928	
8550	8290	8097	8290	
8192	7918	7791	7918	
7806	7572	7368	7572	
7519	7238	7085	7238	
7111	6971	6842	6971	
6895	6733	6623	6733	
6704	6499	6353	6499	
6387	6253	6156	6253	
6197	6045	5976	6045	
5977	5819	5740	5819	
5726	5595	5558	5595	
5521	5401	5354	5401	
5306	5221	5196	5221	
5155	5057	5038	5057	
4935	4885	4897	4885	
4842	4741	4766	4741	
4713	4614	4649	4614	
4559	4489	4503	4489	
4492	4406	4389	4406	
4347	4335	4331	4335	
4289	4271	4284	4271	
4268	4228	4249	4228	
4220	4165	4185	4165	
4203	4149	4186	4149	
4182	4126	4164	4126	
4191	4129	4133	4129	
4183	4150	4169	4150	
4186	4152	4164	4152	
4189	4175	4191	4175	
4275	4215	4200	4215	
4311	4278	4278	4278	
4376	4349	4366	4349	
4477	4429	4424	4429	
4586	4529	4532	4529	
4748	4668	4640	4668	
4871	4783	4808	4783	
5017	4971	4925	4971	
5240	5146	5099	5146	
5425	5329	5294	5329	
5644	5526	5450	5526	
5865	5741	5650	5741	
6131	5967	5871	5967	
6329	6182	6092	6182	
6520	6377	6246	6377	
6845	6631	6521	6631	
7046	6877	6770	6877	
7291	7139	6981	7139	
7614	7392	7285	7392	
8005	7749	7557	7749	
8352	8105	7907	8105	
8780	8590	8348	8590	
9154	8882	8640	8882	
8526	8314	8110	8314	
8096	7884	7661	7884	
7739	7552	7365	7552	
7408	7230	7083	7230	
7128	6939	6814	6939	
6861	6693	6543	6693	
6658	6447	6332	6447	
6401	6231	6207	6231	
6172	5998	5934	5998	
5929	5768	5726	5768	
5691	5590	5485	5590	
5480	5382	5372	5382	
5274	5174	5173	5174	
5094	5025	5015	5025	
4914	4865	4857	4865	
4774	4706	4699	4706	
4678	4593	4605	4593	
4544	4463	4505	4463	
4432	4385	4401	4385	
4355	4313	4333	4313	
4275	4226	4256	4226	
4219	4186	4217	4186	
4183	4155	4186	4155	
4160	4139	4158	4139	
4167	4136	4154	4136	
4129	4112	4116	4112	
4152	4128	4124	4128	
4154	4142	4136	4142	
4184	4155	4142	4155	
4237	4183	4194	4183	
4290	4234	4239	4234	
4350	4309	4311	4309	
4453	4397	4383	4397	
4526	4508	4481	4508	
4673	4650	4605	4650	
4818	4769	4772	4769	
5021	4906	4916	4906	
5204	5104	5109	5104	
5414	5303	5284	5303	
5630	5516	5434	5516	
5832	5684	5618	5684	
6073	5890	5837	5890	
6306	6134	6036	6134	
6562	6388	6283	6388	
6788	6609	6476	6609	
7045	6812	6657	6812	
7298	7094	6890	7094	
7613	7399	7278	7399	
7951	7726	7557	7726	
8336	8083	7932	8083	
8852	8562	8442	8562	
9004	8936	8676	8936	
8510	8242	8023	8242	
8067	7855	7647	7855	
7751	7545	7381	7545	
7373	7211	7055	7211	
7146	6919	6795	6919	
6841	6701	6507	6701	
6615	6460	6289	6460	
6329	6203	6154	6203	
6169	5986	5912	5986	
5969	5758	5720	5758	
5640	5520	5502	5520	
5447	5339	5300	5339	
5258	5142	5134	5142	
5105	5000	4972	5000	
4926	4846	4834	4846	
4764	4692	4721	4692	
4614	4568	4550	4568	
4512	4422	4417	4422	
4391	4353	4390	4353	
4291	4280	4307	4280	
4257	4211	4255	4211	
4209	4181	4204	4181	
4197	4145	4172	4145	
4163	4130	4164	4130	
4146	4127	4129	4127	
4132	4106	4099	4106	
4125	4115	4112	4115	
4159	4128	4147	4128	
4166	4147	4155	4147	
4202	4181	4214	4181	
4272	4228	4216	4228	
4335	4289	4310	4289	
4396	4373	4409	4373	
4506	4481	4463	4481	
4669	4597	4593	4597	
4779	4731	4715	4731	
4963	4908	4896	4908	
5181	5085	5040	5085	
5345	5260	5236	5260	
5592	5474	5415	5474	
5743	5680	5604	5680	
6002	5912	5825	5912	
6260	6106	6046	6106	
6513	6345	6302	6345	
6782	6612	6491	6612	
6980	6797	6664	6797	
7295	7095	6947	7095	
7559	7400	7265	7400	
7926	7698	7565	7698	
8350	8070	7858	8070	
8774	8496	8278	8496	
8936	8870	8630	8870	
8470	8189	8003	8189	
8063	7842	7605	7842	
7735	7513	7334	7513	
7350	7175	7046	7175	
7129	6889	6781	6889	
6827	6646	6505	6646	
6597	6427	6292	6427	
6360	6181	6100	6181	
6107	5950	5857	5950	
5886	5732	5672	5732	
5622	5531	5478	5531	
5424	5312	5271	5312	
5271	5119	5117	5119	
5081	4980	4970	4980	
4869	4796	4769	4796	
4714	4657	4637	4657	
4578	4529	4534	4529	
4476	4432	4422	4432	
4371	4335	4353	4335	
4290	4262	4295	4262	
4221	4207	4233	4207	
4204	4144	4171	4144	
4140	4121	4131	4121	
4136	4114	4106	4114	
4117	4096	4123	4096	
4103	4106	4113	4106	
4115	4112	4105	4112	
4118	4107	4109	4107	
4131	4119	4131	4119	
4170	4155	4174	4155	
4237	4186	4204	4186	
4299	4253	4245	4253	
4378	4339	4356	4339	
4492	4453	4431	4453	
4634	4592	4564	4592	
4812	4716	4711	4716	
4942	4877	4844	4877	
5135	5041	5051	5041	
5384	5241	5192	5241	
5588	5462	5408	5462	
5791	5627	5606	5627	
5995	5885	5789	5885	
6261	6100	6030	6100	
6490	6330	6245	6330	
6719	6570	6433	6570	
6986	6801	6651	6801	
7203	7026	6903	7026	
7572	7340	7225	7340	
7894	7706	7488	7706	
8204	8068	7812	8068	
8710	8510	8330	8510	
9008	8816	8560	8816	
8424	8204	8050	8204	
8078	7805	7591	7805	
7711	7530	7244	7530	
7463	7163	7001	7163	
7113	6915	6735	6915	
6821	6658	6503	6658	
6550	6406	6359	6406	
6319	6180	6063	6180	
6048	5958	5843	5958	
5838	5752	5659	5752	
5637	5506	5429	5506	
5457	5306	5292	5306	
5195	5159	5108	5159	
5024	4969	4942	4969	
4856	4813	4804	4813	
4729	4669	4683	4669	
4568	4538	4537	4538	
4450	4395	4438	4395	
4372	4339	4381	4339	
4287	4271	4287	4271	
4252	4197	4237	4197	
4191	4157	4185	4157	
4166	4125	4156	4125	
4123	4129	4136	4129	
4097	4102	4118	4102	
4124	4111	4125	4111	
4130	4109	4096	4109	
4105	4109	4138	4109	
4173	4129	4119	4129	
4186	4144	4164	4144	
4237	4196	4224	4196	
4280	4251	4258	4251	
4364	4360	4337	4360	
4466	4428	4420	4428	
4644	4575	4574	4575	
4755	4706	4709	4706	
4927	4864	4808	4864	
5139	5083	5028	5083	
5327	5237	5201	5237	
5545	5447	5378	5447	
5762	5666	5581	5666	
5980	5859	5755	5859	
6250	6109	6004	6109	
6472	6344	6225	6344	
6693	6550	6443	6550	
7021	6811	6696	6811	
7299	7063	6889	7063	
7616	7335	7232	7335	
7878	7639	7541	7639	
8288	8021	7841	8021	
8678	8486	8280	8486	
9032	8850	8612	8850	
8422	8196	7957	8196	
8000	7841	7631	7841	
7664	7485	7299	7485	
7387	7199	7062	7199	
7140	6900	6810	6900	
6843	6628	6493	6628	
6574	6408	6277	6408	
6284	6202	6051	6202	
6059	5979	5863	5979	
5894	5738	5690	5738	
5653	5524	5502	5524	
5438	5313	5247	5313	
5240	5145	5120	5145	
5023	4977	4967	4977	
4891	4806	4797	4806	
4742	4655	4657	4655	
4593	4533	4569	4533	
4474	4408	4416	4408	
4346	4325	4346	4325	
4299	4272	4282	4272	
4228	4189	4195	4189	
4166	4152	4162	4152	
4141	4138	4155	4138	
4148	4119	4122	4119	
4133	4109	4121	4109	
4096	4105	4096	4105	
4125	4108	4117	4108	
4137	4114	4149	4114	
4126	4137	4139	4137	
4187	4163	4188	4163	
4212	4194	4193	4194	
4315	4263	4285	4263	
4375	4339	4325	4339	
4508	4441	4428	4441	
4612	4578	4580	4578	
4739	4732	4713	4732	
4974	4897	4894	4897	
5169	5073	5053	5073	
5363	5242	5222	5242	
5539	5456	5401	5456	
5767	5660	5612	5660	
6009	5890	5783	5890	
6221	6091	5996	6091	
6445	6297	6210	6297	
6665	6523	6418	6523	
6992	6789	6673	6789	
7233	7047	6877	7047	
7556	7366	7211	7366	
7892	7685	7524	7685	
8246	8049	7816	8049	
8772	8498	8280	8498	
8956	8836	8508	8836	
8478	8248	7981	8248	
8040	7861	7607	7861	
7687	7531	7286	7531	
7379	7187	7028	7187	
7086	6924	6742	6924	
6837	6662	6527	6662	
6580	6417	6289	6417	
6339	6188	6103	6188	
6091	5975	5892	5975	
5886	5752	5642	5752	
5629	5542	5471	5542	
5406	5314	5308	5314	
5259	5145	5101	5145	
5068	4987	4987	4987	
4882	4820	4775	4820	
4707	4671	4663	4671	
4603	4541	4536	4541	
4478	4428	4413	4428	
4356	4333	4327	4333	
4304	4257	4276	4257	
4223	4213	4211	4213	
4201	4180	4184	4180	
4153	4139	4158	4139	
4154	4129	4108	4129	
4154	4109	4117	4109	
4113	4107	4109	4107	
4136	4108	4129	4108	
4145	4128	4126	4128	
4162	4133	4129	4133	
4187	4172	4179	4172	
4213	4217	4215	4217	
4312	4266	4261	4266	
4394	4344	4337	4344	
4508	4443	4433	4443	
4639	4583	4556	4583	
4781	4732	4705	4732	
4960	4884	4874	4884	
5152	5059	5052	5059	
5325	5240	5184	5240	
5552	5480	5410	5480	
5767	5640	5570	5640	
6034	5879	5764	5879	
6196	6073	5942	6073	
6461	6313	6167	6313	
6736	6554	6453	6554	
6956	6801	6658	6801	
7255	7055	6947	7055	
7592	7349	7159	7349	
7876	7692	7522	7692	
8246	8044	7912	8044	
8670	8514	8256	8514	
9004	8898	8522	8898	
8478	8202	8004	8202	
8122	7812	7619	7812	
7765	7528	7347	7528	
7448	7186	7044	7186	
7137	6911	6743	6911	
6784	6654	6516	6654	
6552	6436	6304	6436	
6377	6210	6096	6210	
6096	5979	5938	5979	
5874	5764	5641	5764	
5702	5543	5530	5543	
5429	5342	5275	5342	
5233	5163	5132	5163	
5063	4987	4976	4987	
4875	4843	4861	4843	
4718	4687	4692	4687	
4639	4545	4543	4545	
4475	4430	4432	4430	
4401	4352	4358	4352	
4296	4257	4274	4257	
4266	4224	4246	4224	
4184	4189	4176	4189	
4180	4149	4163	4149	
4148	4133	4132	4133	
4120	4112	4138	4112	
4136	4121	4136	4121	
4130	4124	4112	4124	
4141	4118	4128	4118	
4149	4135	4121	4135	
4207	4170	4162	4170	
4249	4227	4241	4227	
4339	4287	4294	4287	
4391	4361	4378	4361	
4494	4474	4469	4474	
4665	4612	4599	4612	
4794	4759	4726	4759	
4966	4914	4851	4914	
5163	5087	5085	5087	
5332	5268	5222	5268	
5567	5457	5393	5457	
5783	5698	5641	5698	
6024	5883	5836	5883	
6222	6141	6018	6141	
6482	6349	6257	6349	
6766	6539	6413	6539	
7012	6803	6653	6803	
7215	7079	6957	7079	
7540	7315	7202	7315	
7902	7694	7523	7694	
8288	8042	7833	8042	
8772	8538	8356	8538	
9134	8918	8692	8918	
8446	8288	8054	8288	
8159	7852	7719	7852	
7747	7536	7301	7536	
7398	7242	7026	7242	
7107	6951	6801	6951	
6848	6681	6550	6681	
6655	6440	6339	6440	
6384	6231	6107	6231	
6142	6000	5923	6000	
5910	5785	5748	5785	
5662	5572	5473	5572	
5482	5376	5354	5376	
5290	5215	5213	5215	
5110	5033	4984	5033	
4906	4854	4834	4854	
4761	4708	4692	4708	
4641	4606	4583	4606	
4540	4461	4472	4461	
4419	4380	4397	4380	
4343	4305	4299	4305	
4276	4238	4251	4238	
4212	4184	4206	4184	
4198	4164	4164	4164	
4174	4174	4137	4174	
4168	4129	4165	4129	
4169	4139	4166	4139	
4132	4132	4133	4132	
4157	4159	4162	4159	
4201	4164	4166	4164	
4232	4210	4183	4210	
4298	4258	4229	4258	
4344	4317	4286	4317	
4431	4396	4391	4396	
4547	4488	4496	4488	
4697	4641	4612	4641	
4833	4774	4752	4774	
4966	4932	4892	4932	
5236	5119	5079	5119	
5363	5293	5222	5293	
5586	5487	5431	5487	
5877	5698	5657	5698	
6032	5921	5866	5921	
6302	6150	5998	6150	
6567	6366	6221	6366	
6731	6607	6423	6607	
6976	6828	6702	6828	
7339	7099	6913	7099	
7541	7390	7225	7390	
7981	7728	7587	7728	
8316	8108	7869	8108	
8716	8592	8332	8592	
9156	8956	8600	8956	
8516	8322	8118	8322	
8110	7894	7718	7894	
7815	7564	7369	7564	
7511	7238	7009	7238	
7154	6969	6809	6969	
6860	6742	6687	6742	
6622	6469	6366	6469	
6417	6255	6147	6255	
6163	6070	5914	6070	
5929	5830	5714	5830	
5739	5626	5558	5626	
5504	5417	5378	5417	
5328	5215	5234	5215	
5120	5057	5023	5057	
4967	4874	4880	4874	
4840	4757	4726	4757	
4669	4621	4596	4621	
4546	4498	4479	4498	
4465	4406	4392	4406	
4379	4326	4312	4326	
4299	4258	4258	4258	
4228	4222	4219	4222	
4208	4192	4185	4192	
4185	4170	4163	4170	
4150	4142	4148	4142	
4180	4134	4160	4134	
4162	4150	4172	4150	
4196	4165	4172	4165	
4206	4193	4193	4193	
4283	4223	4239	4223	
4291	4272	4288	4272	
4351	4346	4345	4346	
4437	4436	4410	4436	
4599	4535	4509	4535	
4713	4641	4631	4641	
4886	4808	4781	4808	
5050	4968	4927	4968	
5241	5154	5102	5154	
5442	5322	5242	5322	
5667	5514	5442	5514	
5855	5746	5611	5746	
6070	5918	5847	5918	
6243	6171	6029	6171	
6557	6389	6280	6389	
6830	6646	6518	6646	
7012	6849	6736	6849	
7301	7122	6944	7122	
7645	7442	7209	7442	
7982	7753	7611	7753	
8386	8106	7895	8106	
8798	8554	8316	8554	
9126	9064	8716	9064	
8638	8374	8157	8374	
8226	7958	7844	7958	
7828	7605	7392	7605	
7542	7333	7098	7333	
7234	7027	6855	7027	
6945	6762	6581	6762	
6728	6526	6399	6526	
6410	6315	6167	6315	
6202	6067	5984	6067	
5955	5870	5799	5870	
5754	5656	5581	5656	
5540	5444	5417	5444	
5401	5262	5215	5262	
5186	5083	5080	5083	
4993	4943	4911	4943	
4825	4783	4772	4783	
4725	4653	4648	4653	
4583	4538	4526	4538	
4470	4450	4424	4450	
4380	4346	4380	4346	
4348	4300	4302	4300	
4273	4254	4264	4254	
4226	4209	4208	4209	
4216	4202	4227	4202	
4203	4170	4181	4170	
4242	4180	4188	4180	
4187	4174	4185	4174	
4223	4195	4200	4195	
4235	4230	4235	4230	
4266	4263	4278	4263	
4342	4314	4312	4314	
4420	4374	4384	4374	
4515	4465	4427	4465	
4608	4584	4558	4584	
4791	4710	4693	4710	
4929	4839	4775	4839	
5086	5017	4961	5017	
5277	5210	5163	5210	
5463	5377	5327	5377	
5661	5554	5476	5554	
5920	5768	5732	5768	
6095	6001	5934	6001	
6340	6211	6125	6211	
6528	6413	6340	6413	
6834	6639	6490	6639	
7140	6897	6762	6897	
7373	7221	7019	7221	
7630	7505	7257	7505	
7969	7847	7638	7847	
8374	8202	7989	8202	
8878	8624	8380	8624	
9248	9128	8742	9128	
8634	8428	8159	8428	
8294	7991	7791	7991	
7887	7682	7459	7682	
7510	7357	7144	7357	
7245	7060	6876	7060	
7007	6812	6656	6812	
6683	6596	6416	6596	
6429	6350	6216	6350	
6221	6093	6027	6093	
6049	5911	5844	5911	
5808	5702	5670	5702	
5561	5492	5450	5492	
5378	5316	5279	5316	
5238	5159	5078	5159	
5044	4973	4918	4973	
4903	4851	4862	4851	
4732	4676	4655	4676	
4625	4572	4545	4572	
4517	4470	4473	4470	
4431	4391	4389	4391	
4377	4347	4341	4347	
4305	4288	4288	4288	
4275	4248	4250	4248	
4244	4228	4244	4228	
4227	4206	4235	4206	
4240	4206	4229	4206	
4248	4211	4181	4211	
4256	4233	4190	4233	
4263	4253	4259	4253	
4344	4306	4277	4306	
4400	4353	4361	4353	
4468	4427	4410	4427	
4547	4511	4497	4511	
4670	4620	4599	4620	
4853	4759	4742	4759	
4986	4907	4850	4907	
5152	5076	5012	5076	
5364	5260	5207	5260	
5538	5433	5345	5433	
5730	5632	5532	5632	
5978	5819	5768	5819	
6123	6021	5910	6021	
6335	6245	6172	6245	
6596	6497	6351	6497	
6837	6703	6629	6703	
7203	6986	6777	6986	
7330	7200	7031	7200	
7720	7524	7337	7524	
8091	7858	7677	7858	
8534	8216	8073	8216	
8912	8724	8454	8724	
9294	9080	8946	9080	
8814	8502	8260	8502	
8320	8088	7842	8088	
7921	7728	7507	7728	
7585	7410	7249	7410	
7273	7104	6884	7104	
6984	6912	6698	6912	
6814	6614	6452	6614	
6586	6405	6271	6405	
6314	6192	6051	6192	
6096	5974	5882	5974	
5880	5732	5732	5732	
5602	5533	5473	5533	
5461	5375	5333	5375	
5328	5195	5171	5195	
5101	5026	4981	5026	
4972	4893	4847	4893	
4837	4756	4725	4756	
4691	4629	4632	4629	
4563	4532	4542	4532	
4513	4462	4434	4462	
4421	4397	4404	4397	
4380	4314	4336	4314	
4289	4293	4293	4293	
4270	4271	4266	4271	
4276	4251	4252	4251	
4275	4252	4225	4252	
4298	4246	4263	4246	
4288	4262	4306	4262	
4347	4315	4303	4315	
4379	4350	4322	4350	
4447	4422	4413	4422	
4541	4499	4460	4499	
4600	4547	4536	4547	
4728	4700	4688	4700	
4886	4807	4776	4807	
5020	4960	4911	4960	
5211	5153	5086	5153	
5401	5317	5255	5317	
5596	5479	5406	5479	
5824	5689	5580	5689	
5969	5882	5772	5882	
6212	6069	6000	6069	
6412	6286	6160	6286	
6646	6522	6413	6522	
6850	6710	6621	6710	
7153	7015	6848	7015	
7441	7245	7082	7245	
7758	7603	7366	7603	
8071	7949	7747	7949	
8568	8306	8114	8306	
8972	8808	8630	8808	
9346	9254	8880	9254	
8842	8556	8322	8556	
8344	8143	7856	8143	
8014	7784	7663	7784	
7709	7463	7281	7463	
7403	7167	6977	7167	
7096	6904	6757	6904	
6773	6691	6558	6691	
6581	6444	6337	6444	
6352	6248	6094	6248	
6118	6038	5898	6038	
5928	5833	5752	5833	
5689	5607	5543	5607	
5524	5425	5350	5425	
5360	5275	5224	5275	
5183	5105	5041	5105	
5011	4938	4939	4938	
4883	4824	4766	4824	
4735	4703	4696	4703	
4631	4601	4592	4601	
4542	4496	4509	4496	
4510	4444	4460	4444	
4406	4373	4399	4373	
4361	4353	4332	4353	
4316	4314	4332	4314	
4320	4302	4282	4302	
4336	4306	4302	4306	
4364	4313	4324	4313	
4369	4330	4299	4330	
4392	4343	4330	4343	
4457	4419	4390	4419	
4506	4451	4442	4451	
4603	4531	4536	4531	
4694	4627	4648	4627	
4814	4756	4742	4756	
4982	4907	4867	4907	
5099	5054	4976	5054	
5246	5195	5133	5195	
5446	5373	5299	5373	
5641	5555	5494	5555	
5825	5742	5638	5742	
6067	5929	5857	5929	
6313	6175	6054	6175	
6463	6384	6217	6384	
6714	6581	6486	6581	
7010	6810	6664	6810	
7223	7079	6903	7079	
7542	7344	7179	7344	
7766	7648	7425	7648	
8272	7993	7839	7993	
8634	8372	8151	8372	
9026	8918	8676	8918	
9438	9336	9052	9336	
8968	8654	8380	8654	
8344	8214	8080	8214	
8066	7822	7663	7822	
7721	7490	7257	7490	
7423	7249	7037	7249	
7092	6993	6800	6993	
6915	6714	6616	6714	
6595	6512	6344	6512	
6386	6281	6182	6281	
6197	6061	5997	6061	
5976	5854	5816	5854	
5743	5685	5602	5685	
5598	5497	5393	5497	
5404	5349	5252	5349	
5252	5175	5110	5175	
5075	5011	4946	5011	
4944	4894	4832	4894	
4818	4784	4720	4784	
4700	4660	4676	4660	
4642	4579	4568	4579	
4512	4518	4482	4518	
4482	4454	4429	4454	
4452	4415	4418	4415	
4389	4379	4366	4379	
4381	4343	4336	4343	
4391	4342	4381	4342	
4414	4364	4341	4364	
4434	4383	4365	4383	
4462	4435	4413	4435	
4515	4462	4463	4462	
4582	4531	4484	4531	
4612	4621	4582	4621	
4720	4707	4681	4707	
4880	4815	4793	4815	
5040	4973	4896	4973	
5160	5124	5037	5124	
5334	5279	5210	5279	
5508	5447	5390	5447	
5704	5616	5520	5616	
5895	5818	5707	5818	
6113	6001	5896	6001	
6362	6198	6084	6198	
6531	6399	6292	6399	
6810	6639	6490	6639	
6962	6871	6746	6871	
7252	7131	6931	7131	
7528	7432	7220	7432	
7884	7702	7499	7702	
8338	8080	7881	8080	
8784	8486	8264	8486	
9188	8918	8700	8918	
9580	9400	9192	9400	
8968	8754	8522	8754	
8534	8332	8106	8332	
8111	7945	7700	7945	
7748	7602	7410	7602	
7474	7311	7060	7311	
7214	7080	6817	7080	
6923	6784	6627	6784	
6728	6578	6418	6578	
6472	6337	6280	6337	
6268	6159	5984	6159	
6058	5934	5840	5934	
5861	5762	5694	5762	
5701	5571	5511	5571	
5505	5404	5363	5404	
5319	5237	5152	5237	
5175	5095	5011	5095	
5040	4968	4934	4968	
4881	4847	4808	4847	
4795	4749	4728	4749	
4678	4659	4613	4659	
4622	4575	4552	4575	
4548	4525	4545	4525	
4516	4491	4463	4491	
4480	4450	4483	4450	
4450	4452	4426	4452	
4445	4428	4418	4428	
4473	4458	4453	4458	
4476	4458	4465	4458	
4522	4491	4469	4491	
4569	4543	4516	4543	
4682	4623	4603	4623	
4736	4697	4668	4697	
4832	4792	4759	4792	
4967	4924	4881	4924	
5089	5044	4988	5044	
5275	5177	5147	5177	
5433	5360	5265	5360	
5648	5522	5456	5522	
5746	5707	5566	5707	
5996	5895	5770	5895	
6208	6087	5984	6087	
6438	6283	6146	6283	
6680	6483	6327	6483	
6853	6706	6580	6706	
7101	6937	6798	6937	
7356	7241	7006	7241	
7706	7466	7261	7466	
8044	7796	7679	7796	
8356	8157	7987	8157	
8844	8596	8388	8596	
9302	9072	8910	9072	
9656	9570	9372	9570	
9138	8792	8614	8792	
8658	8428	8214	8428	
8204	8069	7807	8069	
7886	7705	7491	7705	
7572	7420	7195	7420	
7317	7140	6926	7140	
7040	6900	6716	6900	
6771	6633	6478	6633	
6580	6434	6341	6434	
6320	6214	6053	6214	
6101	6043	5948	6043	
5962	5844	5759	5844	
5752	5676	5590	5676	
5594	5496	5445	5496	
5409	5331	5281	5331	
5246	5220	5126	5220	
5150	5059	5032	5059	
5000	4938	4909	4938	
4899	4852	4825	4852	
4783	4750	4690	4750	
4706	4673	4628	4673	
4647	4607	4596	4607	
4612	4567	4542	4567	
4554	4538	4523	4538	
4552	4530	4520	4530	
4538	4503	4479	4503	
4541	4527	4488	4527	
4599	4561	4529	4561	
4615	4573	4525	4573	
4669	4625	4616	4625	
4727	4691	4631	4691	
4831	4762	4750	4762	
4946	4871	4823	4871	
5027	4997	4978	4997	
5201	5130	5095	5130	
5361	5273	5210	5273	
5522	5436	5381	5436	
5657	5610	5509	5610	
5924	5757	5662	5757	
6064	5953	5874	5953	
6314	6155	6052	6155	
6424	6351	6228	6351	
6682	6589	6433	6589	
6921	6808	6642	6808	
7160	7019	6845	7019	
7428	7286	7126	7286	
7733	7571	7385	7571	
8097	7862	7697	7862	
8518	8290	7956	8290	
8924	8636	8454	8636	
9466	9222	8880	9222	
9918	9714	9446	9714	
9284	8982	8698	8982	
8732	8588	8324	8588	
8344	8159	7917	8159	
8091	7809	7619	7809	
7655	7470	7321	7470	
7344	7233	7046	7233	
7157	6999	6792	6999	
6907	6748	6632	6748	
6695	6529	6379	6529	
6469	6336	6186	6336	
6248	6117	6016	6117	
6063	5911	5822	5911	
5868	5763	5666	5763	
5672	5596	5501	5596	
5542	5445	5347	5445	
5391	5309	5265	5309	
5218	5180	5094	5180	
5069	5020	5010	5020	
5004	4938	4923	4938	
4916	4848	4799	4848	
4837	4764	4713	4764	
4747	4695	4690	4695	
4723	4655	4617	4655	
4663	4628	4624	4628	
4658	4621	4582	4621	
4651	4591	4572	4591	
4688	4626	4588	4626	
4688	4653	4603	4653	
4717	4684	4651	4684	
4780	4715	4680	4715	
4866	4812	4760	4812	
4934	4890	4858	4890	
5037	4998	4923	4998	
5172	5101	5047	5101	
5339	5261	5233	5261	
5459	5375	5341	5375	
5608	5546	5457	5546	
5779	5723	5587	5723	
5944	5889	5771	5889	
6184	6072	5942	6072	
6379	6242	6148	6242	
6609	6451	6341	6451	
6830	6655	6472	6655	
7003	6879	6683	6879	
7238	7099	6989	7099	
7540	7385	7196	7385	
7822	7629	7457	7629	
8178	8019	7810	8019	
8702	8412	8174	8412	
9056	8838	8570	8838	
9556	9242	9074	9242	
9908	9776	9358	9776	
9288	9100	8884	9100	
8798	8638	8360	8638	
8492	8274	8059	8274	
8117	7911	7677	7911	
7706	7566	7398	7566	
7432	7319	7148	7319	
7216	7054	6924	7054	
6918	6833	6698	6833	
6730	6603	6464	6603	
6550	6372	6289	6372	
6315	6198	6111	6198	
6127	6049	5909	6049	
5937	5876	5807	5876	
5747	5708	5574	5708	
5595	5535	5439	5535	
5425	5406	5293	5406	
5302	5267	5214	5267	
5223	5135	5107	5135	
5064	5025	4992	5025	
4968	4940	4904	4940	
4948	4880	4826	4880	
4839	4820	4762	4820	
4830	4760	4698	4760	
4819	4721	4682	4721	
4777	4683	4658	4683	
4760	4693	4670	4693	
4774	4721	4697	4721	
4800	4745	4697	4745	
4860	4787	4732	4787	
4877	4824	4806	4824	
4940	4902	4866	4902	
5057	5001	4947	5001	
5217	5101	5012	5101	
5275	5213	5161	5213	
5418	5349	5278	5349	
5580	5481	5412	5481	
5694	5646	5520	5646	
5907	5796	5714	5796	
6029	5961	5857	5961	
6252	6166	6028	6166	
6477	6347	6190	6347	
6630	6520	6361	6520	
6852	6738	6607	6738	
7141	6921	6776	6921	
7360	7206	7037	7206	
7646	7452	7258	7452	
8017	7769	7606	7769	
8372	8151	7938	8151	
8786	8526	8296	8526	
9136	8956	8714	8956	
9788	9402	9052	9402	
10174	9870	9694	9870	
9482	9202	9002	9202	
8974	8798	8604	8798	
8632	8404	8208	8404	
8244	8011	7795	8011	
7920	7691	7475	7691	
7606	7378	7180	7378	
7271	7137	6989	7137	
7060	6940	6755	6940	
6849	6709	6572	6709	
6646	6525	6355	6525	
6445	6304	6211	6304	
6170	6127	6012	6127	
6064	5960	5830	5960	
5866	5796	5678	5796	
5712	5643	5533	5643	
5608	5500	5408	5500	
5418	5382	5280	5382	
5276	5270	5189	5270	
5187	5127	5092	5127	
5128	5063	5023	5063	
5024	4959	4946	4959	
4983	4923	4870	4923	
4910	4870	4835	4870	
4877	4844	4788	4844	
4877	4802	4831	4802	
4882	4815	4771	4815	
4873	4836	4825	4836	
4915	4872	4837	4872	
4947	4890	4846	4890	
5015	4973	4888	4973	
5064	5033	4982	5033	
5156	5118	5064	5118	
5301	5201	5150	5201	
5377	5323	5228	5323	
5534	5486	5367	5486	
5661	5589	5518	5589	
5851	5768	5637	5768	
5989	5926	5807	5926	
6164	6090	5988	6090	
6374	6253	6116	6253	
6596	6416	6304	6416	
6800	6658	6507	6658	
6990	6855	6641	6855	
7248	7045	6867	7045	
7438	7302	7106	7302	
7789	7596	7398	7596	
8198	7908	7724	7908	
8472	8266	8138	8266	
8818	8670	8374	8670	
9260	9102	8838	9102	
9824	9516	9196	9516	
10224	10104	9830	10104	
9626	9388	9260	9388	
9276	8986	8694	8986	
8878	8586	8408	8586	
8438	8198	7956	8198	
8012	7829	7630	7829	
7727	7517	7311	7517	
7444	7269	7082	7269	
7187	7030	6865	7030	
6917	6808	6661	6808	
6739	6587	6457	6587	
6562	6409	6268	6409	
6292	6256	6113	6256	
6156	6070	5966	6070	
6009	5923	5813	5923	
5818	5774	5678	5774	
5705	5636	5532	5636	
5600	5521	5434	5521	
5440	5377	5312	5377	
5334	5259	5206	5259	
5249	5204	5159	5204	
5215	5131	5041	5131	
5115	5066	5025	5066	
5059	5014	4959	5014	
5021	4960	4946	4960	
5023	4966	4931	4966	
5000	4945	4896	4945	
5058	4965	4901	4965	
5099	5011	4940	5011	
5102	5032	5013	5032	
5175	5084	5037	5084	
5184	5140	5123	5140	
5299	5255	5209	5255	
5447	5333	5271	5333	
5525	5451	5355	5451	
5655	5596	5485	5596	
5815	5705	5623	5705	
5919	5859	5770	5859	
6114	6029	5905	6029	
6310	6194	6093	6194	
6487	6356	6216	6356	
6617	6567	6443	6567	
6885	6740	6612	6740	
7094	6975	6778	6975	
7289	7149	6994	7149	
7575	7416	7311	7416	
7895	7717	7534	7717	
8224	8009	7872	8009	
8590	8420	8266	8420	
9100	8824	8536	8824	
9480	9266	8918	9266	
9936	9732	9446	9732	
10404	10240	9854	10240	
9938	9542	9300	9542	
9270	9140	8882	9140	
8976	8780	8510	8780	
8524	8372	8072	8372	
8228	7999	7750	7999	
7885	7698	7511	7698	
7588	7439	7147	7439	
7315	7179	6995	7179	
7082	6932	6760	6932	
6823	6737	6496	6737	
6667	6515	6372	6515	
6432	6355	6225	6355	
6295	6227	6077	6227	
6127	6045	5926	6045	
5978	5896	5756	5896	
5826	5762	5649	5762	
5720	5642	5559	5642	
5558	5505	5457	5505	
5485	5408	5393	5408	
5390	5316	5249	5316	
5288	5247	5212	5247	
5261	5188	5097	5188	
5195	5151	5050	5151	
5181	5100	5069	5100	
5123	5097	5032	5097	
5165	5095	5039	5095	
5185	5080	5066	5080	
5233	5142	5107	5142	
5255	5161	5107	5161	
5290	5211	5173	5211	
5332	5284	5222	5284	
5465	5373	5307	5373	
5545	5486	5390	5486	
5664	5579	5505	5579	
5806	5724	5653	5724	
5959	5869	5783	5869	
6024	5976	5872	5976	
6239	6158	6065	6158	
6422	6314	6168	6314	
6616	6469	6332	6469	
6792	6646	6560	6646	
6991	6913	6730	6913	
7216	7084	6897	7084	
7465	7299	7163	7299	
7736	7547	7414	7547	
8036	7869	7705	7869	
8470	8177	7943	8177	
8804	8622	8352	8622	
9292	9012	8796	9012	
9652	9432	9220	9432	
10040	9848	9476	9848	
10596	10376	10072	10376	
10106	9702	9548	9702	
9560	9294	9000	9294	
9120	8864	8616	8864	
8706	8462	8290	8462	
8318	8099	7871	8099	
8037	7834	7579	7834	
7768	7518	7363	7518	
7473	7290	7120	7290	
7270	7065	6882	7065	
6957	6833	6638	6833	
6791	6664	6494	6664	
6570	6468	6307	6468	
6400	6320	6139	6320	
6244	6158	6069	6158	
6079	5995	5900	5995	
5937	5862	5782	5862	
5837	5763	5691	5763	
5737	5670	5524	5670	
5657	5553	5442	5553	
5551	5462	5344	5462	
5474	5410	5300	5410	
5393	5338	5265	5338	
5356	5284	5225	5284	
5312	5263	5159	5263	
5321	5244	5175	5244	
5292	5220	5153	5220	
5339	5248	5190	5248	
5315	5290	5208	5290	
5380	5323	5232	5323	
5461	5385	5301	5385	
5527	5429	5373	5429	
5603	5522	5453	5522	
5699	5608	5533	5608	
5799	5711	5621	5711	
5932	5858	5713	5858	
6047	5969	5862	5969	
6199	6114	6027	6114	
6337	6277	6151	6277	
6579	6439	6284	6439	
6675	6592	6495	6592	
6911	6779	6635	6779	
7097	6978	6787	6978	
7318	7200	7041	7200	
7606	7485	7252	7485	
7850	7679	7473	7679	
8246	8012	7851	8012	
8570	8376	8162	8376	
8862	8734	8468	8734	
9342	9102	8880	9102	
9814	9594	9332	9594	
10274	10014	9796	10014	
10770	10582	10160	10582	
10142	9894	9676	9894	
9758	9454	9234	9454	
9338	9088	8904	9088	
8902	8652	8374	8652	
8474	8318	8078	8318	
8136	7993	7726	7993	
7836	7640	7462	7640	
7567	7452	7157	7452	
7255	7191	6949	7191	
7107	6967	6741	6967	
6913	6775	6652	6775	
6764	6615	6465	6615	
6539	6451	6326	6451	
6400	6305	6144	6305	
6215	6134	6013	6134	
6117	6024	5873	6024	
5973	5901	5768	5901	
5845	5802	5690	5802	
5786	5714	5617	5714	
5637	5629	5515	5629	
5614	5525	5452	5525	
5584	5484	5373	5484	
5525	5435	5338	5435	
5459	5387	5341	5387	
5464	5366	5285	5366	
5387	5369	5272	5369	
5456	5391	5321	5391	
5495	5409	5371	5409	
5540	5451	5368	5451	
5605	5507	5440	5507	
5686	5597	5484	5597	
5736	5663	5596	5663	
5845	5745	5650	5745	
5978	5860	5753	5860	
6127	5994	5896	5994	
6217	6093	5994	6093	
6335	6244	6073	6244	
6534	6401	6303	6401	
6679	6560	6419	6560	
6808	6698	6555	6698	
7091	6936	6752	6936	
7268	7130	6972	7130	
7567	7350	7117	7350	
7810	7593	7410	7593	
8083	7858	7669	7858	
8316	8171	7963	8171	
8654	8530	8286	8530	
9076	8904	8642	8904	
9570	9332	9128	9332	
9950	9726	9458	9726	
10410	10196	9820	10196	
10902	10710	10282	10710	
10402	10094	9802	10094	
9872	9676	9336	9676	
9574	9290	8974	9290	
9106	8890	8666	8890	
8688	8492	8226	8492	
8380	8152	7916	8152	
7973	7815	7556	7815	
7759	7561	7371	7561	
7444	7336	7084	7336	
7261	7097	6898	7097	
7026	6917	6745	6917	
6865	6747	6577	6747	
6703	6610	6427	6610	
6559	6454	6291	6454	
6364	6267	6109	6267	
6219	6155	6044	6155	
6100	6051	5920	6051	
6017	5925	5813	5925	
5954	5855	5738	5855	
5884	5785	5622	5785	
5755	5699	5593	5699	
5693	5639	5521	5639	
5682	5585	5525	5585	
5617	5543	5436	5543	
5584	5534	5459	5534	
5606	5539	5443	5539	
5613	5533	5491	5533	
5698	5564	5466	5564	
5663	5610	5533	5610	
5763	5669	5592	5669	
5874	5747	5653	5747	
5876	5841	5700	5841	
6020	5910	5849	5910	
6111	6028	5900	6028	
6212	6135	6020	6135	
6346	6260	6100	6260	
6477	6417	6306	6417	
6660	6569	6417	6569	
6787	6695	6509	6695	
7000	6861	6684	6861	
7174	7066	6916	7066	
7394	7243	7120	7243	
7612	7469	7270	7469	
7878	7730	7509	7730	
8210	8008	7781	8008	
8570	8404	8198	8404	
8892	8714	8472	8714	
9426	9152	8838	9152	
9796	9554	9344	9554	
10326	9952	9644	9952	
10680	10382	10070	10382	
11116	10896	10548	10896	
10490	10252	9982	10252	
10180	9900	9462	9900	
9820	9496	9242	9496	
9372	9062	8796	9062	
8910	8744	8460	8744	
8540	8320	8074	8320	
8168	8071	7749	8071	
7905	7731	7519	7731	
7623	7496	7226	7496	
7370	7247	7064	7247	
7244	7059	6856	7059	
7028	6909	6693	6909	
6783	6694	6578	6694	
6730	6607	6412	6607	
6579	6444	6302	6444	
6405	6298	6158	6298	
6267	6178	5991	6178	
6173	6112	5924	6112	
6085	6011	5875	6011	
6003	5910	5848	5910	
5909	5830	5738	5830	
5867	5775	5678	5775	
5858	5761	5635	5761	
5801	5734	5665	5734	
5766	5709	5556	5709	
5795	5714	5607	5714	
5776	5715	5613	5715	
5838	5764	5638	5764	
5848	5776	5666	5776	
5945	5836	5743	5836	
6000	5916	5805	5916	
6064	5985	5828	5985	
6204	6077	5941	6077	
6297	6194	6067	6194	
6357	6274	6188	6274	
6538	6393	6273	6393	
6615	6523	6393	6523	
6846	6684	6528	6684	
6870	6862	6614	6862	
7119	7052	6840	7052	
7352	7249	7047	7249	
7583	7449	7228	7449	
7739	7651	7406	7651	
8061	7936	7790	7936	
8438	8250	8066	8250	
8784	8604	8398	8604	
9164	8968	8648	8968	
9498	9304	9076	9304	
9956	9750	9454	9750	
10366	10172	9944	10172	
10756	10594	10298	10594	
11384	11074	10546	11074	
10654	10448	10102	10448	
10344	10082	9710	10082	
9940	9702	9426	9702	
9518	9296	8976	9296	
9114	8888	8630	8888	
8692	8560	8242	8560	
8358	8178	8005	8178	
8042	7903	7676	7903	
7828	7630	7412	7630	
7539	7392	7178	7392	
7356	7196	7108	7196	
7161	7008	6812	7008	
6958	6906	6688	6906	
6864	6692	6576	6692	
6653	6553	6421	6553	
6564	6444	6343	6444	
6398	6352	6168	6352	
6293	6243	6081	6243	
6295	6182	5998	6182	
6174	6099	5937	6099	
6143	6015	5914	6015	
6054	5952	5815	5952	
5965	5927	5788	5927	
5976	5897	5772	5897	
5917	5860	5745	5860	
5953	5873	5717	5873	
5947	5909	5792	5909	
6006	5934	5761	5934	
6089	5964	5808	5964	
6095	5994	5878	5994	
6207	6064	5917	6064	
6242	6146	6007	6146	
6325	6235	6111	6235	
6369	6321	6177	6321	
6585	6480	6307	6480	
6678	6549	6365	6549	
6830	6682	6530	6682	
6998	6887	6706	6887	
7154	7025	6812	7025	
7297	7159	6996	7159	
7485	7371	7222	7371	
7765	7541	7410	7541	
7998	7867	7636	7867	
8310	8134	7902	8134	
8640	8438	8238	8438	
9046	8814	8600	8814	
9472	9216	8872	9216	
9790	9544	9254	9544	
10172	9970	9716	9970	
10610	10346	10062	10346	
11050	10710	10354	10710	
11606	11328	10850	11328	
10942	10598	10270	10598	
10560	10282	9958	10282	
10060	9948	9518	9948	
9810	9542	9264	9542	
9398	9124	8810	9124	
8964	8790	8454	8790	
8632	8422	8179	8422	
8282	8092	7833	8092	
8031	7870	7651	7870	
7754	7583	7318	7583	
7511	7380	7145	7380	
7343	7195	7007	7195	
7167	7022	6841	7022	
6990	6848	6697	6848	
6834	6749	6582	6749	
6725	6586	6395	6586	
6614	6526	6318	6526	
6464	6421	6237	6421	
6440	6301	6154	6301	
6304	6235	6106	6235	
6285	6154	6028	6154	
6213	6129	5965	6129	
6146	6052	5928	6052	
6177	6054	5919	6054	
6115	6042	5908	6042	
6080	6025	5920	6025	
6125	6045	5960	6045	
6195	6099	6001	6099	
6195	6103	5996	6103	
6222	6158	6049	6158	
6289	6259	6060	6259	
6351	6280	6156	6280	
6508	6380	6258	6380	
6568	6471	6348	6471	
6650	6594	6463	6594	
6782	6728	6534	6728	
6887	6854	6658	6854	
7152	7033	6831	7033	
7222	7179	7018	7179	
7524	7331	7160	7331	
7765	7540	7366	7540	
7980	7771	7560	7771	
8202	8046	7826	8046	
8594	8366	8090	8366	
8848	8674	8352	8674	
9224	9024	8760	9024	
9686	9374	9066	9374	
10042	9774	9542	9774	
10382	10178	9916	10178	
10868	10522	10204	10522	
11166	10960	10572	10960	
11724	11402	10968	11402	
11084	10816	10508	10816	
10804	10514	10200	10514	
10334	10142	9900	10142	
10022	9756	9434	9756	
9468	9358	9084	9358	
9236	8948	8706	8948	
8888	8630	8402	8630	
8476	8294	8066	8294	
8173	8052	7824	8052	
7910	7784	7549	7784	
7684	7534	7373	7534	
7518	7349	7158	7349	
7307	7211	6973	7211	
7181	7074	6854	7074	
6982	6877	6616	6877	
6859	6777	6570	6777	
6785	6689	6511	6689	
6662	6549	6370	6549	
6583	6452	6278	6452	
6476	6428	6247	6428	
6458	6361	6166	6361	
6351	6283	6180	6283	
6346	6264	6077	6264	
6310	6219	6039	6219	
6316	6184	6015	6184	
6280	6200	6021	6200	
6267	6182	6089	6182	
6335	6257	6160	6257	
6375	6273	6151	6273	
6427	6325	6185	6325	
6525	6387	6243	6387	
6547	6456	6295	6456	
6639	6532	6366	6532	
6740	6645	6502	6645	
6832	6758	6546	6758	
6963	6866	6666	6866	
7097	6990	6832	6990	
7238	7142	6982	7142	
7524	7325	7108	7325	
7678	7510	7281	7510	
7908	7725	7575	7725	
8153	7981	7803	7981	
8456	8278	8020	8278	
8788	8570	8328	8570	
9130	8916	8684	8916	
9516	9294	9008	9294	
9840	9604	9334	9604	
10258	10024	9712	10024	
10666	10406	10042	10406	
10896	10690	10434	10690	
11364	11040	10676	11040	
11844	11572	11066	11572	
11232	10926	10634	10926	
10892	10662	10276	10662	
10556	10292	10108	10292	
10196	9994	9640	9994	
9926	9590	9302	9590	
9458	9220	8864	9220	
8998	8862	8614	8862	
8764	8532	8276	8532	
8416	8294	8002	8294	
8107	8011	7763	8011	
7888	7708	7510	7708	
7687	7509	7374	7509	
7530	7383	7175	7383	
7318	7219	7003	7219	
7193	7083	6930	7083	
7029	6950	6721	6950	
6919	6850	6633	6850	
6833	6747	6555	6747	
6711	6677	6468	6677	
6633	6561	6443	6561	
6651	6500	6339	6500	
6598	6459	6256	6459	
6526	6454	6311	6454	
6473	6389	6234	6389	
6504	6399	6236	6399	
6462	6371	6212	6371	
6469	6397	6217	6397	
6531	6402	6279	6402	
6525	6453	6313	6453	
6587	6501	6328	6501	
6701	6549	6388	6549	
6736	6608	6440	6608	
6854	6739	6562	6739	
6945	6809	6618	6809	
7070	6960	6746	6960	
7187	7047	6850	7047	
7371	7165	7022	7165	
7485	7358	7095	7358	
7667	7461	7304	7461	
7893	7712	7474	7712	
8143	7897	7759	7897	
8380	8175	7977	8175	
8638	8494	8276	8494	
9006	8758	8602	8758	
9360	9122	8868	9122	
9760	9500	9258	9500	
10182	9886	9624	9886	
10478	10226	9906	10226	
10794	10576	10294	10576	
11056	10894	10542	10894	
11618	11280	10882	11280	
11674	11668	11224	11668	
11512	11058	10822	11058	
11240	10818	10558	10818	
10862	10558	10226	10558	
10470	10228	9880	10228	
10076	9810	9516	9810	
9692	9456	9144	9456	
9342	9096	8872	9096	
9020	8772	8570	8772	
8680	8480	8179	8480	
8462	8244	7996	8244	
8204	7972	7763	7972	
7898	7752	7541	7752	
7681	7549	7353	7549	
7572	7385	7198	7385	
7366	7233	7069	7233	
7249	7111	6956	7111	
7181	7007	6853	7007	
7043	6931	6740	6931	
6930	6835	6635	6835	
6836	6758	6553	6758	
6750	6669	6512	6669	
6769	6625	6488	6625	
6776	6580	6447	6580	
6667	6581	6459	6581	
6624	6554	6424	6554	
6738	6585	6384	6585	
6690	6609	6440	6609	
6730	6598	6404	6598	
6704	6622	6472	6622	
6841	6664	6474	6664	
6858	6742	6546	6742	
6941	6778	6633	6778	
6967	6883	6703	6883	
7109	6970	6806	6970	
7225	7115	6886	7115	
7369	7213	7009	7213	
7516	7379	7170	7379	
7725	7532	7360	7532	
7889	7729	7484	7729	
8144	7911	7717	7911	
8398	8178	7924	8178	
8644	8392	8230	8392	
8960	8756	8530	8756	
9250	9082	8778	9082	
9588	9378	9080	9378	
9916	9736	9388	9736	
10392	10086	9794	10086	
10738	10382	10140	10382	
11012	10792	10414	10792	
11316	10998	10660	10998	
11702	11340	10974	11340	
11994	11918	11420	11918	
11590	11346	10848	11346	
11460	11148	10780	11148	
11254	10848	10422	10848	
10678	10532	10024	10532	
10448	10146	9780	10146	
10060	9836	9430	9836	
9678	9490	9270	9490	
9354	9154	8824	9154	
8958	8846	8502	8846	
8726	8500	8318	8500	
8388	8238	7939	8238	
8141	8019	7840	8019	
7889	7834	7549	7834	
7824	7644	7313	7644	
7667	7528	7316	7528	
7481	7285	7133	7285	
7340	7244	6964	7244	
7207	7122	6954	7122	
7178	7055	6918	7055	
7084	6968	6807	6968	
7013	6920	6665	6920	
6963	6875	6622	6875	
6953	6785	6639	6785	
6935	6767	6627	6767	
6916	6763	6573	6763	
6892	6822	6643	6822	
6928	6826	6566	6826	
6962	6798	6618	6798	
6956	6858	6683	6858	
7054	6930	6687	6930	
7075	6994	6768	6994	
7153	6998	6814	6998	
7244	7124	6959	7124	
7357	7223	7106	7223	
7471	7379	7116	7379	
7630	7492	7250	7492	
7808	7631	7360	7631	
7910	7792	7614	7792	
8095	7981	7783	7981	
8310	8248	7901	8248	
8670	8520	8200	8520	
8988	8732	8410	8732	
9310	9024	8798	9024	
9478	9316	9092	9316	
10016	9740	9482	9740	
10284	10048	9704	10048	
10774	10416	10012	10416	
10954	10762	10456	10762	
11484	11038	10592	11038	
11566	11322	10910	11322	
12010	11620	11084	11620	
                                                                                                                                                                                                                                                                                                                                                                                                                                                                                                                                                                                                                                                                                                                                                                                                                                                                                                                                                                                                                                                                                                                                                                                                                                                                                                                                                                                                                                                                                                                                                                                                                                                                                                                                                                                                                                                                                                                                                                                                                                                                                                                                                                                                                                                                                                                                                                                                                                                                                                                                                                                                                                                                                                                                                                                                                                                                                                                                                                                                                                                                                                                                                                                                                                                                                                                                                                                                                                                                                                                                                                                                                                                                                                                                                                                                                                                                                                                                                                                                                                                                                                                                                                                                                                                                                                                                                                                                                                                                                                                                                                                                                                                                                                                                                                                                                                                                                                                                                                                                                                                                                                                                                                                                                                                                                                                                                                                                                                                                                                                                                                                                                                                                                                                                                                                                                                                                                                                                                                                                                                                                                                                                                                                                                                                                                                                                                                                                                                                                                                                                                                                                                                                                                                                                                                                                                                                                                                                                                                                                                                                                                                                                                                                                                                                                                                                                                                                                                                                                                                                                                                                                                                                                                                                                                                                                                                                                                                                                                                                                                                                                                                                                                                                                                                                                                                                                                                                                                                                                                                                                                                                                                                                                                                                                                                                                                                                                                                                                                                                                                                                                                                                                                                                                                                                                                                                                                                                                                                                                                                                                                                                                                                                                                                                                                                                                                                                                                                                                                                                                                                                                                                                                                                                                                                                                                                                                                                                                                                                                                                                                                                                                                                                                                                                                                                                                                                      