2704	2704	2704	2704	
12804	11384	11098	11384	
11944	11084	10696	11084	
11546	10766	10620	10766	
11266	10370	10234	10370	
10798	10124	9850	10124	
10608	9744	9498	9744	
10100	9324	9172	9324	
9734	9016	8772	9016	
9402	8712	8582	8712	
9118	8398	8116	8398	
8788	8114	7961	8114	
8354	7881	7703	7881	
8177	7662	7530	7662	
7972	7456	7292	7456	
7805	7284	7178	7284	
7655	7146	6992	7146	
7560	7047	6925	7047	
7394	6890	6770	6890	
7210	6787	6708	6787	
7023	6711	6595	6711	
7092	6597	6485	6597	
6970	6543	6476	6543	
6927	6487	6401	6487	
6834	6468	6348	6468	
6805	6382	6314	6382	
6885	6371	6245	6371	
6852	6408	6297	6408	
6822	6371	6393	6371	
6852	6446	6373	6446	
6879	6483	6358	6483	
6929	6487	6466	6487	
7041	6549	6489	6549	
7062	6651	6534	6651	
7143	6688	6611	6688	
7233	6808	6729	6808	
7382	6896	6842	6896	
7554	7038	6886	7038	
7691	7162	7029	7162	
7882	7342	7180	7342	
8052	7416	7341	7416	
8270	7656	7541	7656	
8512	7922	7845	7922	
8900	8131	7952	8131	
9218	8438	8246	8438	
9452	8718	8558	8718	
9832	8988	8780	8988	
9940	9350	9230	9350	
10458	9670	9530	9670	
10784	10054	9918	10054	
11384	10270	9916	10270	
11402	10600	10250	10600	
11768	10882	10520	10882	
12002	11302	10852	11302	
11662	10742	10594	10742	
11312	10458	10254	10458	
10832	10064	9870	10064	
10600	9754	9614	9754	
10128	9362	9250	9362	
9788	8956	8928	8956	
9418	8656	8454	8656	
9004	8302	8268	8302	
8684	8068	7987	8068	
8390	7831	7720	7831	
8234	7540	7513	7540	
7966	7360	7263	7360	
7723	7223	7109	7223	
7585	7057	6944	7057	
7382	6868	6817	6868	
7288	6759	6652	6759	
7141	6633	6607	6633	
7038	6566	6539	6566	
6889	6494	6403	6494	
6899	6395	6319	6395	
6779	6295	6235	6295	
6675	6275	6239	6275	
6687	6209	6118	6209	
6623	6180	6161	6180	
6597	6184	6095	6184	
6601	6167	6115	6167	
6547	6150	6145	6150	
6613	6185	6137	6185	
6635	6221	6131	6221	
6732	6278	6194	6278	
6787	6331	6244	6331	
6881	6391	6306	6391	
6916	6455	6349	6455	
7000	6533	6508	6533	
7126	6648	6562	6648	
7297	6747	6686	6747	
7365	6874	6825	6874	
7584	7050	6976	7050	
7796	7195	7121	7195	
7990	7383	7261	7383	
8149	7613	7495	7613	
8420	7813	7685	7813	
8752	8083	7915	8083	
9126	8350	8340	8350	
9320	8654	8532	8654	
9732	9038	8972	9038	
10080	9364	9298	9364	
10578	9718	9540	9718	
10936	10054	9922	10054	
11134	10310	10234	10310	
11690	10732	10428	10732	
11976	11142	10850	11142	
11502	10560	10448	10560	
11076	10256	10108	10256	
10658	9890	9794	9890	
10322	9516	9438	9516	
9898	9120	9014	9120	
9576	8808	8644	8808	
9022	8454	8364	8454	
8772	8097	8006	8097	
8488	7854	7751	7854	
8165	7611	7531	7611	
7957	7378	7291	7378	
7729	7200	7076	7200	
7566	7021	6978	7021	
7297	6858	6747	6858	
7190	6728	6642	6728	
7059	6609	6512	6609	
6944	6493	6408	6493	
6829	6388	6310	6388	
6702	6339	6251	6339	
6663	6241	6131	6241	
6558	6135	6086	6135	
6487	6091	6055	6091	
6438	6052	6033	6052	
6415	6025	5988	6025	
6397	6000	5944	6000	
6354	5988	5929	5988	
6358	6004	5929	6004	
6433	6030	5974	6030	
6481	6044	5973	6044	
6514	6114	6017	6114	
6594	6150	6075	6150	
6716	6244	6171	6244	
6727	6292	6235	6292	
6852	6394	6292	6394	
6957	6486	6474	6486	
7077	6608	6542	6608	
7190	6724	6666	6724	
7428	6880	6784	6880	
7517	6985	6956	6985	
7765	7209	7072	7209	
7967	7404	7281	7404	
8166	7623	7543	7623	
8512	7908	7734	7908	
8852	8188	8080	8188	
9144	8474	8358	8474	
9572	8786	8758	8786	
9932	9130	9056	9130	
10292	9492	9368	9492	
10620	9846	9740	9846	
10974	10198	9984	10198	
11438	10474	10298	10474	
11816	11040	10680	11040	
11266	10378	10248	10378	
10938	10018	9852	10018	
10480	9708	9514	9708	
10094	9302	9218	9302	
9648	8916	8770	8916	
9252	8616	8440	8616	
8906	8210	8126	8210	
8550	7911	7783	7911	
8344	7678	7525	7678	
7994	7428	7306	7428	
7815	7213	7146	7213	
7524	7045	6991	7045	
7454	6885	6803	6885	
7221	6754	6626	6754	
7082	6603	6552	6603	
6924	6481	6404	6481	
6803	6346	6263	6346	
6654	6241	6150	6241	
6506	6140	6083	6140	
6461	6074	5989	6074	
6407	5966	5946	5966	
6303	5945	5906	5945	
6288	5891	5840	5891	
6210	5837	5811	5837	
6187	5828	5795	5828	
6158	5845	5807	5845	
6217	5850	5784	5850	
6298	5856	5833	5856	
6236	5888	5805	5888	
6307	5952	5892	5952	
6382	6001	5906	6001	
6422	6060	5996	6060	
6581	6167	6081	6167	
6679	6254	6198	6254	
6867	6358	6323	6358	
6934	6457	6410	6457	
7061	6610	6538	6610	
7173	6754	6669	6754	
7338	6876	6765	6876	
7565	7083	6962	7083	
7809	7201	7122	7201	
8083	7450	7358	7450	
8260	7719	7570	7719	
8604	7972	7839	7972	
8960	8282	8132	8282	
9316	8622	8430	8622	
9608	8956	8790	8956	
10050	9256	9174	9256	
10486	9674	9516	9674	
10752	9956	9886	9956	
11056	10438	10164	10438	
11642	10798	10520	10798	
11038	10262	10162	10262	
10600	9894	9716	9894	
10178	9488	9330	9488	
9816	9084	8926	9084	
9482	8712	8618	8712	
9014	8320	8222	8320	
8652	8057	7971	8057	
8272	7761	7646	7761	
8018	7475	7376	7475	
7835	7266	7223	7266	
7632	7068	6999	7068	
7339	6877	6818	6877	
7142	6766	6663	6766	
7060	6619	6533	6619	
6811	6465	6337	6465	
6717	6329	6259	6329	
6650	6199	6151	6199	
6433	6067	6012	6067	
6379	6011	5939	6011	
6312	5939	5881	5939	
6197	5807	5809	5807	
6118	5766	5704	5766	
6082	5742	5681	5742	
6072	5699	5667	5699	
5998	5705	5588	5705	
5998	5693	5630	5693	
6021	5691	5653	5691	
6077	5715	5667	5715	
6150	5740	5703	5740	
6132	5786	5710	5786	
6188	5847	5795	5847	
6263	5919	5847	5919	
6361	5987	5952	5987	
6509	6102	6064	6102	
6612	6233	6113	6233	
6722	6280	6263	6280	
6894	6457	6376	6457	
7032	6570	6520	6570	
7123	6722	6574	6722	
7431	6922	6763	6922	
7604	7092	7004	7092	
7773	7280	7226	7280	
8099	7541	7434	7541	
8384	7754	7676	7754	
8726	8052	7940	8052	
9020	8392	8252	8392	
9296	8682	8536	8682	
9802	9072	8986	9072	
10244	9462	9348	9462	
10544	9878	9678	9878	
10978	10180	10046	10180	
11500	10700	10270	10700	
10900	10060	9948	10060	
10432	9698	9520	9698	
10058	9334	9180	9334	
9676	8940	8700	8940	
9150	8520	8338	8520	
8840	8190	8046	8190	
8446	7870	7795	7870	
8108	7586	7496	7586	
7852	7343	7201	7343	
7611	7115	7025	7115	
7429	6917	6861	6917	
7175	6788	6676	6788	
7035	6623	6520	6623	
6888	6438	6413	6438	
6716	6282	6212	6282	
6550	6170	6131	6170	
6476	6054	5971	6054	
6295	5961	5856	5961	
6195	5881	5796	5881	
6106	5775	5696	5775	
6055	5663	5631	5663	
5934	5650	5586	5650	
5867	5588	5537	5588	
5902	5567	5563	5567	
5871	5543	5531	5543	
5839	5551	5487	5551	
5821	5522	5493	5522	
5869	5550	5554	5550	
5897	5564	5573	5564	
5960	5656	5570	5656	
5977	5682	5673	5682	
6102	5765	5712	5765	
6149	5863	5775	5863	
6287	5947	5897	5947	
6412	6043	6026	6043	
6514	6192	6110	6192	
6731	6307	6290	6307	
6866	6487	6377	6487	
7056	6604	6519	6604	
7236	6754	6631	6754	
7448	6938	6852	6938	
7668	7123	7080	7123	
7930	7375	7262	7375	
8214	7589	7493	7589	
8510	7827	7721	7827	
8818	8236	8059	8236	
9288	8552	8430	8552	
9654	8950	8802	8950	
10068	9284	9130	9284	
10400	9630	9502	9630	
10682	10054	9802	10054	
11432	10550	10358	10550	
10782	9912	9754	9912	
10248	9528	9332	9528	
9810	9070	9046	9070	
9330	8700	8562	8700	
9038	8320	8149	8320	
8628	7995	7937	7995	
8304	7720	7630	7720	
7948	7452	7322	7452	
7659	7158	7087	7158	
7524	6982	6890	6982	
7306	6824	6729	6824	
7077	6591	6541	6591	
6929	6454	6435	6454	
6710	6347	6294	6347	
6619	6209	6101	6209	
6405	6052	5985	6052	
6281	5931	5862	5931	
6116	5810	5736	5810	
6032	5722	5648	5722	
5902	5639	5571	5639	
5860	5522	5501	5522	
5827	5461	5490	5461	
5766	5474	5404	5474	
5730	5395	5385	5395	
5705	5387	5380	5387	
5671	5373	5388	5373	
5695	5392	5341	5392	
5724	5413	5404	5413	
5760	5447	5418	5447	
5837	5509	5498	5509	
5868	5563	5508	5563	
5947	5628	5572	5628	
6057	5729	5670	5729	
6140	5793	5796	5793	
6270	5956	5859	5956	
6433	6067	6024	6067	
6551	6183	6104	6183	
6668	6336	6262	6336	
6841	6440	6376	6440	
7029	6623	6539	6623	
7261	6826	6703	6826	
7511	6984	6932	6984	
7786	7221	7129	7221	
7953	7477	7341	7477	
8318	7719	7612	7719	
8610	8058	7907	8058	
9092	8356	8210	8356	
9466	8752	8560	8752	
9810	9152	9100	9152	
10238	9496	9426	9496	
10700	9924	9700	9924	
11050	10336	10164	10336	
10506	9760	9632	9760	
10118	9338	9188	9338	
9682	8918	8806	8918	
9200	8514	8364	8514	
8802	8156	8068	8156	
8472	7863	7766	7863	
8117	7546	7399	7546	
7789	7297	7232	7297	
7622	7081	7043	7081	
7375	6892	6832	6892	
7088	6635	6571	6635	
6935	6516	6451	6516	
6790	6368	6265	6368	
6567	6185	6140	6185	
6372	6017	6001	6017	
6256	5936	5840	5936	
6109	5776	5753	5776	
5940	5657	5601	5657	
5839	5556	5524	5556	
5764	5483	5468	5483	
5700	5415	5396	5415	
5650	5370	5317	5370	
5600	5327	5284	5327	
5554	5269	5255	5269	
5520	5271	5205	5271	
5547	5244	5212	5244	
5562	5264	5267	5264	
5544	5272	5214	5272	
5573	5316	5265	5316	
5607	5371	5294	5371	
5643	5411	5378	5411	
5787	5490	5453	5490	
5855	5598	5542	5598	
5986	5676	5638	5676	
6121	5791	5753	5791	
6314	5907	5840	5907	
6377	6047	5985	6047	
6576	6208	6115	6208	
6762	6332	6267	6332	
6878	6545	6435	6545	
7166	6676	6587	6676	
7354	6867	6772	6867	
7616	7058	6960	7058	
7839	7305	7202	7305	
8146	7516	7421	7516	
8494	7891	7757	7891	
8842	8232	8084	8232	
9246	8526	8406	8526	
9672	8936	8810	8936	
10044	9328	9160	9328	
10586	9814	9630	9814	
10798	10186	10022	10186	
10430	9574	9362	9574	
9894	9178	9054	9178	
9390	8718	8620	8718	
9038	8322	8179	8322	
8622	8003	7873	8003	
8266	7668	7622	7668	
8018	7419	7330	7419	
7675	7149	7088	7149	
7405	6945	6876	6945	
7184	6744	6706	6744	
6968	6526	6505	6526	
6783	6399	6358	6399	
6579	6218	6155	6218	
6447	6045	6006	6045	
6285	5894	5870	5894	
6115	5774	5731	5774	
5948	5647	5571	5647	
5840	5534	5518	5534	
5699	5431	5372	5431	
5587	5322	5312	5322	
5511	5282	5260	5282	
5461	5228	5217	5228	
5383	5192	5131	5192	
5371	5147	5098	5147	
5347	5108	5085	5108	
5332	5114	5077	5114	
5322	5115	5091	5115	
5360	5140	5087	5140	
5432	5156	5124	5156	
5456	5234	5227	5234	
5582	5276	5251	5276	
5601	5374	5328	5374	
5735	5441	5405	5441	
5833	5564	5475	5564	
5967	5669	5656	5669	
6076	5800	5742	5800	
6253	5936	5824	5936	
6433	6086	6005	6086	
6599	6201	6142	6201	
6772	6369	6282	6369	
6975	6550	6505	6550	
7166	6727	6651	6727	
7517	6934	6906	6934	
7683	7188	7061	7188	
8003	7397	7365	7397	
8338	7734	7655	7734	
8614	8021	7853	8021	
8944	8404	8244	8404	
9436	8738	8712	8738	
9894	9138	9078	9138	
10400	9644	9598	9644	
10784	10032	9896	10032	
10106	9402	9364	9402	
9744	9002	8704	9002	
9346	8546	8408	8546	
8828	8224	8052	8224	
8488	7856	7718	7856	
8123	7541	7453	7541	
7833	7276	7231	7276	
7521	7023	6957	7023	
7299	6847	6731	6847	
7131	6625	6589	6625	
6858	6443	6349	6443	
6676	6252	6157	6252	
6437	6108	6041	6108	
6293	5953	5910	5953	
6106	5793	5763	5793	
5978	5656	5628	5656	
5780	5539	5465	5539	
5659	5392	5370	5392	
5621	5302	5267	5302	
5433	5226	5189	5226	
5371	5174	5122	5174	
5317	5071	5012	5071	
5258	5024	5012	5024	
5212	5000	4992	5000	
5169	4993	4947	4993	
5177	4973	4976	4973	
5165	4980	4975	4980	
5214	5022	5002	5022	
5267	5018	5022	5018	
5305	5086	5069	5086	
5391	5149	5142	5149	
5455	5217	5193	5217	
5554	5340	5248	5340	
5728	5421	5411	5421	
5822	5563	5510	5563	
5967	5667	5592	5667	
6077	5802	5751	5802	
6270	5967	5881	5967	
6435	6126	6026	6126	
6636	6282	6189	6282	
6825	6448	6393	6448	
7041	6609	6520	6609	
7318	6794	6758	6794	
7509	7043	6953	7043	
7801	7280	7135	7280	
8192	7571	7455	7571	
8438	7866	7790	7866	
8898	8228	8066	8228	
9186	8642	8438	8642	
9638	9032	8862	9032	
10136	9416	9300	9416	
10588	9922	9694	9922	
10030	9248	9122	9248	
9596	8820	8726	8820	
9190	8480	8270	8480	
8750	8077	7942	8077	
8334	7717	7567	7717	
7970	7432	7353	7432	
7664	7173	7110	7173	
7382	6906	6868	6906	
7241	6700	6661	6700	
6946	6557	6456	6557	
6724	6329	6263	6329	
6516	6154	6077	6154	
6366	5998	5904	5998	
6188	5816	5799	5816	
5943	5713	5623	5713	
5768	5542	5475	5542	
5654	5404	5378	5404	
5507	5296	5230	5296	
5394	5189	5164	5189	
5315	5105	5072	5105	
5194	5023	5009	5023	
5148	4975	4942	4975	
5084	4903	4910	4903	
5064	4879	4859	4879	
5005	4850	4820	4850	
5034	4850	4808	4850	
5031	4854	4858	4854	
5103	4880	4893	4880	
5113	4918	4905	4918	
5148	4978	4915	4978	
5231	5021	5004	5021	
5345	5125	5078	5125	
5415	5205	5165	5205	
5549	5314	5244	5314	
5657	5423	5406	5423	
5802	5597	5465	5597	
5983	5676	5624	5676	
6141	5829	5799	5829	
6387	6009	5930	6009	
6515	6168	6153	6168	
6777	6345	6266	6345	
6904	6542	6442	6542	
7113	6728	6662	6728	
7384	6915	6845	6915	
7623	7135	7059	7135	
8039	7467	7367	7467	
8332	7764	7614	7764	
8680	8071	7964	8071	
9076	8458	8314	8458	
9648	8848	8796	8848	
9904	9344	9184	9344	
10578	9848	9550	9848	
9710	9092	8902	9092	
9480	8662	8482	8662	
9040	8278	8192	8278	
8564	7896	7747	7896	
8240	7619	7470	7619	
7772	7340	7230	7340	
7531	7086	6950	7086	
7360	6848	6755	6848	
7099	6635	6568	6635	
6833	6440	6362	6440	
6648	6249	6155	6249	
6428	6062	5989	6062	
6244	5886	5835	5886	
6033	5714	5666	5714	
5827	5580	5535	5580	
5660	5448	5415	5448	
5499	5316	5281	5316	
5405	5165	5139	5165	
5274	5053	5052	5053	
5176	5006	4932	5006	
5152	4920	4895	4920	
5029	4861	4832	4861	
4953	4798	4785	4798	
4930	4749	4743	4749	
4886	4726	4730	4726	
4885	4719	4712	4719	
4909	4738	4756	4738	
4959	4763	4763	4763	
4969	4818	4803	4818	
5051	4866	4834	4866	
5095	4922	4906	4922	
5186	5012	4987	5012	
5305	5081	5049	5081	
5413	5203	5203	5203	
5559	5322	5280	5322	
5698	5434	5408	5434	
5834	5586	5567	5586	
6079	5734	5724	5734	
6210	5894	5867	5894	
6391	6074	5998	6074	
6643	6238	6160	6238	
6848	6450	6335	6450	
7077	6641	6495	6641	
7270	6840	6750	6840	
7560	7070	7008	7070	
7920	7282	7233	7282	
8184	7628	7525	7628	
8456	7952	7873	7952	
9030	8308	8171	8308	
9492	8716	8642	8716	
9792	9108	9058	9108	
10382	9680	9398	9680	
9708	8994	8910	8994	
9234	8590	8326	8590	
8898	8216	7979	8216	
8436	7813	7716	7813	
8124	7514	7424	7514	
7755	7224	7145	7224	
7524	7000	6909	7000	
7197	6746	6639	6746	
7018	6551	6502	6551	
6713	6356	6287	6356	
6510	6161	6085	6161	
6328	5956	5890	5956	
6158	5820	5711	5820	
5924	5663	5576	5663	
5724	5486	5415	5486	
5556	5345	5318	5345	
5400	5214	5134	5214	
5303	5096	5033	5096	
5178	4975	4946	4975	
5044	4874	4890	4874	
4984	4809	4789	4809	
4946	4741	4731	4741	
4835	4689	4668	4689	
4795	4667	4636	4667	
4752	4639	4649	4639	
4765	4633	4594	4633	
4809	4659	4642	4659	
4803	4671	4643	4671	
4867	4710	4644	4710	
4934	4739	4733	4739	
4972	4818	4819	4818	
5068	4901	4873	4901	
5204	5003	4969	5003	
5349	5105	5049	5105	
5429	5237	5188	5237	
5564	5349	5283	5349	
5692	5483	5466	5483	
5935	5653	5593	5653	
6097	5831	5796	5831	
6362	6008	5915	6008	
6547	6140	6083	6140	
6815	6382	6287	6382	
6969	6564	6504	6564	
7178	6786	6689	6786	
7495	6990	6884	6990	
7768	7220	7135	7220	
8050	7511	7375	7511	
8478	7835	7725	7835	
8784	8220	8082	8220	
9386	8600	8490	8600	
9718	8998	8810	8998	
10170	9496	9286	9496	
9528	8860	8680	8860	
9170	8472	8250	8472	
8676	8062	7976	8062	
8340	7707	7666	7707	
8000	7427	7296	7427	
7697	7182	7074	7182	
7386	6920	6846	6920	
7140	6680	6572	6680	
6896	6493	6320	6493	
6601	6270	6213	6270	
6381	6091	6001	6091	
6140	5902	5786	5902	
5962	5701	5659	5701	
5835	5553	5518	5553	
5614	5376	5330	5376	
5456	5261	5199	5261	
5257	5109	5040	5109	
5179	5013	4984	5013	
5084	4886	4840	4886	
4963	4780	4772	4780	
4866	4714	4707	4714	
4816	4665	4621	4665	
4710	4586	4598	4586	
4709	4577	4576	4577	
4652	4545	4545	4545	
4650	4538	4535	4538	
4667	4568	4540	4568	
4683	4594	4556	4594	
4714	4610	4596	4610	
4764	4645	4632	4645	
4902	4711	4705	4711	
4941	4789	4762	4789	
5089	4898	4838	4898	
5157	5010	4959	5010	
5308	5143	5084	5143	
5461	5233	5248	5233	
5639	5403	5367	5403	
5787	5576	5520	5576	
5989	5696	5668	5696	
6175	5860	5816	5860	
6384	6078	5996	6078	
6640	6308	6189	6308	
6873	6471	6372	6471	
7054	6660	6642	6660	
7384	6916	6783	6916	
7662	7163	7083	7163	
7965	7436	7320	7436	
8326	7746	7698	7746	
8642	8100	7946	8100	
9112	8484	8404	8484	
9632	8876	8724	8876	
10158	9330	9180	9330	
9340	8782	8526	8782	
8978	8372	8248	8372	
8610	8019	7813	8019	
8180	7618	7538	7618	
7855	7329	7246	7329	
7600	7081	6951	7081	
7320	6803	6691	6803	
7001	6606	6522	6606	
6796	6440	6357	6440	
6552	6227	6096	6227	
6358	5991	5951	5991	
6071	5779	5740	5779	
5881	5650	5542	5650	
5709	5463	5413	5463	
5507	5284	5276	5284	
5375	5141	5133	5141	
5205	5030	4985	5030	
5051	4899	4854	4899	
4943	4794	4782	4794	
4858	4687	4687	4687	
4745	4631	4623	4631	
4685	4546	4565	4546	
4646	4524	4515	4524	
4606	4477	4474	4477	
4527	4467	4459	4467	
4561	4465	4460	4465	
4573	4471	4447	4471	
4584	4483	4505	4483	
4626	4510	4492	4510	
4685	4573	4534	4573	
4768	4628	4637	4628	
4828	4696	4693	4696	
4913	4762	4768	4762	
5090	4906	4886	4906	
5226	5054	5001	5054	
5361	5155	5127	5155	
5521	5297	5257	5297	
5710	5484	5464	5484	
5908	5647	5555	5647	
6132	5825	5755	5825	
6317	6010	5978	6010	
6583	6183	6124	6183	
6820	6407	6335	6407	
7003	6607	6525	6607	
7287	6806	6777	6806	
7605	7077	6934	7077	
7827	7300	7227	7300	
8181	7601	7572	7601	
8606	7958	7834	7958	
9048	8386	8258	8386	
9476	8840	8718	8840	
10034	9364	9090	9364	
9346	8704	8522	8704	
8942	8272	8155	8272	
8528	7916	7818	7916	
8134	7570	7431	7570	
7845	7283	7155	7283	
7435	7028	6908	7028	
7243	6791	6669	6791	
6976	6603	6499	6603	
6673	6331	6270	6331	
6517	6155	6045	6155	
6218	5915	5865	5915	
5994	5707	5685	5707	
5801	5576	5522	5576	
5668	5388	5383	5388	
5429	5205	5187	5205	
5237	5116	5065	5116	
5125	4951	4945	4951	
4968	4821	4791	4821	
4823	4719	4724	4719	
4758	4650	4606	4650	
4657	4549	4544	4549	
4604	4496	4504	4496	
4554	4449	4474	4449	
4535	4434	4409	4434	
4480	4400	4402	4400	
4474	4409	4364	4409	
4502	4386	4378	4386	
4487	4420	4417	4420	
4541	4442	4439	4442	
4578	4477	4461	4477	
4717	4550	4525	4550	
4776	4628	4618	4628	
4887	4721	4724	4721	
5002	4841	4798	4841	
5128	4960	4934	4960	
5296	5109	5053	5109	
5442	5235	5181	5235	
5688	5398	5380	5398	
5807	5551	5524	5551	
6025	5760	5698	5760	
6248	5962	5864	5962	
6442	6152	6091	6152	
6714	6347	6279	6347	
6954	6536	6467	6536	
7267	6795	6702	6795	
7471	6988	6915	6988	
7829	7264	7142	7264	
8159	7608	7496	7608	
8534	7935	7824	7935	
8928	8260	8153	8260	
9280	8766	8572	8766	
9804	9262	9114	9262	
9298	8580	8450	8580	
8932	8181	8031	8181	
8442	7850	7781	7850	
8026	7513	7358	7513	
7724	7201	7152	7201	
7432	6952	6928	6952	
7154	6748	6591	6748	
6929	6505	6376	6505	
6665	6255	6218	6255	
6432	6076	5979	6076	
6160	5877	5829	5877	
5925	5665	5585	5665	
5720	5488	5416	5488	
5545	5342	5302	5342	
5355	5154	5171	5154	
5164	4982	4976	4982	
5010	4868	4857	4868	
4884	4758	4718	4758	
4776	4652	4634	4652	
4683	4566	4535	4566	
4578	4497	4468	4497	
4520	4441	4398	4441	
4487	4387	4362	4387	
4477	4355	4368	4355	
4444	4338	4350	4338	
4443	4323	4331	4323	
4432	4331	4325	4331	
4437	4358	4353	4358	
4487	4391	4363	4391	
4516	4406	4403	4406	
4578	4480	4462	4480	
4692	4539	4525	4539	
4776	4639	4615	4639	
4899	4758	4735	4758	
5047	4890	4852	4890	
5202	5027	5036	5027	
5391	5195	5164	5195	
5562	5360	5311	5360	
5771	5505	5463	5505	
5979	5723	5622	5723	
6200	5891	5855	5891	
6422	6089	6045	6089	
6588	6298	6199	6298	
6864	6493	6415	6493	
7155	6717	6626	6717	
7428	6949	6825	6949	
7700	7205	7133	7205	
8121	7540	7420	7540	
8448	7836	7724	7836	
8856	8179	8050	8179	
9268	8650	8438	8650	
9898	9110	8940	9110	
9190	8494	8390	8494	
8788	8119	7901	8119	
8310	7777	7630	7777	
8019	7460	7311	7460	
7641	7156	7062	7156	
7383	6884	6809	6884	
7099	6682	6535	6682	
6783	6422	6369	6422	
6578	6268	6138	6268	
6345	6020	5961	6020	
6097	5817	5749	5817	
5869	5582	5550	5582	
5641	5432	5365	5432	
5439	5250	5213	5250	
5264	5106	5090	5106	
5107	4952	4898	4952	
4929	4809	4788	4809	
4797	4698	4659	4698	
4704	4586	4592	4586	
4571	4508	4472	4508	
4505	4435	4435	4435	
4475	4374	4364	4374	
4425	4345	4342	4345	
4361	4314	4297	4314	
4342	4287	4289	4287	
4316	4287	4271	4287	
4352	4284	4281	4284	
4348	4301	4282	4301	
4381	4307	4318	4307	
4427	4387	4328	4387	
4491	4412	4396	4412	
4624	4515	4491	4515	
4703	4586	4540	4586	
4852	4701	4685	4701	
4945	4812	4813	4812	
5075	4960	4909	4960	
5297	5111	5075	5111	
5507	5288	5195	5288	
5700	5423	5366	5423	
5903	5625	5600	5625	
6097	5874	5762	5874	
6364	6016	5938	6016	
6610	6234	6115	6234	
6927	6436	6333	6436	
7086	6673	6585	6673	
7384	6866	6790	6866	
7623	7129	6998	7129	
7992	7424	7341	7424	
8328	7758	7759	7758	
8706	8188	8052	8188	
9176	8556	8364	8556	
9682	9068	8864	9068	
9170	8452	8346	8452	
8628	8054	7868	8054	
8262	7684	7573	7684	
7900	7396	7314	7396	
7584	7082	6953	7082	
7289	6837	6713	6837	
6998	6653	6519	6653	
6770	6369	6266	6369	
6567	6203	6085	6203	
6258	5937	5885	5937	
6000	5726	5696	5726	
5792	5572	5504	5572	
5561	5393	5352	5393	
5393	5200	5184	5200	
5249	5036	4984	5036	
5075	4889	4856	4889	
4897	4751	4730	4751	
4762	4622	4617	4622	
4626	4537	4524	4537	
4537	4426	4464	4426	
4473	4388	4374	4388	
4406	4330	4344	4330	
4359	4292	4293	4292	
4332	4240	4257	4240	
4280	4231	4236	4231	
4298	4230	4226	4230	
4287	4238	4200	4238	
4299	4245	4197	4245	
4338	4267	4262	4267	
4368	4321	4306	4321	
4419	4364	4351	4364	
4527	4432	4419	4432	
4609	4506	4530	4506	
4748	4636	4631	4636	
4872	4769	4734	4769	
5017	4888	4885	4888	
5213	5034	5020	5034	
5426	5191	5190	5191	
5604	5398	5368	5398	
5811	5567	5534	5567	
6025	5774	5716	5774	
6280	5981	5885	5981	
6528	6201	6142	6201	
6763	6369	6273	6369	
6993	6624	6573	6624	
7339	6832	6746	6832	
7616	7109	6996	7109	
7863	7404	7274	7404	
8212	7711	7610	7711	
8712	8006	7975	8006	
9082	8502	8318	8502	
9562	9066	8720	9066	
8990	8354	8274	8354	
8548	7992	7865	7992	
8187	7640	7518	7640	
7876	7313	7177	7313	
7499	7079	6935	7079	
7229	6779	6721	6779	
7002	6582	6473	6582	
6743	6343	6224	6343	
6463	6105	6068	6105	
6229	5878	5873	5878	
5995	5681	5659	5681	
5737	5496	5436	5496	
5555	5318	5245	5318	
5333	5144	5145	5144	
5151	4977	4901	4977	
4980	4833	4809	4833	
4834	4716	4666	4716	
4732	4586	4556	4586	
4561	4475	4478	4475	
4481	4396	4412	4396	
4414	4333	4337	4333	
4315	4273	4272	4273	
4289	4254	4246	4254	
4277	4216	4217	4216	
4212	4198	4195	4198	
4238	4179	4217	4179	
4268	4191	4204	4191	
4268	4199	4185	4199	
4263	4233	4238	4233	
4341	4264	4249	4264	
4368	4319	4324	4319	
4499	4376	4349	4376	
4602	4472	4454	4472	
4656	4569	4592	4569	
4814	4696	4675	4696	
4962	4850	4773	4850	
5169	4980	4957	4980	
5319	5180	5128	5180	
5537	5337	5268	5337	
5759	5530	5473	5530	
5989	5750	5682	5750	
6234	5940	5837	5940	
6477	6131	6107	6131	
6704	6344	6310	6344	
6987	6598	6412	6598	
7275	6808	6677	6808	
7523	7022	6903	7022	
7879	7323	7199	7323	
8124	7642	7516	7642	
8570	7990	7874	7990	
9158	8458	8390	8458	
9462	8926	8760	8926	
8880	8290	8192	8290	
8534	7973	7751	7973	
8085	7602	7463	7602	
7750	7271	7161	7271	
7511	7016	6964	7016	
7216	6752	6680	6752	
6930	6526	6431	6526	
6668	6290	6180	6290	
6392	6088	5991	6088	
6078	5845	5787	5845	
5929	5650	5560	5650	
5693	5460	5432	5460	
5442	5282	5208	5282	
5306	5118	5059	5118	
5071	4935	4907	4935	
4917	4797	4780	4797	
4780	4689	4618	4689	
4630	4530	4492	4530	
4510	4438	4427	4438	
4437	4382	4365	4382	
4362	4302	4286	4302	
4322	4246	4257	4246	
4248	4202	4217	4202	
4237	4199	4205	4199	
4214	4179	4172	4179	
4212	4144	4133	4144	
4182	4159	4146	4159	
4235	4177	4163	4177	
4227	4207	4196	4207	
4298	4234	4232	4234	
4348	4291	4258	4291	
4378	4356	4330	4356	
4514	4427	4406	4427	
4618	4536	4519	4536	
4769	4656	4646	4656	
4915	4788	4766	4788	
5102	4942	4928	4942	
5249	5132	5075	5132	
5534	5305	5208	5305	
5738	5478	5373	5478	
5953	5669	5633	5669	
6170	5874	5808	5874	
6433	6119	6004	6119	
6682	6297	6188	6297	
6940	6498	6466	6498	
7195	6767	6649	6767	
7437	6974	6917	6974	
7790	7276	7202	7276	
8116	7584	7438	7584	
8508	7921	7845	7921	
8928	8432	8236	8432	
9454	8918	8664	8918	
8930	8282	8151	8282	
8506	7888	7768	7888	
8162	7565	7372	7565	
7816	7242	7155	7242	
7400	6962	6832	6962	
7202	6741	6684	6741	
6919	6496	6407	6496	
6595	6283	6219	6283	
6383	6047	6011	6047	
6105	5815	5760	5815	
5887	5630	5549	5630	
5641	5427	5411	5427	
5428	5202	5212	5202	
5259	5078	5007	5078	
5051	4919	4896	4919	
4908	4755	4717	4755	
4737	4637	4646	4637	
4597	4516	4510	4516	
4502	4415	4408	4415	
4411	4337	4334	4337	
4330	4267	4269	4267	
4282	4206	4221	4206	
4240	4192	4203	4192	
4199	4173	4173	4173	
4189	4147	4148	4147	
4180	4155	4140	4155	
4176	4147	4119	4147	
4199	4157	4125	4157	
4203	4173	4161	4173	
4285	4200	4187	4200	
4323	4238	4235	4238	
4397	4324	4307	4324	
4477	4387	4371	4387	
4588	4515	4487	4515	
4741	4617	4595	4617	
4866	4765	4709	4765	
5031	4884	4896	4884	
5257	5081	5055	5081	
5449	5267	5218	5267	
5676	5448	5414	5448	
5893	5645	5594	5645	
6158	5839	5802	5839	
6375	6044	5985	6044	
6574	6276	6179	6276	
6850	6466	6357	6466	
7170	6706	6617	6706	
7454	6970	6815	6970	
7781	7245	7137	7245	
8152	7540	7431	7540	
8484	7897	7730	7897	
8944	8380	8242	8380	
9466	8908	8662	8908	
8910	8266	8133	8266	
8330	7848	7718	7848	
8103	7560	7414	7560	
7707	7205	7093	7205	
7422	6979	6841	6979	
7142	6689	6604	6689	
6873	6469	6352	6469	
6651	6225	6184	6225	
6393	6040	5972	6040	
6123	5814	5711	5814	
5898	5588	5558	5588	
5596	5401	5349	5401	
5374	5211	5178	5211	
5222	5040	5001	5040	
5027	4876	4879	4876	
4824	4722	4684	4722	
4710	4614	4572	4614	
4518	4487	4460	4487	
4453	4390	4393	4390	
4344	4328	4324	4328	
4272	4253	4227	4253	
4224	4207	4233	4207	
4212	4167	4163	4167	
4169	4140	4159	4140	
4163	4130	4140	4130	
4143	4114	4117	4114	
4134	4115	4111	4115	
4167	4148	4132	4148	
4163	4161	4151	4161	
4208	4190	4188	4190	
4286	4242	4218	4242	
4355	4294	4264	4294	
4417	4372	4332	4372	
4544	4480	4464	4480	
4704	4584	4575	4584	
4863	4729	4701	4729	
5046	4882	4858	4882	
5194	5049	4995	5049	
5429	5238	5185	5238	
5650	5399	5332	5399	
5825	5621	5578	5621	
6101	5828	5814	5828	
6343	6058	5972	6058	
6674	6226	6113	6226	
6840	6450	6391	6450	
7140	6702	6686	6702	
7355	6953	6852	6953	
7739	7247	7168	7247	
8085	7530	7423	7530	
8506	7864	7754	7864	
8934	8296	8096	8296	
9392	8854	8648	8854	
8828	8188	8107	8188	
8390	7842	7701	7842	
8088	7490	7355	7490	
7696	7184	7075	7184	
7419	6920	6736	6920	
7069	6703	6577	6703	
6845	6434	6405	6434	
6581	6220	6135	6220	
6282	6008	5917	6008	
6085	5759	5719	5759	
5796	5565	5548	5565	
5566	5354	5299	5354	
5399	5177	5154	5177	
5182	4999	5019	4999	
4990	4822	4806	4822	
4788	4688	4710	4688	
4611	4559	4568	4559	
4511	4452	4450	4452	
4419	4369	4351	4369	
4340	4283	4285	4283	
4268	4233	4240	4233	
4197	4182	4200	4182	
4192	4156	4162	4156	
4173	4134	4140	4134	
4126	4108	4139	4108	
4106	4109	4098	4109	
4113	4106	4121	4106	
4145	4119	4127	4119	
4130	4121	4150	4121	
4194	4167	4169	4167	
4242	4194	4185	4194	
4300	4251	4258	4251	
4392	4353	4315	4353	
4538	4459	4410	4459	
4636	4560	4566	4560	
4798	4693	4668	4693	
5021	4859	4812	4859	
5148	5013	4954	5013	
5378	5188	5193	5188	
5629	5395	5355	5395	
5776	5591	5558	5591	
6128	5806	5748	5806	
6326	6000	5949	6000	
6488	6219	6138	6219	
6850	6461	6348	6461	
7071	6689	6557	6689	
7337	6882	6788	6882	
7687	7193	7094	7193	
8098	7498	7373	7498	
8364	7782	7720	7782	
8764	8286	8079	8286	
9396	8820	8698	8820	
8816	8187	8097	8187	
8354	7817	7692	7817	
7974	7465	7383	7465	
7723	7185	7050	7185	
7352	6930	6793	6930	
7135	6701	6573	6701	
6861	6456	6338	6456	
6541	6214	6094	6214	
6257	5984	5928	5984	
6028	5774	5730	5774	
5777	5554	5502	5554	
5572	5334	5307	5334	
5398	5179	5140	5179	
5142	5009	4946	5009	
4947	4830	4804	4830	
4797	4680	4673	4680	
4649	4574	4529	4574	
4519	4448	4432	4448	
4432	4378	4353	4378	
4308	4300	4278	4300	
4257	4231	4203	4231	
4210	4167	4174	4167	
4160	4148	4144	4148	
4149	4121	4135	4121	
4137	4113	4107	4113	
4096	4115	4107	4115	
4135	4109	4113	4109	
4128	4105	4127	4105	
4120	4114	4129	4114	
4186	4164	4148	4164	
4216	4198	4181	4198	
4309	4252	4249	4252	
4377	4340	4332	4340	
4546	4425	4435	4425	
4677	4563	4536	4563	
4800	4687	4635	4687	
4951	4849	4820	4849	
5180	5047	4989	5047	
5356	5194	5131	5194	
5614	5415	5294	5415	
5815	5579	5493	5579	
6094	5783	5720	5783	
6364	6023	5935	6023	
6548	6246	6177	6246	
6891	6410	6325	6410	
7115	6666	6601	6666	
7357	6913	6767	6913	
7647	7196	7016	7196	
8003	7486	7406	7486	
8434	7792	7710	7792	
8776	8256	7995	8256	
9350	8828	8650	8828	
8806	8242	8114	8242	
8406	7865	7716	7865	
8017	7491	7319	7491	
7666	7207	7088	7207	
7464	6936	6823	6936	
7108	6659	6563	6659	
6847	6435	6319	6435	
6525	6210	6125	6210	
6293	6008	5924	6008	
6030	5755	5755	5755	
5789	5534	5539	5534	
5530	5356	5302	5356	
5345	5177	5133	5177	
5215	5020	4960	5020	
4966	4824	4823	4824	
4804	4692	4687	4692	
4655	4575	4555	4575	
4542	4448	4447	4448	
4377	4368	4382	4368	
4332	4267	4299	4267	
4224	4215	4222	4215	
4202	4169	4168	4169	
4161	4152	4133	4152	
4170	4127	4129	4127	
4106	4097	4114	4097	
4118	4109	4110	4109	
4139	4112	4124	4112	
4134	4107	4109	4107	
4132	4134	4121	4134	
4195	4164	4165	4164	
4277	4212	4184	4212	
4307	4269	4218	4269	
4381	4344	4311	4344	
4510	4447	4411	4447	
4667	4581	4545	4581	
4810	4692	4647	4692	
4980	4857	4826	4857	
5196	5037	4984	5037	
5389	5189	5150	5189	
5576	5388	5341	5388	
5826	5561	5543	5561	
6083	5807	5746	5807	
6277	6000	5911	6000	
6530	6231	6156	6231	
6848	6413	6340	6413	
7073	6652	6581	6652	
7329	6915	6774	6915	
7661	7201	7025	7201	
7998	7476	7390	7476	
8290	7851	7748	7851	
8782	8294	8107	8294	
9418	8862	8612	8862	
8870	8236	8081	8236	
8286	7857	7713	7857	
7999	7523	7406	7523	
7696	7185	7082	7185	
7369	6907	6834	6907	
7080	6694	6606	6694	
6837	6433	6369	6433	
6604	6203	6134	6203	
6310	6004	5896	6004	
6057	5778	5670	5778	
5802	5580	5512	5580	
5536	5363	5329	5363	
5370	5186	5142	5186	
5202	5022	4997	5022	
4983	4848	4827	4848	
4818	4713	4671	4713	
4629	4569	4566	4569	
4526	4447	4417	4447	
4431	4351	4338	4351	
4338	4295	4272	4295	
4254	4233	4236	4233	
4232	4208	4169	4208	
4133	4140	4155	4140	
4166	4131	4151	4131	
4100	4125	4117	4125	
4151	4114	4096	4114	
4122	4110	4108	4110	
4119	4130	4104	4130	
4165	4142	4135	4142	
4171	4170	4152	4170	
4256	4215	4204	4215	
4329	4274	4246	4274	
4371	4337	4341	4337	
4532	4449	4411	4449	
4654	4565	4552	4565	
4829	4695	4649	4695	
4965	4862	4814	4862	
5213	5047	5032	5047	
5373	5222	5180	5222	
5614	5423	5377	5423	
5843	5612	5529	5612	
6087	5801	5732	5801	
6290	5999	5978	5999	
6531	6249	6148	6249	
6813	6446	6320	6446	
7055	6670	6563	6670	
7382	6935	6826	6935	
7611	7205	7058	7205	
8014	7477	7401	7477	
8474	7865	7752	7865	
8868	8260	8190	8260	
9454	8870	8736	8870	
8840	8185	8105	8185	
8418	7878	7791	7878	
8074	7535	7451	7535	
7699	7203	7118	7203	
7388	6933	6836	6933	
7067	6691	6603	6691	
6893	6466	6377	6466	
6519	6217	6139	6217	
6301	6008	5889	6008	
6102	5791	5724	5791	
5814	5571	5538	5571	
5545	5368	5333	5368	
5348	5197	5148	5197	
5213	5018	4987	5018	
5004	4845	4862	4845	
4838	4707	4705	4707	
4659	4576	4596	4576	
4531	4472	4446	4472	
4443	4384	4399	4384	
4322	4307	4299	4307	
4250	4244	4241	4244	
4224	4220	4179	4220	
4186	4163	4173	4163	
4146	4144	4151	4144	
4119	4114	4130	4114	
4148	4104	4128	4104	
4130	4124	4108	4124	
4144	4139	4118	4139	
4154	4141	4134	4141	
4195	4182	4162	4182	
4261	4222	4204	4222	
4313	4293	4276	4293	
4396	4346	4339	4346	
4561	4459	4431	4459	
4669	4585	4595	4585	
4848	4713	4679	4713	
4982	4887	4840	4887	
5201	5056	5031	5056	
5423	5234	5166	5234	
5676	5401	5350	5401	
5840	5594	5561	5594	
6036	5804	5741	5804	
6288	6028	5937	6028	
6608	6224	6123	6224	
6737	6444	6344	6444	
7060	6686	6492	6686	
7369	6967	6843	6967	
7674	7233	7081	7233	
8060	7508	7363	7508	
8422	7820	7695	7820	
8842	8284	8184	8284	
9476	8950	8740	8950	
8888	8240	8168	8240	
8446	7857	7701	7857	
8054	7534	7434	7534	
7678	7236	7081	7236	
7383	6962	6845	6962	
7146	6701	6597	6701	
6856	6468	6383	6468	
6558	6250	6179	6250	
6375	6041	5956	6041	
6104	5822	5782	5822	
5861	5611	5566	5611	
5630	5402	5405	5402	
5366	5248	5234	5248	
5221	5062	5023	5062	
5029	4900	4887	4900	
4869	4754	4712	4754	
4718	4624	4606	4624	
4550	4493	4470	4493	
4475	4384	4397	4384	
4331	4327	4287	4327	
4306	4254	4235	4254	
4231	4207	4218	4207	
4198	4188	4193	4188	
4172	4163	4184	4163	
4138	4144	4152	4144	
4155	4139	4156	4139	
4167	4144	4126	4144	
4160	4143	4136	4143	
4133	4157	4151	4157	
4228	4210	4180	4210	
4255	4264	4238	4264	
4331	4317	4281	4317	
4431	4394	4380	4394	
4550	4463	4457	4463	
4734	4613	4597	4613	
4818	4737	4716	4737	
4975	4900	4874	4900	
5249	5085	5022	5085	
5430	5241	5155	5241	
5636	5441	5352	5441	
5883	5633	5623	5633	
6144	5845	5787	5845	
6387	6039	5970	6039	
6574	6260	6160	6260	
6835	6466	6407	6466	
7093	6725	6657	6725	
7361	6930	6835	6930	
7722	7231	7179	7231	
8079	7564	7415	7564	
8444	7900	7706	7900	
8954	8344	8192	8344	
9462	8966	8816	8966	
8950	8322	8198	8322	
8456	7926	7811	7926	
8078	7588	7436	7588	
7753	7267	7151	7267	
7423	6979	6856	6979	
7160	6740	6667	6740	
6908	6508	6403	6508	
6561	6288	6224	6288	
6400	6077	5976	6077	
6135	5857	5765	5857	
5849	5611	5615	5611	
5664	5461	5386	5461	
5415	5272	5259	5272	
5242	5088	5062	5088	
5030	4916	4921	4916	
4842	4762	4791	4762	
4763	4638	4619	4638	
4581	4530	4527	4530	
4493	4433	4410	4433	
4402	4363	4324	4363	
4294	4291	4264	4291	
4259	4250	4204	4250	
4224	4208	4196	4208	
4195	4168	4176	4168	
4177	4142	4144	4142	
4169	4153	4145	4153	
4178	4157	4164	4157	
4180	4167	4152	4167	
4194	4185	4188	4185	
4227	4216	4234	4216	
4286	4272	4231	4272	
4370	4332	4325	4332	
4478	4398	4397	4398	
4586	4526	4462	4526	
4693	4660	4633	4660	
4874	4783	4751	4783	
5058	4918	4924	4918	
5259	5105	5093	5105	
5459	5266	5248	5266	
5660	5476	5438	5476	
5885	5685	5641	5685	
6133	5863	5828	5863	
6342	6106	5954	6106	
6615	6285	6216	6285	
6878	6537	6386	6537	
7137	6745	6620	6745	
7329	6973	6889	6973	
7757	7229	7131	7229	
8083	7585	7453	7585	
8442	7917	7861	7917	
8900	8350	8206	8350	
9490	8998	8806	8998	
8954	8386	8173	8386	
8512	7988	7818	7988	
8155	7599	7462	7599	
7836	7328	7171	7328	
7471	7050	6897	7050	
7132	6819	6658	6819	
6890	6557	6498	6557	
6681	6321	6209	6321	
6403	6101	6019	6101	
6146	5903	5834	5903	
5879	5695	5677	5695	
5679	5484	5487	5484	
5460	5270	5247	5270	
5244	5138	5082	5138	
5122	4987	4907	4987	
4890	4802	4781	4802	
4743	4689	4671	4689	
4618	4547	4546	4547	
4514	4474	4426	4474	
4409	4368	4368	4368	
4333	4312	4303	4312	
4285	4267	4254	4267	
4236	4231	4214	4231	
4219	4211	4222	4211	
4174	4177	4192	4177	
4177	4175	4176	4175	
4194	4186	4187	4186	
4196	4186	4180	4186	
4215	4211	4204	4211	
4277	4249	4261	4249	
4292	4300	4267	4300	
4431	4364	4342	4364	
4469	4454	4442	4454	
4613	4558	4542	4558	
4785	4684	4677	4684	
4904	4846	4752	4846	
5119	4976	4938	4976	
5286	5149	5128	5149	
5473	5330	5261	5330	
5716	5521	5405	5521	
5966	5683	5674	5683	
6116	5920	5852	5920	
6405	6129	6063	6129	
6621	6330	6230	6330	
6914	6524	6445	6524	
7185	6789	6744	6789	
7477	7020	6936	7020	
7744	7306	7173	7306	
8122	7614	7584	7614	
8488	7973	7865	7973	
8954	8438	8308	8438	
9658	9024	8804	9024	
8962	8398	8280	8398	
8534	8029	7821	8029	
8186	7708	7556	7708	
7844	7375	7261	7375	
7492	7071	7025	7071	
7252	6855	6752	6855	
6996	6600	6463	6600	
6715	6360	6295	6360	
6430	6113	6085	6113	
6138	5918	5846	5918	
5929	5717	5691	5717	
5722	5510	5470	5510	
5487	5341	5290	5341	
5378	5164	5118	5164	
5108	5018	5002	5018	
4962	4855	4815	4855	
4831	4734	4706	4734	
4643	4586	4573	4586	
4551	4501	4490	4501	
4460	4424	4388	4424	
4403	4366	4359	4366	
4312	4307	4311	4307	
4307	4271	4230	4271	
4224	4257	4267	4257	
4223	4222	4200	4222	
4214	4213	4232	4213	
4232	4207	4217	4207	
4231	4236	4223	4236	
4256	4254	4228	4254	
4318	4297	4238	4297	
4393	4350	4347	4350	
4467	4422	4392	4422	
4530	4501	4471	4501	
4666	4600	4563	4600	
4814	4746	4716	4746	
4962	4884	4834	4884	
5143	5033	4983	5033	
5352	5201	5153	5201	
5567	5410	5318	5410	
5777	5556	5497	5556	
5973	5752	5685	5752	
6205	5941	5845	5941	
6417	6157	6102	6157	
6678	6359	6282	6359	
6934	6584	6495	6584	
7159	6834	6754	6834	
7547	7035	6998	7035	
7741	7367	7284	7367	
8294	7690	7494	7690	
8556	8047	7833	8047	
8928	8476	8384	8476	
9786	9032	8896	9032	
9148	8504	8326	8504	
8548	8039	7953	8039	
8206	7745	7634	7745	
7898	7392	7243	7392	
7601	7131	6959	7131	
7274	6909	6761	6909	
6972	6624	6538	6624	
6717	6424	6287	6424	
6485	6208	6153	6208	
6206	5991	5898	5991	
5974	5775	5722	5775	
5777	5561	5537	5561	
5560	5392	5388	5392	
5406	5225	5188	5225	
5154	5041	5028	5041	
5000	4896	4820	4896	
4829	4778	4726	4778	
4694	4671	4611	4671	
4596	4564	4551	4564	
4497	4472	4436	4472	
4445	4422	4377	4422	
4381	4339	4317	4339	
4296	4304	4305	4304	
4293	4268	4268	4268	
4273	4251	4245	4251	
4234	4245	4251	4245	
4251	4275	4246	4275	
4275	4273	4287	4273	
4315	4291	4276	4291	
4356	4330	4297	4330	
4429	4388	4385	4388	
4528	4489	4456	4489	
4564	4516	4522	4516	
4702	4669	4640	4669	
4862	4764	4744	4764	
5023	4928	4853	4928	
5211	5104	5048	5104	
5423	5264	5213	5264	
5558	5430	5349	5430	
5789	5615	5551	5615	
6045	5786	5696	5786	
6225	5985	5932	5985	
6490	6201	6130	6201	
6763	6403	6328	6403	
7073	6594	6538	6594	
7365	6872	6810	6872	
7532	7075	7009	7075	
7885	7420	7317	7420	
8198	7748	7575	7748	
8690	8080	7942	8080	
9172	8552	8340	8552	
9788	9102	8966	9102	
9182	8526	8452	8526	
8582	8135	7996	8135	
8268	7792	7628	7792	
7934	7455	7310	7455	
7628	7183	7032	7183	
7289	6924	6834	6924	
7048	6687	6635	6687	
6754	6443	6357	6443	
6575	6265	6165	6265	
6289	6040	5944	6040	
6078	5844	5791	5844	
5834	5647	5591	5647	
5579	5448	5431	5448	
5427	5289	5227	5289	
5238	5105	5087	5105	
5061	4962	4919	4962	
4913	4826	4791	4826	
4742	4719	4690	4719	
4655	4616	4573	4616	
4555	4501	4499	4501	
4472	4446	4441	4446	
4420	4389	4389	4389	
4354	4329	4333	4329	
4344	4319	4299	4319	
4307	4309	4279	4309	
4328	4289	4254	4289	
4306	4291	4283	4291	
4314	4321	4321	4321	
4364	4341	4296	4341	
4420	4416	4382	4416	
4478	4441	4430	4441	
4570	4512	4507	4512	
4675	4602	4592	4602	
4773	4735	4706	4735	
4981	4860	4785	4860	
5066	4982	4937	4982	
5257	5142	5097	5142	
5450	5322	5278	5322	
5639	5481	5427	5481	
5826	5687	5582	5687	
6060	5856	5793	5856	
6304	6041	5970	6041	
6535	6281	6157	6281	
6761	6431	6389	6431	
6969	6704	6621	6704	
7287	6913	6880	6913	
7677	7167	7031	7167	
7873	7472	7327	7472	
8298	7823	7692	7823	
8664	8154	7973	8154	
9204	8618	8470	8618	
9784	9248	9074	9248	
9264	8582	8468	8582	
8868	8190	8094	8190	
8398	7839	7737	7839	
7912	7509	7364	7509	
7638	7250	7129	7250	
7323	6969	6895	6969	
7066	6722	6617	6722	
6799	6509	6444	6509	
6497	6294	6203	6294	
6383	6053	6020	6053	
6099	5879	5808	5879	
5903	5690	5640	5690	
5701	5505	5463	5505	
5492	5349	5279	5349	
5326	5169	5135	5169	
5162	5019	4963	5019	
4959	4888	4868	4888	
4797	4769	4756	4769	
4774	4671	4654	4671	
4653	4580	4563	4580	
4520	4497	4495	4497	
4500	4448	4419	4448	
4434	4404	4399	4404	
4381	4380	4377	4380	
4351	4339	4339	4339	
4343	4334	4328	4334	
4380	4353	4350	4353	
4380	4374	4383	4374	
4438	4387	4356	4387	
4475	4451	4425	4451	
4547	4515	4475	4515	
4623	4589	4534	4589	
4741	4665	4646	4665	
4875	4771	4749	4771	
5025	4934	4909	4934	
5108	5053	5030	5053	
5300	5204	5159	5204	
5542	5367	5325	5367	
5740	5538	5509	5538	
5955	5724	5635	5724	
6152	5892	5838	5892	
6383	6096	6010	6096	
6602	6288	6216	6288	
6836	6484	6399	6484	
7068	6715	6656	6715	
7339	6970	6805	6970	
7676	7209	7091	7209	
7904	7548	7394	7548	
8428	7898	7772	7898	
8858	8266	8122	8266	
9180	8644	8512	8644	
9946	9328	9232	9328	
9392	8692	8632	8692	
8864	8278	8169	8278	
8514	7942	7825	7942	
8099	7547	7422	7547	
7701	7274	7168	7274	
7426	7032	6921	7032	
7156	6795	6659	6795	
6930	6554	6512	6554	
6649	6346	6270	6346	
6465	6148	6117	6148	
6148	5939	5884	5939	
5977	5771	5733	5771	
5753	5587	5523	5587	
5561	5417	5318	5417	
5353	5242	5203	5242	
5220	5092	5031	5092	
5054	4966	4941	4966	
4904	4853	4794	4853	
4793	4728	4719	4728	
4709	4660	4613	4660	
4606	4568	4568	4568	
4530	4514	4480	4514	
4491	4475	4446	4475	
4459	4433	4448	4433	
4442	4433	4431	4433	
4428	4414	4403	4414	
4453	4431	4387	4431	
4456	4428	4427	4428	
4532	4442	4415	4442	
4540	4510	4483	4510	
4631	4592	4560	4592	
4706	4657	4630	4657	
4844	4755	4761	4755	
4921	4874	4856	4874	
5082	5000	4974	5000	
5218	5120	5108	5120	
5443	5274	5216	5274	
5619	5468	5391	5468	
5785	5622	5493	5622	
5989	5803	5730	5803	
6210	5974	5900	5974	
6440	6133	6074	6133	
6641	6347	6287	6347	
6845	6538	6480	6538	
7134	6761	6653	6761	
7402	7023	6931	7023	
7788	7274	7152	7274	
8091	7587	7449	7587	
8448	7940	7819	7940	
8956	8324	8157	8324	
9224	8790	8656	8790	
10030	9530	9220	9530	
9444	8814	8660	8814	
8936	8400	8266	8400	
8596	8027	7930	8027	
8142	7661	7491	7661	
7836	7392	7259	7392	
7596	7124	6963	7124	
7253	6877	6791	6877	
6955	6642	6578	6642	
6720	6458	6371	6458	
6471	6209	6160	6209	
6297	6023	5985	6023	
6072	5833	5780	5833	
5848	5676	5610	5676	
5645	5487	5414	5487	
5460	5343	5292	5343	
5268	5171	5141	5171	
5162	5076	5042	5076	
5031	4925	4917	4925	
4939	4840	4800	4840	
4809	4732	4709	4732	
4709	4657	4639	4657	
4657	4595	4603	4595	
4591	4530	4549	4530	
4565	4528	4488	4528	
4553	4501	4461	4501	
4502	4479	4465	4479	
4539	4507	4475	4507	
4540	4527	4512	4527	
4603	4538	4513	4538	
4653	4608	4594	4608	
4725	4660	4668	4660	
4793	4735	4713	4735	
4919	4841	4810	4841	
5028	4912	4917	4912	
5169	5071	5060	5071	
5343	5211	5173	5211	
5482	5345	5288	5345	
5697	5504	5511	5504	
5896	5679	5604	5679	
6071	5878	5799	5878	
6273	6020	5976	6020	
6520	6226	6182	6226	
6769	6446	6372	6446	
6999	6659	6560	6659	
7155	6843	6758	6843	
7528	7144	6977	7144	
7733	7356	7234	7356	
8095	7664	7618	7664	
8624	8032	7916	8032	
8974	8390	8324	8390	
9392	8916	8722	8916	
10142	9580	9418	9580	
9610	8954	8796	8954	
9068	8496	8370	8496	
8674	8106	7951	8106	
8212	7791	7672	7791	
7914	7460	7373	7460	
7601	7177	7093	7177	
7341	6975	6888	6975	
7088	6723	6551	6723	
6783	6507	6421	6507	
6614	6297	6198	6297	
6323	6091	6043	6091	
6146	5942	5883	5942	
5919	5780	5673	5780	
5797	5554	5520	5554	
5564	5398	5344	5398	
5411	5288	5228	5288	
5254	5179	5061	5179	
5111	4994	4984	4994	
4985	4919	4900	4919	
4888	4842	4805	4842	
4786	4741	4726	4741	
4765	4696	4673	4696	
4694	4653	4612	4653	
4674	4602	4569	4602	
4619	4579	4565	4579	
4603	4575	4543	4575	
4634	4585	4597	4585	
4651	4624	4618	4624	
4672	4630	4623	4630	
4741	4689	4650	4689	
4825	4734	4734	4734	
4899	4858	4826	4858	
5035	4936	4906	4936	
5139	5049	4991	5049	
5277	5171	5167	5171	
5438	5326	5257	5326	
5576	5450	5410	5450	
5773	5625	5562	5625	
5966	5769	5726	5769	
6168	5953	5877	5953	
6415	6149	6063	6149	
6615	6332	6198	6332	
6854	6520	6492	6520	
7028	6740	6625	6740	
7305	6927	6875	6927	
7628	7191	7103	7191	
7902	7391	7440	7391	
8292	7787	7677	7787	
8646	8152	7952	8152	
9064	8556	8364	8556	
9548	8946	8842	8946	
10216	9690	9444	9690	
9630	9012	8902	9012	
9190	8638	8548	8638	
8840	8220	8091	8220	
8264	7878	7683	7878	
7970	7559	7350	7559	
7700	7259	7191	7259	
7422	7027	6961	7027	
7122	6824	6726	6824	
6894	6617	6511	6617	
6652	6396	6309	6396	
6512	6171	6119	6171	
6232	5985	5907	5985	
6026	5843	5796	5843	
5859	5668	5607	5668	
5613	5523	5410	5523	
5519	5370	5319	5370	
5364	5258	5215	5258	
5226	5107	5088	5107	
5135	5021	4990	5021	
4985	4919	4931	4919	
4931	4843	4811	4843	
4879	4793	4764	4793	
4796	4743	4696	4743	
4750	4708	4693	4708	
4747	4676	4655	4676	
4764	4673	4640	4673	
4715	4682	4670	4682	
4731	4702	4687	4702	
4781	4750	4705	4750	
4870	4800	4767	4800	
4935	4862	4818	4862	
5036	4941	4940	4941	
5096	5035	4990	5035	
5261	5162	5133	5162	
5405	5268	5209	5268	
5546	5408	5374	5408	
5713	5575	5497	5575	
5897	5714	5663	5714	
6065	5866	5796	5866	
6264	6047	6006	6047	
6440	6218	6092	6218	
6763	6385	6316	6385	
6933	6576	6501	6576	
7190	6796	6716	6796	
7400	7009	6902	7009	
7557	7297	7159	7297	
8026	7530	7466	7530	
8356	7948	7778	7948	
8778	8256	8131	8256	
9238	8644	8558	8644	
9730	9094	8982	9094	
10338	9854	9626	9854	
9696	9164	9114	9164	
9440	8734	8568	8734	
8956	8390	8218	8390	
8548	7991	7875	7991	
8118	7657	7539	7657	
7828	7375	7258	7375	
7542	7121	6967	7121	
7303	6895	6796	6895	
7079	6706	6633	6706	
6767	6485	6432	6485	
6549	6275	6179	6275	
6315	6123	6039	6123	
6144	5925	5855	5925	
5987	5752	5673	5752	
5756	5660	5564	5660	
5615	5494	5450	5494	
5434	5350	5332	5350	
5334	5231	5201	5231	
5226	5110	5088	5110	
5140	5028	4984	5028	
5020	4965	4933	4965	
4985	4898	4863	4898	
4930	4840	4812	4840	
4890	4815	4773	4815	
4838	4775	4789	4775	
4824	4781	4722	4781	
4884	4817	4770	4817	
4911	4808	4793	4808	
4908	4858	4817	4858	
4969	4908	4891	4908	
5070	4982	4928	4982	
5146	5046	4992	5046	
5259	5160	5146	5160	
5360	5243	5185	5243	
5487	5400	5322	5400	
5695	5505	5465	5505	
5809	5676	5584	5676	
5989	5822	5727	5822	
6164	5937	5906	5937	
6405	6116	6074	6116	
6575	6302	6247	6302	
6760	6491	6373	6491	
6960	6665	6574	6665	
7292	6899	6822	6899	
7536	7134	7085	7134	
7804	7395	7229	7395	
8159	7672	7623	7672	
8458	8018	7897	8018	
8876	8388	8264	8388	
9370	8774	8614	8774	
9754	9258	9134	9258	
10634	10100	9726	10100	
10004	9288	9138	9288	
9536	8956	8762	8956	
9016	8512	8330	8512	
8590	8148	8062	8148	
8212	7779	7617	7779	
7960	7487	7453	7487	
7699	7230	7192	7230	
7344	6987	6890	6987	
7066	6769	6686	6769	
6899	6582	6456	6582	
6673	6403	6311	6403	
6465	6234	6119	6234	
6315	6046	5960	6046	
6086	5912	5822	5912	
5901	5748	5685	5748	
5773	5594	5564	5594	
5609	5464	5448	5464	
5459	5359	5353	5359	
5361	5252	5215	5252	
5289	5176	5094	5176	
5155	5104	5067	5104	
5135	5035	5008	5035	
5033	4967	4985	4967	
5012	4940	4935	4940	
5010	4899	4895	4899	
5017	4915	4870	4915	
4977	4911	4892	4911	
5029	4947	4953	4947	
5085	4965	4971	4965	
5124	5036	4999	5036	
5214	5089	5083	5089	
5286	5226	5146	5226	
5385	5268	5256	5268	
5547	5376	5307	5376	
5661	5519	5465	5519	
5770	5628	5581	5628	
5948	5773	5700	5773	
6152	5924	5881	5924	
6298	6068	6012	6068	
6512	6217	6166	6217	
6706	6400	6362	6400	
7003	6618	6513	6618	
7170	6799	6714	6799	
7460	7024	6939	7024	
7631	7298	7178	7298	
7974	7523	7407	7523	
8298	7809	7694	7809	
8640	8166	8034	8166	
9124	8528	8442	8528	
9490	8992	8852	8992	
9990	9376	9262	9376	
10694	10136	9922	10136	
10222	9520	9342	9520	
9718	9034	8912	9034	
9322	8650	8562	8650	
8736	8294	8194	8294	
8390	7933	7807	7933	
8109	7631	7529	7631	
7739	7351	7218	7351	
7551	7173	7016	7173	
7352	6925	6858	6925	
7038	6702	6618	6702	
6790	6509	6434	6509	
6580	6326	6260	6326	
6394	6194	6077	6194	
6240	6060	5925	6060	
6017	5849	5767	5849	
5902	5734	5688	5734	
5752	5607	5570	5607	
5599	5469	5460	5469	
5499	5390	5363	5390	
5395	5288	5243	5288	
5302	5230	5214	5230	
5268	5149	5111	5149	
5195	5119	5083	5119	
5144	5067	5053	5067	
5171	5023	4994	5023	
5135	5039	5029	5039	
5142	5053	5061	5053	
5164	5088	5056	5088	
5211	5123	5117	5123	
5254	5166	5108	5166	
5305	5236	5202	5236	
5429	5324	5301	5324	
5564	5413	5392	5413	
5629	5515	5463	5515	
5803	5620	5609	5620	
5958	5762	5721	5762	
6066	5900	5818	5900	
6239	6060	5966	6060	
6382	6163	6109	6163	
6649	6356	6307	6356	
6805	6547	6461	6547	
7064	6714	6656	6714	
7298	6911	6823	6911	
7557	7147	7098	7147	
7798	7381	7338	7381	
8139	7635	7553	7635	
8396	8005	7866	8005	
8840	8334	8236	8334	
9296	8718	8608	8718	
9708	9122	8962	9122	
10230	9578	9402	9578	
10884	10328	10078	10328	
10340	9644	9558	9644	
9742	9230	9056	9230	
9394	8836	8714	8836	
9024	8402	8256	8402	
8528	8107	7967	8107	
8218	7787	7714	7787	
7850	7497	7394	7497	
7640	7268	7190	7268	
7348	7006	6858	7006	
7162	6816	6751	6816	
6936	6636	6514	6636	
6645	6445	6327	6445	
6575	6294	6266	6294	
6325	6091	6078	6091	
6196	5966	5949	5966	
5984	5862	5849	5862	
5857	5734	5689	5734	
5746	5626	5568	5626	
5609	5529	5454	5529	
5544	5414	5408	5414	
5461	5364	5326	5364	
5425	5290	5276	5290	
5351	5259	5235	5259	
5285	5225	5186	5225	
5275	5179	5160	5179	
5270	5158	5167	5158	
5318	5196	5197	5196	
5337	5229	5207	5229	
5327	5234	5231	5234	
5420	5306	5294	5306	
5472	5359	5333	5359	
5558	5465	5431	5465	
5688	5532	5508	5532	
5815	5644	5585	5644	
5974	5752	5681	5752	
6053	5888	5828	5888	
6231	6014	5938	6014	
6426	6136	6099	6136	
6558	6308	6232	6308	
6720	6470	6394	6470	
6924	6651	6519	6651	
7174	6827	6736	6827	
7368	7034	6979	7034	
7658	7281	7164	7281	
7902	7505	7413	7505	
8298	7797	7709	7797	
8610	8131	8027	8131	
8980	8462	8430	8462	
9398	8850	8746	8850	
9764	9286	9136	9286	
10330	9700	9642	9700	
11024	10576	10208	10576	
10510	9746	9584	9746	
10076	9410	9228	9410	
9566	9054	8910	9054	
9148	8634	8422	8634	
8822	8268	8093	8268	
8262	7956	7769	7956	
8056	7617	7454	7617	
7778	7403	7257	7403	
7450	7109	7036	7109	
7303	6920	6793	6920	
7055	6740	6657	6740	
6854	6586	6477	6586	
6649	6422	6381	6422	
6475	6233	6166	6233	
6242	6091	6041	6091	
6156	5966	5895	5966	
6046	5876	5794	5876	
5891	5745	5698	5745	
5755	5676	5603	5676	
5695	5552	5538	5552	
5619	5475	5435	5475	
5539	5447	5372	5447	
5499	5379	5337	5379	
5473	5351	5321	5351	
5435	5320	5283	5320	
5402	5310	5277	5310	
5440	5315	5322	5315	
5462	5369	5316	5369	
5504	5404	5374	5404	
5566	5450	5387	5450	
5660	5517	5477	5517	
5672	5590	5532	5590	
5811	5673	5607	5673	
5908	5777	5713	5777	
6093	5897	5831	5897	
6222	6014	5944	6014	
6372	6111	6098	6111	
6531	6269	6188	6269	
6684	6430	6318	6430	
6850	6587	6462	6587	
7048	6789	6708	6789	
7316	6967	6892	6967	
7559	7161	7091	7161	
7775	7412	7267	7412	
8074	7650	7592	7650	
8424	7969	7851	7969	
8744	8260	8206	8260	
9240	8652	8568	8652	
9706	9082	8904	9082	
10096	9418	9256	9418	
10488	9878	9800	9878	
11410	10608	10284	10608	
10732	9990	9812	9990	
10206	9622	9388	9622	
9806	9206	9130	9206	
9410	8796	8814	8796	
8914	8384	8238	8384	
8614	8129	7877	8129	
8220	7782	7610	7782	
7868	7500	7381	7500	
7653	7248	7088	7248	
7400	7074	6911	7074	
7185	6858	6796	6858	
6989	6707	6604	6707	
6786	6539	6479	6539	
6672	6411	6222	6411	
6460	6247	6239	6247	
6278	6099	6002	6099	
6174	6016	5992	6016	
6055	5886	5829	5886	
5982	5818	5724	5818	
5826	5708	5653	5708	
5774	5632	5608	5632	
5697	5597	5530	5597	
5634	5538	5510	5538	
5612	5504	5469	5504	
5616	5476	5423	5476	
5604	5464	5444	5464	
5566	5473	5474	5473	
5602	5518	5480	5518	
5678	5515	5468	5515	
5679	5584	5551	5584	
5817	5679	5593	5679	
5887	5736	5654	5736	
6012	5823	5787	5823	
6087	5939	5918	5939	
6176	6038	5950	6038	
6345	6145	6090	6145	
6569	6275	6194	6275	
6669	6440	6362	6440	
6862	6543	6493	6543	
7039	6723	6640	6723	
7180	6943	6789	6943	
7467	7096	7036	7096	
7688	7310	7204	7310	
7897	7550	7406	7550	
8280	7814	7751	7814	
8596	8108	7976	8108	
9030	8442	8276	8442	
9436	8834	8786	8834	
9802	9208	9126	9208	
10200	9618	9470	9618	
10652	10072	9986	10072	
11428	10824	10532	10824	
10756	10158	9908	10158	
10408	9860	9634	9860	
10088	9462	9332	9462	
9500	9014	8812	9014	
9176	8608	8554	8608	
8700	8272	8130	8272	
8342	7927	7833	7927	
8000	7657	7534	7657	
7738	7411	7292	7411	
7535	7175	7049	7175	
7342	7002	6915	7002	
7142	6845	6755	6845	
6926	6656	6544	6656	
6734	6518	6428	6518	
6583	6399	6314	6399	
6431	6232	6180	6232	
6309	6098	6065	6098	
6186	6054	5991	6054	
6116	5952	5861	5952	
6049	5833	5798	5833	
5918	5762	5735	5762	
5846	5727	5661	5727	
5778	5694	5662	5694	
5757	5670	5606	5670	
5788	5640	5568	5640	
5746	5633	5592	5633	
5793	5632	5581	5632	
5782	5663	5619	5663	
5921	5698	5655	5698	
5846	5740	5683	5740	
5978	5830	5758	5830	
6035	5868	5809	5868	
6151	5944	5921	5944	
6256	6075	6013	6075	
6397	6164	6094	6164	
6469	6257	6207	6257	
6625	6412	6340	6412	
6763	6535	6513	6535	
6950	6673	6549	6673	
7181	6865	6751	6865	
7357	7060	6979	7060	
7622	7251	7111	7251	
7870	7458	7372	7458	
8111	7752	7614	7752	
8452	8003	7913	8003	
8798	8334	8192	8334	
9308	8670	8516	8670	
9558	9022	8966	9022	
10078	9368	9270	9368	
10460	9814	9720	9814	
10790	10172	9988	10172	
11712	11088	10830	11088	
10996	10348	10136	10348	
10686	9952	9804	9952	
10316	9586	9514	9586	
9714	9172	9042	9172	
9254	8762	8620	8762	
8926	8420	8312	8420	
8558	8170	7935	8170	
8226	7807	7725	7807	
7963	7577	7468	7577	
7741	7360	7191	7360	
7459	7142	7044	7142	
7217	6923	6862	6923	
7110	6799	6731	6799	
6872	6656	6612	6656	
6778	6509	6467	6509	
6644	6407	6350	6407	
6491	6296	6194	6296	
6356	6207	6115	6207	
6204	6096	6049	6096	
6139	6016	5944	6016	
6138	5946	5861	5946	
6016	5859	5851	5859	
5933	5831	5779	5831	
5958	5829	5771	5829	
5905	5759	5720	5759	
5904	5778	5740	5778	
5978	5808	5785	5808	
5972	5825	5753	5825	
6012	5830	5777	5830	
6054	5901	5826	5901	
6184	5969	5899	5969	
6207	6028	5960	6028	
6301	6112	6043	6112	
6418	6208	6131	6208	
6500	6326	6267	6326	
6657	6444	6339	6444	
6844	6543	6483	6543	
6966	6707	6663	6707	
7088	6835	6721	6835	
7339	6991	6903	6991	
7511	7165	7143	7165	
7740	7392	7303	7392	
8042	7644	7589	7644	
8310	7896	7760	7896	
8694	8206	8096	8206	
8916	8512	8434	8512	
9466	8906	8742	8906	
9780	9242	9140	9242	
10312	9662	9538	9662	
10608	9952	9796	9952	
11012	10372	10280	10372	
11538	11156	10862	11156	
11076	10492	10338	10492	
10752	10154	9984	10154	
10378	9788	9634	9788	
10174	9440	9230	9440	
9542	9050	8924	9050	
9202	8708	8606	8708	
8752	8308	8160	8308	
8434	8040	7967	8040	
8200	7740	7603	7740	
7907	7540	7349	7540	
7670	7304	7206	7304	
7448	7113	6997	7113	
7232	6954	6874	6954	
7047	6776	6729	6776	
6892	6640	6586	6640	
6778	6543	6447	6543	
6664	6437	6329	6437	
6576	6339	6229	6339	
6439	6216	6136	6216	
6374	6159	6084	6159	
6269	6101	6025	6101	
6234	6024	6003	6024	
6156	5973	5925	5973	
6155	5957	5874	5957	
6137	5965	5883	5965	
6022	5948	5891	5948	
6134	5932	5894	5932	
6176	5981	5930	5981	
6173	6002	5961	6002	
6250	6014	5995	6014	
6247	6125	6019	6125	
6351	6146	6130	6146	
6463	6265	6256	6265	
6558	6342	6246	6342	
6695	6448	6355	6448	
6799	6544	6515	6544	
6940	6691	6590	6691	
7211	6839	6748	6839	
7276	6986	6931	6986	
7541	7185	7087	7185	
7675	7347	7229	7347	
7987	7573	7447	7573	
8284	7815	7675	7815	
8530	8073	7964	8073	
8826	8378	8288	8378	
9238	8708	8680	8708	
9556	9094	8952	9094	
10000	9416	9354	9416	
10494	9794	9700	9794	
10720	10170	10028	10170	
11162	10510	10262	10510	
11882	11196	10900	11196	
11366	10686	10552	10686	
10976	10336	10128	10336	
10670	9946	9712	9946	
10172	9564	9372	9564	
9772	9226	9058	9226	
9346	8882	8798	8882	
8928	8532	8400	8532	
8634	8180	8139	8180	
8384	7989	7782	7989	
8040	7666	7554	7666	
7757	7452	7418	7452	
7642	7297	7192	7297	
7444	7118	6936	7118	
7263	6976	6849	6976	
7010	6817	6683	6817	
6920	6672	6584	6672	
6839	6572	6492	6572	
6689	6482	6340	6482	
6600	6374	6289	6374	
6471	6304	6204	6304	
6453	6242	6149	6242	
6392	6189	6162	6189	
6362	6145	6069	6145	
6304	6107	6023	6107	
6253	6083	6041	6083	
6326	6097	6047	6097	
6276	6107	6027	6107	
6299	6118	6033	6118	
6329	6129	6066	6129	
6419	6216	6135	6216	
6461	6282	6218	6282	
6564	6320	6223	6320	
6625	6387	6366	6387	
6723	6504	6413	6504	
6770	6594	6469	6594	
7000	6715	6612	6715	
7082	6811	6724	6811	
7216	6991	6881	6991	
7510	7151	7044	7151	
7640	7340	7250	7340	
7845	7525	7446	7525	
8127	7739	7721	7739	
8408	8021	7934	8021	
8674	8306	8166	8306	
9010	8584	8478	8584	
9450	8986	8778	8986	
9886	9300	9190	9300	
10292	9676	9506	9676	
10584	9936	9930	9936	
11012	10262	10200	10262	
11234	10652	10482	10652	
12040	11290	11080	11290	
11456	10838	10506	10838	
11046	10600	10356	10600	
10724	10136	9942	10136	
10228	9836	9684	9836	
9922	9478	9290	9478	
9618	9098	9030	9098	
9232	8754	8624	8754	
8770	8448	8276	8448	
8562	8216	7971	8216	
8282	7888	7793	7888	
8042	7673	7521	7673	
7793	7450	7310	7450	
7555	7289	7182	7289	
7434	7113	6994	7113	
7293	6985	6852	6985	
7144	6843	6717	6843	
7074	6746	6652	6746	
6861	6622	6516	6622	
6737	6568	6466	6568	
6669	6465	6385	6465	
6634	6403	6348	6403	
6595	6366	6309	6366	
6543	6324	6286	6324	
6550	6270	6219	6270	
6459	6273	6187	6273	
6393	6268	6163	6268	
6519	6272	6199	6272	
6521	6307	6237	6307	
6527	6330	6257	6330	
6572	6355	6276	6355	
6647	6434	6349	6434	
6704	6483	6441	6483	
6758	6578	6497	6578	
6902	6655	6551	6655	
7050	6799	6705	6799	
7127	6896	6736	6896	
7288	6991	6915	6991	
7443	7202	7059	7202	
7615	7289	7272	7289	
7881	7496	7451	7496	
8135	7703	7671	7703	
8364	7935	7826	7935	
8672	8248	8192	8248	
8980	8468	8346	8468	
9264	8814	8750	8814	
9694	9158	9072	9158	
10012	9498	9422	9498	
10462	9884	9734	9884	
10874	10214	10062	10214	
10926	10426	10286	10426	
11380	10796	10480	10796	
12092	11496	11240	11496	
11580	10954	10680	10954	
11374	10674	10468	10674	
10942	10426	10106	10426	
10672	10100	9888	10100	
10236	9712	9524	9712	
9796	9360	9190	9360	
9488	8958	8906	8958	
9236	8690	8546	8690	
8814	8348	8256	8348	
8440	8073	8004	8073	
8294	7802	7735	7802	
8018	7620	7534	7620	
7749	7444	7421	7444	
7635	7295	7183	7295	
7474	7097	7013	7097	
7306	7029	6898	7029	
7160	6909	6859	6909	
7109	6779	6691	6779	
6953	6695	6640	6695	
6852	6626	6562	6626	
6785	6572	6465	6572	
6813	6497	6473	6497	
6762	6478	6431	6478	
6710	6452	6384	6452	
6716	6444	6356	6444	
6675	6425	6374	6425	
6708	6468	6389	6468	
6747	6425	6367	6425	
6742	6464	6418	6464	
6784	6531	6442	6531	
6875	6573	6501	6573	
6895	6652	6534	6652	
6974	6707	6619	6707	
7146	6807	6766	6807	
7262	6947	6859	6947	
7351	7030	6987	7030	
7528	7192	7079	7192	
7714	7334	7207	7334	
7816	7494	7425	7494	
8049	7679	7592	7679	
8344	7883	7875	7883	
8548	8133	8062	8133	
8918	8442	8348	8442	
9296	8764	8678	8764	
9640	9042	8926	9042	
10062	9394	9240	9394	
10392	9666	9552	9666	
10700	10020	9868	10020	
11034	10316	10186	10316	
11274	10566	10494	10566	
11434	10988	10776	10988	
12198	11638	11364	11638	
12076	11264	10966	11264	
11538	10964	10634	10964	
11374	10608	10360	10608	
10906	10328	10186	10328	
10626	9968	9782	9968	
10178	9672	9476	9672	
9808	9350	9266	9350	
9592	8960	8830	8960	
9214	8672	8548	8672	
8760	8332	8177	8332	
8512	8182	8031	8182	
8406	7920	7719	7920	
8127	7677	7600	7677	
7939	7550	7502	7550	
7714	7417	7325	7417	
7610	7223	7161	7223	
7481	7110	7007	7110	
7324	7025	6950	7025	
7201	6914	6769	6914	
7166	6829	6747	6829	
7115	6813	6716	6813	
6997	6740	6647	6740	
7027	6687	6596	6687	
6928	6662	6551	6662	
6966	6648	6599	6648	
6973	6641	6553	6641	
6966	6670	6576	6670	
6945	6698	6593	6698	
6986	6689	6584	6689	
7014	6760	6616	6760	
7096	6806	6716	6806	
7172	6894	6766	6894	
7243	6958	6834	6958	
7417	7059	6965	7059	
7479	7170	7030	7170	
7614	7252	7227	7252	
7797	7420	7304	7420	
7936	7602	7515	7602	
8284	7696	7671	7696	
8370	7981	7871	7981	
8650	8228	8121	8228	
8842	8412	8310	8412	
9340	8752	8688	8752	
9562	8996	8878	8996	
9918	9422	9196	9422	
10346	9706	9584	9706	
10714	9976	9882	9976	
10906	10322	10216	10322	
11116	10604	10422	10604	
11662	10796	10784	10796	
11898	11284	10888	11284	
                                                                                                                                                                                                                                                                                                                                                                                                                                                                                                                                                                                                                                                                                                                                                                                                                                                                                                                                                                                                                                                                                                                                                                                                                                                                                                                                                                                                                                                                                                                                                                                                                                                                                                                                                                                                                                                                                                                                                                                                                                                                                                                                                                                                                                                                                                                                                                                                                                                                                                                                                                                                                                                                                                                                                                                                                                                                                                                                                                                                                                                                                                                                                                                                                                                                                                                                                                                                                                                                                                                                                                                                                                                                                                                                                                                                                                                                                                                                                                                                                                                                                                                                                                                                                                                                                                                                                                                                                                                                                                                                                                                                                                                                                                                                                                                                                                                                                                                                                                                                                                                                                                                                                                                                                                                                                                                                                                                                                                                                                                                                                                                                                                                                                                                                                                                                                                                                                                                                                                                                                                                                                                                                                                                                                                                                                                                                                                                                                                                                                                                                                                                                                                                                                                                                                                                                                                                                                                                                                                                                                                                                                                                                                                                                                                                                                                                                                                                                                                                                                                                                                                                                                                                                                                                                                                                                                                                                                                                                                                                                                                                                                                                                                                                                                                                                                                                                                                                                                                                                                                                                                                                                                                                                                                                                                                                                                                                                                                                                                                                                                                                                                                                                                                                                                                                                                                                                                                                                                                                                                                                                                                                                                                                                                                                                                                                                                                                                                                                                                                                                                                                                                                                                                                                                                                                                                                                                                                                                                                                                                                                                                                                                                                                                                                                                                                                                                                                          