  0.0000000e+000
  0.0000000e+000
  0.0000000e+000
  1.2500000e-001
  6.8750000e-001
  1.2500000e+000
  1.8125000e+000
  2.3750000e+000
  2.8750000e+000
  3.4375000e+000
  4.0000000e+000
  4.5000000e+000
  5.0000000e+000
  5.5000000e+000
  6.0000000e+000
  6.5000000e+000
  7.0000000e+000
  7.5000000e+000
  8.0000000e+000
  8.4375000e+000
  8.9375000e+000
  9.3750000e+000
  9.8125000e+000
  1.0250000e+001
  1.0750000e+001
  1.1125000e+001
  1.1562500e+001
  1.2000000e+001
  1.2437500e+001
  1.2812500e+001
  1.3187500e+001
  1.3625000e+001
  1.4000000e+001
  1.4375000e+001
  1.4750000e+001
  1.5125000e+001
  1.5500000e+001
  1.5812500e+001
  1.6187500e+001
  1.6500000e+001
  1.6875000e+001
  1.7187500e+001
  1.7500000e+001
  1.7812500e+001
  1.8125000e+001
  1.8437500e+001
  1.8750000e+001
  1.9000000e+001
  1.9312500e+001
  1.9562500e+001
  1.9812500e+001
  2.0125000e+001
  2.0375000e+001
  2.0625000e+001
  2.0875000e+001
  2.1062500e+001
  2.1312500e+001
  2.1562500e+001
  2.1750000e+001
  2.1937500e+001
  2.2187500e+001
  2.2375000e+001
  2.2562500e+001
  2.2750000e+001
  2.2937500e+001
  2.3062500e+001
  2.3250000e+001
  2.3375000e+001
  2.3562500e+001
  2.3687500e+001
  2.3812500e+001
  2.3937500e+001
  2.4062500e+001
  2.4187500e+001
  2.4312500e+001
  2.4437500e+001
  2.4500000e+001
  2.4625000e+001
  2.4687500e+001
  2.4750000e+001
  2.4875000e+001
  2.4937500e+001
  2.5000000e+001
  2.5000000e+001
  2.5062500e+001
  2.5125000e+001
  2.5125000e+001
  2.5187500e+001
  2.5187500e+001
  2.5187500e+001
  2.5187500e+001
  2.5187500e+001
  2.5187500e+001
  2.5187500e+001
  2.5187500e+001
  2.5187500e+001
  2.5187500e+001
  2.5187500e+001
  2.5187500e+001
  2.5187500e+001
  2.5187500e+001
  2.5187500e+001
  2.5187500e+001
  2.5187500e+001
  2.5187500e+001
  2.5187500e+001
  2.5187500e+001
  2.5187500e+001
  2.5187500e+001
  2.5187500e+001
  2.5187500e+001
  2.5187500e+001
  2.5187500e+001
  2.5187500e+001
  2.5187500e+001
  2.5187500e+001
  2.5187500e+001
  2.5187500e+001
  2.5187500e+001
  2.5187500e+001
  2.5187500e+001
  2.5187500e+001
  2.5187500e+001
  2.5187500e+001
  2.5187500e+001
  2.5187500e+001
  2.5187500e+001
  2.5187500e+001
  2.5187500e+001
  2.5187500e+001
  2.5187500e+001
  2.5187500e+001
  2.5187500e+001
  2.5187500e+001
  2.5187500e+001
  2.5187500e+001
  2.5187500e+001
  2.5187500e+001
  2.5187500e+001
  2.5187500e+001
  2.5187500e+001
  2.5187500e+001
  2.5187500e+001
  2.5187500e+001
  2.5187500e+001
  2.5187500e+001
  2.5187500e+001
  2.5187500e+001
  2.5187500e+001
  2.5187500e+001
  2.5187500e+001
  2.5187500e+001
  2.5187500e+001
  2.5187500e+001
  2.5187500e+001
  2.5187500e+001
  2.5187500e+001
  2.5187500e+001
  2.5187500e+001
  2.5187500e+001
  2.5187500e+001
  2.5187500e+001
  2.5187500e+001
  2.5187500e+001
  2.5187500e+001
  2.5187500e+001
  2.5187500e+001
  2.5187500e+001
  2.5187500e+001
  2.5187500e+001
  2.5187500e+001
  2.5187500e+001
  2.5187500e+001
  2.5187500e+001
  2.5187500e+001
  2.5187500e+001
  2.5187500e+001
  2.5187500e+001
  2.5187500e+001
  2.5187500e+001
  2.5187500e+001
  2.5187500e+001
  2.5187500e+001
  2.5187500e+001
  2.5187500e+001
  2.5187500e+001
  2.5187500e+001
  2.5187500e+001
  2.5187500e+001
  2.5187500e+001
  2.5187500e+001
  2.5187500e+001
  2.5187500e+001
  2.5187500e+001
  2.5187500e+001
  2.5187500e+001
  2.5187500e+001
  2.5187500e+001
  2.5187500e+001
  2.5187500e+001
  2.5187500e+001
  2.5187500e+001
  2.5187500e+001
  2.5187500e+001
  2.5187500e+001
  2.5187500e+001
  2.5187500e+001
  2.5187500e+001
  2.5187500e+001
  2.5187500e+001
  2.5187500e+001
  2.5187500e+001
  2.5187500e+001
  2.5187500e+001
  2.5187500e+001
  2.5187500e+001
  2.5187500e+001
  2.5187500e+001
  2.5187500e+001
  2.5187500e+001
  2.5187500e+001
  2.5187500e+001
  2.5187500e+001
  2.5187500e+001
  2.5187500e+001
  2.5187500e+001
  2.5187500e+001
  2.5187500e+001
  2.5187500e+001
  2.5187500e+001
  2.5187500e+001
  2.5187500e+001
  2.5187500e+001
  2.5187500e+001
  2.5187500e+001
  2.5187500e+001
  2.5187500e+001
  2.5187500e+001
  2.5187500e+001
  2.5187500e+001
  2.5187500e+001
  2.5187500e+001
  2.5187500e+001
  2.5187500e+001
  2.5187500e+001
  2.5187500e+001
  2.5187500e+001
  2.5187500e+001
  2.5187500e+001
  2.5187500e+001
  2.5187500e+001
  2.5187500e+001
  2.5187500e+001
  2.5187500e+001
  2.5187500e+001
  2.5187500e+001
