  1.0312500e+001
  1.2312500e+001
  1.4312500e+001
  1.6312500e+001
  1.8250000e+001
  2.0187500e+001
  2.2125000e+001
  2.4000000e+001
  2.5875000e+001
  2.7750000e+001
  2.9562500e+001
  3.1375000e+001
  3.3187500e+001
  3.4937500e+001
  3.6687500e+001
  3.8375000e+001
  4.0062500e+001
  4.1750000e+001
  4.3375000e+001
  4.5000000e+001
  4.6625000e+001
  4.8250000e+001
  4.9812500e+001
  5.1312500e+001
  5.2875000e+001
  5.4375000e+001
  5.5812500e+001
  5.7312500e+001
  5.8687500e+001
  6.0125000e+001
  6.1500000e+001
  6.2875000e+001
  6.4250000e+001
  6.5562500e+001
  6.6875000e+001
  6.8125000e+001
  6.9375000e+001
  7.0625000e+001
  7.1875000e+001
  7.3062500e+001
  7.4187500e+001
  7.5375000e+001
  7.6500000e+001
  7.7625000e+001
  7.8687500e+001
  7.9750000e+001
  8.0812500e+001
  8.1812500e+001
  8.2812500e+001
  8.3750000e+001
  8.4750000e+001
  8.5687500e+001
  8.6562500e+001
  8.7437500e+001
  8.8312500e+001
  8.9187500e+001
  9.0000000e+001
  9.0812500e+001
  9.1562500e+001
  9.2312500e+001
  9.3062500e+001
  9.3750000e+001
  9.4437500e+001
  9.5125000e+001
  9.5750000e+001
  9.6375000e+001
  9.7000000e+001
  9.7562500e+001
  9.8125000e+001
  9.8687500e+001
  9.9187500e+001
  9.9687500e+001
  1.0018750e+002
  1.0062500e+002
  1.0106250e+002
  1.0143750e+002
  1.0181250e+002
  1.0218750e+002
  1.0256250e+002
  1.0287500e+002
  1.0318750e+002
  1.0343750e+002
  1.0368750e+002
  1.0393750e+002
  1.0412500e+002
  1.0431250e+002
  1.0450000e+002
  1.0462500e+002
  1.0475000e+002
  1.0487500e+002
  1.0493750e+002
  1.0500000e+002
  1.0500000e+002
  1.0506250e+002
  1.0506250e+002
  1.0506250e+002
  1.0506250e+002
  1.0506250e+002
  1.0506250e+002
  1.0506250e+002
  1.0506250e+002
  1.0506250e+002
  1.0506250e+002
  1.0506250e+002
  1.0506250e+002
  1.0506250e+002
  1.0506250e+002
  1.0506250e+002
  1.0506250e+002
  1.0506250e+002
  1.0506250e+002
  1.0506250e+002
  1.0506250e+002
  1.0506250e+002
  1.0506250e+002
  1.0506250e+002
  1.0506250e+002
  1.0506250e+002
  1.0506250e+002
  1.0506250e+002
  1.0506250e+002
  1.0506250e+002
  1.0506250e+002
  1.0506250e+002
  1.0506250e+002
  1.0506250e+002
  1.0506250e+002
  1.0506250e+002
  1.0506250e+002
  1.0506250e+002
  1.0506250e+002
  1.0506250e+002
  1.0506250e+002
  1.0506250e+002
  1.0506250e+002
  1.0506250e+002
  1.0506250e+002
  1.0506250e+002
  1.0506250e+002
  1.0506250e+002
  1.0506250e+002
  1.0506250e+002
  1.0506250e+002
  1.0506250e+002
  1.0506250e+002
  1.0506250e+002
  1.0506250e+002
  1.0506250e+002
  1.0506250e+002
  1.0506250e+002
  1.0506250e+002
  1.0506250e+002
  1.0506250e+002
  1.0506250e+002
  1.0506250e+002
  1.0506250e+002
  1.0506250e+002
  1.0506250e+002
  1.0506250e+002
  1.0506250e+002
  1.0506250e+002
  1.0506250e+002
  1.0506250e+002
  1.0506250e+002
  1.0506250e+002
  1.0506250e+002
  1.0506250e+002
  1.0506250e+002
  1.0506250e+002
  1.0506250e+002
  1.0506250e+002
  1.0506250e+002
  1.0506250e+002
  1.0506250e+002
  1.0506250e+002
  1.0506250e+002
  1.0506250e+002
  1.0506250e+002
  1.0506250e+002
  1.0506250e+002
  1.0506250e+002
  1.0506250e+002
  1.0506250e+002
  1.0506250e+002
  1.0506250e+002
  1.0506250e+002
  1.0506250e+002
  1.0506250e+002
  1.0506250e+002
  1.0506250e+002
  1.0506250e+002
  1.0506250e+002
  1.0506250e+002
  1.0506250e+002
  1.0506250e+002
  1.0506250e+002
  1.0506250e+002
  1.0506250e+002
  1.0506250e+002
  1.0506250e+002
  1.0506250e+002
  1.0506250e+002
  1.0506250e+002
  1.0506250e+002
  1.0506250e+002
  1.0506250e+002
  1.0506250e+002
  1.0506250e+002
  1.0506250e+002
  1.0506250e+002
  1.0506250e+002
  1.0506250e+002
  1.0506250e+002
  1.0506250e+002
  1.0506250e+002
  1.0506250e+002
  1.0506250e+002
  1.0506250e+002
  1.0506250e+002
  1.0506250e+002
  1.0506250e+002
  1.0506250e+002
  1.0506250e+002
  1.0506250e+002
  1.0506250e+002
  1.0506250e+002
  1.0506250e+002
  1.0506250e+002
  1.0506250e+002
  1.0506250e+002
  1.0506250e+002
  1.0506250e+002
  1.0506250e+002
  1.0506250e+002
  1.0506250e+002
  1.0506250e+002
  1.0506250e+002
  1.0506250e+002
  1.0506250e+002
  1.0506250e+002
  1.0506250e+002
  1.0506250e+002
  1.0506250e+002
  1.0506250e+002
  1.0506250e+002
  1.0506250e+002
  1.0506250e+002
  1.0506250e+002
  1.0506250e+002
  1.0506250e+002
  1.0506250e+002
  1.0506250e+002
  1.0506250e+002
  1.0506250e+002
  1.0506250e+002
  1.0506250e+002
