2704	2704	2704	2704	
10127	9859	9440	9859	
9850	9526	9108	9526	
9584	9348	8956	9348	
9355	9107	8753	9107	
9093	8826	8484	8826	
8799	8544	8211	8544	
8520	8268	7939	8268	
8251	8026	7709	8026	
8016	7776	7478	7776	
7761	7557	7268	7557	
7538	7314	7089	7314	
7372	7152	6911	7152	
7177	6969	6748	6969	
7006	6809	6604	6809	
6882	6697	6489	6697	
6757	6570	6369	6570	
6643	6459	6297	6459	
6532	6374	6237	6374	
6487	6299	6156	6299	
6413	6247	6096	6247	
6381	6171	6062	6171	
6312	6119	6024	6119	
6259	6071	5967	6071	
6256	6053	5949	6053	
6225	6030	5926	6030	
6195	6031	5926	6031	
6204	6019	5920	6019	
6218	6029	5910	6029	
6226	6037	5961	6037	
6256	6088	5976	6088	
6307	6127	5996	6127	
6340	6170	6020	6170	
6401	6237	6110	6237	
6472	6300	6161	6300	
6544	6395	6223	6395	
6660	6495	6307	6495	
6776	6576	6416	6576	
6853	6703	6503	6703	
7022	6848	6650	6848	
7144	6986	6773	6986	
7358	7164	6962	7164	
7517	7353	7105	7353	
7782	7555	7309	7555	
7997	7800	7528	7800	
8299	8074	7787	8074	
8530	8322	8011	8322	
8778	8590	8276	8590	
9064	8870	8515	8870	
9320	9106	8784	9106	
9560	9346	8998	9346	
9742	9539	9155	9539	
10034	9721	9397	9721	
9906	9624	9135	9624	
9628	9287	8875	9287	
9349	9059	8661	9059	
9109	8803	8413	8803	
8858	8519	8156	8519	
8550	8231	7890	8231	
8283	7962	7645	7962	
7985	7708	7389	7708	
7730	7457	7156	7457	
7504	7242	6973	7242	
7287	7045	6783	7045	
7138	6870	6624	6870	
6957	6716	6497	6716	
6803	6582	6358	6582	
6684	6448	6259	6448	
6573	6343	6161	6343	
6462	6244	6078	6244	
6370	6161	6003	6161	
6296	6080	5931	6080	
6227	6009	5874	6009	
6156	5959	5827	5959	
6116	5900	5780	5900	
6086	5874	5751	5874	
6044	5831	5715	5831	
6030	5809	5693	5809	
6010	5800	5688	5800	
6005	5802	5687	5802	
6019	5825	5705	5825	
6054	5837	5719	5837	
6053	5863	5734	5863	
6117	5909	5778	5909	
6152	5957	5824	5957	
6214	6016	5873	6016	
6290	6089	5936	6089	
6364	6171	5995	6171	
6447	6253	6087	6253	
6552	6354	6169	6354	
6642	6470	6283	6470	
6788	6591	6397	6591	
6948	6737	6519	6737	
7108	6901	6676	6901	
7281	7081	6822	7081	
7499	7288	7023	7288	
7750	7499	7232	7499	
7979	7741	7461	7741	
8234	7999	7703	7999	
8512	8285	7978	8285	
8813	8565	8219	8565	
9084	8833	8457	8833	
9343	9069	8709	9069	
9580	9298	8900	9298	
9841	9541	9151	9541	
9817	9520	9039	9520	
9464	9143	8724	9143	
9209	8885	8512	8885	
8900	8626	8253	8626	
8636	8342	7992	8342	
8341	8043	7730	8043	
8053	7772	7476	7772	
7778	7516	7220	7516	
7531	7277	6993	7277	
7327	7080	6812	7080	
7107	6870	6636	6870	
6959	6709	6485	6709	
6784	6563	6359	6563	
6636	6421	6233	6421	
6517	6304	6142	6304	
6407	6189	6038	6189	
6302	6102	5950	6102	
6218	6018	5886	6018	
6144	5943	5811	5943	
6080	5871	5743	5871	
6007	5813	5694	5813	
5959	5758	5648	5758	
5933	5716	5616	5716	
5876	5675	5587	5675	
5845	5657	5566	5657	
5840	5656	5559	5656	
5842	5655	5559	5655	
5853	5664	5568	5664	
5874	5683	5599	5683	
5891	5718	5610	5718	
5949	5763	5648	5763	
6002	5813	5694	5813	
6052	5873	5754	5873	
6121	5945	5811	5945	
6192	6017	5882	6017	
6290	6112	5958	6112	
6385	6213	6061	6213	
6480	6330	6157	6330	
6636	6455	6254	6455	
6773	6584	6383	6584	
6927	6734	6518	6734	
7089	6907	6674	6907	
7305	7105	6860	7105	
7494	7298	7046	7298	
7761	7543	7273	7543	
8015	7808	7522	7808	
8314	8090	7794	8090	
8601	8364	8062	8364	
8890	8650	8308	8650	
9214	8927	8580	8927	
9433	9161	8828	9161	
9719	9459	9043	9459	
9679	9461	8978	9461	
9350	9019	8639	9019	
9049	8747	8374	8747	
8767	8475	8122	8475	
8459	8188	7847	8188	
8164	7895	7570	7895	
7873	7606	7295	7606	
7608	7368	7074	7368	
7371	7141	6879	7141	
7140	6930	6691	6930	
6984	6752	6519	6752	
6790	6589	6383	6589	
6656	6444	6262	6444	
6524	6314	6124	6314	
6401	6206	6037	6206	
6299	6082	5944	6082	
6178	5984	5850	5984	
6087	5895	5778	5895	
6001	5819	5715	5819	
5930	5743	5655	5743	
5860	5680	5587	5680	
5810	5631	5549	5631	
5773	5598	5504	5598	
5726	5561	5484	5561	
5711	5543	5453	5543	
5699	5528	5460	5528	
5678	5527	5443	5527	
5722	5548	5458	5548	
5736	5560	5474	5560	
5780	5599	5516	5599	
5806	5641	5534	5641	
5854	5693	5588	5693	
5924	5756	5653	5756	
5992	5836	5715	5836	
6068	5912	5778	5912	
6171	6001	5860	6001	
6256	6109	5964	6109	
6374	6218	6057	6218	
6514	6338	6163	6338	
6620	6470	6266	6470	
6782	6622	6407	6622	
6966	6786	6569	6786	
7135	6952	6735	6952	
7334	7160	6928	7160	
7577	7397	7134	7397	
7875	7650	7380	7650	
8157	7945	7646	7945	
8446	8221	7912	8221	
8726	8514	8192	8514	
9054	8800	8461	8800	
9334	9067	8706	9067	
9592	9362	8968	9362	
9601	9350	8907	9350	
9239	8916	8513	8916	
8895	8604	8247	8604	
8578	8332	7962	8332	
8299	8040	7716	8040	
7991	7725	7410	7725	
7711	7476	7160	7476	
7461	7228	6942	7228	
7256	7011	6741	7011	
7024	6815	6570	6815	
6842	6637	6430	6637	
6689	6474	6274	6474	
6527	6350	6163	6350	
6388	6207	6040	6207	
6272	6082	5939	6082	
6172	5982	5849	5982	
6054	5878	5748	5878	
5949	5789	5679	5789	
5884	5706	5597	5706	
5791	5631	5537	5631	
5731	5562	5474	5562	
5667	5511	5426	5511	
5646	5471	5396	5471	
5598	5438	5360	5438	
5577	5414	5331	5414	
5573	5406	5330	5406	
5571	5405	5339	5405	
5569	5416	5340	5416	
5590	5438	5366	5438	
5633	5475	5397	5475	
5670	5518	5426	5518	
5718	5576	5488	5576	
5787	5636	5545	5636	
5860	5718	5608	5718	
5960	5808	5689	5808	
6043	5900	5763	5900	
6144	6002	5851	6002	
6247	6121	5943	6121	
6379	6243	6067	6243	
6516	6369	6183	6369	
6661	6513	6311	6513	
6824	6675	6440	6675	
6986	6837	6600	6837	
7201	7041	6786	7041	
7438	7270	6995	7270	
7704	7510	7239	7510	
8009	7803	7502	7803	
8282	8083	7769	8083	
8581	8382	8062	8382	
8903	8684	8327	8684	
9207	8965	8596	8965	
9471	9286	8895	9286	
9505	9255	8796	9255	
9093	8783	8385	8783	
8767	8487	8113	8487	
8420	8184	7811	8184	
8144	7885	7576	7885	
7830	7596	7271	7596	
7568	7332	7030	7332	
7313	7093	6798	7093	
7109	6883	6630	6883	
6909	6705	6476	6705	
6715	6529	6322	6529	
6563	6379	6165	6379	
6414	6245	6054	6245	
6286	6105	5933	6105	
6167	5985	5838	5985	
6044	5874	5741	5874	
5939	5773	5661	5773	
5836	5667	5573	5667	
5742	5579	5495	5579	
5661	5511	5428	5511	
5611	5446	5374	5446	
5544	5383	5318	5383	
5511	5351	5283	5351	
5463	5302	5253	5302	
5427	5287	5233	5287	
5431	5285	5217	5285	
5432	5275	5215	5275	
5439	5291	5232	5291	
5464	5314	5248	5314	
5492	5350	5270	5350	
5529	5402	5324	5402	
5587	5457	5372	5457	
5660	5516	5430	5516	
5741	5603	5498	5603	
5834	5692	5577	5692	
5940	5787	5658	5787	
6030	5898	5766	5898	
6143	6003	5867	6003	
6273	6131	5978	6131	
6408	6267	6085	6267	
6535	6407	6230	6407	
6708	6561	6351	6561	
6884	6725	6496	6725	
7087	6914	6680	6914	
7304	7135	6866	7135	
7554	7378	7091	7378	
7834	7645	7340	7645	
8105	7927	7643	7927	
8459	8237	7899	8237	
8785	8556	8231	8556	
9067	8850	8519	8850	
9425	9234	8814	9234	
9355	9142	8682	9142	
8979	8664	8256	8664	
8605	8345	7978	8345	
8270	8026	7690	8026	
7966	7736	7415	7736	
7688	7464	7139	7464	
7426	7196	6916	7196	
7182	6968	6694	6968	
6983	6757	6513	6757	
6782	6586	6363	6586	
6603	6419	6206	6419	
6451	6264	6074	6264	
6299	6132	5960	6132	
6168	6000	5842	6000	
6046	5874	5747	5874	
5925	5761	5639	5761	
5804	5651	5550	5651	
5709	5555	5459	5555	
5617	5467	5389	5467	
5536	5384	5313	5384	
5467	5321	5258	5321	
5417	5268	5210	5268	
5368	5220	5176	5220	
5322	5181	5129	5181	
5301	5159	5120	5159	
5304	5156	5110	5156	
5301	5151	5107	5151	
5302	5163	5110	5163	
5325	5190	5138	5190	
5358	5224	5170	5224	
5406	5276	5201	5276	
5477	5340	5269	5340	
5523	5404	5324	5404	
5627	5493	5417	5493	
5701	5584	5472	5584	
5815	5674	5568	5674	
5925	5800	5670	5800	
6032	5910	5777	5910	
6158	6037	5859	6037	
6299	6157	5992	6157	
6446	6304	6111	6304	
6585	6451	6246	6451	
6772	6623	6397	6623	
6952	6798	6568	6798	
7172	7015	6751	7015	
7406	7243	6965	7243	
7677	7492	7216	7492	
7971	7787	7482	7787	
8307	8097	7774	8097	
8638	8420	8073	8420	
8963	8719	8394	8719	
9295	9098	8731	9098	
9249	9015	8549	9015	
8838	8544	8165	8544	
8463	8208	7861	8208	
8144	7890	7553	7890	
7841	7599	7270	7599	
7553	7323	7016	7323	
7291	7081	6795	7081	
7072	6869	6599	6869	
6859	6656	6414	6656	
6680	6484	6274	6484	
6493	6324	6123	6324	
6340	6161	5986	6161	
6207	6040	5880	6040	
6045	5890	5755	5890	
5933	5773	5644	5773	
5816	5659	5548	5659	
5702	5549	5443	5549	
5592	5443	5371	5443	
5500	5348	5279	5348	
5419	5280	5216	5280	
5346	5201	5152	5201	
5283	5148	5098	5148	
5239	5098	5063	5098	
5201	5063	5024	5063	
5183	5050	5009	5050	
5163	5028	4986	5028	
5159	5032	4986	5032	
5171	5045	5005	5045	
5187	5065	5031	5065	
5231	5109	5067	5109	
5283	5159	5103	5159	
5340	5220	5167	5220	
5415	5291	5226	5291	
5500	5374	5293	5374	
5584	5470	5378	5470	
5701	5575	5474	5575	
5803	5690	5568	5690	
5940	5807	5672	5807	
6060	5935	5785	5935	
6184	6068	5900	6068	
6330	6210	6019	6210	
6491	6364	6165	6364	
6649	6527	6299	6527	
6841	6700	6468	6700	
7039	6894	6637	6894	
7272	7110	6847	7110	
7550	7375	7097	7375	
7823	7652	7358	7652	
8146	7954	7654	7954	
8497	8290	7962	8290	
8828	8600	8255	8600	
9217	9000	8630	9000	
9123	8898	8504	8898	
8702	8436	8046	8436	
8339	8097	7720	8097	
8024	7785	7446	7785	
7717	7481	7154	7481	
7432	7215	6909	7215	
7191	6969	6697	6969	
6983	6771	6494	6771	
6754	6566	6332	6566	
6576	6397	6184	6397	
6422	6242	6073	6242	
6269	6083	5914	6083	
6114	5956	5785	5956	
5960	5809	5675	5809	
5839	5681	5574	5681	
5699	5553	5469	5553	
5584	5443	5359	5443	
5483	5343	5269	5343	
5377	5250	5194	5250	
5300	5172	5115	5172	
5235	5105	5054	5105	
5172	5045	4999	5045	
5110	4994	4958	4994	
5078	4951	4919	4951	
5056	4927	4910	4927	
5048	4922	4887	4922	
5043	4919	4897	4919	
5058	4934	4914	4934	
5084	4961	4926	4961	
5110	4999	4959	4999	
5166	5053	5016	5053	
5225	5118	5068	5118	
5311	5194	5133	5194	
5384	5271	5196	5271	
5474	5363	5293	5363	
5583	5473	5379	5473	
5701	5588	5481	5588	
5823	5716	5587	5716	
5960	5847	5715	5847	
6099	5973	5826	5973	
6246	6129	5962	6129	
6392	6267	6078	6267	
6576	6433	6232	6433	
6738	6621	6393	6621	
6943	6802	6560	6802	
7166	7012	6763	7012	
7416	7262	6988	7262	
7732	7531	7236	7531	
8010	7839	7536	7839	
8375	8171	7853	8171	
8707	8512	8166	8512	
9085	8885	8492	8885	
9049	8799	8358	8799	
8585	8307	7938	8307	
8236	7973	7620	7973	
7893	7659	7304	7659	
7585	7364	7061	7364	
7322	7099	6811	7099	
7072	6879	6601	6879	
6861	6678	6423	6678	
6674	6487	6257	6487	
6484	6315	6113	6315	
6322	6158	5954	6158	
6163	6001	5841	6001	
6015	5854	5733	5854	
5865	5716	5593	5716	
5728	5585	5485	5585	
5592	5452	5364	5452	
5489	5345	5282	5345	
5369	5233	5165	5233	
5281	5149	5089	5149	
5184	5061	5023	5061	
5109	4987	4957	4987	
5047	4934	4901	4934	
5005	4884	4854	4884	
4958	4849	4814	4849	
4930	4818	4808	4818	
4927	4812	4794	4812	
4921	4810	4783	4810	
4932	4823	4803	4823	
4959	4850	4832	4850	
4995	4896	4860	4896	
5056	4950	4909	4950	
5117	5007	4963	5007	
5187	5079	5036	5079	
5271	5173	5120	5173	
5388	5274	5205	5274	
5470	5378	5295	5378	
5594	5492	5393	5492	
5727	5623	5504	5623	
5883	5758	5635	5758	
6014	5899	5746	5899	
6171	6041	5872	6041	
6317	6195	6014	6195	
6474	6348	6154	6348	
6658	6524	6306	6524	
6832	6700	6476	6700	
7073	6915	6657	6915	
7324	7163	6891	7163	
7574	7418	7124	7418	
7904	7724	7423	7724	
8265	8049	7731	8049	
8622	8393	8037	8393	
8982	8776	8458	8776	
8892	8677	8299	8677	
8468	8211	7817	8211	
8093	7850	7506	7850	
7781	7552	7206	7552	
7480	7274	6945	7274	
7207	7015	6740	7015	
6986	6781	6538	6781	
6771	6585	6351	6585	
6581	6407	6178	6407	
6394	6222	6031	6222	
6239	6076	5905	6076	
6073	5921	5753	5921	
5924	5770	5637	5770	
5771	5619	5513	5619	
5633	5488	5396	5488	
5499	5361	5280	5361	
5382	5246	5179	5246	
5271	5133	5086	5133	
5150	5040	4994	5040	
5068	4954	4930	4954	
4998	4891	4867	4891	
4939	4830	4801	4830	
4883	4775	4763	4775	
4833	4743	4718	4743	
4817	4713	4699	4713	
4801	4707	4694	4707	
4807	4709	4691	4709	
4820	4720	4704	4720	
4852	4750	4729	4750	
4887	4794	4772	4794	
4929	4840	4824	4840	
4995	4907	4875	4907	
5074	4986	4942	4986	
5176	5076	5028	5076	
5266	5175	5108	5175	
5378	5279	5218	5279	
5501	5400	5328	5400	
5624	5529	5425	5529	
5774	5670	5558	5670	
5921	5811	5668	5811	
6074	5974	5815	5974	
6220	6122	5939	6122	
6392	6279	6069	6279	
6577	6447	6230	6447	
6756	6629	6393	6629	
6985	6824	6566	6824	
7223	7072	6802	7072	
7491	7313	7046	7313	
7793	7615	7319	7615	
8148	7942	7629	7942	
8497	8297	7960	8297	
8925	8680	8296	8680	
8782	8600	8180	8600	
8347	8088	7715	8088	
7968	7748	7428	7748	
7675	7450	7121	7450	
7368	7171	6855	7171	
7121	6920	6627	6920	
6894	6710	6447	6710	
6688	6513	6274	6513	
6504	6323	6113	6323	
6322	6154	5970	6154	
6157	6001	5839	6001	
5981	5833	5697	5833	
5848	5693	5572	5693	
5670	5539	5433	5539	
5533	5402	5315	5402	
5401	5274	5215	5274	
5278	5149	5099	5149	
5146	5040	4996	5040	
5047	4948	4912	4948	
4967	4858	4838	4858	
4896	4791	4776	4791	
4825	4730	4708	4730	
4768	4679	4670	4679	
4733	4645	4630	4645	
4701	4615	4611	4615	
4690	4599	4590	4599	
4695	4611	4595	4611	
4703	4617	4610	4617	
4733	4651	4632	4651	
4781	4691	4677	4691	
4822	4751	4722	4751	
4896	4806	4775	4806	
4969	4892	4857	4892	
5067	4979	4940	4979	
5168	5080	5024	5080	
5290	5193	5126	5193	
5405	5322	5236	5322	
5541	5453	5354	5453	
5686	5596	5474	5596	
5827	5735	5606	5735	
5984	5889	5740	5889	
6139	6038	5869	6038	
6325	6201	6009	6201	
6499	6389	6154	6389	
6690	6565	6313	6565	
6885	6749	6501	6749	
7116	6968	6713	6968	
7393	7234	6931	7234	
7668	7512	7206	7512	
8034	7844	7520	7844	
8339	8184	7859	8184	
8753	8599	8214	8599	
8689	8521	8101	8521	
8262	7988	7624	7988	
7897	7654	7310	7654	
7584	7362	7026	7362	
7306	7094	6780	7094	
7033	6850	6573	6850	
6807	6641	6381	6641	
6619	6459	6227	6459	
6424	6264	6051	6264	
6252	6088	5910	6088	
6074	5917	5766	5917	
5914	5768	5625	5768	
5751	5616	5498	5616	
5589	5466	5369	5466	
5445	5319	5244	5319	
5305	5188	5133	5188	
5179	5071	5015	5071	
5073	4958	4922	4958	
4960	4861	4833	4861	
4872	4773	4757	4773	
4786	4702	4689	4702	
4722	4638	4620	4638	
4677	4594	4587	4594	
4637	4554	4546	4554	
4613	4532	4528	4532	
4605	4518	4512	4518	
4596	4520	4511	4520	
4605	4537	4529	4537	
4642	4566	4550	4566	
4671	4604	4592	4604	
4732	4660	4638	4660	
4803	4722	4696	4722	
4879	4804	4773	4804	
4969	4899	4864	4899	
5077	4993	4946	4993	
5190	5104	5046	5104	
5321	5232	5151	5232	
5462	5376	5281	5376	
5609	5507	5406	5507	
5747	5661	5536	5661	
5913	5827	5683	5827	
6079	5979	5808	5979	
6243	6138	5957	6138	
6410	6313	6109	6313	
6605	6495	6258	6495	
6818	6692	6444	6692	
7052	6909	6637	6909	
7305	7141	6867	7141	
7570	7434	7132	7434	
7924	7746	7430	7746	
8304	8091	7784	8091	
8676	8505	8106	8505	
8619	8423	7984	8423	
8175	7905	7531	7905	
7787	7569	7224	7569	
7473	7288	6965	7288	
7213	7014	6715	7014	
6960	6776	6488	6776	
6741	6563	6303	6563	
6545	6385	6144	6385	
6365	6197	5982	6197	
6165	6026	5846	6026	
5999	5848	5685	5848	
5823	5688	5562	5688	
5665	5539	5418	5539	
5512	5386	5297	5386	
5365	5247	5171	5247	
5217	5105	5054	5105	
5096	4989	4943	4989	
4967	4872	4838	4872	
4865	4780	4745	4780	
4774	4696	4680	4696	
4694	4618	4609	4618	
4640	4559	4547	4559	
4589	4514	4507	4514	
4541	4469	4474	4469	
4521	4452	4449	4452	
4505	4438	4435	4438	
4504	4437	4437	4437	
4519	4459	4453	4459	
4548	4480	4479	4480	
4594	4518	4521	4518	
4640	4578	4572	4578	
4709	4644	4624	4644	
4789	4721	4708	4721	
4876	4809	4781	4809	
4990	4914	4867	4914	
5103	5028	4971	5028	
5242	5158	5090	5158	
5359	5293	5215	5293	
5528	5444	5337	5444	
5668	5598	5473	5598	
5833	5749	5611	5749	
6009	5918	5763	5918	
6177	6081	5912	6081	
6342	6253	6054	6253	
6532	6434	6212	6434	
6744	6620	6372	6620	
6970	6844	6584	6844	
7217	7075	6786	7075	
7495	7348	7048	7348	
7820	7649	7357	7649	
8183	8001	7675	8001	
8552	8424	8046	8424	
8498	8317	7918	8317	
8101	7825	7436	7825	
7713	7501	7156	7501	
7404	7212	6870	7212	
7146	6957	6659	6957	
6896	6715	6445	6715	
6678	6518	6271	6518	
6483	6327	6087	6327	
6303	6129	5918	6129	
6107	5959	5796	5959	
5934	5799	5639	5799	
5757	5625	5499	5625	
5597	5474	5372	5474	
5440	5308	5229	5308	
5286	5169	5104	5169	
5144	5039	4995	5039	
5015	4917	4874	4917	
4893	4801	4764	4801	
4770	4693	4673	4693	
4686	4611	4597	4611	
4612	4541	4536	4541	
4552	4483	4480	4483	
4495	4431	4430	4431	
4460	4402	4405	4402	
4444	4377	4378	4377	
4434	4368	4376	4368	
4428	4368	4369	4368	
4451	4383	4382	4383	
4462	4409	4409	4409	
4515	4453	4445	4453	
4561	4497	4492	4497	
4616	4569	4551	4569	
4710	4643	4625	4643	
4797	4730	4709	4730	
4899	4834	4798	4834	
5032	4954	4893	4954	
5153	5084	5024	5084	
5289	5220	5147	5220	
5444	5365	5277	5365	
5601	5526	5408	5526	
5769	5693	5557	5693	
5941	5852	5702	5852	
6130	6032	5855	6032	
6297	6200	6000	6200	
6474	6376	6151	6376	
6671	6566	6322	6566	
6912	6781	6528	6781	
7117	7018	6728	7018	
7415	7265	6977	7265	
7737	7575	7261	7575	
8084	7925	7578	7925	
8486	8332	7953	8332	
8414	8266	7845	8266	
7984	7768	7374	7768	
7640	7428	7075	7428	
7337	7143	6823	7143	
7070	6897	6579	6897	
6826	6659	6382	6659	
6613	6456	6206	6456	
6439	6270	6053	6270	
6220	6082	5895	6082	
6055	5911	5729	5911	
5867	5732	5587	5732	
5686	5567	5446	5567	
5531	5405	5315	5405	
5356	5253	5175	5253	
5196	5105	5040	5105	
5058	4964	4923	4964	
4927	4842	4810	4842	
4812	4726	4704	4726	
4706	4631	4602	4631	
4604	4544	4530	4544	
4540	4470	4467	4470	
4483	4413	4409	4413	
4428	4370	4376	4370	
4380	4334	4332	4334	
4360	4308	4305	4308	
4351	4308	4305	4308	
4358	4308	4309	4308	
4361	4318	4318	4318	
4392	4344	4342	4344	
4430	4385	4382	4385	
4486	4438	4433	4438	
4543	4498	4489	4498	
4620	4572	4557	4572	
4719	4669	4638	4669	
4824	4774	4737	4774	
4948	4879	4836	4879	
5082	5008	4945	5008	
5209	5156	5081	5156	
5367	5305	5205	5305	
5535	5455	5361	5455	
5714	5636	5508	5636	
5887	5802	5642	5802	
6061	5968	5803	5968	
6238	6144	5940	6144	
6429	6323	6109	6323	
6620	6514	6270	6514	
6847	6725	6466	6725	
7062	6948	6655	6948	
7342	7224	6913	7224	
7648	7508	7190	7508	
8018	7855	7507	7855	
8412	8242	7906	8242	
8359	8192	7786	8192	
7934	7700	7319	7700	
7566	7362	7020	7362	
7277	7096	6774	7096	
7018	6847	6539	6847	
6781	6616	6333	6616	
6567	6409	6172	6409	
6386	6222	6009	6222	
6185	6038	5850	6038	
5998	5855	5690	5855	
5812	5677	5545	5677	
5638	5512	5402	5512	
5461	5348	5260	5348	
5303	5192	5119	5192	
5139	5046	4995	5046	
4996	4905	4855	4905	
4866	4777	4733	4777	
4740	4664	4637	4664	
4627	4558	4545	4558	
4541	4480	4468	4480	
4464	4404	4397	4404	
4410	4357	4349	4357	
4361	4313	4319	4313	
4317	4282	4282	4282	
4301	4257	4265	4257	
4291	4249	4257	4249	
4297	4255	4253	4255	
4311	4268	4268	4268	
4333	4300	4294	4300	
4373	4327	4327	4327	
4423	4381	4375	4381	
4475	4436	4427	4436	
4560	4510	4500	4510	
4646	4607	4581	4607	
4759	4704	4663	4704	
4876	4823	4789	4823	
5013	4953	4901	4953	
5163	5098	5030	5098	
5307	5246	5168	5246	
5477	5409	5294	5409	
5644	5577	5450	5577	
5822	5748	5610	5748	
6015	5920	5753	5920	
6192	6093	5891	6093	
6367	6290	6060	6290	
6597	6475	6236	6475	
6793	6682	6422	6682	
7003	6901	6619	6901	
7294	7164	6865	7164	
7581	7449	7130	7449	
7935	7789	7432	7789	
8361	8185	7817	8185	
8295	8127	7728	8127	
7879	7645	7263	7645	
7517	7316	6984	7316	
7219	7046	6733	7046	
6974	6793	6491	6793	
6749	6571	6297	6571	
6532	6368	6138	6368	
6322	6185	5962	6185	
6127	5996	5804	5996	
5949	5813	5649	5813	
5769	5639	5501	5639	
5585	5463	5363	5463	
5422	5299	5213	5299	
5244	5138	5066	5138	
5083	4991	4940	4991	
4927	4847	4800	4847	
4798	4717	4689	4717	
4681	4611	4589	4611	
4574	4511	4487	4511	
4480	4425	4418	4425	
4409	4351	4359	4351	
4351	4304	4307	4304	
4311	4268	4268	4268	
4271	4238	4238	4238	
4256	4220	4229	4220	
4244	4209	4209	4209	
4242	4205	4217	4205	
4253	4228	4224	4228	
4279	4247	4250	4247	
4313	4283	4288	4283	
4361	4333	4322	4333	
4416	4385	4372	4385	
4488	4455	4445	4455	
4580	4545	4521	4545	
4692	4649	4628	4649	
4811	4767	4734	4767	
4961	4902	4857	4902	
5096	5039	4977	5039	
5261	5199	5118	5199	
5426	5350	5255	5350	
5604	5523	5413	5523	
5772	5703	5565	5703	
5970	5884	5720	5884	
6134	6052	5865	6052	
6327	6253	6024	6253	
6527	6426	6202	6426	
6747	6638	6383	6638	
6965	6855	6575	6855	
7236	7105	6794	7105	
7550	7413	7073	7413	
7876	7738	7392	7738	
8295	8137	7781	8137	
8270	8072	7668	8072	
7820	7597	7216	7597	
7461	7273	6930	7273	
7181	7005	6669	7005	
6913	6753	6454	6753	
6682	6533	6265	6533	
6489	6330	6085	6330	
6287	6145	5927	6145	
6089	5961	5760	5961	
5900	5773	5611	5773	
5721	5592	5451	5592	
5529	5414	5312	5414	
5367	5252	5167	5252	
5191	5086	5020	5086	
5028	4944	4884	4944	
4870	4796	4753	4796	
4743	4672	4640	4672	
4613	4554	4534	4554	
4524	4461	4455	4461	
4426	4380	4377	4380	
4353	4312	4318	4312	
4297	4262	4260	4262	
4253	4226	4225	4226	
4218	4192	4201	4192	
4206	4178	4183	4178	
4207	4174	4177	4174	
4202	4175	4187	4175	
4206	4181	4192	4181	
4230	4202	4208	4202	
4264	4238	4237	4238	
4313	4283	4285	4283	
4367	4339	4326	4339	
4441	4408	4388	4408	
4535	4491	4472	4491	
4641	4601	4561	4601	
4760	4723	4686	4723	
4899	4848	4804	4848	
5050	4995	4933	4995	
5208	5153	5072	5153	
5369	5311	5210	5311	
5542	5482	5383	5482	
5739	5662	5522	5662	
5905	5837	5677	5837	
6105	6023	5846	6023	
6285	6203	5993	6203	
6472	6390	6165	6390	
6715	6599	6350	6599	
6912	6807	6523	6807	
7186	7066	6757	7066	
7480	7353	7033	7353	
7799	7678	7337	7678	
8233	8101	7710	8101	
8181	8034	7649	8034	
7758	7550	7168	7550	
7411	7228	6888	7228	
7150	6965	6640	6965	
6868	6723	6422	6723	
6649	6505	6226	6505	
6435	6303	6065	6303	
6247	6112	5893	6112	
6051	5918	5739	5918	
5860	5737	5585	5737	
5662	5556	5420	5556	
5489	5374	5252	5374	
5307	5213	5120	5213	
5134	5045	4976	5045	
4974	4898	4844	4898	
4822	4756	4720	4756	
4691	4628	4593	4628	
4562	4517	4504	4517	
4467	4420	4406	4420	
4384	4340	4341	4340	
4312	4279	4274	4279	
4255	4229	4234	4229	
4221	4190	4197	4190	
4185	4164	4172	4164	
4176	4153	4159	4153	
4164	4142	4157	4142	
4173	4146	4153	4146	
4173	4155	4164	4155	
4196	4176	4183	4176	
4227	4207	4205	4207	
4267	4252	4248	4252	
4318	4302	4288	4302	
4398	4369	4361	4369	
4484	4457	4436	4457	
4592	4563	4533	4563	
4704	4679	4641	4679	
4845	4810	4755	4810	
5003	4962	4886	4962	
5157	5113	5036	5113	
5329	5272	5173	5272	
5514	5458	5338	5458	
5686	5628	5495	5628	
5875	5816	5642	5816	
6070	5994	5800	5994	
6256	6180	5954	6180	
6455	6366	6124	6366	
6662	6569	6309	6569	
6876	6785	6504	6785	
7137	7027	6725	7027	
7443	7313	6976	7313	
7767	7633	7289	7633	
8156	8041	7669	8041	
8180	7992	7607	7992	
7745	7518	7124	7518	
7389	7211	6863	7211	
7108	6935	6608	6935	
6840	6692	6383	6692	
6625	6472	6196	6472	
6416	6276	6036	6276	
6215	6089	5868	6089	
6021	5891	5705	5891	
5831	5714	5558	5714	
5641	5526	5407	5526	
5440	5341	5234	5341	
5266	5179	5086	5179	
5101	5011	4938	5011	
4944	4859	4809	4859	
4788	4719	4682	4719	
4650	4592	4567	4592	
4533	4481	4463	4481	
4440	4393	4378	4393	
4350	4319	4310	4319	
4291	4252	4252	4252	
4232	4200	4199	4200	
4192	4166	4171	4166	
4165	4144	4159	4144	
4150	4129	4146	4129	
4146	4127	4136	4127	
4145	4125	4138	4125	
4153	4138	4148	4138	
4178	4153	4156	4153	
4199	4179	4185	4179	
4238	4224	4217	4224	
4298	4278	4260	4278	
4360	4343	4324	4343	
4453	4428	4405	4428	
4551	4528	4489	4528	
4678	4643	4603	4643	
4816	4778	4734	4778	
4968	4919	4866	4919	
5127	5082	4997	5082	
5300	5247	5155	5247	
5469	5421	5305	5421	
5652	5605	5464	5605	
5847	5787	5624	5787	
6043	5970	5783	5970	
6230	6154	5937	6154	
6430	6339	6101	6339	
6638	6547	6276	6547	
6842	6760	6476	6760	
7110	7009	6697	7009	
7409	7289	6967	7289	
7745	7603	7277	7603	
8096	8025	7609	8025	
8125	7962	7558	7962	
7708	7490	7126	7490	
7345	7178	6825	7178	
7076	6918	6596	6918	
6825	6680	6373	6680	
6601	6464	6194	6464	
6403	6257	6016	6257	
6196	6065	5848	6065	
6005	5879	5691	5879	
5812	5699	5539	5699	
5609	5499	5375	5499	
5432	5324	5214	5324	
5237	5156	5067	5156	
5072	4990	4918	4990	
4913	4834	4785	4834	
4762	4694	4655	4694	
4625	4568	4539	4568	
4511	4455	4437	4455	
4402	4366	4363	4366	
4327	4290	4286	4290	
4259	4228	4229	4228	
4212	4185	4192	4185	
4175	4150	4160	4150	
4150	4129	4131	4129	
4128	4112	4124	4112	
4130	4108	4123	4108	
4124	4109	4120	4109	
4134	4121	4129	4121	
4155	4147	4146	4147	
4182	4168	4165	4168	
4219	4204	4201	4204	
4269	4256	4253	4256	
4332	4314	4301	4314	
4427	4396	4369	4396	
4515	4492	4464	4492	
4638	4610	4573	4610	
4776	4745	4686	4745	
4920	4897	4835	4897	
5101	5053	4979	5053	
5274	5222	5127	5222	
5456	5399	5299	5399	
5643	5582	5461	5582	
5824	5754	5609	5754	
5996	5945	5757	5945	
6204	6142	5919	6142	
6389	6322	6102	6322	
6607	6537	6278	6537	
6820	6741	6463	6741	
7075	7000	6676	7000	
7373	7258	6934	7258	
7712	7587	7250	7587	
8075	7980	7606	7980	
8065	7943	7524	7943	
7659	7457	7085	7457	
7293	7153	6806	7153	
7039	6886	6550	6886	
6802	6650	6359	6650	
6561	6436	6161	6436	
6371	6241	6006	6241	
6171	6055	5813	6055	
5967	5860	5660	5860	
5788	5669	5519	5669	
5574	5484	5344	5484	
5396	5293	5187	5293	
5214	5131	5050	5131	
5049	4964	4899	4964	
4884	4815	4763	4815	
4730	4671	4631	4671	
4595	4540	4512	4540	
4477	4429	4401	4429	
4373	4343	4329	4343	
4299	4273	4263	4273	
4232	4208	4208	4208	
4186	4169	4172	4169	
4150	4139	4138	4139	
4124	4113	4115	4113	
4116	4100	4102	4100	
4108	4101	4104	4101	
4106	4099	4104	4099	
4116	4107	4103	4107	
4132	4125	4125	4125	
4158	4152	4149	4152	
4195	4183	4181	4183	
4242	4240	4219	4240	
4303	4295	4279	4295	
4398	4384	4354	4384	
4494	4477	4445	4477	
4614	4592	4551	4592	
4749	4722	4676	4722	
4900	4870	4811	4870	
5068	5031	4953	5031	
5239	5208	5103	5208	
5453	5402	5291	5402	
5622	5588	5440	5588	
5805	5743	5577	5743	
5982	5927	5737	5927	
6162	6119	5897	6119	
6368	6305	6068	6305	
6592	6514	6244	6514	
6785	6723	6435	6723	
7054	6970	6662	6970	
7344	7252	6911	7252	
7665	7558	7204	7558	
8078	7963	7580	7963	
8035	7924	7505	7924	
7654	7455	7076	7455	
7322	7144	6791	7144	
7037	6887	6553	6887	
6799	6660	6346	6660	
6558	6437	6179	6437	
6353	6233	6000	6233	
6176	6046	5819	6046	
5964	5853	5655	5853	
5770	5661	5498	5661	
5574	5482	5344	5482	
5395	5290	5182	5290	
5212	5127	5041	5127	
5031	4960	4886	4960	
4875	4805	4758	4805	
4720	4669	4627	4669	
4582	4538	4510	4538	
4470	4429	4394	4429	
4361	4337	4312	4337	
4291	4266	4250	4266	
4226	4210	4204	4210	
4180	4158	4162	4158	
4147	4129	4133	4129	
4119	4112	4114	4112	
4113	4106	4106	4106	
4096	4097	4096	4097	
4101	4096	4098	4096	
4117	4114	4111	4114	
4126	4129	4126	4129	
4154	4146	4152	4146	
4186	4179	4170	4179	
4235	4234	4210	4234	
4308	4289	4278	4289	
4385	4374	4345	4374	
4488	4472	4432	4472	
4617	4583	4542	4583	
4738	4720	4666	4720	
4892	4863	4790	4863	
5059	5025	4943	5025	
5243	5219	5116	5219	
5438	5407	5269	5407	
5619	5576	5435	5576	
5796	5752	5578	5752	
5974	5921	5722	5921	
6180	6119	5907	6119	
6380	6300	6056	6300	
6580	6509	6238	6509	
6808	6727	6431	6727	
7064	6965	6642	6965	
7318	7248	6919	7248	
7674	7559	7202	7559	
8048	7970	7606	7970	
8067	7949	7514	7949	
7641	7459	7081	7459	
7315	7143	6779	7143	
7016	6890	6555	6890	
6779	6653	6339	6653	
6573	6443	6162	6443	
6356	6239	5988	6239	
6152	6048	5819	6048	
5961	5856	5664	5856	
5778	5660	5508	5660	
5570	5471	5335	5471	
5382	5285	5173	5285	
5194	5124	5035	5124	
5017	4955	4885	4955	
4869	4805	4749	4805	
4718	4659	4606	4659	
4585	4536	4491	4536	
4458	4420	4391	4420	
4374	4338	4316	4338	
4288	4264	4249	4264	
4218	4207	4194	4207	
4176	4154	4149	4154	
4153	4132	4129	4132	
4116	4107	4118	4107	
4107	4106	4105	4106	
4108	4098	4096	4098	
4101	4096	4100	4096	
4106	4107	4113	4107	
4128	4123	4118	4123	
4146	4142	4135	4142	
4181	4176	4163	4176	
4229	4229	4222	4229	
4298	4292	4265	4292	
4384	4375	4345	4375	
4478	4466	4431	4466	
4601	4584	4536	4584	
4740	4719	4659	4719	
4888	4869	4797	4869	
5052	5028	4944	5028	
5237	5214	5107	5214	
5431	5401	5270	5401	
5602	5572	5420	5572	
5800	5749	5577	5749	
5968	5922	5731	5922	
6167	6120	5892	6120	
6362	6310	6049	6310	
6583	6520	6243	6520	
6792	6723	6424	6723	
7047	6972	6643	6972	
7344	7238	6906	7238	
7666	7549	7202	7549	
8021	7978	7571	7978	
8100	7939	7527	7939	
7665	7461	7062	7461	
7301	7158	6783	7158	
7029	6881	6556	6881	
6795	6665	6355	6665	
6573	6449	6153	6449	
6367	6256	5982	6256	
6166	6059	5831	6059	
5970	5858	5661	5858	
5762	5676	5494	5676	
5569	5480	5341	5480	
5385	5299	5190	5299	
5201	5133	5029	5133	
5016	4956	4883	4956	
4863	4802	4743	4802	
4716	4663	4614	4663	
4571	4535	4504	4535	
4457	4428	4398	4428	
4362	4334	4312	4334	
4288	4269	4258	4269	
4221	4212	4201	4212	
4173	4162	4162	4162	
4144	4135	4130	4135	
4123	4113	4111	4113	
4108	4104	4108	4104	
4102	4100	4101	4100	
4104	4096	4102	4096	
4100	4105	4102	4105	
4125	4127	4118	4127	
4146	4147	4140	4147	
4178	4186	4170	4186	
4221	4227	4213	4227	
4295	4294	4265	4294	
4373	4369	4335	4369	
4477	4469	4428	4469	
4590	4587	4540	4587	
4743	4729	4667	4729	
4895	4873	4801	4873	
5051	5036	4943	5036	
5226	5200	5099	5200	
5423	5398	5267	5398	
5617	5575	5432	5575	
5781	5744	5571	5744	
5977	5933	5728	5933	
6172	6113	5896	6113	
6377	6313	6081	6313	
6584	6523	6238	6523	
6793	6730	6431	6730	
7050	6983	6656	6983	
7325	7252	6930	7252	
7634	7569	7213	7569	
8053	7975	7574	7975	
8065	7939	7535	7939	
7670	7471	7069	7471	
7307	7158	6786	7158	
7035	6908	6557	6908	
6783	6671	6351	6671	
6565	6451	6158	6451	
6364	6258	5990	6258	
6159	6059	5834	6059	
5973	5869	5667	5869	
5773	5677	5504	5677	
5566	5484	5339	5484	
5378	5301	5176	5301	
5199	5142	5032	5142	
5031	4958	4884	4958	
4861	4814	4747	4814	
4713	4676	4618	4676	
4580	4549	4506	4549	
4452	4438	4402	4438	
4369	4344	4320	4344	
4292	4272	4254	4272	
4222	4215	4206	4215	
4187	4171	4162	4171	
4142	4137	4129	4137	
4120	4113	4111	4113	
4103	4109	4103	4109	
4101	4106	4098	4106	
4103	4109	4105	4109	
4103	4111	4105	4111	
4121	4126	4124	4126	
4147	4151	4145	4151	
4175	4191	4175	4191	
4221	4231	4213	4231	
4297	4295	4265	4295	
4374	4376	4344	4376	
4483	4478	4437	4478	
4604	4597	4544	4597	
4735	4731	4666	4731	
4883	4877	4805	4877	
5052	5035	4950	5035	
5227	5204	5089	5204	
5413	5389	5254	5389	
5588	5562	5397	5562	
5774	5742	5568	5742	
5953	5937	5735	5937	
6166	6127	5879	6127	
6366	6316	6068	6316	
6595	6529	6255	6529	
6795	6736	6437	6736	
7044	6973	6643	6973	
7338	7262	6923	7262	
7650	7571	7187	7571	
8051	7979	7599	7979	
8069	7982	7561	7982	
7660	7490	7092	7490	
7315	7177	6827	7177	
7056	6917	6574	6917	
6799	6681	6348	6681	
6584	6464	6186	6464	
6359	6263	6004	6263	
6181	6077	5835	6077	
5972	5882	5678	5882	
5784	5684	5514	5684	
5582	5506	5363	5506	
5397	5318	5188	5318	
5213	5148	5042	5148	
5033	4978	4897	4978	
4880	4829	4759	4829	
4726	4691	4633	4691	
4594	4563	4519	4563	
4469	4450	4416	4450	
4378	4357	4333	4357	
4300	4286	4268	4286	
4239	4224	4212	4224	
4185	4173	4160	4173	
4148	4148	4142	4148	
4125	4123	4118	4123	
4111	4116	4113	4116	
4109	4115	4109	4115	
4106	4110	4104	4110	
4120	4117	4118	4117	
4127	4131	4121	4131	
4151	4163	4148	4163	
4194	4199	4175	4199	
4240	4245	4221	4245	
4298	4310	4276	4310	
4390	4399	4361	4399	
4489	4494	4443	4494	
4606	4611	4558	4611	
4754	4746	4681	4746	
4900	4901	4814	4901	
5069	5058	4967	5058	
5236	5220	5101	5220	
5420	5393	5272	5393	
5598	5579	5420	5579	
5804	5763	5570	5763	
5986	5958	5749	5958	
6175	6146	5907	6146	
6370	6337	6080	6337	
6587	6550	6273	6550	
6798	6758	6462	6758	
7059	7003	6665	7003	
7327	7272	6930	7272	
7672	7591	7217	7591	
8069	8028	7627	8028	
8116	7990	7580	7990	
7688	7513	7118	7513	
7351	7209	6837	7209	
7060	6939	6594	6939	
6836	6698	6386	6698	
6607	6486	6191	6486	
6390	6289	6019	6289	
6194	6094	5851	6094	
6005	5903	5691	5903	
5803	5722	5541	5722	
5596	5519	5371	5519	
5409	5341	5223	5341	
5229	5169	5068	5169	
5058	5004	4904	5004	
4905	4857	4779	4857	
4757	4712	4655	4712	
4612	4586	4538	4586	
4493	4475	4437	4475	
4400	4382	4346	4382	
4321	4309	4287	4309	
4257	4239	4228	4239	
4190	4194	4181	4194	
4163	4167	4146	4167	
4139	4142	4137	4142	
4127	4127	4119	4127	
4115	4122	4110	4122	
4112	4122	4107	4122	
4116	4132	4123	4132	
4139	4154	4140	4154	
4167	4178	4162	4178	
4208	4216	4190	4216	
4249	4266	4235	4266	
4322	4333	4300	4333	
4410	4422	4374	4422	
4514	4518	4460	4518	
4638	4640	4570	4640	
4779	4776	4704	4776	
4928	4927	4829	4927	
5089	5080	4977	5080	
5262	5246	5123	5246	
5433	5420	5275	5420	
5614	5591	5443	5591	
5796	5782	5591	5782	
6001	5976	5756	5976	
6192	6167	5931	6167	
6406	6367	6095	6367	
6618	6567	6280	6567	
6835	6781	6469	6781	
7080	7020	6686	7020	
7365	7294	6935	7294	
7687	7609	7235	7609	
8094	8038	7644	8038	
8130	8031	7576	8031	
7720	7550	7141	7550	
7353	7242	6862	7242	
7109	6969	6598	6969	
6838	6736	6402	6736	
6616	6508	6206	6508	
6405	6318	6038	6318	
6208	6126	5869	6126	
6004	5927	5702	5927	
5818	5743	5557	5743	
5623	5555	5400	5555	
5435	5373	5229	5373	
5259	5211	5083	5211	
5081	5038	4948	5038	
4929	4891	4809	4891	
4776	4746	4677	4746	
4635	4618	4561	4618	
4526	4505	4461	4505	
4418	4411	4375	4411	
4335	4332	4295	4332	
4265	4267	4234	4267	
4213	4218	4199	4218	
4180	4184	4161	4184	
4151	4163	4145	4163	
4141	4149	4137	4149	
4133	4138	4124	4138	
4131	4142	4133	4142	
4140	4157	4137	4157	
4163	4178	4154	4178	
4188	4204	4179	4204	
4218	4239	4208	4239	
4274	4289	4256	4289	
4352	4360	4322	4360	
4446	4456	4404	4456	
4546	4554	4501	4554	
4671	4673	4609	4673	
4806	4802	4715	4802	
4962	4952	4870	4952	
5122	5110	4993	5110	
5277	5273	5145	5273	
5456	5454	5304	5454	
5644	5631	5449	5631	
5829	5814	5613	5814	
6043	6003	5784	6003	
6213	6189	5941	6189	
6414	6386	6120	6386	
6640	6597	6295	6597	
6850	6811	6491	6811	
7104	7051	6706	7051	
7391	7331	6982	7331	
7725	7651	7281	7651	
8126	8067	7641	8067	
8193	8066	7627	8066	
7751	7586	7190	7586	
7380	7272	6900	7272	
7096	7007	6635	7007	
6852	6765	6416	6765	
6641	6547	6241	6547	
6427	6341	6064	6341	
6235	6164	5905	6164	
6034	5969	5727	5969	
5836	5777	5572	5777	
5646	5587	5423	5587	
5466	5408	5273	5408	
5292	5237	5115	5237	
5123	5077	4964	5077	
4952	4931	4838	4931	
4812	4789	4711	4789	
4674	4655	4590	4655	
4553	4545	4486	4545	
4453	4449	4404	4449	
4362	4364	4319	4364	
4299	4303	4267	4303	
4236	4245	4221	4245	
4203	4213	4195	4213	
4176	4190	4162	4190	
4151	4169	4152	4169	
4157	4165	4146	4165	
4151	4168	4142	4168	
4156	4181	4149	4181	
4187	4201	4178	4201	
4211	4230	4195	4230	
4250	4270	4230	4270	
4312	4326	4290	4326	
4388	4403	4357	4403	
4462	4486	4433	4486	
4570	4589	4529	4589	
4686	4703	4639	4703	
4831	4835	4750	4835	
4983	4991	4892	4991	
5143	5153	5032	5153	
5302	5305	5174	5305	
5483	5493	5338	5493	
5673	5673	5482	5673	
5849	5846	5642	5846	
6055	6032	5802	6032	
6225	6224	5967	6224	
6440	6417	6144	6417	
6656	6625	6327	6625	
6880	6842	6517	6842	
7141	7090	6730	7090	
7431	7369	7000	7369	
7762	7678	7297	7678	
8158	8080	7711	8080	
8175	8131	7678	8131	
7787	7629	7213	7629	
7427	7300	6913	7300	
7154	7048	6673	7048	
6889	6798	6456	6798	
6664	6579	6256	6579	
6446	6382	6078	6382	
6253	6189	5934	6189	
6060	5995	5768	5995	
5867	5823	5601	5823	
5669	5620	5436	5620	
5492	5453	5292	5453	
5324	5284	5153	5284	
5154	5127	5004	5127	
5002	4977	4870	4977	
4842	4827	4742	4827	
4713	4705	4629	4705	
4592	4583	4527	4583	
4493	4491	4441	4491	
4393	4400	4352	4400	
4329	4335	4294	4335	
4274	4279	4252	4279	
4233	4242	4217	4242	
4200	4218	4193	4218	
4172	4196	4173	4196	
4177	4197	4175	4197	
4170	4195	4166	4195	
4185	4205	4174	4205	
4208	4226	4200	4226	
4240	4262	4220	4262	
4285	4304	4265	4304	
4345	4366	4320	4366	
4414	4441	4388	4441	
4515	4531	4476	4531	
4606	4636	4557	4636	
4740	4748	4673	4748	
4875	4888	4794	4888	
5024	5032	4925	5032	
5188	5195	5062	5195	
5348	5350	5204	5350	
5525	5525	5367	5525	
5693	5700	5512	5700	
5886	5878	5661	5878	
6074	6074	5831	6074	
6259	6269	5991	6269	
6471	6444	6155	6444	
6682	6656	6337	6656	
6906	6874	6530	6874	
7161	7124	6791	7124	
7475	7408	7044	7408	
7793	7731	7342	7731	
8205	8155	7732	8155	
8287	8179	7718	8179	
7835	7685	7266	7685	
7477	7366	6962	7366	
7163	7092	6699	7092	
6934	6845	6492	6845	
6701	6627	6296	6627	
6500	6426	6130	6426	
6285	6231	5962	6231	
6090	6032	5801	6032	
5915	5859	5641	5859	
5733	5681	5474	5681	
5540	5506	5337	5506	
5374	5337	5201	5337	
5195	5179	5054	5179	
5058	5028	4927	5028	
4896	4885	4800	4885	
4760	4755	4679	4755	
4644	4641	4568	4641	
4540	4539	4482	4539	
4443	4456	4411	4456	
4374	4385	4340	4385	
4321	4325	4283	4325	
4275	4288	4245	4288	
4240	4256	4229	4256	
4223	4247	4205	4247	
4219	4234	4200	4234	
4213	4235	4201	4235	
4222	4243	4215	4243	
4245	4266	4231	4266	
4286	4305	4265	4305	
4324	4357	4307	4357	
4389	4412	4352	4412	
4469	4494	4430	4494	
4564	4589	4523	4589	
4666	4684	4610	4684	
4793	4799	4712	4799	
4928	4937	4842	4937	
5059	5088	4971	5088	
5223	5241	5113	5241	
5385	5404	5240	5404	
5560	5569	5390	5569	
5755	5747	5549	5747	
5926	5932	5704	5932	
6115	6110	5871	6110	
6306	6296	6029	6296	
6497	6491	6199	6491	
6708	6707	6394	6707	
6940	6922	6582	6922	
7198	7163	6804	7163	
7514	7463	7103	7463	
7845	7778	7411	7778	
8200	8218	7764	8218	
8340	8225	7786	8225	
7887	7751	7299	7751	
7515	7412	7005	7412	
7234	7141	6779	7141	
6960	6893	6531	6893	
6740	6668	6332	6668	
6550	6475	6166	6475	
6336	6280	5997	6280	
6132	6085	5813	6085	
5946	5902	5686	5902	
5756	5731	5534	5731	
5594	5556	5381	5556	
5409	5398	5248	5398	
5262	5238	5107	5238	
5100	5084	4971	5084	
4954	4942	4854	4942	
4816	4817	4732	4817	
4694	4703	4623	4703	
4598	4597	4531	4597	
4497	4506	4444	4506	
4424	4432	4380	4432	
4358	4373	4334	4373	
4314	4333	4297	4333	
4280	4306	4270	4306	
4261	4284	4242	4284	
4245	4274	4237	4274	
4245	4284	4239	4284	
4259	4292	4248	4292	
4291	4318	4267	4318	
4322	4358	4310	4358	
4374	4401	4345	4401	
4441	4469	4407	4469	
4517	4551	4480	4551	
4609	4639	4566	4639	
4715	4749	4667	4749	
4835	4859	4770	4859	
4964	4992	4882	4992	
5127	5149	5027	5149	
5272	5302	5163	5302	
5437	5459	5297	5459	
5615	5632	5428	5632	
5785	5802	5586	5802	
5981	5971	5748	5971	
6160	6167	5918	6167	
6339	6346	6060	6346	
6539	6534	6240	6534	
6760	6744	6431	6744	
6997	6967	6620	6967	
7262	7236	6877	7236	
7570	7519	7140	7519	
7887	7841	7442	7841	
8341	8272	7846	8272	
8384	8322	7857	8322	
7965	7807	7378	7807	
7578	7484	7065	7484	
7277	7200	6817	7200	
7027	6958	6586	6958	
6783	6724	6386	6724	
6594	6526	6210	6526	
6374	6333	6038	6333	
6174	6132	5868	6132	
5995	5968	5736	5968	
5809	5785	5574	5785	
5647	5620	5431	5620	
5483	5467	5283	5467	
5310	5303	5167	5303	
5160	5153	5026	5153	
5022	5014	4906	5014	
4886	4885	4799	4885	
4762	4763	4679	4763	
4651	4662	4583	4662	
4558	4573	4508	4573	
4479	4497	4436	4497	
4416	4432	4372	4432	
4371	4392	4338	4392	
4329	4367	4311	4367	
4318	4341	4300	4341	
4294	4332	4285	4332	
4300	4333	4281	4333	
4310	4350	4297	4350	
4343	4374	4322	4374	
4375	4416	4360	4416	
4431	4466	4407	4466	
4503	4532	4461	4532	
4579	4616	4536	4616	
4686	4708	4624	4708	
4772	4814	4710	4814	
4900	4936	4831	4936	
5035	5070	4947	5070	
5185	5217	5071	5217	
5336	5362	5212	5362	
5502	5527	5359	5527	
5660	5694	5488	5694	
5848	5862	5648	5862	
6025	6040	5800	6040	
6203	6215	5958	6215	
6384	6398	6110	6398	
6581	6595	6291	6595	
6815	6803	6495	6803	
7047	7019	6662	7019	
7294	7288	6926	7288	
7628	7589	7208	7589	
7954	7909	7523	7909	
8350	8350	7876	8350	
8482	8389	7946	8389	
8026	7894	7433	7894	
7660	7550	7132	7550	
7355	7275	6880	7275	
7093	7011	6645	7011	
6852	6789	6431	6789	
6631	6571	6255	6571	
6428	6386	6093	6386	
6242	6202	5917	6202	
6051	6021	5768	6021	
5870	5851	5610	5851	
5707	5686	5498	5686	
5534	5533	5360	5533	
5372	5368	5198	5368	
5224	5225	5090	5225	
5079	5086	4957	5086	
4959	4958	4845	4958	
4828	4846	4746	4846	
4717	4730	4638	4730	
4627	4646	4572	4646	
4542	4569	4500	4569	
4479	4498	4441	4498	
4437	4465	4411	4465	
4392	4425	4371	4425	
4367	4404	4348	4404	
4360	4398	4342	4398	
4363	4399	4349	4399	
4381	4414	4354	4414	
4408	4447	4378	4447	
4453	4482	4415	4482	
4495	4540	4459	4540	
4570	4606	4529	4606	
4650	4689	4597	4689	
4755	4785	4695	4785	
4856	4896	4785	4896	
4971	5010	4886	5010	
5104	5143	5023	5143	
5244	5277	5130	5277	
5391	5430	5255	5430	
5554	5591	5406	5591	
5725	5749	5552	5749	
5892	5924	5684	5924	
6067	6092	5832	6092	
6260	6270	6000	6270	
6432	6458	6155	6458	
6645	6655	6326	6655	
6853	6865	6516	6865	
7087	7089	6736	7089	
7362	7351	6972	7351	
7692	7663	7271	7663	
8031	8003	7592	8003	
8401	8424	7948	8424	
8559	8489	7977	8489	
8103	7977	7534	7977	
7741	7638	7194	7638	
7416	7354	6942	7354	
7149	7075	6693	7075	
6917	6851	6483	6851	
6671	6642	6306	6642	
6484	6456	6143	6456	
6301	6263	5980	6263	
6111	6098	5827	6098	
5934	5917	5693	5917	
5769	5762	5551	5762	
5608	5603	5417	5603	
5462	5454	5292	5454	
5300	5307	5160	5307	
5165	5168	5039	5168	
5018	5039	4922	5039	
4905	4926	4814	4926	
4802	4824	4728	4824	
4702	4730	4645	4730	
4626	4658	4567	4658	
4562	4582	4506	4582	
4518	4541	4464	4541	
4468	4510	4444	4510	
4456	4485	4418	4485	
4443	4479	4414	4479	
4444	4473	4411	4473	
4453	4496	4429	4496	
4487	4520	4456	4520	
4522	4551	4483	4551	
4573	4618	4540	4618	
4646	4684	4600	4684	
4733	4773	4674	4773	
4816	4866	4760	4866	
4929	4969	4856	4969	
5053	5083	4960	5083	
5180	5215	5082	5215	
5313	5356	5205	5356	
5467	5502	5331	5502	
5615	5661	5460	5661	
5782	5821	5603	5821	
5946	5987	5738	5987	
6134	6157	5903	6157	
6318	6333	6054	6333	
6499	6526	6212	6526	
6692	6705	6390	6705	
6909	6920	6582	6920	
7185	7159	6797	7159	
7439	7441	7054	7441	
7768	7751	7346	7751	
8106	8096	7681	8096	
8489	8516	8010	8516	
8641	8581	8070	8581	
8211	8077	7630	8077	
7807	7718	7315	7718	
7487	7435	7023	7435	
7220	7165	6775	7165	
6951	6928	6548	6928	
6745	6710	6348	6710	
6550	6527	6199	6527	
6342	6331	6026	6331	
6162	6165	5884	6165	
6001	6001	5746	6001	
5820	5831	5618	5831	
5676	5684	5478	5684	
5522	5535	5346	5535	
5375	5382	5228	5382	
5247	5253	5119	5253	
5102	5121	4989	5121	
4994	5008	4896	5008	
4883	4908	4798	4908	
4779	4813	4721	4813	
4716	4744	4655	4744	
4648	4674	4601	4674	
4598	4627	4545	4627	
4557	4594	4518	4594	
4525	4560	4499	4560	
4524	4559	4485	4559	
4518	4566	4495	4566	
4533	4579	4505	4579	
4561	4604	4532	4604	
4605	4650	4569	4650	
4666	4703	4618	4703	
4734	4772	4672	4772	
4806	4854	4763	4854	
4912	4956	4840	4956	
5006	5058	4925	5058	
5137	5170	5042	5170	
5251	5303	5144	5303	
5396	5444	5274	5444	
5541	5589	5399	5589	
5689	5736	5522	5736	
5857	5904	5679	5904	
6020	6067	5811	6067	
6183	6223	5958	6223	
6390	6408	6112	6408	
6556	6576	6255	6576	
6759	6780	6441	6780	
6998	7000	6634	7000	
7258	7237	6863	7237	
7528	7513	7129	7513	
7859	7839	7430	7839	
8217	8186	7752	8186	
8576	8612	8132	8612	
8718	8691	8196	8691	
8300	8196	7709	8196	
7908	7834	7394	7834	
7594	7535	7111	7535	
7290	7251	6835	7251	
7054	7009	6617	7009	
6834	6800	6452	6800	
6639	6603	6265	6603	
6426	6410	6104	6410	
6263	6244	5965	6244	
6081	6078	5815	6078	
5920	5930	5694	5930	
5755	5774	5553	5774	
5608	5626	5433	5626	
5461	5480	5305	5480	
5320	5352	5196	5352	
5212	5222	5075	5222	
5082	5109	4969	5109	
4984	5012	4894	5012	
4898	4924	4818	4924	
4812	4851	4742	4851	
4743	4778	4691	4778	
4693	4725	4639	4725	
4652	4688	4605	4688	
4632	4666	4579	4666	
4622	4659	4573	4659	
4614	4664	4575	4664	
4641	4680	4587	4680	
4667	4714	4620	4714	
4706	4752	4659	4752	
4759	4811	4711	4811	
4836	4880	4776	4880	
4917	4961	4848	4961	
5009	5055	4936	5055	
5101	5158	5017	5158	
5227	5274	5121	5274	
5354	5400	5232	5400	
5475	5528	5350	5528	
5626	5673	5485	5673	
5793	5827	5600	5827	
5927	5982	5739	5982	
6097	6141	5884	6141	
6266	6308	6032	6308	
6445	6472	6175	6472	
6644	6653	6346	6653	
6838	6860	6512	6860	
7075	7093	6718	7093	
7335	7339	6956	7339	
7634	7618	7225	7618	
7947	7955	7520	7955	
8305	8292	7859	8292	
8713	8705	8252	8705	
8833	8817	8275	8817	
8407	8294	7811	8294	
8004	7952	7485	7952	
7697	7641	7203	7641	
7411	7353	6938	7353	
7138	7101	6726	7101	
6911	6880	6509	6880	
6691	6673	6334	6673	
6496	6487	6174	6487	
6332	6326	6033	6326	
6149	6157	5889	6157	
5997	6007	5770	6007	
5847	5857	5619	5857	
5704	5718	5527	5718	
5558	5577	5401	5577	
5427	5441	5267	5441	
5290	5323	5171	5323	
5193	5220	5077	5220	
5077	5114	4980	5114	
4986	5029	4904	5029	
4921	4951	4844	4951	
4851	4880	4778	4880	
4795	4832	4742	4832	
4760	4800	4697	4800	
4725	4773	4687	4773	
4719	4761	4658	4761	
4730	4771	4682	4771	
4744	4785	4682	4785	
4766	4810	4718	4810	
4805	4857	4751	4857	
4863	4916	4802	4916	
4938	4982	4863	4982	
5005	5065	4947	5065	
5115	5157	5017	5157	
5206	5259	5109	5259	
5316	5372	5206	5372	
5440	5497	5316	5497	
5576	5638	5432	5638	
5726	5768	5548	5768	
5870	5920	5688	5920	
6017	6073	5804	6073	
6182	6234	5966	6234	
6342	6381	6104	6381	
6531	6561	6248	6561	
6731	6754	6423	6754	
6914	6942	6591	6942	
7179	7175	6807	7175	
7425	7442	7057	7442	
7754	7732	7326	7732	
8070	8052	7640	8052	
8433	8392	7965	8392	
8778	8803	8314	8803	
8961	8902	8389	8902	
8506	8403	7971	8403	
8129	8049	7627	8049	
7831	7744	7303	7744	
7497	7465	7043	7465	
7221	7198	6808	7198	
6995	6966	6598	6966	
6772	6759	6420	6759	
6575	6566	6245	6566	
6410	6408	6092	6408	
6227	6248	5968	6248	
6079	6086	5837	6086	
5929	5961	5714	5961	
5773	5812	5576	5812	
5645	5676	5470	5676	
5514	5541	5362	5541	
5395	5428	5255	5428	
5293	5323	5161	5323	
5194	5225	5068	5225	
5095	5133	4994	5133	
5023	5059	4932	5059	
4962	4992	4880	4992	
4910	4950	4835	4950	
4866	4903	4794	4903	
4836	4878	4770	4878	
4826	4870	4763	4870	
4837	4878	4778	4878	
4848	4899	4785	4899	
4874	4926	4818	4926	
4920	4969	4850	4969	
4974	5028	4894	5028	
5043	5090	4964	5090	
5111	5172	5027	5172	
5206	5259	5117	5259	
5307	5365	5199	5365	
5416	5478	5293	5478	
5535	5596	5404	5596	
5655	5722	5512	5722	
5815	5868	5644	5868	
5951	6009	5754	6009	
6104	6164	5897	6164	
6267	6316	6029	6316	
6430	6471	6169	6471	
6620	6653	6330	6653	
6795	6840	6498	6840	
7016	7043	6682	7043	
7256	7281	6894	7281	
7554	7540	7147	7540	
7849	7846	7426	7846	
8186	8178	7754	8178	
8506	8505	8054	8505	
8887	8917	8459	8917	
9064	9032	8505	9032	
8637	8528	8036	8528	
8274	8184	7746	8184	
7928	7874	7434	7874	
7617	7570	7152	7570	
7318	7295	6886	7295	
7097	7070	6689	7070	
6871	6864	6508	6864	
6664	6668	6323	6668	
6511	6511	6189	6511	
6316	6338	6030	6338	
6165	6188	5913	6188	
6035	6056	5798	6056	
5883	5917	5674	5917	
5748	5777	5560	5777	
5622	5661	5444	5661	
5497	5542	5358	5542	
5391	5445	5258	5445	
5292	5341	5172	5341	
5203	5253	5091	5253	
5139	5180	5047	5180	
5077	5121	4974	5121	
5022	5061	4934	5061	
4984	5033	4911	5033	
4968	5009	4889	5009	
4941	4991	4876	4991	
4955	5001	4872	5001	
4962	5011	4882	5011	
4994	5047	4921	5047	
5042	5098	4958	5098	
5078	5145	4999	5145	
5157	5210	5064	5210	
5230	5292	5138	5292	
5318	5384	5206	5384	
5427	5485	5309	5485	
5527	5595	5395	5595	
5643	5706	5500	5706	
5756	5841	5602	5841	
5895	5973	5735	5973	
6051	6112	5851	6112	
6190	6266	5976	6266	
6359	6412	6109	6412	
6504	6568	6263	6568	
6707	6754	6413	6754	
6893	6943	6584	6943	
7122	7156	6794	7156	
7380	7399	7012	7399	
7647	7659	7251	7659	
7969	7982	7540	7982	
8325	8319	7860	8319	
8656	8647	8170	8647	
8999	9037	8531	9037	
9185	9169	8613	9169	
8779	8657	8164	8657	
8409	8329	7871	8329	
8054	8004	7567	8004	
7744	7698	7259	7698	
7465	7432	7004	7432	
7221	7182	6793	7182	
6975	6973	6599	6973	
6789	6779	6416	6779	
6585	6606	6267	6606	
6423	6430	6115	6430	
6270	6299	6001	6299	
6113	6156	5878	6156	
5999	6025	5765	6025	
5872	5902	5658	5902	
5713	5762	5545	5762	
5608	5659	5443	5659	
5517	5556	5359	5556	
5419	5462	5284	5462	
5329	5376	5212	5376	
5251	5299	5139	5299	
5197	5237	5083	5237	
5144	5191	5049	5191	
5101	5160	5006	5160	
5082	5134	4999	5134	
5081	5121	4987	5121	
5073	5128	4996	5128	
5088	5141	4998	5141	
5122	5169	5032	5169	
5148	5209	5067	5209	
5207	5268	5119	5268	
5274	5341	5169	5341	
5342	5414	5243	5414	
5430	5503	5313	5503	
5530	5596	5396	5596	
5636	5710	5496	5710	
5754	5817	5590	5817	
5869	5948	5696	5948	
6000	6080	5826	6080	
6156	6207	5933	6207	
6298	6365	6060	6365	
6459	6518	6202	6518	
6612	6674	6345	6674	
6791	6860	6509	6860	
7016	7050	6694	7050	
7249	7272	6880	7272	
7523	7526	7136	7526	
7794	7798	7377	7798	
8098	8118	7694	8118	
8432	8439	7969	8439	
8770	8766	8308	8766	
9115	9162	8654	9162	
9282	9276	8716	9276	
8889	8783	8293	8783	
8525	8464	7986	8464	
8192	8147	7664	8147	
7873	7845	7392	7845	
7588	7558	7142	7558	
7326	7302	6890	7302	
7106	7081	6698	7081	
6895	6882	6516	6882	
6703	6695	6354	6695	
6516	6536	6222	6536	
6372	6394	6079	6394	
6226	6252	5951	6252	
6088	6132	5849	6132	
5959	6000	5745	6000	
5837	5887	5654	5887	
5727	5783	5552	5783	
5636	5675	5455	5675	
5525	5584	5399	5584	
5453	5504	5324	5504	
5390	5426	5249	5426	
5320	5370	5207	5370	
5274	5322	5149	5322	
5231	5289	5132	5289	
5217	5269	5112	5269	
5201	5250	5097	5250	
5204	5253	5106	5253	
5228	5276	5121	5276	
5253	5299	5145	5299	
5289	5345	5175	5345	
5341	5404	5225	5404	
5403	5469	5277	5469	
5472	5538	5352	5538	
5566	5632	5424	5632	
5643	5717	5517	5717	
5761	5823	5597	5823	
5857	5936	5694	5936	
5987	6054	5794	6054	
6116	6188	5914	6188	
6257	6324	6033	6324	
6398	6457	6150	6457	
6544	6618	6300	6618	
6734	6780	6441	6780	
6923	6972	6608	6972	
7126	7163	6794	7163	
7365	7411	7015	7411	
7645	7647	7263	7647	
7923	7944	7514	7944	
8225	8255	7820	8255	
8564	8576	8111	8576	
8884	8892	8398	8892	
9227	9280	8775	9280	
9432	9420	8800	9420	
9023	8914	8436	8914	
8628	8609	8128	8609	
8347	8301	7835	8301	
8029	7996	7538	7996	
7719	7699	7255	7699	
7479	7442	7022	7442	
7224	7215	6819	7215	
6985	6994	6615	6994	
6795	6821	6457	6821	
6630	6659	6301	6659	
6494	6504	6169	6504	
6341	6363	6050	6363	
6188	6233	5938	6233	
6064	6110	5861	6110	
5958	5994	5743	5994	
5853	5893	5669	5893	
5737	5801	5574	5801	
5654	5704	5498	5704	
5594	5641	5436	5641	
5507	5565	5367	5565	
5449	5506	5321	5506	
5398	5452	5280	5452	
5362	5419	5240	5419	
5351	5405	5221	5405	
5330	5396	5223	5396	
5350	5395	5218	5395	
5339	5409	5223	5409	
5395	5442	5269	5442	
5425	5478	5290	5478	
5461	5536	5342	5536	
5520	5596	5393	5596	
5601	5659	5457	5659	
5687	5753	5529	5753	
5767	5835	5602	5835	
5873	5942	5703	5942	
5979	6050	5787	6050	
6103	6173	5879	6173	
6219	6286	6003	6286	
6366	6419	6117	6419	
6506	6570	6248	6570	
6662	6722	6397	6722	
6837	6898	6541	6898	
7033	7081	6708	7081	
7246	7307	6905	7307	
7511	7550	7138	7550	
7796	7819	7409	7819	
8068	8107	7666	8107	
8386	8415	7950	8415	
8710	8727	8254	8727	
9028	9028	8523	9028	
9352	9389	8861	9389	
9533	9509	8917	9509	
9147	9060	8528	9060	
8815	8745	8250	8745	
8486	8476	7990	8476	
8178	8139	7678	8139	
7866	7855	7404	7855	
7600	7592	7162	7592	
7360	7345	6939	7345	
7130	7132	6735	7132	
6942	6941	6577	6941	
6754	6778	6414	6778	
6596	6624	6290	6624	
6437	6485	6148	6485	
6315	6359	6041	6359	
6199	6244	5947	6244	
6085	6123	5846	6123	
5972	6030	5783	6030	
5877	5927	5682	5927	
5800	5846	5609	5846	
5707	5766	5545	5766	
5649	5698	5485	5698	
5582	5645	5435	5645	
5538	5598	5389	5598	
5504	5565	5364	5565	
5481	5546	5339	5546	
5478	5537	5350	5537	
5474	5542	5340	5542	
5492	5559	5347	5559	
5522	5576	5386	5576	
5563	5625	5419	5625	
5599	5675	5464	5675	
5657	5729	5511	5729	
5730	5801	5577	5801	
5810	5878	5652	5878	
5894	5965	5718	5965	
5996	6070	5812	6070	
6103	6172	5883	6172	
6221	6295	5996	6295	
6334	6406	6110	6406	
6466	6540	6223	6540	
6624	6685	6352	6685	
6794	6850	6495	6850	
6981	7028	6669	7028	
7171	7226	6832	7226	
7390	7450	7031	7450	
7662	7697	7292	7697	
7946	7979	7536	7979	
8227	8266	7827	8266	
8539	8575	8110	8575	
8863	8865	8385	8865	
9143	9177	8686	9177	
9492	9481	8920	9481	
9635	9632	9056	9632	
9281	9178	8641	9178	
8962	8898	8404	8898	
8647	8606	8113	8606	
8333	8321	7817	8321	
8047	8021	7558	8021	
7741	7751	7325	7751	
7492	7496	7081	7496	
7267	7276	6873	7276	
7065	7074	6689	7074	
6887	6899	6531	6899	
6708	6736	6383	6736	
6570	6605	6274	6605	
6440	6478	6170	6478	
6316	6357	6061	6357	
6199	6243	5949	6243	
6100	6153	5863	6153	
6004	6055	5785	6055	
5904	5972	5717	5972	
5844	5901	5668	5901	
5776	5834	5606	5834	
5719	5773	5545	5773	
5681	5743	5518	5743	
5637	5703	5478	5703	
5631	5678	5458	5678	
5617	5679	5457	5679	
5623	5679	5460	5679	
5626	5693	5475	5693	
5663	5727	5508	5727	
5697	5757	5531	5757	
5739	5813	5582	5813	
5790	5869	5621	5869	
5854	5929	5680	5929	
5933	6015	5753	6015	
6014	6092	5822	6092	
6123	6190	5902	6190	
6218	6290	6005	6290	
6331	6403	6099	6403	
6454	6529	6218	6529	
6592	6657	6328	6657	
6747	6810	6439	6810	
6902	6971	6597	6971	
7082	7157	6777	7157	
7311	7377	6976	7377	
7537	7591	7200	7591	
7811	7856	7434	7856	
8106	8130	7700	8130	
8402	8427	7970	8427	
8704	8718	8228	8718	
9007	9010	8520	9010	
9289	9286	8772	9286	
9589	9600	9078	9600	
9804	9723	9116	9723	
9389	9311	8773	9311	
9067	9042	8526	9042	
8791	8743	8265	8743	
8518	8483	8011	8483	
8199	8188	7728	8188	
7944	7910	7450	7910	
7665	7663	7233	7663	
7414	7429	6996	7429	
7196	7218	6820	7218	
6986	7033	6639	7033	
6837	6864	6494	6864	
6692	6731	6377	6731	
6548	6603	6242	6603	
6432	6480	6149	6480	
6325	6379	6053	6379	
6215	6279	5984	6279	
6110	6181	5891	6181	
6042	6104	5830	6104	
5968	6040	5771	6040	
5920	5968	5701	5968	
5879	5916	5675	5916	
5810	5885	5642	5885	
5769	5842	5601	5842	
5758	5829	5585	5829	
5747	5819	5570	5819	
5752	5825	5571	5825	
5769	5837	5596	5837	
5796	5868	5621	5868	
5834	5898	5654	5898	
5878	5951	5685	5951	
5930	6000	5746	6000	
5982	6065	5783	6065	
6060	6141	5863	6141	
6149	6223	5929	6223	
6230	6313	6015	6313	
6331	6412	6117	6412	
6450	6533	6203	6533	
6595	6662	6331	6662	
6715	6784	6433	6784	
6854	6942	6580	6942	
7032	7102	6722	7102	
7235	7303	6908	7303	
7467	7525	7124	7525	
7724	7761	7339	7761	
7986	8015	7602	8015	
8259	8303	7851	8303	
8563	8597	8140	8597	
8832	8884	8401	8884	
9128	9161	8630	9161	
9392	9399	8882	9399	
9697	9691	9128	9691	
9815	9829	9212	9829	
9535	9433	8879	9433	
9218	9184	8655	9184	
8972	8935	8418	8935	
8675	8651	8169	8651	
8369	8364	7881	8364	
8113	8104	7628	8104	
7840	7831	7395	7831	
7571	7586	7162	7586	
7341	7368	6969	7368	
7166	7184	6790	7184	
6973	7020	6638	7020	
6836	6874	6499	6874	
6668	6728	6365	6728	
6552	6606	6278	6606	
6452	6511	6180	6511	
6337	6399	6079	6399	
6265	6317	6008	6317	
6179	6242	5939	6242	
6097	6176	5883	6176	
6055	6110	5829	6110	
6004	6067	5780	6067	
5946	6016	5750	6016	
5924	5992	5724	5992	
5902	5974	5718	5974	
5902	5961	5695	5961	
5895	5969	5709	5969	
5913	5982	5722	5982	
5930	6002	5751	6002	
5962	6038	5769	6038	
6010	6085	5795	6085	
6060	6136	5861	6136	
6122	6200	5915	6200	
6187	6276	5982	6276	
6282	6358	6046	6358	
6366	6444	6124	6444	
6463	6545	6228	6545	
6568	6662	6328	6662	
6713	6778	6424	6778	
6844	6926	6570	6926	
7006	7080	6715	7080	
7180	7254	6877	7254	
7384	7458	7061	7458	
7625	7694	7284	7694	
7885	7935	7515	7935	
8149	8191	7759	8191	
8463	8467	8021	8467	
8727	8752	8256	8752	
8985	9027	8526	9027	
9256	9295	8788	9295	
9513	9511	8992	9511	
9767	9774	9205	9774	
9934	9952	9288	9952	
9609	9551	8976	9551	
9336	9304	8779	9304	
9102	9090	8557	9090	
8847	8827	8304	8827	
8575	8544	8034	8544	
8288	8292	7814	8292	
8030	8027	7561	8027	
7780	7779	7341	7779	
7536	7549	7119	7549	
7327	7347	6939	7347	
7146	7169	6768	7169	
6975	7014	6635	7014	
6829	6877	6508	6877	
6711	6749	6391	6749	
6582	6643	6306	6643	
6490	6550	6216	6550	
6381	6449	6130	6449	
6328	6380	6060	6380	
6238	6310	5996	6310	
6196	6258	5959	6258	
6136	6208	5916	6208	
6097	6177	5875	6177	
6072	6142	5848	6142	
6056	6118	5828	6118	
6056	6113	5826	6113	
6036	6120	5833	6120	
6049	6134	5841	6134	
6081	6157	5863	6157	
6101	6185	5886	6185	
6152	6229	5929	6229	
6221	6285	5977	6285	
6265	6342	6024	6342	
6325	6421	6094	6421	
6423	6492	6171	6492	
6508	6589	6243	6589	
6620	6690	6346	6690	
6723	6801	6438	6801	
6848	6935	6560	6935	
7005	7069	6705	7069	
7173	7235	6832	7235	
7353	7426	7013	7426	
7585	7642	7229	7642	
7809	7868	7443	7868	
8050	8127	7669	8127	
8344	8382	7942	8382	
8605	8662	8199	8662	
8879	8918	8413	8918	
9155	9183	8666	9183	
9386	9424	8898	9424	
9639	9616	9103	9616	
9833	9871	9291	9871	
9981	10021	9376	10021	
9712	9644	9079	9644	
9510	9453	8907	9453	
9281	9271	8727	9271	
9043	9020	8487	9020	
8748	8747	8231	8747	
8505	8500	8020	8500	
8258	8223	7744	8223	
7975	7988	7529	7988	
7755	7751	7326	7751	
7519	7519	7101	7519	
7309	7344	6917	7344	
7161	7182	6790	7182	
7007	7040	6657	7040	
6868	6911	6541	6911	
6754	6796	6423	6796	
6642	6694	6353	6694	
6547	6611	6257	6611	
6463	6538	6188	6538	
6398	6466	6138	6466	
6335	6406	6090	6406	
6312	6366	6038	6366	
6251	6337	6009	6337	
6206	6294	5983	6294	
6203	6287	5976	6287	
6193	6274	5971	6274	
6195	6274	5963	6274	
6206	6294	5972	6294	
6232	6315	5998	6315	
6252	6340	6008	6340	
6305	6393	6061	6393	
6370	6440	6111	6440	
6400	6496	6151	6496	
6482	6565	6240	6565	
6568	6649	6291	6649	
6671	6741	6377	6741	
6762	6849	6479	6849	
6894	6969	6606	6969	
7042	7096	6732	7096	
7193	7261	6877	7261	
7337	7426	7024	7426	
7554	7617	7212	7617	
7785	7842	7413	7842	
8019	8070	7652	8070	
8273	8320	7857	8320	
8525	8585	8114	8585	
8790	8854	8360	8854	
9054	9107	8602	9107	
9308	9343	8821	9343	
9496	9551	9014	9551	
9745	9739	9193	9739	
9942	9963	9422	9963	
10110	10105	9449	10105	
9899	9799	9181	9799	
9651	9628	9048	9628	
9453	9467	8891	9467	
9286	9235	8671	9235	
8926	8988	8424	8988	
8692	8726	8211	8726	
8447	8484	7957	8484	
8209	8232	7729	8232	
7947	7987	7508	7987	
7735	7772	7306	7772	
7558	7583	7144	7583	
7376	7399	6967	7399	
7213	7239	6859	7239	
7091	7121	6696	7121	
6919	6974	6618	6974	
6820	6898	6472	6898	
6757	6782	6404	6782	
6623	6712	6376	6712	
6554	6652	6291	6652	
6525	6593	6236	6593	
6429	6541	6208	6541	
6416	6494	6165	6494	
6400	6496	6139	6496	
6377	6468	6118	6468	
6360	6443	6107	6443	
6356	6472	6111	6472	
6387	6488	6133	6488	
6426	6497	6149	6497	
6454	6533	6178	6533	
6468	6577	6230	6577	
6495	6625	6256	6625	
6552	6680	6299	6680	
6659	6755	6363	6755	
6766	6847	6457	6847	
6820	6928	6534	6928	
6947	7031	6637	7031	
7110	7193	6765	7193	
7229	7329	6899	7329	
7405	7473	7051	7473	
7586	7640	7228	7640	
7791	7851	7432	7851	
8030	8068	7634	8068	
8251	8330	7853	8330	
8516	8589	8072	8589	
8776	8820	8327	8820	
9049	9085	8556	9085	
9285	9295	8740	9295	
9499	9535	8960	9535	
9681	9723	9155	9723	
9842	9890	9310	9890	
10098	10106	9463	10106	
