  3.6572282e+001
  3.6572282e+001
  3.6572282e+001
  3.6572282e+001
  3.6572282e+001
  3.6572282e+001
  3.6572282e+001
  3.6572282e+001
  3.6572282e+001
  3.6572282e+001
  3.6572282e+001
  3.7181925e+001
  3.7791568e+001
  3.8401211e+001
  3.9010854e+001
  3.9620497e+001
  4.0230141e+001
  4.0839784e+001
  4.1449427e+001
  4.2059070e+001
  4.2668713e+001
  4.3278356e+001
  4.3887999e+001
  4.4497642e+001
  4.5107286e+001
  4.5716929e+001
  4.6326572e+001
  4.6936215e+001
  4.7545858e+001
  4.8155501e+001
  4.8765144e+001
  4.9374787e+001
  4.9984431e+001
  5.0594074e+001
  5.1203717e+001
  5.1813360e+001
  5.2423003e+001
  5.3032646e+001
  5.3642289e+001
  5.4251932e+001
  5.4861576e+001
  5.5471219e+001
  5.6080862e+001
  5.6690505e+001
  5.7300148e+001
  5.7909791e+001
  5.8519434e+001
  5.9129077e+001
  5.9738721e+001
  6.0348364e+001
  6.0958007e+001
  6.1567650e+001
  6.2177293e+001
  6.2786936e+001
  6.3396579e+001
  6.4006222e+001
  6.4615866e+001
  6.5225509e+001
  6.5835152e+001
  6.6444795e+001
  6.7054438e+001
  6.7664081e+001
  6.8273724e+001
  6.8883367e+001
  6.9493011e+001
  7.0102654e+001
  7.0712297e+001
  7.1321940e+001
  7.1931583e+001
  7.2541226e+001
  7.3150869e+001
  7.3760513e+001
  7.4370156e+001
  7.4979799e+001
  7.5589442e+001
  7.6199085e+001
  7.6808728e+001
  7.7418371e+001
  7.8028014e+001
  7.8637658e+001
  7.9247301e+001
  7.9856944e+001
  8.0466587e+001
  8.1076230e+001
  8.1685873e+001
  8.2295516e+001
  8.2905159e+001
  8.3514803e+001
  8.4124446e+001
  8.4734089e+001
  8.5343732e+001
  8.5953375e+001
  8.6563018e+001
  8.7172661e+001
  8.7782304e+001
  8.8391948e+001
  8.9001591e+001
  8.9611234e+001
  9.0220877e+001
  9.0830520e+001
  9.1440163e+001
  9.2049806e+001
  9.2659449e+001
  9.3269093e+001
  9.3878736e+001
  9.4488379e+001
  9.5098022e+001
  9.5707665e+001
  9.6317308e+001
  9.6926951e+001
  9.7536594e+001
  9.8146238e+001
  9.8755881e+001
  9.9365524e+001
  9.9975167e+001
  1.0058481e+002
  1.0119445e+002
  1.0180410e+002
  1.0241374e+002
  1.0302338e+002
  1.0363303e+002
  1.0424267e+002
  1.0485231e+002
  1.0546196e+002
  1.0607160e+002
  1.0668124e+002
  1.0729088e+002
  1.0790053e+002
  1.0851017e+002
  1.0911981e+002
  1.0972946e+002
  1.1033910e+002
  1.1094874e+002
  1.1155839e+002
  1.1216803e+002
  1.1277767e+002
  1.1338732e+002
  1.1399696e+002
  1.1460660e+002
  1.1521625e+002
  1.1582589e+002
  1.1643553e+002
  1.1704517e+002
  1.1765482e+002
  1.1826446e+002
  1.1887410e+002
  1.1948375e+002
  1.2009339e+002
  1.2070303e+002
  1.2131268e+002
  1.2192232e+002
  1.2253196e+002
  1.2314161e+002
  1.2375125e+002
  1.2436089e+002
  1.2497054e+002
  1.2558018e+002
  1.2618982e+002
  1.2679946e+002
  1.2740911e+002
  1.2686774e+002
  1.2592895e+002
  1.2499016e+002
  1.2405137e+002
  1.2311258e+002
  1.2217379e+002
  1.2123500e+002
  1.2029621e+002
  1.1935742e+002
  1.1841863e+002
  1.1747984e+002
  1.1654105e+002
  1.1560226e+002
  1.1466348e+002
  1.1372469e+002
  1.1278590e+002
  1.1184711e+002
  1.1090832e+002
  1.0996953e+002
  1.0903074e+002
  1.0809195e+002
  1.0715316e+002
  1.0621437e+002
  1.0527558e+002
  1.0433679e+002
  1.0339800e+002
  1.0245921e+002
  1.0152042e+002
  1.0058163e+002
  9.9642845e+001
  9.8704056e+001
  9.7765266e+001
  9.6826477e+001
  9.5887688e+001
  9.4948898e+001
  9.4010109e+001
  9.3071319e+001
  9.2132530e+001
  9.1193741e+001
  9.0254951e+001
  8.9316162e+001
  8.8377372e+001
  8.7438583e+001
  8.6499794e+001
  8.5561004e+001
  8.4622215e+001
  8.3683425e+001
  8.2744636e+001
  8.1805847e+001
  8.0867057e+001
  7.9928268e+001
  7.8989478e+001
  7.8050689e+001
  7.7111900e+001
  7.6173110e+001
  7.5234321e+001
  7.4295531e+001
  7.3356742e+001
  7.2417953e+001
  7.1479163e+001
  7.0540374e+001
  6.9601584e+001
  6.8662795e+001
  6.7724006e+001
  6.6785216e+001
  6.5846427e+001
  6.4907638e+001
  6.3968848e+001
  6.3030059e+001
  6.2091269e+001
  6.1152480e+001
  6.0213691e+001
  5.9274901e+001
  5.8336112e+001
  5.7397322e+001
  5.6458533e+001
  5.5519744e+001
  5.4580954e+001
  5.3642165e+001
  5.2703375e+001
  5.1764586e+001
  5.0825797e+001
  4.9887007e+001
  4.8948218e+001
  4.8009428e+001
  4.7070639e+001
  4.6131850e+001
  4.5193060e+001
  4.4254271e+001
  4.3315481e+001
  4.2376692e+001
  4.1437903e+001
  4.0499113e+001
  3.9560324e+001
  3.8621534e+001
  3.7682745e+001
