  1.8911200e+001
  1.8911200e+001
  1.8911200e+001
  1.8911200e+001
  1.8911200e+001
  1.8911200e+001
  1.8911200e+001
  1.8911200e+001
  1.8911200e+001
  1.8911200e+001
  1.8911200e+001
  1.8911200e+001
  1.8911200e+001
  1.8911200e+001
  1.8911200e+001
  1.8911200e+001
  1.8911200e+001
  1.8911200e+001
  1.8911200e+001
  1.8911200e+001
  1.8911200e+001
  1.9385507e+001
  1.9859814e+001
  2.0334122e+001
  2.0808429e+001
  2.1282736e+001
  2.1757043e+001
  2.2231350e+001
  2.2705657e+001
  2.3179965e+001
  2.3654272e+001
  2.4128579e+001
  2.4602886e+001
  2.5077193e+001
  2.5551501e+001
  2.6025808e+001
  2.6500115e+001
  2.6974422e+001
  2.7448729e+001
  2.7923036e+001
  2.8397344e+001
  2.8871651e+001
  2.9345958e+001
  2.9820265e+001
  3.0294572e+001
  3.0768880e+001
  3.1243187e+001
  3.1717494e+001
  3.2191801e+001
  3.2666108e+001
  3.3140415e+001
  3.3614723e+001
  3.4089030e+001
  3.4563337e+001
  3.5037644e+001
  3.5511951e+001
  3.5986259e+001
  3.6460566e+001
  3.6934873e+001
  3.7409180e+001
  3.7883487e+001
  3.8357794e+001
  3.8832102e+001
  3.9306409e+001
  3.9780716e+001
  4.0255023e+001
  4.0729330e+001
  4.1203638e+001
  4.1677945e+001
  4.2152252e+001
  4.2626559e+001
  4.3100866e+001
  4.3575173e+001
  4.4049481e+001
  4.4523788e+001
  4.4998095e+001
  4.5472402e+001
  4.5946709e+001
  4.6421017e+001
  4.6895324e+001
  4.7369631e+001
  4.7843938e+001
  4.8318245e+001
  4.8792552e+001
  4.9266860e+001
  4.9741167e+001
  5.0215474e+001
  5.0689781e+001
  5.1164088e+001
  5.1638396e+001
  5.2112703e+001
  5.2587010e+001
  5.3061317e+001
  5.3535624e+001
  5.4009931e+001
  5.4484239e+001
  5.4958546e+001
  5.5432853e+001
  5.5907160e+001
  5.6381467e+001
  5.6855775e+001
  5.7330082e+001
  5.7804389e+001
  5.8278696e+001
  5.8753003e+001
  5.9227310e+001
  5.9701618e+001
  6.0175925e+001
  6.0650232e+001
  6.1124539e+001
  6.1598846e+001
  6.2073154e+001
  6.2547461e+001
  6.3021768e+001
  6.3496075e+001
  6.3970382e+001
  6.4444690e+001
  6.4918997e+001
  6.5393304e+001
  6.5867611e+001
  6.6341918e+001
  6.6816225e+001
  6.7290533e+001
  6.7764840e+001
  6.8239147e+001
  6.8713454e+001
  6.9187761e+001
  6.9662069e+001
  7.0136376e+001
  7.0610683e+001
  7.1084990e+001
  7.1559297e+001
  7.2033604e+001
  7.2507912e+001
  7.2193156e+001
  7.1749905e+001
  7.1306655e+001
  7.0863404e+001
  7.0420154e+001
  6.9976903e+001
  6.9533653e+001
  6.9090402e+001
  6.8647152e+001
  6.8203901e+001
  6.7760651e+001
  6.7317401e+001
  6.6874150e+001
  6.6430900e+001
  6.5987649e+001
  6.5544399e+001
  6.5101148e+001
  6.4657898e+001
  6.4214647e+001
  6.3771397e+001
  6.3328146e+001
  6.2884896e+001
  6.2441645e+001
  6.1998395e+001
  6.1555144e+001
  6.1111894e+001
  6.0668643e+001
  6.0225393e+001
  5.9782142e+001
  5.9338892e+001
  5.8895641e+001
  5.8452391e+001
  5.8009140e+001
  5.7565890e+001
  5.7122639e+001
  5.6679389e+001
  5.6236138e+001
  5.5792888e+001
  5.5349637e+001
  5.4906387e+001
  5.4463136e+001
  5.4019886e+001
  5.3576636e+001
  5.3133385e+001
  5.2690135e+001
  5.2246884e+001
  5.1803634e+001
  5.1360383e+001
  5.0917133e+001
  5.0473882e+001
  5.0030632e+001
  4.9587381e+001
  4.9144131e+001
  4.8700880e+001
  4.8257630e+001
  4.7814379e+001
  4.7371129e+001
  4.6927878e+001
  4.6484628e+001
  4.6041377e+001
  4.5598127e+001
  4.5154876e+001
  4.4711626e+001
  4.4268375e+001
  4.3825125e+001
  4.3381874e+001
  4.2938624e+001
  4.2495373e+001
  4.2052123e+001
  4.1608872e+001
  4.1165622e+001
  4.0722372e+001
  4.0279121e+001
  3.9835871e+001
  3.9392620e+001
  3.8949370e+001
  3.8506119e+001
  3.8062869e+001
  3.7619618e+001
  3.7176368e+001
  3.6733117e+001
  3.6289867e+001
  3.5846616e+001
  3.5403366e+001
  3.4960115e+001
  3.4516865e+001
  3.4073614e+001
  3.3630364e+001
  3.3187113e+001
  3.2743863e+001
  3.2300612e+001
  3.1857362e+001
  3.1414111e+001
  3.0970861e+001
  3.0527610e+001
  3.0084360e+001
  2.9641109e+001
  2.9197859e+001
  2.8754608e+001
  2.8311358e+001
  2.7868107e+001
  2.7424857e+001
  2.6981607e+001
  2.6538356e+001
  2.6095106e+001
  2.5651855e+001
  2.5208605e+001
  2.4765354e+001
  2.4322104e+001
  2.3878853e+001
  2.3435603e+001
  2.2992352e+001
  2.2549102e+001
  2.2105851e+001
  2.1662601e+001
  2.1219350e+001
  2.0776100e+001
  2.0332849e+001
  1.9889599e+001
  1.9446348e+001
  1.9003098e+001
  1.8559847e+001
