  9.7221000e+000
  9.7221000e+000
  9.7221000e+000
  9.7221000e+000
  9.7221000e+000
  9.7221000e+000
  9.7221000e+000
  9.7221000e+000
  9.7221000e+000
  9.7221000e+000
  9.7221000e+000
  9.7221000e+000
  9.7221000e+000
  9.7221000e+000
  9.7221000e+000
  9.7221000e+000
  9.7221000e+000
  9.7221000e+000
  9.7221000e+000
  9.7221000e+000
  9.7221000e+000
  9.7221000e+000
  9.7221000e+000
  9.7545387e+000
  1.0014049e+001
  1.0273558e+001
  1.0533068e+001
  1.0792578e+001
  1.1052088e+001
  1.1311598e+001
  1.1571107e+001
  1.1830617e+001
  1.2090127e+001
  1.2349637e+001
  1.2609147e+001
  1.2868657e+001
  1.3128166e+001
  1.3387676e+001
  1.3647186e+001
  1.3906696e+001
  1.4166206e+001
  1.4425716e+001
  1.4685225e+001
  1.4944735e+001
  1.5204245e+001
  1.5463755e+001
  1.5723265e+001
  1.5982774e+001
  1.6242284e+001
  1.6501794e+001
  1.6761304e+001
  1.7020814e+001
  1.7280324e+001
  1.7539833e+001
  1.7799343e+001
  1.8058853e+001
  1.8318363e+001
  1.8577873e+001
  1.8837382e+001
  1.9096892e+001
  1.9356402e+001
  1.9615912e+001
  1.9875422e+001
  2.0134932e+001
  2.0394441e+001
  2.0653951e+001
  2.0913461e+001
  2.1172971e+001
  2.1432481e+001
  2.1691991e+001
  2.1951500e+001
  2.2211010e+001
  2.2470520e+001
  2.2730030e+001
  2.2989540e+001
  2.3249049e+001
  2.3508559e+001
  2.3768069e+001
  2.4027579e+001
  2.4287089e+001
  2.4546599e+001
  2.4806108e+001
  2.5065618e+001
  2.5325128e+001
  2.5584638e+001
  2.5844148e+001
  2.6103657e+001
  2.6363167e+001
  2.6622677e+001
  2.6882187e+001
  2.7141697e+001
  2.7401207e+001
  2.7660716e+001
  2.7920226e+001
  2.8179736e+001
  2.8439246e+001
  2.8698756e+001
  2.8958266e+001
  2.9217775e+001
  2.9477285e+001
  2.9736795e+001
  2.9996305e+001
  3.0255815e+001
  3.0515324e+001
  3.0774834e+001
  3.1034344e+001
  3.1293854e+001
  3.1553364e+001
  3.1812874e+001
  3.2072383e+001
  3.2331893e+001
  3.2591403e+001
  3.2850913e+001
  3.3110423e+001
  3.3369932e+001
  3.3629442e+001
  3.3888952e+001
  3.4148462e+001
  3.4407972e+001
  3.4667482e+001
  3.4926991e+001
  3.5186501e+001
  3.5446011e+001
  3.5705521e+001
  3.5965031e+001
  3.6224541e+001
  3.6484050e+001
  3.6743560e+001
  3.7003070e+001
  3.7262580e+001
  3.7522090e+001
  3.7781599e+001
  3.8041109e+001
  3.8300619e+001
  3.8560129e+001
  3.8746873e+001
  3.8506653e+001
  3.8266433e+001
  3.8026213e+001
  3.7785994e+001
  3.7545774e+001
  3.7305554e+001
  3.7065334e+001
  3.6825115e+001
  3.6584895e+001
  3.6344675e+001
  3.6104456e+001
  3.5864236e+001
  3.5624016e+001
  3.5383796e+001
  3.5143577e+001
  3.4903357e+001
  3.4663137e+001
  3.4422918e+001
  3.4182698e+001
  3.3942478e+001
  3.3702258e+001
  3.3462039e+001
  3.3221819e+001
  3.2981599e+001
  3.2741380e+001
  3.2501160e+001
  3.2260940e+001
  3.2020720e+001
  3.1780501e+001
  3.1540281e+001
  3.1300061e+001
  3.1059841e+001
  3.0819622e+001
  3.0579402e+001
  3.0339182e+001
  3.0098963e+001
  2.9858743e+001
  2.9618523e+001
  2.9378303e+001
  2.9138084e+001
  2.8897864e+001
  2.8657644e+001
  2.8417425e+001
  2.8177205e+001
  2.7936985e+001
  2.7696765e+001
  2.7456546e+001
  2.7216326e+001
  2.6976106e+001
  2.6735886e+001
  2.6495667e+001
  2.6255447e+001
  2.6015227e+001
  2.5775008e+001
  2.5534788e+001
  2.5294568e+001
  2.5054348e+001
  2.4814129e+001
  2.4573909e+001
  2.4333689e+001
  2.4093470e+001
  2.3853250e+001
  2.3613030e+001
  2.3372810e+001
  2.3132591e+001
  2.2892371e+001
  2.2652151e+001
  2.2411931e+001
  2.2171712e+001
  2.1931492e+001
  2.1691272e+001
  2.1451053e+001
  2.1210833e+001
  2.0970613e+001
  2.0730393e+001
  2.0490174e+001
  2.0249954e+001
  2.0009734e+001
  1.9769515e+001
  1.9529295e+001
  1.9289075e+001
  1.9048855e+001
  1.8808636e+001
  1.8568416e+001
  1.8328196e+001
  1.8087977e+001
  1.7847757e+001
  1.7607537e+001
  1.7367317e+001
  1.7127098e+001
  1.6886878e+001
  1.6646658e+001
  1.6406438e+001
  1.6166219e+001
  1.5925999e+001
  1.5685779e+001
  1.5445560e+001
  1.5205340e+001
  1.4965120e+001
  1.4724900e+001
  1.4484681e+001
  1.4244461e+001
  1.4004241e+001
  1.3764022e+001
  1.3523802e+001
  1.3283582e+001
  1.3043362e+001
  1.2803143e+001
  1.2562923e+001
  1.2322703e+001
  1.2082483e+001
  1.1842264e+001
  1.1602044e+001
  1.1361824e+001
  1.1121605e+001
  1.0881385e+001
  1.0641165e+001
  1.0400945e+001
  1.0160726e+001
  9.9205060e+000
