  7.8670000e+000
  7.8670000e+000
  7.8670000e+000
  7.8670000e+000
  7.8670000e+000
  7.8670000e+000
  7.8670000e+000
  7.8670000e+000
  7.8670000e+000
  7.8670000e+000
  7.8670000e+000
  7.8670000e+000
  7.8670000e+000
  7.8670000e+000
  7.8670000e+000
  7.8670000e+000
  7.8670000e+000
  7.8670000e+000
  8.0554583e+000
  8.3904953e+000
  8.7255324e+000
  9.0605694e+000
  9.3956064e+000
  9.7306434e+000
  1.0065680e+001
  1.0400717e+001
  1.0735754e+001
  1.1070792e+001
  1.1405829e+001
  1.1740866e+001
  1.2075903e+001
  1.2410940e+001
  1.2745977e+001
  1.3081014e+001
  1.3416051e+001
  1.3751088e+001
  1.4086125e+001
  1.4421162e+001
  1.4756199e+001
  1.5091236e+001
  1.5426273e+001
  1.5761310e+001
  1.6096347e+001
  1.6431384e+001
  1.6766421e+001
  1.7101458e+001
  1.7436495e+001
  1.7771532e+001
  1.8106569e+001
  1.8441606e+001
  1.8776643e+001
  1.9111680e+001
  1.9446717e+001
  1.9781754e+001
  2.0116791e+001
  2.0451828e+001
  2.0786865e+001
  2.1121902e+001
  2.1456939e+001
  2.1791976e+001
  2.2127013e+001
  2.2462050e+001
  2.2797087e+001
  2.3132124e+001
  2.3467161e+001
  2.3802198e+001
  2.4137235e+001
  2.4472272e+001
  2.4807309e+001
  2.5142346e+001
  2.5477383e+001
  2.5812420e+001
  2.6147457e+001
  2.6482495e+001
  2.6817532e+001
  2.7152569e+001
  2.7487606e+001
  2.7822643e+001
  2.8079994e+001
  2.7887950e+001
  2.7695905e+001
  2.7503860e+001
  2.7311816e+001
  2.7119771e+001
  2.6927727e+001
  2.6735682e+001
  2.6543637e+001
  2.6351593e+001
  2.6159548e+001
  2.5967503e+001
  2.5775459e+001
  2.5583414e+001
  2.5391369e+001
  2.5199325e+001
  2.5007280e+001
  2.4815235e+001
  2.4623191e+001
  2.4431146e+001
  2.4239101e+001
  2.4047057e+001
  2.3855012e+001
  2.3662968e+001
  2.3470923e+001
  2.3278878e+001
  2.3086834e+001
  2.2894789e+001
  2.2702744e+001
  2.2510700e+001
  2.2318655e+001
  2.2126610e+001
  2.1934566e+001
  2.1742521e+001
  2.1550476e+001
  2.1358432e+001
  2.1166387e+001
  2.0974342e+001
  2.0782298e+001
  2.0590253e+001
  2.0398209e+001
  2.0206164e+001
  2.0014119e+001
  1.9822075e+001
  1.9630030e+001
  1.9437985e+001
  1.9245941e+001
  1.9053896e+001
  1.8861851e+001
  1.8669807e+001
  1.8477762e+001
  1.8285717e+001
  1.8093673e+001
  1.7901628e+001
  1.7709583e+001
  1.7517539e+001
  1.7325494e+001
  1.7133450e+001
  1.6941405e+001
  1.6749360e+001
  1.6557316e+001
  1.6365271e+001
  1.6173226e+001
  1.5981182e+001
  1.5789137e+001
  1.5597092e+001
  1.5405048e+001
  1.5213003e+001
  1.5020958e+001
  1.4828914e+001
  1.4636869e+001
  1.4444824e+001
  1.4252780e+001
  1.4060735e+001
  1.3868691e+001
  1.3676646e+001
  1.3484601e+001
  1.3292557e+001
  1.3100512e+001
  1.2908467e+001
  1.2716423e+001
  1.2524378e+001
  1.2332333e+001
  1.2140289e+001
  1.1948244e+001
  1.1756199e+001
  1.1564155e+001
  1.1372110e+001
  1.1180065e+001
  1.0988021e+001
  1.0795976e+001
  1.0603932e+001
  1.0411887e+001
  1.0219842e+001
  1.0027798e+001
  9.8357530e+000
  9.6437083e+000
  9.4516637e+000
  9.2596190e+000
  9.0675744e+000
  8.8755297e+000
  8.6834851e+000
  8.4914404e+000
  8.2993958e+000
  8.1073511e+000
  7.9153065e+000
  7.7232618e+000
  7.5312172e+000
  7.3391726e+000
  7.1471279e+000
  7.0271000e+000
  7.0271000e+000
  7.0271000e+000
  7.0271000e+000
  7.0271000e+000
  7.0271000e+000
  7.0271000e+000
  7.0271000e+000
  7.0271000e+000
  7.0271000e+000
  7.0271000e+000
  7.0271000e+000
  7.0271000e+000
  7.0271000e+000
  7.0271000e+000
  7.0271000e+000
  7.0271000e+000
  7.0271000e+000
  7.0271000e+000
  7.0271000e+000
  7.0271000e+000
  7.0271000e+000
  7.0271000e+000
  7.0271000e+000
  7.0271000e+000
  7.0271000e+000
  7.0271000e+000
  7.0271000e+000
  7.0271000e+000
  7.0271000e+000
  7.0271000e+000
  7.0271000e+000
  7.0271000e+000
  7.0271000e+000
  7.0271000e+000
  7.0271000e+000
  7.0271000e+000
  7.0271000e+000
  7.0271000e+000
  7.0271000e+000
  7.0271000e+000
  7.0271000e+000
  7.0271000e+000
  7.0271000e+000
  7.0271000e+000
  7.0271000e+000
  7.0271000e+000
  7.0271000e+000
  7.0271000e+000
  7.0271000e+000
  7.0271000e+000
  7.0271000e+000
  7.0271000e+000
  7.0271000e+000
  7.0271000e+000
  7.0271000e+000
  7.0271000e+000
  7.0271000e+000
  7.0271000e+000
  7.0271000e+000
  7.0271000e+000
  7.0271000e+000
  7.0271000e+000
  7.0271000e+000
  7.0271000e+000
  7.0271000e+000
  7.0271000e+000
  7.0271000e+000
