  1.0877135e+002
  1.0877135e+002
  1.0877135e+002
  1.0877135e+002
  1.0877135e+002
  1.0877135e+002
  1.0877135e+002
  1.0877135e+002
  1.0877135e+002
  1.0877135e+002
  1.0877135e+002
  1.0877135e+002
  1.0877135e+002
  1.0877135e+002
  1.0877135e+002
  1.0951213e+002
  1.1120535e+002
  1.1289856e+002
  1.1459178e+002
  1.1628499e+002
  1.1797820e+002
  1.1967142e+002
  1.2136463e+002
  1.2305785e+002
  1.2475106e+002
  1.2644428e+002
  1.2813749e+002
  1.2983071e+002
  1.3152392e+002
  1.3321714e+002
  1.3491035e+002
  1.3660357e+002
  1.3829678e+002
  1.3999000e+002
  1.4168321e+002
  1.4337643e+002
  1.4506964e+002
  1.4676285e+002
  1.4845607e+002
  1.5014928e+002
  1.5184250e+002
  1.5353571e+002
  1.5522893e+002
  1.5692214e+002
  1.5861536e+002
  1.6030857e+002
  1.6200179e+002
  1.6369500e+002
  1.6538822e+002
  1.6708143e+002
  1.6877465e+002
  1.7046786e+002
  1.7216108e+002
  1.7385429e+002
  1.7554750e+002
  1.7724072e+002
  1.7893393e+002
  1.8062715e+002
  1.8232036e+002
  1.8401358e+002
  1.8570679e+002
  1.8740001e+002
  1.8909322e+002
  1.9078644e+002
  1.9247965e+002
  1.9417287e+002
  1.9586608e+002
  1.9755930e+002
  1.9925251e+002
  2.0094573e+002
  2.0263894e+002
  2.0433215e+002
  2.0602537e+002
  2.0771858e+002
  2.0941180e+002
  2.1110501e+002
  2.1279823e+002
  2.1449144e+002
  2.1618466e+002
  2.1787787e+002
  2.1957109e+002
  2.2126430e+002
  2.2295752e+002
  2.2465073e+002
  2.2634395e+002
  2.2803716e+002
  2.2973038e+002
  2.3142359e+002
  2.3311680e+002
  2.3481002e+002
  2.3650323e+002
  2.3819645e+002
  2.3988966e+002
  2.4158288e+002
  2.4327609e+002
  2.4496931e+002
  2.4666252e+002
  2.4835574e+002
  2.5004895e+002
  2.5174217e+002
  2.5343538e+002
  2.5512860e+002
  2.5682181e+002
  2.5851503e+002
  2.6020824e+002
  2.6190145e+002
  2.6359467e+002
  2.6528788e+002
  2.6698110e+002
  2.6867431e+002
  2.7036753e+002
  2.7206074e+002
  2.7375396e+002
  2.7544717e+002
  2.7714039e+002
  2.7883360e+002
  2.8052682e+002
  2.8222003e+002
  2.8391325e+002
  2.8560646e+002
  2.8729968e+002
  2.8899289e+002
  2.9068610e+002
  2.9237932e+002
  2.9407253e+002
  2.9576575e+002
  2.9745896e+002
  2.9915218e+002
  3.0084539e+002
  3.0253861e+002
  3.0423182e+002
  3.0592504e+002
  3.0761825e+002
  3.0931147e+002
  3.1100468e+002
  3.1269790e+002
  3.1439111e+002
  3.1608433e+002
  3.1777754e+002
  3.1947075e+002
  3.2116397e+002
  3.2285718e+002
  3.2455040e+002
  3.2624361e+002
  3.2793683e+002
  3.2963004e+002
  3.3132326e+002
  3.3301647e+002
  3.3470969e+002
  3.3640290e+002
  3.3809612e+002
  3.3978933e+002
  3.4148255e+002
  3.4317576e+002
  3.4486898e+002
  3.4656219e+002
  3.4825540e+002
  3.4994862e+002
  3.5164183e+002
  3.5333505e+002
  3.5502826e+002
  3.5672148e+002
  3.5841469e+002
  3.6010791e+002
  3.6180112e+002
  3.6349434e+002
  3.6518755e+002
  3.6688077e+002
  3.6857398e+002
  3.7026720e+002
  3.7196041e+002
  3.7365363e+002
  3.7534684e+002
  3.7704005e+002
  3.7873327e+002
  3.7917604e+002
  3.7566513e+002
  3.7215423e+002
  3.6864332e+002
  3.6513241e+002
  3.6162151e+002
  3.5811060e+002
  3.5459970e+002
  3.5108879e+002
  3.4757789e+002
  3.4406698e+002
  3.4055608e+002
  3.3704517e+002
  3.3353427e+002
  3.3002336e+002
  3.2651246e+002
  3.2300155e+002
  3.1949065e+002
  3.1597974e+002
  3.1246884e+002
  3.0895793e+002
  3.0544703e+002
  3.0193612e+002
  2.9842522e+002
  2.9491431e+002
  2.9140341e+002
  2.8789250e+002
  2.8438160e+002
  2.8087069e+002
  2.7735979e+002
  2.7384888e+002
  2.7033798e+002
  2.6682707e+002
  2.6331617e+002
  2.5980526e+002
  2.5629436e+002
  2.5278345e+002
  2.4927255e+002
  2.4576164e+002
  2.4225074e+002
  2.3873983e+002
  2.3522893e+002
  2.3171802e+002
  2.2820712e+002
  2.2469621e+002
  2.2118531e+002
  2.1767440e+002
  2.1416349e+002
  2.1065259e+002
  2.0714168e+002
  2.0363078e+002
  2.0011987e+002
  1.9660897e+002
  1.9309806e+002
  1.8958716e+002
  1.8607625e+002
  1.8256535e+002
  1.7905444e+002
  1.7554354e+002
  1.7203263e+002
  1.6852173e+002
  1.6501082e+002
  1.6149992e+002
  1.5798901e+002
  1.5447811e+002
  1.5096720e+002
  1.4745630e+002
  1.4394539e+002
  1.4043449e+002
  1.3692358e+002
  1.3341268e+002
  1.2990177e+002
  1.2639087e+002
  1.2287996e+002
  1.1936906e+002
  1.1585815e+002
  1.1234725e+002
  1.0883634e+002
  1.0532544e+002
  1.0181453e+002
  9.8303626e+001
