  1.2559606e+001
  1.2559606e+001
  1.2559606e+001
  1.2559606e+001
  1.2559606e+001
  1.2559606e+001
  1.2559606e+001
  1.2559606e+001
  1.2559606e+001
  1.2559606e+001
  1.2559606e+001
  1.2559606e+001
  1.2559606e+001
  1.2559606e+001
  1.2559606e+001
  1.2559606e+001
  1.2559606e+001
  1.2559606e+001
  1.2559606e+001
  1.2559606e+001
  1.2896707e+001
  1.3256282e+001
  1.3615857e+001
  1.3975432e+001
  1.4335007e+001
  1.4694582e+001
  1.5054157e+001
  1.5413732e+001
  1.5773307e+001
  1.6132882e+001
  1.6492457e+001
  1.6852032e+001
  1.7211607e+001
  1.7571181e+001
  1.7930756e+001
  1.8290331e+001
  1.8649906e+001
  1.9009481e+001
  1.9369056e+001
  1.9728631e+001
  2.0088206e+001
  2.0447781e+001
  2.0807356e+001
  2.1166931e+001
  2.1526506e+001
  2.1886080e+001
  2.2245655e+001
  2.2605230e+001
  2.2964805e+001
  2.3324380e+001
  2.3683955e+001
  2.4043530e+001
  2.4403105e+001
  2.4762680e+001
  2.5122255e+001
  2.5481830e+001
  2.5841405e+001
  2.6200979e+001
  2.6560554e+001
  2.6920129e+001
  2.7279704e+001
  2.7639279e+001
  2.7998854e+001
  2.8358429e+001
  2.8718004e+001
  2.9077579e+001
  2.9437154e+001
  2.9796729e+001
  3.0156304e+001
  3.0515879e+001
  3.0875453e+001
  3.1235028e+001
  3.1594603e+001
  3.1954178e+001
  3.2313753e+001
  3.2673328e+001
  3.3032903e+001
  3.3392478e+001
  3.3752053e+001
  3.4111628e+001
  3.4471203e+001
  3.4830778e+001
  3.5190352e+001
  3.5549927e+001
  3.5909502e+001
  3.6269077e+001
  3.6628652e+001
  3.6988227e+001
  3.7347802e+001
  3.7707377e+001
  3.8066952e+001
  3.8426527e+001
  3.8786102e+001
  3.9145677e+001
  3.9505252e+001
  3.9864826e+001
  4.0224401e+001
  4.0583976e+001
  4.0943551e+001
  4.1303126e+001
  4.1662701e+001
  4.2022276e+001
  4.2381851e+001
  4.2741426e+001
  4.3101001e+001
  4.3460576e+001
  4.3820151e+001
  4.4179725e+001
  4.4539300e+001
  4.4898875e+001
  4.5258450e+001
  4.5618025e+001
  4.5977600e+001
  4.6337175e+001
  4.6696750e+001
  4.7056325e+001
  4.7415900e+001
  4.7431508e+001
  4.7175725e+001
  4.6919942e+001
  4.6664159e+001
  4.6408376e+001
  4.6152593e+001
  4.5896810e+001
  4.5641027e+001
  4.5385244e+001
  4.5129461e+001
  4.4873678e+001
  4.4617895e+001
  4.4362112e+001
  4.4106329e+001
  4.3850546e+001
  4.3594763e+001
  4.3338980e+001
  4.3083197e+001
  4.2827414e+001
  4.2571631e+001
  4.2315848e+001
  4.2060065e+001
  4.1804282e+001
  4.1548499e+001
  4.1292716e+001
  4.1036933e+001
  4.0781150e+001
  4.0525367e+001
  4.0269584e+001
  4.0013801e+001
  3.9758018e+001
  3.9502235e+001
  3.9246452e+001
  3.8990669e+001
  3.8734886e+001
  3.8479103e+001
  3.8223320e+001
  3.7967537e+001
  3.7711754e+001
  3.7455971e+001
  3.7200188e+001
  3.6944405e+001
  3.6688622e+001
  3.6432839e+001
  3.6177056e+001
  3.5921273e+001
  3.5665490e+001
  3.5409707e+001
  3.5153924e+001
  3.4898141e+001
  3.4642358e+001
  3.4386575e+001
  3.4130792e+001
  3.3875009e+001
  3.3619226e+001
  3.3363443e+001
  3.3107660e+001
  3.2851877e+001
  3.2596094e+001
  3.2340311e+001
  3.2084528e+001
  3.1828745e+001
  3.1572962e+001
  3.1317179e+001
  3.1061396e+001
  3.0805613e+001
  3.0549830e+001
  3.0294047e+001
  3.0038264e+001
  2.9782481e+001
  2.9526698e+001
  2.9270915e+001
  2.9015132e+001
  2.8759349e+001
  2.8503566e+001
  2.8247783e+001
  2.7992000e+001
  2.7736217e+001
  2.7480434e+001
  2.7224651e+001
  2.6968868e+001
  2.6713085e+001
  2.6457302e+001
  2.6201519e+001
  2.5945736e+001
  2.5689953e+001
  2.5434170e+001
  2.5178387e+001
  2.4922604e+001
  2.4666821e+001
  2.4411038e+001
  2.4155255e+001
  2.3899472e+001
  2.3643689e+001
  2.3387906e+001
  2.3132123e+001
  2.2876340e+001
  2.2620557e+001
  2.2364774e+001
  2.2108991e+001
  2.1853208e+001
  2.1597425e+001
  2.1341642e+001
  2.1085859e+001
  2.0830076e+001
  2.0574293e+001
  2.0318510e+001
  2.0062727e+001
  1.9806944e+001
  1.9551161e+001
  1.9295378e+001
  1.9039595e+001
  1.8783812e+001
  1.8528029e+001
  1.8272246e+001
  1.8016463e+001
  1.7760680e+001
  1.7504897e+001
  1.7249114e+001
  1.6993331e+001
  1.6737548e+001
  1.6481765e+001
  1.6225982e+001
  1.5970199e+001
  1.5714416e+001
  1.5458633e+001
  1.5202850e+001
  1.4947067e+001
  1.4691284e+001
  1.4435501e+001
  1.4179718e+001
  1.3923935e+001
  1.3668152e+001
  1.3412369e+001
  1.3156586e+001
  1.2900803e+001
  1.2645020e+001
  1.2389237e+001
  1.2133454e+001
