  8.2243305e+001
  8.2243305e+001
  8.2243305e+001
  8.2243305e+001
  8.2243305e+001
  8.2243305e+001
  8.2243305e+001
  8.2243305e+001
  8.2243305e+001
  8.2243305e+001
  8.2243305e+001
  8.4689248e+001
  8.7135190e+001
  8.9581133e+001
  9.2027075e+001
  9.4473018e+001
  9.6918961e+001
  9.9364903e+001
  1.0181085e+002
  1.0425679e+002
  1.0670273e+002
  1.0914867e+002
  1.1159462e+002
  1.1404056e+002
  1.1648650e+002
  1.1893244e+002
  1.2137839e+002
  1.2382433e+002
  1.2627027e+002
  1.2871621e+002
  1.3116216e+002
  1.3360810e+002
  1.3605404e+002
  1.3849998e+002
  1.4094593e+002
  1.4339187e+002
  1.4583781e+002
  1.4828375e+002
  1.5072970e+002
  1.5317564e+002
  1.5562158e+002
  1.5806752e+002
  1.6051347e+002
  1.6295941e+002
  1.6540535e+002
  1.6785129e+002
  1.7029724e+002
  1.7274318e+002
  1.7518912e+002
  1.7763507e+002
  1.8008101e+002
  1.8252695e+002
  1.8497289e+002
  1.8741884e+002
  1.8986478e+002
  1.9231072e+002
  1.9256947e+002
  1.9184773e+002
  1.9112599e+002
  1.9040425e+002
  1.8968251e+002
  1.8896077e+002
  1.8823903e+002
  1.8751729e+002
  1.8679555e+002
  1.8607381e+002
  1.8535207e+002
  1.8463033e+002
  1.8390859e+002
  1.8318685e+002
  1.8246511e+002
  1.8174337e+002
  1.8102163e+002
  1.8029989e+002
  1.7957815e+002
  1.7885641e+002
  1.7813467e+002
  1.7741293e+002
  1.7669119e+002
  1.7596945e+002
  1.7524771e+002
  1.7452597e+002
  1.7380423e+002
  1.7308249e+002
  1.7236075e+002
  1.7163901e+002
  1.7091727e+002
  1.7019553e+002
  1.6947379e+002
  1.6875205e+002
  1.6803031e+002
  1.6730857e+002
  1.6658683e+002
  1.6586509e+002
  1.6514335e+002
  1.6442161e+002
  1.6369987e+002
  1.6297813e+002
  1.6225639e+002
  1.6153465e+002
  1.6081291e+002
  1.6009117e+002
  1.5936943e+002
  1.5864769e+002
  1.5792595e+002
  1.5720421e+002
  1.5648247e+002
  1.5576073e+002
  1.5503899e+002
  1.5431725e+002
  1.5359551e+002
  1.5287377e+002
  1.5215203e+002
  1.5143029e+002
  1.5070855e+002
  1.4998681e+002
  1.4926507e+002
  1.4854333e+002
  1.4782159e+002
  1.4709985e+002
  1.4637811e+002
  1.4565637e+002
  1.4493463e+002
  1.4421289e+002
  1.4349115e+002
  1.4276941e+002
  1.4204767e+002
  1.4132593e+002
  1.4060419e+002
  1.3988245e+002
  1.3916071e+002
  1.3843897e+002
  1.3771723e+002
  1.3699549e+002
  1.3627375e+002
  1.3555201e+002
  1.3483027e+002
  1.3410853e+002
  1.3338679e+002
  1.3266505e+002
  1.3194331e+002
  1.3122157e+002
  1.3049983e+002
  1.2977809e+002
  1.2905635e+002
  1.2833461e+002
  1.2761287e+002
  1.2689113e+002
  1.2616939e+002
  1.2544765e+002
  1.2472591e+002
  1.2400417e+002
  1.2328243e+002
  1.2256069e+002
  1.2183895e+002
  1.2111721e+002
  1.2039547e+002
  1.1967373e+002
  1.1895199e+002
  1.1823025e+002
  1.1750851e+002
  1.1678677e+002
  1.1606503e+002
  1.1534329e+002
  1.1462155e+002
  1.1389981e+002
  1.1317807e+002
  1.1245633e+002
  1.1173459e+002
  1.1101285e+002
  1.1029111e+002
  1.0956937e+002
  1.0884763e+002
  1.0812589e+002
  1.0740415e+002
  1.0668241e+002
  1.0596067e+002
  1.0523893e+002
  1.0451719e+002
  1.0379545e+002
  1.0307371e+002
  1.0235197e+002
  1.0163024e+002
  1.0090850e+002
  1.0018676e+002
  9.9465015e+001
  9.8743275e+001
  9.8021535e+001
  9.7299795e+001
  9.6578055e+001
  9.5856315e+001
  9.5134575e+001
  9.4412836e+001
  9.3691096e+001
  9.2969356e+001
  9.2247616e+001
  9.1525876e+001
  9.0804136e+001
  9.0082396e+001
  8.9360656e+001
  8.8638916e+001
  8.7917176e+001
  8.7195436e+001
  8.6473696e+001
  8.5751956e+001
  8.5030216e+001
  8.4308476e+001
  8.3586736e+001
  8.2864996e+001
  8.2143256e+001
  8.1421516e+001
  8.0699776e+001
  7.9978037e+001
  7.9256297e+001
  7.8534557e+001
  7.7812817e+001
  7.7091077e+001
  7.6369337e+001
  7.5647597e+001
  7.4925857e+001
  7.4204117e+001
  7.3482377e+001
  7.2760637e+001
  7.2038897e+001
  7.1317157e+001
  7.0595417e+001
  6.9873677e+001
  6.9151937e+001
  6.8430197e+001
  6.7708457e+001
  6.6986717e+001
  6.6264977e+001
  6.5543238e+001
  6.4821498e+001
  6.4099758e+001
  6.3378018e+001
  6.2656278e+001
  6.1934538e+001
  6.1212798e+001
  6.0491058e+001
  5.9769318e+001
  5.9047578e+001
  5.8325838e+001
  5.7604098e+001
  5.6882358e+001
  5.6160618e+001
  5.5438878e+001
  5.4717138e+001
  5.3995398e+001
  5.3273658e+001
  5.2551918e+001
  5.1830179e+001
  5.1108439e+001
  5.0386699e+001
  4.9664959e+001
  4.8943219e+001
