2704	2704	2704	2704	
11728	11524	10778	11524	
11390	11236	10570	11236	
11000	11000	10398	11000	
10708	10646	10142	10646	
10566	10236	9634	10236	
9960	9812	9182	9812	
9652	9540	8964	9540	
9144	9112	8686	9112	
8836	8752	8306	8752	
8610	8468	8102	8468	
8350	8204	7835	8204	
8103	7953	7575	7953	
7909	7742	7355	7742	
7616	7536	7304	7536	
7407	7384	7098	7384	
7347	7184	6899	7184	
7191	7103	6785	7103	
7119	6970	6655	6970	
6962	6853	6614	6853	
6886	6756	6484	6756	
6802	6626	6425	6626	
6686	6590	6455	6590	
6655	6549	6410	6549	
6646	6478	6264	6478	
6592	6459	6358	6459	
6539	6450	6255	6450	
6540	6432	6335	6432	
6647	6494	6306	6494	
6587	6470	6289	6470	
6696	6495	6310	6495	
6657	6573	6399	6573	
6786	6608	6447	6608	
6794	6735	6497	6735	
6917	6803	6648	6803	
7037	6920	6666	6920	
7166	7075	6832	7075	
7288	7197	6910	7197	
7459	7273	7075	7273	
7714	7490	7214	7490	
7787	7621	7427	7621	
7995	7868	7595	7868	
8270	8121	7686	8121	
8560	8378	8046	8378	
8880	8664	8264	8664	
9132	9000	8612	9000	
9438	9260	8902	9260	
9762	9674	9224	9674	
10212	10018	9472	10018	
10800	10418	9982	10418	
10992	10754	10150	10754	
11510	11024	10552	11024	
11668	11530	10880	11530	
11444	11418	10592	11418	
11196	10838	10304	10838	
10888	10534	10164	10534	
10332	10262	9796	10262	
10186	9854	9406	9854	
9680	9488	9124	9488	
9310	9112	8766	9112	
8962	8750	8410	8750	
8640	8418	8128	8418	
8298	8163	7864	8163	
7986	7887	7571	7887	
7827	7628	7343	7628	
7576	7433	7197	7433	
7372	7261	6943	7261	
7239	7080	6824	7080	
7049	6912	6713	6912	
6965	6815	6619	6815	
6808	6729	6475	6729	
6748	6597	6434	6597	
6650	6494	6255	6494	
6581	6419	6255	6419	
6443	6376	6143	6376	
6420	6320	6107	6320	
6397	6266	6104	6266	
6339	6193	6121	6193	
6294	6202	6036	6202	
6314	6210	6064	6210	
6382	6216	6085	6216	
6437	6290	6077	6290	
6440	6268	6146	6268	
6497	6330	6138	6330	
6549	6384	6210	6384	
6632	6479	6297	6479	
6668	6564	6419	6564	
6807	6633	6452	6633	
6900	6741	6579	6741	
7036	6874	6694	6874	
7168	7012	6743	7012	
7365	7196	6963	7196	
7482	7343	7101	7343	
7732	7597	7256	7597	
7987	7829	7530	7829	
8192	8030	7735	8030	
8510	8304	7976	8304	
8834	8632	8248	8632	
9192	8976	8612	8976	
9622	9364	9014	9364	
10002	9676	9326	9676	
10326	10080	9694	10080	
10614	10394	10098	10394	
10940	10794	10334	10794	
11270	11114	10504	11114	
11342	11302	10740	11302	
11016	10698	10064	10698	
10564	10340	9888	10340	
10268	9958	9556	9958	
9816	9588	9264	9588	
9392	9198	8930	9198	
9056	8834	8444	8834	
8620	8516	8200	8516	
8396	8166	7784	8166	
8058	7924	7607	7924	
7888	7624	7362	7624	
7564	7428	7169	7428	
7395	7289	6972	7289	
7236	7028	6785	7028	
7011	6891	6689	6891	
6880	6774	6579	6774	
6796	6656	6389	6656	
6645	6525	6323	6525	
6539	6409	6209	6409	
6472	6321	6172	6321	
6343	6247	6102	6247	
6325	6184	6008	6184	
6251	6101	5973	6101	
6235	6066	5958	6066	
6182	6030	5895	6030	
6135	6029	5911	6029	
6179	6007	5913	6007	
6200	6043	5895	6043	
6166	6071	5959	6071	
6238	6097	5923	6097	
6295	6143	5989	6143	
6352	6232	6051	6232	
6441	6315	6132	6315	
6479	6405	6213	6405	
6598	6465	6301	6465	
6753	6581	6428	6581	
6851	6684	6532	6684	
7027	6847	6731	6847	
7215	6996	6779	6996	
7366	7146	6916	7146	
7552	7383	7151	7383	
7769	7595	7232	7595	
7969	7848	7552	7848	
8328	8132	7813	8132	
8582	8400	8152	8400	
8866	8714	8428	8714	
9362	9096	8710	9096	
9682	9442	9128	9442	
10114	9864	9414	9864	
10456	10258	9802	10258	
10694	10556	10124	10556	
11076	10892	10320	10892	
11420	11108	10568	11108	
10770	10512	9998	10512	
10494	10190	9718	10190	
9954	9788	9402	9788	
9554	9364	8994	9364	
9274	9014	8626	9014	
8858	8656	8256	8656	
8446	8272	7970	8272	
8179	7997	7664	7997	
7894	7736	7455	7736	
7687	7512	7160	7512	
7427	7276	7033	7276	
7227	7103	6781	7103	
7077	6926	6626	6926	
6893	6736	6567	6736	
6747	6618	6452	6618	
6624	6466	6277	6466	
6519	6401	6203	6401	
6382	6257	6072	6257	
6263	6140	6050	6140	
6244	6114	5989	6114	
6070	6036	5824	6036	
6115	5962	5826	5962	
6071	5906	5794	5906	
6012	5863	5801	5863	
5989	5840	5717	5840	
6012	5869	5743	5869	
6007	5866	5739	5866	
6018	5920	5797	5920	
6127	5929	5813	5929	
6100	5975	5897	5975	
6169	6074	5901	6074	
6252	6133	5994	6133	
6330	6219	6098	6219	
6446	6326	6151	6326	
6615	6433	6302	6433	
6696	6519	6358	6519	
6802	6697	6484	6697	
6992	6867	6588	6867	
7156	7029	6774	7029	
7273	7193	6902	7193	
7552	7373	7096	7373	
7871	7640	7373	7640	
8084	7902	7613	7902	
8360	8226	7932	8226	
8664	8506	8162	8506	
9018	8910	8570	8910	
9542	9262	8836	9262	
9846	9644	9224	9644	
10326	10090	9570	10090	
10662	10366	9896	10366	
10954	10784	10362	10784	
11084	11080	10308	11080	
10578	10404	9860	10404	
10248	9988	9480	9988	
9898	9660	9100	9660	
9362	9156	8660	9156	
8932	8774	8470	8774	
8570	8438	8069	8438	
8352	8129	7820	8129	
7945	7800	7490	7800	
7671	7529	7244	7529	
7545	7318	7126	7318	
7228	7084	6839	7084	
7040	6916	6678	6916	
6903	6785	6554	6785	
6699	6630	6412	6630	
6628	6468	6251	6468	
6442	6337	6178	6337	
6278	6203	6046	6203	
6169	6072	5971	6072	
6160	6026	5873	6026	
6030	5913	5785	5913	
6014	5843	5754	5843	
5880	5809	5689	5809	
5860	5755	5698	5755	
5881	5721	5641	5721	
5770	5702	5607	5702	
5800	5708	5636	5708	
5887	5743	5634	5743	
5825	5754	5679	5754	
5889	5783	5647	5783	
5923	5815	5711	5815	
5978	5895	5801	5895	
6084	5981	5856	5981	
6144	6039	5941	6039	
6294	6168	6009	6168	
6436	6282	6153	6282	
6541	6402	6240	6402	
6634	6576	6325	6576	
6813	6693	6505	6693	
6989	6849	6630	6849	
7183	7056	6801	7056	
7324	7242	7009	7242	
7577	7460	7162	7460	
7848	7727	7403	7727	
8182	7997	7626	7997	
8418	8276	8005	8276	
8850	8636	8306	8636	
9128	9040	8698	9040	
9670	9424	8998	9424	
10040	9792	9456	9792	
10526	10186	9786	10186	
10724	10604	10144	10604	
10972	10838	10254	10838	
10386	10258	9656	10258	
9944	9798	9386	9798	
9646	9416	8980	9416	
9146	8970	8550	8970	
8710	8542	8234	8542	
8376	8232	7908	8232	
8035	7913	7587	7913	
7749	7644	7410	7644	
7470	7398	7079	7398	
7259	7136	6904	7136	
7042	6945	6750	6945	
6970	6770	6616	6770	
6713	6639	6479	6639	
6539	6457	6363	6457	
6472	6324	6159	6324	
6313	6165	6020	6165	
6177	6064	5966	6064	
6063	5960	5834	5960	
5948	5880	5795	5880	
5856	5777	5663	5777	
5750	5690	5608	5690	
5720	5638	5516	5638	
5667	5599	5540	5599	
5684	5571	5524	5571	
5696	5562	5497	5562	
5667	5576	5478	5576	
5671	5556	5461	5556	
5675	5575	5499	5575	
5724	5623	5534	5623	
5769	5688	5611	5688	
5860	5747	5683	5747	
5900	5805	5738	5805	
5994	5908	5821	5908	
6110	6014	5916	6014	
6277	6156	6018	6156	
6374	6258	6152	6258	
6481	6382	6227	6382	
6682	6583	6397	6583	
6853	6707	6492	6707	
6998	6912	6663	6912	
7232	7111	6877	7111	
7483	7283	7021	7283	
7623	7556	7230	7556	
7955	7815	7557	7815	
8228	8114	7791	8114	
8658	8480	8159	8480	
9044	8868	8484	8868	
9448	9236	8886	9236	
9782	9598	9348	9598	
10232	10030	9700	10030	
10664	10458	10008	10458	
10762	10758	9974	10758	
10216	10048	9600	10048	
9858	9600	9292	9600	
9362	9212	8774	9212	
8998	8800	8434	8800	
8556	8374	8101	8374	
8244	8069	7815	8069	
7897	7759	7432	7759	
7613	7532	7200	7532	
7404	7249	6951	7249	
7123	6976	6791	6976	
6928	6833	6588	6833	
6773	6648	6408	6648	
6587	6484	6328	6484	
6421	6354	6123	6354	
6302	6195	6050	6195	
6144	6070	5852	6070	
6039	5913	5841	5913	
5941	5818	5713	5818	
5816	5729	5616	5729	
5731	5619	5520	5619	
5667	5568	5486	5568	
5627	5515	5475	5515	
5600	5473	5430	5473	
5535	5423	5352	5423	
5481	5405	5374	5405	
5520	5402	5384	5402	
5519	5418	5369	5418	
5541	5430	5367	5430	
5614	5489	5399	5489	
5638	5572	5479	5572	
5699	5625	5515	5625	
5761	5689	5607	5689	
5904	5788	5694	5788	
5956	5877	5779	5877	
6093	6021	5911	6021	
6202	6124	6042	6124	
6378	6260	6099	6260	
6533	6440	6321	6440	
6671	6596	6399	6596	
6843	6754	6541	6754	
7057	6941	6772	6941	
7358	7172	6966	7172	
7595	7384	7149	7384	
7872	7643	7459	7643	
8050	7961	7683	7961	
8476	8252	7964	8252	
8904	8600	8268	8600	
9250	9000	8662	9000	
9656	9406	9078	9406	
9996	9830	9366	9830	
10348	10396	9810	10396	
10648	10516	9868	10516	
10128	9860	9456	9860	
9704	9412	9068	9412	
9176	9008	8704	9008	
8808	8610	8272	8610	
8396	8266	7923	8266	
7977	7918	7565	7918	
7754	7584	7328	7584	
7517	7303	7035	7303	
7249	7124	6851	7124	
6966	6904	6611	6904	
6788	6703	6456	6703	
6617	6519	6333	6519	
6467	6347	6173	6347	
6288	6195	6009	6195	
6163	6041	5947	6041	
6018	5925	5790	5925	
5877	5788	5654	5788	
5726	5678	5590	5678	
5677	5533	5465	5533	
5595	5493	5417	5493	
5486	5426	5343	5426	
5442	5350	5288	5350	
5426	5329	5229	5329	
5391	5285	5224	5285	
5359	5275	5242	5275	
5322	5252	5234	5252	
5373	5269	5241	5269	
5415	5308	5241	5308	
5445	5335	5309	5335	
5496	5405	5294	5405	
5479	5447	5405	5447	
5678	5535	5441	5535	
5718	5651	5543	5651	
5814	5733	5682	5733	
5949	5875	5747	5875	
6061	6003	5882	6003	
6191	6127	6052	6127	
6397	6274	6072	6274	
6587	6457	6242	6457	
6724	6663	6434	6663	
6911	6836	6586	6836	
7138	7034	6819	7034	
7368	7272	7008	7272	
7615	7478	7234	7478	
7902	7818	7420	7818	
8236	8104	7909	8104	
8634	8442	8108	8442	
9084	8858	8492	8858	
9414	9224	8894	9224	
9936	9714	9268	9714	
10264	10150	9686	10150	
10510	10354	9750	10354	
9856	9636	9256	9636	
9552	9262	8826	9262	
9008	8794	8484	8794	
8610	8376	8076	8376	
8250	8051	7721	8051	
7902	7754	7458	7754	
7607	7430	7131	7430	
7359	7198	6963	7198	
7127	6977	6727	6977	
6852	6766	6552	6766	
6724	6546	6382	6546	
6503	6393	6195	6393	
6344	6235	6067	6235	
6167	6075	5917	6075	
6008	5896	5793	5896	
5861	5796	5619	5796	
5717	5654	5586	5654	
5609	5525	5456	5525	
5517	5440	5406	5440	
5457	5354	5297	5354	
5344	5263	5233	5263	
5305	5227	5181	5227	
5246	5189	5127	5189	
5262	5137	5095	5137	
5209	5131	5048	5131	
5173	5130	5080	5130	
5233	5144	5102	5144	
5272	5191	5096	5191	
5268	5176	5198	5176	
5319	5261	5227	5261	
5388	5303	5261	5303	
5436	5397	5353	5397	
5598	5499	5441	5499	
5681	5640	5510	5640	
5828	5717	5663	5717	
5951	5859	5742	5859	
6125	6002	5849	6002	
6248	6152	6052	6152	
6454	6331	6131	6331	
6638	6502	6254	6502	
6805	6695	6522	6695	
7013	6890	6706	6890	
7239	7108	6908	7108	
7502	7376	7057	7376	
7762	7610	7391	7610	
8156	7980	7674	7980	
8444	8312	7990	8312	
8784	8702	8332	8702	
9170	9092	8842	9092	
9728	9476	9088	9476	
10126	9970	9520	9970	
10312	10198	9550	10198	
9684	9516	9102	9516	
9236	9078	8656	9078	
8814	8648	8286	8648	
8478	8228	7949	8228	
7997	7935	7576	7935	
7753	7595	7258	7595	
7472	7324	7047	7324	
7226	7068	6816	7068	
6955	6845	6623	6845	
6732	6679	6439	6679	
6554	6467	6258	6467	
6348	6287	6137	6287	
6192	6094	5967	6094	
6060	5940	5810	5940	
5902	5805	5649	5805	
5702	5648	5564	5648	
5623	5517	5447	5517	
5472	5403	5344	5403	
5415	5309	5240	5309	
5291	5230	5152	5230	
5259	5172	5072	5172	
5154	5075	5049	5075	
5131	5062	5009	5062	
5120	5029	4988	5029	
5044	4982	4953	4982	
5035	4989	4913	4989	
5049	5000	4964	5000	
5134	5055	5008	5055	
5155	5067	5030	5067	
5191	5126	5087	5126	
5272	5157	5090	5157	
5326	5264	5169	5264	
5469	5377	5285	5377	
5572	5473	5410	5473	
5687	5601	5536	5601	
5834	5744	5596	5744	
5968	5877	5749	5877	
6128	6044	5918	6044	
6290	6227	5998	6227	
6510	6388	6196	6388	
6702	6588	6395	6588	
6879	6795	6514	6795	
7092	6984	6744	6984	
7408	7261	7001	7261	
7621	7512	7160	7512	
8043	7849	7485	7849	
8292	8112	7809	8112	
8624	8478	8109	8478	
9104	8942	8602	8942	
9608	9326	8952	9326	
10058	9848	9388	9848	
10130	9980	9592	9980	
9616	9318	8734	9318	
9176	8938	8496	8938	
8740	8536	8169	8536	
8274	8133	7770	8133	
7965	7728	7457	7728	
7657	7493	7162	7493	
7437	7185	6955	7185	
7128	6950	6711	6950	
6856	6734	6563	6734	
6659	6528	6352	6528	
6436	6343	6151	6343	
6244	6179	6020	6179	
6075	6011	5870	6011	
5955	5821	5723	5821	
5822	5682	5594	5682	
5579	5524	5451	5524	
5478	5397	5345	5397	
5353	5281	5220	5281	
5256	5184	5100	5184	
5157	5093	5034	5093	
5089	5032	4980	5032	
5039	4973	4974	4973	
4987	4922	4883	4922	
4942	4881	4841	4881	
4929	4856	4849	4856	
4931	4868	4860	4868	
4948	4859	4846	4859	
4974	4902	4866	4902	
4983	4931	4883	4931	
5078	4989	4966	4989	
5149	5063	5020	5063	
5237	5144	5082	5144	
5299	5241	5185	5241	
5402	5376	5323	5376	
5587	5502	5376	5502	
5694	5640	5464	5640	
5874	5748	5654	5748	
6005	5934	5829	5934	
6195	6106	5870	6106	
6384	6300	6139	6300	
6594	6484	6312	6484	
6858	6672	6449	6672	
6989	6868	6635	6868	
7182	7144	6820	7144	
7495	7331	7130	7331	
7834	7672	7397	7672	
8115	7964	7691	7964	
8604	8368	8030	8368	
8920	8790	8390	8790	
9348	9176	8846	9176	
9910	9676	9194	9676	
10056	9892	9498	9892	
9428	9196	8744	9196	
9014	8762	8342	8762	
8556	8340	8054	8340	
8143	7978	7674	7978	
7794	7649	7375	7649	
7502	7389	7044	7389	
7209	7081	6869	7081	
6948	6848	6683	6848	
6813	6652	6402	6652	
6573	6463	6206	6463	
6338	6268	6070	6268	
6186	6043	5892	6043	
6036	5913	5733	5913	
5837	5742	5620	5742	
5647	5606	5443	5606	
5501	5413	5359	5413	
5366	5284	5214	5284	
5228	5174	5097	5174	
5098	5048	4988	5048	
5054	4996	4949	4996	
4971	4911	4856	4911	
4902	4855	4844	4855	
4871	4818	4762	4818	
4833	4765	4713	4765	
4786	4730	4731	4730	
4773	4734	4722	4734	
4839	4780	4726	4780	
4846	4788	4780	4788	
4908	4809	4760	4809	
4963	4897	4843	4897	
5026	4944	4897	4944	
5114	5028	4982	5028	
5177	5116	5065	5116	
5292	5250	5182	5250	
5445	5384	5306	5384	
5571	5476	5370	5476	
5745	5661	5492	5661	
5925	5822	5688	5822	
6048	5988	5836	5988	
6311	6171	6014	6171	
6503	6360	6199	6360	
6723	6575	6376	6575	
6905	6812	6601	6812	
7160	7022	6748	7022	
7409	7292	6989	7292	
7734	7538	7260	7538	
8006	7858	7616	7858	
8394	8214	7921	8214	
8776	8650	8260	8650	
9246	9040	8664	9040	
9658	9508	9138	9508	
9994	9788	9238	9788	
9230	9070	8678	9070	
8824	8604	8260	8604	
8484	8248	7848	8248	
8036	7838	7478	7838	
7700	7583	7189	7583	
7405	7274	6998	7274	
7118	7038	6711	7038	
6869	6741	6507	6741	
6710	6571	6370	6571	
6476	6367	6158	6367	
6261	6134	6010	6134	
6055	5964	5778	5964	
5908	5818	5647	5818	
5698	5616	5563	5616	
5533	5448	5357	5448	
5409	5334	5255	5334	
5246	5188	5114	5188	
5146	5050	5005	5050	
5034	4979	4928	4979	
4969	4855	4825	4855	
4803	4789	4757	4789	
4812	4718	4715	4718	
4744	4684	4659	4684	
4724	4658	4657	4658	
4699	4646	4642	4646	
4671	4623	4618	4623	
4696	4643	4629	4643	
4747	4669	4656	4669	
4765	4698	4716	4698	
4831	4754	4731	4754	
4896	4826	4819	4826	
4976	4929	4882	4929	
5071	5002	5005	5002	
5206	5127	5086	5127	
5325	5281	5160	5281	
5464	5427	5288	5427	
5595	5540	5483	5540	
5832	5762	5603	5762	
5994	5917	5771	5917	
6192	6081	5934	6081	
6392	6293	6100	6293	
6558	6481	6288	6481	
6781	6695	6461	6695	
7057	6949	6641	6949	
7278	7173	6858	7173	
7560	7450	7165	7450	
7990	7743	7494	7743	
8330	8115	7719	8115	
8700	8516	8137	8516	
9086	8856	8606	8856	
9604	9324	8872	9324	
9638	9596	9166	9596	
9074	8892	8556	8892	
8668	8528	8119	8528	
8306	8109	7734	8109	
7938	7763	7434	7763	
7551	7434	7171	7434	
7278	7183	6877	7183	
7077	6891	6604	6891	
6854	6705	6472	6705	
6588	6490	6264	6490	
6368	6256	6069	6256	
6144	6051	5871	6051	
5956	5890	5756	5890	
5795	5681	5564	5681	
5590	5547	5451	5547	
5408	5367	5275	5367	
5298	5250	5183	5250	
5171	5093	5045	5093	
5023	4996	4948	4996	
4956	4874	4856	4874	
4862	4763	4728	4763	
4753	4699	4637	4699	
4687	4646	4602	4646	
4630	4589	4573	4589	
4610	4576	4591	4576	
4620	4533	4528	4533	
4573	4525	4524	4525	
4620	4562	4563	4562	
4603	4596	4572	4596	
4629	4606	4585	4606	
4713	4676	4668	4676	
4779	4754	4654	4754	
4860	4804	4748	4804	
4978	4918	4868	4918	
5077	5048	4973	5048	
5277	5167	5094	5167	
5338	5292	5233	5292	
5490	5447	5363	5447	
5698	5636	5500	5636	
5882	5818	5686	5818	
6040	6009	5824	6009	
6288	6194	6029	6194	
6547	6411	6193	6411	
6681	6631	6428	6631	
6881	6822	6661	6822	
7134	7100	6818	7100	
7517	7369	7098	7369	
7753	7650	7307	7650	
8155	7951	7684	7951	
8524	8372	8012	8372	
8964	8728	8412	8728	
9346	9248	8734	9248	
9700	9490	8922	9490	
9046	8858	8472	8858	
8606	8378	8018	8378	
8208	8006	7673	8006	
7852	7664	7413	7664	
7483	7308	7059	7308	
7179	7118	6822	7118	
6958	6839	6613	6839	
6693	6591	6360	6591	
6513	6394	6190	6394	
6297	6197	6037	6197	
6063	5976	5799	5976	
5870	5804	5670	5804	
5676	5626	5582	5626	
5504	5443	5307	5443	
5362	5277	5222	5277	
5185	5142	5074	5142	
5054	5014	4937	5014	
4924	4880	4818	4880	
4810	4770	4729	4770	
4749	4699	4669	4699	
4676	4607	4600	4607	
4609	4555	4567	4555	
4553	4523	4500	4523	
4493	4470	4454	4470	
4492	4469	4484	4469	
4518	4450	4462	4450	
4494	4463	4450	4463	
4510	4497	4497	4497	
4558	4520	4529	4520	
4602	4591	4533	4591	
4677	4641	4598	4641	
4764	4721	4706	4721	
4881	4811	4793	4811	
5020	4949	4912	4949	
5152	5092	5020	5092	
5269	5193	5159	5193	
5423	5364	5318	5364	
5638	5558	5433	5558	
5796	5719	5593	5719	
5996	5930	5725	5930	
6186	6100	5913	6100	
6417	6328	6134	6328	
6616	6528	6319	6528	
6894	6714	6487	6714	
7156	7009	6761	7009	
7473	7224	6973	7224	
7655	7526	7295	7526	
7984	7873	7598	7873	
8426	8222	7937	8222	
8906	8650	8320	8650	
9302	9178	8742	9178	
9448	9500	8798	9500	
8948	8734	8336	8734	
8524	8314	7953	8314	
8117	7935	7661	7935	
7775	7574	7257	7574	
7373	7281	6974	7281	
7186	7011	6701	7011	
6892	6792	6539	6792	
6670	6565	6317	6565	
6457	6325	6101	6325	
6193	6122	5928	6122	
6005	5906	5785	5906	
5774	5730	5602	5730	
5602	5556	5456	5556	
5456	5378	5303	5378	
5275	5204	5121	5204	
5139	5070	5036	5070	
5002	4917	4880	4917	
4833	4799	4795	4799	
4751	4699	4659	4699	
4666	4629	4630	4629	
4560	4535	4551	4535	
4518	4469	4471	4469	
4465	4439	4430	4439	
4463	4432	4416	4432	
4442	4387	4390	4387	
4395	4395	4380	4395	
4414	4386	4364	4386	
4456	4414	4444	4414	
4473	4449	4422	4449	
4508	4502	4497	4502	
4625	4551	4541	4551	
4671	4649	4627	4649	
4751	4753	4720	4753	
4906	4855	4793	4855	
5068	5008	4973	5008	
5183	5153	5065	5153	
5329	5287	5215	5287	
5554	5474	5390	5474	
5738	5640	5483	5640	
5909	5866	5729	5866	
6133	6035	5886	6035	
6318	6268	6082	6268	
6603	6481	6282	6481	
6788	6724	6469	6724	
7068	6940	6733	6940	
7336	7179	6999	7179	
7630	7451	7205	7451	
8029	7811	7523	7811	
8296	8206	7735	8206	
8700	8556	8152	8556	
9214	9092	8630	9092	
9444	9266	8826	9266	
8860	8604	8268	8604	
8432	8256	7942	8256	
8053	7866	7470	7866	
7669	7540	7152	7540	
7393	7249	6892	7249	
7091	6965	6668	6965	
6864	6710	6452	6710	
6594	6466	6216	6466	
6346	6251	6118	6251	
6114	6066	5927	6066	
5923	5851	5730	5851	
5717	5657	5509	5657	
5535	5500	5361	5500	
5331	5307	5206	5307	
5188	5138	5098	5138	
5043	4990	4883	4990	
4920	4852	4819	4852	
4747	4725	4688	4725	
4677	4630	4641	4630	
4618	4547	4524	4547	
4482	4488	4492	4488	
4456	4405	4389	4405	
4431	4378	4361	4378	
4422	4347	4364	4347	
4372	4325	4299	4325	
4360	4321	4315	4321	
4328	4332	4352	4332	
4364	4359	4338	4359	
4414	4400	4395	4400	
4452	4422	4375	4422	
4511	4492	4462	4492	
4594	4572	4543	4572	
4677	4650	4645	4650	
4796	4788	4772	4788	
4928	4924	4901	4924	
5115	5074	5023	5074	
5270	5228	5166	5228	
5462	5392	5352	5392	
5683	5585	5460	5585	
5842	5763	5601	5763	
6039	5993	5821	5993	
6289	6174	5971	6174	
6544	6435	6215	6435	
6749	6638	6390	6638	
6984	6893	6621	6893	
7219	7128	6853	7128	
7561	7381	7192	7381	
7910	7717	7482	7717	
8232	8112	7745	8112	
8660	8472	8054	8472	
9082	8950	8564	8950	
9274	9200	8686	9200	
8768	8560	8192	8560	
8284	8144	7773	8144	
7963	7804	7328	7804	
7637	7493	7168	7493	
7296	7177	6911	7177	
7048	6903	6668	6903	
6737	6664	6427	6664	
6572	6454	6194	6454	
6314	6215	6034	6215	
6134	5993	5890	5993	
5904	5774	5661	5774	
5681	5603	5472	5603	
5441	5417	5281	5417	
5322	5219	5176	5219	
5145	5099	5014	5099	
4983	4953	4881	4953	
4844	4773	4754	4773	
4690	4674	4630	4674	
4584	4556	4574	4556	
4528	4485	4457	4485	
4445	4400	4418	4400	
4374	4370	4382	4370	
4345	4308	4315	4308	
4320	4288	4312	4288	
4265	4268	4286	4268	
4304	4271	4276	4271	
4309	4272	4280	4272	
4318	4297	4306	4297	
4318	4305	4303	4305	
4384	4387	4330	4387	
4422	4425	4417	4425	
4535	4495	4525	4495	
4638	4588	4557	4588	
4771	4732	4696	4732	
4910	4862	4834	4862	
5022	4988	4919	4988	
5215	5176	5074	5176	
5367	5344	5226	5344	
5560	5509	5381	5509	
5803	5717	5573	5717	
5986	5928	5773	5928	
6278	6149	5964	6149	
6470	6352	6175	6352	
6667	6583	6356	6583	
6945	6834	6555	6834	
7220	7093	6808	7093	
7473	7362	7100	7362	
7846	7689	7378	7689	
8226	8017	7730	8017	
8528	8430	8126	8430	
9008	8864	8574	8864	
9350	9178	8692	9178	
8704	8520	8078	8520	
8234	8112	7675	8112	
7904	7719	7357	7719	
7624	7415	7105	7415	
7244	7099	6821	7099	
6926	6876	6555	6876	
6709	6647	6362	6647	
6503	6390	6199	6390	
6247	6170	5971	6170	
6013	5932	5784	5932	
5827	5732	5572	5732	
5606	5537	5436	5537	
5394	5358	5277	5358	
5243	5184	5121	5184	
5052	5024	4926	5024	
4919	4862	4806	4862	
4794	4728	4707	4728	
4629	4615	4561	4615	
4557	4521	4504	4521	
4452	4424	4451	4424	
4365	4374	4370	4374	
4334	4315	4313	4315	
4310	4274	4317	4274	
4273	4251	4278	4251	
4238	4210	4234	4210	
4255	4217	4225	4217	
4265	4245	4236	4245	
4272	4250	4244	4250	
4272	4279	4275	4279	
4345	4317	4298	4317	
4388	4382	4352	4382	
4477	4460	4442	4460	
4620	4568	4513	4568	
4682	4675	4633	4675	
4811	4819	4782	4819	
4960	4932	4868	4932	
5110	5114	5048	5114	
5327	5284	5202	5284	
5529	5485	5344	5485	
5739	5663	5538	5663	
5961	5880	5712	5880	
6171	6096	5946	6096	
6414	6311	6116	6311	
6655	6543	6335	6543	
6898	6753	6535	6753	
7091	7014	6830	7014	
7455	7303	7050	7303	
7778	7630	7190	7630	
8108	7906	7631	7906	
8494	8264	7962	8264	
8976	8816	8366	8816	
9224	9034	8506	9034	
8704	8430	8091	8430	
8168	8021	7605	8021	
7817	7694	7348	7694	
7515	7359	7075	7359	
7209	7095	6768	7095	
6934	6813	6550	6813	
6698	6599	6356	6599	
6430	6346	6082	6346	
6173	6120	5926	6120	
5952	5887	5751	5887	
5752	5681	5526	5681	
5536	5499	5379	5499	
5366	5317	5216	5317	
5167	5132	5080	5132	
5014	4959	4899	4959	
4835	4826	4769	4826	
4708	4675	4627	4675	
4601	4576	4554	4576	
4514	4481	4481	4481	
4412	4405	4420	4405	
4313	4330	4349	4330	
4269	4269	4290	4269	
4255	4248	4265	4248	
4217	4195	4216	4195	
4184	4190	4186	4190	
4191	4181	4204	4181	
4223	4212	4209	4212	
4214	4206	4237	4206	
4223	4250	4226	4250	
4291	4298	4269	4298	
4345	4346	4326	4346	
4453	4409	4405	4409	
4506	4495	4469	4495	
4633	4609	4593	4609	
4776	4743	4721	4743	
4935	4893	4832	4893	
5043	5063	4989	5063	
5288	5234	5197	5234	
5461	5401	5286	5401	
5732	5617	5458	5617	
5899	5863	5700	5863	
6109	6054	5882	6054	
6345	6291	6106	6291	
6546	6482	6299	6482	
6843	6710	6479	6710	
7098	6980	6735	6980	
7362	7218	6977	7218	
7693	7550	7260	7550	
7991	7919	7511	7919	
8428	8270	7971	8270	
8904	8788	8324	8788	
9278	8984	8614	8984	
8562	8368	7973	8368	
8134	8024	7600	8024	
7728	7620	7245	7620	
7461	7330	7002	7330	
7202	7071	6737	7071	
6924	6762	6547	6762	
6653	6541	6291	6541	
6405	6315	6146	6315	
6164	6082	5905	6082	
5938	5842	5679	5842	
5696	5626	5532	5626	
5523	5449	5320	5449	
5323	5272	5213	5272	
5121	5100	5077	5100	
4950	4926	4850	4926	
4825	4799	4777	4799	
4691	4661	4628	4661	
4555	4516	4500	4516	
4450	4433	4452	4433	
4391	4361	4373	4361	
4323	4311	4337	4311	
4245	4248	4269	4248	
4213	4198	4218	4198	
4189	4199	4208	4199	
4159	4159	4170	4159	
4179	4148	4159	4148	
4193	4156	4156	4156	
4184	4183	4211	4183	
4180	4201	4235	4201	
4251	4251	4207	4251	
4305	4314	4311	4314	
4407	4382	4374	4382	
4496	4462	4459	4462	
4596	4592	4546	4592	
4706	4686	4683	4686	
4888	4822	4789	4822	
5027	5016	4953	5016	
5264	5217	5156	5217	
5444	5356	5275	5356	
5627	5580	5455	5580	
5843	5777	5661	5777	
6052	6004	5823	6004	
6379	6239	6039	6239	
6540	6445	6244	6445	
6789	6698	6463	6698	
7086	6948	6725	6948	
7300	7198	6996	7198	
7648	7472	7215	7472	
8018	7867	7525	7867	
8394	8184	7890	8184	
8860	8722	8348	8722	
9114	9006	8540	9006	
8522	8398	7941	8398	
8059	7955	7606	7955	
7795	7621	7224	7621	
7443	7255	6930	7255	
7096	7034	6686	7034	
6858	6740	6489	6740	
6630	6537	6265	6537	
6403	6277	6120	6277	
6153	6074	5869	6074	
5935	5853	5664	5853	
5663	5651	5449	5651	
5504	5407	5303	5407	
5286	5207	5143	5207	
5137	5069	5004	5069	
4962	4898	4858	4898	
4766	4764	4708	4764	
4653	4629	4605	4629	
4510	4489	4467	4489	
4448	4413	4392	4413	
4329	4346	4332	4346	
4294	4280	4300	4280	
4202	4220	4251	4220	
4181	4197	4203	4197	
4166	4170	4176	4170	
4161	4154	4149	4154	
4156	4126	4172	4126	
4181	4154	4138	4154	
4174	4174	4181	4174	
4184	4184	4181	4184	
4235	4225	4201	4225	
4300	4272	4279	4272	
4344	4350	4335	4350	
4479	4420	4427	4420	
4548	4549	4543	4549	
4716	4682	4651	4682	
4832	4813	4789	4813	
5005	4963	4945	4963	
5204	5158	5119	5158	
5385	5337	5286	5337	
5617	5553	5416	5553	
5808	5746	5593	5746	
6051	5969	5788	5969	
6321	6213	6027	6213	
6515	6429	6231	6429	
6757	6653	6375	6653	
7019	6883	6625	6883	
7313	7172	6855	7172	
7644	7506	7183	7506	
8015	7811	7469	7811	
8306	8165	7756	8165	
8818	8610	8274	8610	
9096	8986	8340	8986	
8530	8322	7886	8322	
8082	7934	7534	7934	
7742	7582	7257	7582	
7360	7232	6908	7232	
7116	6992	6708	6992	
6782	6736	6451	6736	
6599	6503	6255	6503	
6369	6244	6010	6244	
6059	6045	5856	6045	
5884	5817	5648	5817	
5670	5579	5467	5579	
5461	5385	5261	5385	
5258	5206	5129	5206	
5099	5038	4962	5038	
4887	4881	4849	4881	
4712	4741	4675	4741	
4618	4608	4563	4608	
4508	4469	4426	4469	
4406	4370	4379	4370	
4315	4313	4313	4313	
4273	4245	4226	4245	
4233	4215	4189	4215	
4186	4163	4179	4163	
4155	4159	4181	4159	
4133	4132	4182	4132	
4145	4129	4102	4129	
4120	4128	4139	4128	
4134	4154	4176	4154	
4174	4184	4189	4184	
4231	4195	4212	4195	
4268	4264	4262	4264	
4337	4325	4324	4325	
4445	4411	4382	4411	
4543	4511	4502	4511	
4653	4644	4597	4644	
4831	4781	4723	4781	
4988	4939	4897	4939	
5162	5116	5048	5116	
5343	5317	5218	5317	
5619	5505	5359	5505	
5836	5728	5592	5728	
6057	5958	5787	5958	
6276	6178	5970	6178	
6515	6415	6172	6415	
6771	6633	6416	6633	
6995	6910	6623	6910	
7288	7151	6857	7151	
7548	7466	7165	7466	
7981	7790	7450	7790	
8360	8151	7786	8151	
8818	8566	8165	8566	
9050	8894	8416	8894	
8444	8284	7898	8284	
8068	7877	7546	7877	
7677	7544	7232	7544	
7403	7230	6932	7230	
7010	6944	6649	6944	
6808	6658	6433	6658	
6518	6444	6237	6444	
6316	6239	6012	6239	
6093	5964	5845	5964	
5851	5804	5625	5804	
5634	5576	5423	5576	
5400	5355	5266	5355	
5186	5190	5105	5190	
5046	5029	4971	5029	
4885	4837	4827	4837	
4725	4686	4617	4686	
4613	4560	4574	4560	
4464	4456	4417	4456	
4377	4361	4363	4361	
4287	4282	4285	4282	
4235	4234	4301	4234	
4193	4185	4192	4185	
4139	4154	4164	4154	
4140	4139	4135	4139	
4108	4136	4142	4136	
4116	4106	4116	4106	
4104	4115	4162	4115	
4135	4128	4154	4128	
4130	4153	4139	4153	
4201	4192	4174	4192	
4257	4221	4235	4221	
4274	4300	4276	4300	
4408	4398	4359	4398	
4525	4479	4437	4479	
4653	4617	4563	4617	
4801	4766	4745	4766	
4946	4927	4845	4927	
5166	5120	5073	5120	
5343	5296	5208	5296	
5555	5489	5374	5489	
5703	5726	5591	5726	
5992	5931	5803	5931	
6296	6132	5964	6132	
6475	6362	6185	6362	
6752	6612	6412	6612	
6965	6870	6608	6870	
7218	7098	6811	7098	
7611	7415	7129	7415	
7847	7793	7356	7793	
8294	8108	7755	8108	
8636	8550	8240	8550	
8970	8924	8448	8924	
8440	8224	7816	8224	
8000	7870	7462	7870	
7708	7545	7218	7545	
7353	7234	6929	7234	
7082	6936	6599	6936	
6783	6716	6398	6716	
6544	6461	6205	6461	
6282	6214	6032	6214	
6106	5985	5809	5985	
5886	5786	5597	5786	
5630	5546	5384	5546	
5429	5330	5247	5330	
5215	5171	5115	5171	
5026	4984	4932	4984	
4856	4824	4783	4824	
4712	4703	4642	4703	
4606	4559	4534	4559	
4474	4443	4438	4443	
4390	4370	4372	4370	
4272	4297	4264	4297	
4231	4235	4242	4235	
4165	4173	4182	4173	
4165	4152	4147	4152	
4172	4117	4128	4117	
4096	4121	4160	4121	
4109	4107	4096	4107	
4115	4131	4112	4131	
4103	4144	4143	4144	
4172	4146	4140	4146	
4177	4176	4186	4176	
4240	4239	4221	4239	
4255	4274	4264	4274	
4380	4384	4358	4384	
4488	4488	4446	4488	
4649	4625	4545	4625	
4749	4753	4662	4753	
4938	4904	4831	4904	
5146	5106	5004	5106	
5332	5282	5176	5282	
5572	5510	5344	5510	
5759	5712	5541	5712	
5986	5912	5756	5912	
6206	6116	5894	6116	
6480	6383	6177	6383	
6716	6616	6347	6616	
6942	6870	6608	6870	
7285	7093	6800	7093	
7570	7430	7091	7430	
7929	7763	7443	7763	
8234	8099	7770	8099	
8630	8576	8102	8576	
9026	8868	8376	8868	
8414	8256	7798	8256	
8088	7872	7496	7872	
7685	7561	7174	7561	
7362	7229	6911	7229	
7077	6929	6640	6929	
6838	6708	6367	6708	
6563	6468	6164	6468	
6296	6202	5965	6202	
6067	6004	5793	6004	
5871	5747	5604	5747	
5605	5580	5453	5580	
5372	5346	5231	5346	
5229	5179	5065	5179	
5063	5017	4942	5017	
4907	4847	4813	4847	
4739	4699	4648	4699	
4589	4586	4550	4586	
4487	4450	4414	4450	
4372	4358	4340	4358	
4285	4284	4272	4284	
4246	4227	4193	4227	
4175	4179	4178	4179	
4156	4152	4179	4152	
4139	4149	4149	4149	
4123	4117	4103	4117	
4125	4129	4126	4129	
4103	4129	4129	4129	
4135	4126	4142	4126	
4154	4147	4164	4147	
4199	4183	4173	4183	
4247	4236	4217	4236	
4298	4299	4291	4299	
4397	4377	4354	4377	
4509	4506	4448	4506	
4647	4621	4589	4621	
4767	4758	4692	4758	
4956	4907	4806	4907	
5155	5113	5017	5113	
5347	5285	5199	5285	
5576	5509	5400	5509	
5743	5675	5514	5675	
5995	5935	5725	5935	
6193	6161	5946	6161	
6491	6374	6046	6374	
6758	6620	6327	6620	
6925	6839	6623	6839	
7246	7111	6862	7111	
7621	7461	7086	7461	
7860	7747	7419	7747	
8222	8128	7789	8128	
8690	8550	8155	8550	
8988	8908	8448	8908	
8520	8322	7901	8322	
8048	7914	7507	7914	
7642	7561	7254	7561	
7358	7247	6876	7247	
7068	6937	6618	6937	
6823	6716	6499	6716	
6560	6467	6216	6467	
6302	6211	5966	6211	
6091	6009	5850	6009	
5844	5809	5601	5809	
5611	5570	5424	5570	
5415	5350	5291	5350	
5237	5171	5063	5171	
5037	5021	4957	5021	
4887	4881	4776	4881	
4708	4692	4632	4692	
4590	4565	4508	4565	
4459	4457	4435	4457	
4398	4378	4357	4378	
4296	4296	4316	4296	
4234	4228	4190	4228	
4206	4203	4171	4203	
4147	4171	4176	4171	
4151	4129	4140	4129	
4114	4125	4130	4125	
4117	4125	4119	4125	
4143	4115	4113	4115	
4151	4159	4140	4159	
4173	4152	4116	4152	
4170	4202	4187	4202	
4261	4256	4225	4256	
4297	4326	4276	4326	
4389	4382	4356	4382	
4492	4493	4429	4493	
4650	4612	4573	4612	
4751	4763	4679	4763	
4959	4931	4845	4931	
5134	5102	5017	5102	
5335	5304	5204	5304	
5587	5516	5381	5516	
5739	5716	5516	5716	
6029	5948	5798	5948	
6251	6141	5961	6141	
6501	6415	6090	6415	
6719	6594	6407	6594	
6980	6843	6599	6843	
7225	7138	6815	7138	
7555	7422	7155	7422	
7883	7737	7390	7737	
8254	8114	7760	8114	
8658	8558	8149	8558	
8902	8978	8298	8978	
8408	8258	7833	8258	
8085	7916	7512	7916	
7691	7597	7185	7597	
7361	7227	6947	7227	
7065	7001	6649	7001	
6831	6683	6440	6683	
6567	6466	6246	6466	
6306	6246	6050	6246	
6100	6012	5807	6012	
5862	5788	5654	5788	
5655	5609	5457	5609	
5402	5386	5212	5386	
5228	5195	5122	5195	
5037	5008	4925	5008	
4865	4873	4794	4873	
4740	4717	4654	4717	
4594	4584	4570	4584	
4490	4474	4459	4474	
4403	4392	4359	4392	
4307	4297	4254	4297	
4258	4243	4246	4243	
4213	4192	4178	4192	
4174	4178	4152	4178	
4141	4171	4134	4171	
4124	4135	4137	4135	
4096	4136	4140	4136	
4130	4144	4122	4144	
4168	4156	4164	4156	
4156	4156	4151	4156	
4185	4208	4147	4208	
4260	4250	4250	4250	
4297	4343	4265	4343	
4412	4384	4359	4384	
4510	4517	4477	4517	
4639	4663	4575	4663	
4834	4789	4701	4789	
4946	4946	4845	4946	
5189	5126	5065	5126	
5362	5318	5229	5318	
5561	5513	5381	5513	
5799	5706	5543	5706	
6003	5941	5748	5941	
6229	6168	6000	6168	
6496	6410	6141	6410	
6734	6608	6387	6608	
6984	6874	6577	6874	
7236	7151	6871	7151	
7568	7470	7044	7470	
7917	7773	7402	7773	
8224	8108	7792	8108	
8726	8622	8224	8622	
9114	9040	8446	9040	
8492	8334	7910	8334	
8147	7942	7552	7942	
7714	7592	7188	7592	
7353	7281	6946	7281	
7087	6982	6673	6982	
6849	6723	6461	6723	
6603	6504	6249	6504	
6364	6261	6031	6261	
6131	6022	5827	6022	
5935	5830	5637	5830	
5661	5626	5483	5626	
5465	5421	5253	5421	
5280	5250	5095	5250	
5081	5068	4945	5068	
4916	4896	4838	4896	
4774	4756	4696	4756	
4622	4622	4535	4622	
4536	4498	4423	4498	
4415	4410	4381	4410	
4334	4345	4268	4345	
4249	4274	4258	4274	
4241	4231	4222	4231	
4185	4203	4207	4203	
4170	4174	4152	4174	
4161	4157	4159	4157	
4164	4158	4138	4158	
4163	4169	4159	4169	
4145	4187	4174	4187	
4187	4190	4160	4190	
4236	4238	4218	4238	
4274	4285	4263	4285	
4356	4345	4310	4345	
4439	4433	4401	4433	
4562	4526	4488	4526	
4708	4695	4653	4695	
4811	4798	4731	4798	
5010	4988	4890	4988	
5182	5167	5041	5167	
5422	5339	5198	5339	
5569	5553	5378	5553	
5825	5765	5576	5765	
6050	5992	5796	5992	
6262	6217	5964	6217	
6469	6409	6157	6409	
6801	6656	6403	6656	
7010	6916	6609	6916	
7277	7185	6858	7185	
7634	7496	7139	7496	
7920	7831	7424	7831	
8338	8166	7852	8166	
8776	8606	8240	8606	
9144	9064	8492	9064	
8532	8378	7913	8378	
8167	7992	7611	7992	
7720	7614	7242	7614	
7450	7338	6969	7338	
7177	7027	6690	7027	
6899	6786	6513	6786	
6605	6537	6302	6537	
6398	6295	6089	6295	
6110	6098	5892	6098	
5933	5846	5721	5846	
5690	5650	5521	5650	
5474	5465	5360	5465	
5312	5260	5165	5260	
5133	5093	5014	5093	
4962	4944	4842	4944	
4795	4781	4709	4781	
4674	4654	4597	4654	
4535	4539	4520	4539	
4428	4440	4404	4440	
4368	4355	4342	4355	
4301	4302	4266	4302	
4244	4254	4248	4254	
4224	4228	4225	4228	
4180	4189	4174	4189	
4155	4176	4145	4176	
4180	4173	4186	4173	
4202	4180	4168	4180	
4185	4220	4216	4220	
4212	4230	4205	4230	
4224	4248	4232	4248	
4310	4310	4279	4310	
4385	4375	4366	4375	
4467	4448	4447	4448	
4558	4566	4526	4566	
4709	4694	4646	4694	
4859	4860	4779	4860	
5034	5006	4925	5006	
5197	5198	5104	5198	
5402	5410	5258	5410	
5631	5569	5424	5569	
5840	5798	5632	5798	
6116	6023	5841	6023	
6331	6231	6002	6231	
6549	6464	6198	6464	
6784	6695	6409	6695	
7083	6910	6685	6910	
7328	7201	6940	7201	
7567	7514	7126	7514	
7950	7831	7509	7831	
8360	8212	7784	8212	
8852	8656	8139	8656	
9154	9158	8510	9158	
8478	8418	8008	8418	
8212	8066	7594	8066	
7793	7673	7337	7673	
7459	7377	6975	7377	
7186	7081	6732	7081	
6917	6834	6514	6834	
6643	6565	6286	6565	
6427	6380	6102	6380	
6130	6136	5918	6136	
5943	5918	5780	5918	
5756	5691	5566	5691	
5541	5477	5362	5477	
5355	5296	5239	5296	
5140	5150	5050	5150	
5011	4963	4890	4963	
4804	4819	4739	4819	
4699	4692	4613	4692	
4566	4565	4521	4565	
4471	4472	4425	4472	
4373	4384	4340	4384	
4308	4348	4300	4348	
4270	4295	4276	4295	
4234	4272	4248	4272	
4234	4230	4241	4230	
4198	4204	4194	4204	
4193	4207	4199	4207	
4214	4212	4229	4212	
4188	4221	4213	4221	
4261	4262	4223	4262	
4292	4299	4248	4299	
4321	4348	4300	4348	
4419	4423	4366	4423	
4521	4506	4453	4506	
4639	4627	4566	4627	
4800	4759	4685	4759	
4917	4893	4840	4893	
5072	5060	4989	5060	
5288	5238	5159	5238	
5457	5447	5252	5447	
5653	5627	5427	5627	
5875	5829	5620	5829	
6085	6050	5850	6050	
6302	6290	6064	6290	
6572	6469	6285	6469	
6762	6725	6442	6725	
7093	6993	6620	6993	
7351	7267	6970	7267	
7612	7558	7185	7558	
8045	7881	7485	7881	
8436	8316	7874	8316	
8978	8720	8308	8720	
9312	9170	8692	9170	
8716	8492	8074	8492	
8214	8109	7669	8109	
7901	7738	7318	7738	
7610	7391	7041	7391	
7188	7106	6794	7106	
7014	6891	6614	6891	
6690	6629	6357	6629	
6457	6394	6186	6394	
6218	6146	5944	6146	
5980	5947	5751	5947	
5777	5743	5624	5743	
5597	5547	5374	5547	
5387	5349	5230	5349	
5201	5200	5107	5200	
5027	5028	4903	5028	
4861	4891	4798	4891	
4736	4739	4680	4739	
4594	4614	4574	4614	
4569	4534	4467	4534	
4422	4434	4403	4434	
4382	4391	4338	4391	
4303	4334	4301	4334	
4316	4295	4240	4295	
4285	4274	4280	4274	
4230	4251	4242	4251	
4232	4241	4212	4241	
4241	4241	4239	4241	
4269	4287	4237	4287	
4281	4289	4267	4289	
4340	4344	4305	4344	
4416	4402	4357	4402	
4474	4487	4432	4487	
4560	4555	4504	4555	
4668	4674	4606	4674	
4826	4823	4735	4823	
4969	4951	4847	4951	
5136	5124	5001	5124	
5332	5304	5196	5304	
5512	5502	5351	5502	
5724	5690	5545	5690	
5918	5894	5706	5894	
6114	6117	5890	6117	
6370	6313	6108	6313	
6664	6545	6321	6545	
6896	6792	6534	6792	
7138	7070	6718	7070	
7367	7337	6987	7337	
7730	7589	7265	7589	
8112	7967	7533	7967	
8472	8328	7839	8328	
8952	8790	8264	8790	
9346	9214	8628	9214	
8862	8576	8137	8576	
8236	8146	7744	8146	
7918	7813	7356	7813	
7569	7460	7099	7460	
7260	7172	6839	7172	
7031	6945	6612	6945	
6736	6664	6344	6664	
6536	6435	6169	6435	
6260	6270	6000	6270	
6097	6006	5811	6006	
5840	5810	5639	5810	
5622	5603	5364	5603	
5454	5419	5270	5419	
5277	5262	5171	5262	
5096	5090	4960	5090	
4934	4932	4849	4932	
4814	4804	4719	4804	
4677	4680	4611	4680	
4556	4585	4538	4585	
4478	4491	4454	4491	
4428	4440	4404	4440	
4380	4378	4306	4378	
4329	4336	4301	4336	
4298	4316	4298	4316	
4278	4296	4268	4296	
4270	4272	4280	4272	
4288	4282	4261	4282	
4287	4316	4285	4316	
4341	4342	4308	4342	
4402	4393	4356	4393	
4449	4463	4419	4463	
4527	4533	4504	4533	
4604	4611	4530	4611	
4735	4737	4655	4737	
4865	4860	4787	4860	
5040	5030	4900	5030	
5207	5182	5068	5182	
5418	5392	5302	5392	
5551	5561	5403	5561	
5774	5750	5580	5750	
5948	5929	5707	5929	
6243	6162	6002	6162	
6455	6398	6118	6398	
6641	6579	6387	6579	
6889	6837	6559	6837	
7225	7094	6739	7094	
7470	7349	7066	7349	
7761	7675	7392	7675	
8185	8010	7686	8010	
8604	8378	8050	8378	
8958	8884	8474	8884	
9358	9282	8716	9282	
8780	8670	8192	8670	
8328	8224	7829	8224	
7946	7856	7386	7856	
7657	7522	7219	7522	
7380	7231	6852	7231	
7066	7005	6713	7005	
6783	6732	6424	6732	
6517	6490	6261	6490	
6369	6313	6063	6313	
6104	6073	5879	6073	
5896	5879	5691	5879	
5668	5666	5537	5666	
5481	5492	5325	5492	
5358	5306	5155	5306	
5161	5134	5006	5134	
4979	5008	4886	5008	
4884	4855	4824	4855	
4746	4741	4682	4741	
4618	4642	4589	4642	
4547	4537	4484	4537	
4501	4481	4430	4481	
4415	4424	4393	4424	
4380	4388	4352	4388	
4351	4361	4327	4361	
4294	4350	4291	4350	
4326	4344	4335	4344	
4383	4351	4312	4351	
4346	4362	4342	4362	
4355	4398	4359	4398	
4474	4459	4425	4459	
4480	4522	4426	4522	
4586	4574	4545	4574	
4680	4685	4623	4685	
4819	4806	4805	4806	
4952	4945	4848	4945	
5086	5093	5009	5093	
5283	5262	5069	5262	
5449	5436	5315	5436	
5615	5622	5447	5622	
5826	5844	5619	5844	
6062	5996	5776	5996	
6322	6228	6003	6228	
6478	6445	6180	6445	
6706	6626	6412	6626	
7003	6881	6633	6881	
7271	7127	6881	7127	
7516	7437	7034	7437	
7814	7737	7429	7737	
8224	8101	7756	8101	
8604	8536	8154	8536	
9036	8982	8534	8982	
9516	9410	8774	9410	
8860	8734	8276	8734	
8428	8326	7867	8326	
8025	7905	7562	7905	
7688	7551	7210	7551	
7421	7313	6950	7313	
7126	7066	6682	7066	
6884	6784	6486	6784	
6643	6518	6280	6518	
6379	6365	6083	6365	
6200	6157	5912	6157	
5964	5926	5797	5926	
5751	5734	5557	5734	
5564	5564	5369	5564	
5425	5380	5281	5380	
5237	5199	5079	5199	
5081	5058	4981	5058	
4938	4922	4848	4922	
4801	4806	4690	4806	
4682	4708	4650	4708	
4622	4615	4585	4615	
4530	4552	4506	4552	
4495	4498	4450	4498	
4470	4470	4398	4470	
4410	4424	4380	4424	
4399	4389	4353	4389	
4379	4392	4399	4392	
4390	4413	4389	4413	
4449	4436	4380	4436	
4422	4466	4417	4466	
4478	4505	4458	4505	
4559	4600	4487	4600	
4637	4663	4554	4663	
4751	4754	4674	4754	
4899	4861	4813	4861	
4992	5028	4904	5028	
5170	5150	5033	5150	
5340	5340	5188	5340	
5519	5507	5344	5507	
5721	5690	5502	5690	
5911	5871	5695	5871	
6121	6056	5851	6056	
6299	6277	6060	6277	
6567	6481	6207	6481	
6810	6704	6436	6704	
7043	6991	6636	6991	
7269	7219	6851	7219	
7573	7434	7188	7434	
7943	7787	7441	7787	
8278	8206	7784	8206	
8726	8576	8218	8576	
9206	9026	8514	9026	
9624	9560	9052	9560	
9060	8888	8352	8888	
8534	8376	7958	8376	
8164	8027	7635	8027	
7793	7619	7228	7619	
7430	7391	6933	7391	
7221	7100	6732	7100	
6896	6856	6489	6856	
6673	6641	6368	6641	
6458	6390	6158	6390	
6202	6188	5958	6188	
6054	5978	5789	5978	
5820	5822	5642	5822	
5690	5642	5483	5642	
5494	5458	5312	5458	
5344	5289	5143	5289	
5156	5133	5006	5133	
5063	5009	4858	5009	
4912	4889	4781	4889	
4789	4785	4737	4785	
4692	4709	4648	4709	
4631	4627	4539	4627	
4542	4581	4492	4581	
4512	4526	4455	4526	
4495	4479	4479	4479	
4466	4483	4440	4483	
4456	4470	4415	4470	
4490	4483	4442	4483	
4466	4506	4454	4506	
4510	4549	4484	4549	
4596	4584	4532	4584	
4667	4659	4574	4659	
4726	4757	4666	4757	
4860	4852	4747	4852	
4946	4974	4882	4974	
5096	5099	4979	5099	
5275	5239	5128	5239	
5422	5406	5289	5406	
5626	5605	5432	5605	
5807	5757	5562	5757	
5983	5936	5752	5936	
6241	6153	5899	6153	
6400	6365	6066	6365	
6629	6559	6271	6559	
6904	6816	6576	6816	
7124	7006	6690	7006	
7376	7281	6936	7281	
7690	7561	7178	7561	
7996	7897	7514	7897	
8384	8264	7898	8264	
8872	8700	8264	8700	
9270	9170	8754	9170	
9642	9620	9042	9620	
9186	8968	8470	8968	
8676	8520	8036	8520	
8230	8130	7717	8130	
7894	7708	7299	7708	
7563	7499	7044	7499	
7233	7196	6833	7196	
6996	6937	6596	6937	
6780	6714	6447	6714	
6605	6495	6255	6495	
6278	6264	6027	6264	
6120	6077	5903	6077	
5920	5910	5691	5910	
5781	5721	5522	5721	
5527	5537	5358	5537	
5395	5366	5239	5366	
5257	5236	5079	5236	
5095	5126	4992	5126	
4981	4977	4892	4977	
4895	4888	4797	4888	
4797	4781	4701	4781	
4723	4727	4644	4727	
4630	4663	4614	4663	
4610	4597	4507	4597	
4582	4573	4511	4573	
4584	4558	4505	4558	
4556	4564	4492	4564	
4537	4555	4476	4555	
4587	4582	4552	4582	
4646	4631	4554	4631	
4675	4683	4626	4683	
4748	4743	4675	4743	
4829	4824	4745	4824	
4917	4951	4843	4951	
5049	5041	4967	5041	
5242	5194	5073	5194	
5341	5345	5219	5345	
5528	5496	5371	5496	
5720	5657	5465	5657	
5849	5840	5686	5840	
6045	6015	5841	6015	
6273	6213	6005	6213	
6493	6401	6208	6401	
6744	6618	6330	6618	
6942	6882	6531	6882	
7142	7089	6725	7089	
7500	7375	7068	7375	
7732	7657	7273	7657	
8162	8001	7691	8001	
8502	8338	7940	8338	
8904	8738	8364	8738	
9400	9282	8880	9282	
9788	9782	9032	9782	
9308	9050	8498	9050	
8812	8670	8198	8670	
8446	8264	7837	8264	
7939	7876	7430	7876	
7651	7587	7232	7587	
7353	7260	6901	7260	
7148	7032	6685	7032	
6898	6771	6485	6771	
6602	6576	6283	6576	
6401	6388	6149	6388	
6236	6191	5922	6191	
5981	5984	5753	5984	
5823	5818	5606	5818	
5714	5640	5427	5640	
5482	5488	5312	5488	
5312	5353	5205	5353	
5234	5198	5077	5198	
5079	5071	4980	5071	
4984	4980	4901	4980	
4865	4892	4795	4892	
4782	4813	4701	4813	
4745	4766	4694	4766	
4685	4721	4632	4721	
4682	4679	4569	4679	
4659	4659	4569	4659	
4632	4622	4576	4622	
4644	4674	4558	4674	
4704	4697	4587	4697	
4726	4728	4651	4728	
4796	4761	4665	4761	
4853	4850	4772	4850	
4949	4939	4855	4939	
5070	5060	4958	5060	
5160	5182	5005	5182	
5323	5306	5141	5306	
5417	5435	5291	5435	
5587	5601	5422	5601	
5800	5776	5539	5776	
5989	5937	5708	5937	
6156	6102	5871	6102	
6365	6310	6066	6310	
6584	6560	6269	6560	
6798	6727	6447	6727	
7040	6956	6642	6956	
7300	7130	6847	7130	
7581	7485	7119	7485	
7901	7727	7378	7727	
8208	8073	7698	8073	
8626	8494	8107	8494	
9086	8896	8392	8896	
9544	9374	8888	9374	
9896	9890	9156	9890	
9356	9218	8672	9218	
8930	8712	8236	8712	
8460	8356	7936	8356	
8110	7949	7535	7949	
7685	7628	7261	7628	
7430	7374	7031	7374	
7161	7119	6754	7119	
6966	6889	6551	6889	
6753	6678	6379	6678	
6519	6446	6192	6446	
6287	6243	5956	6243	
6100	6078	5818	6078	
5887	5904	5694	5904	
5774	5752	5497	5752	
5629	5591	5425	5591	
5434	5452	5325	5452	
5341	5310	5129	5310	
5194	5170	5052	5170	
5078	5072	4970	5072	
5003	5000	4883	5000	
4926	4911	4825	4911	
4848	4846	4757	4846	
4800	4809	4694	4809	
4767	4768	4665	4768	
4738	4738	4684	4738	
4789	4746	4638	4746	
4753	4767	4698	4767	
4799	4803	4690	4803	
4825	4809	4708	4809	
4858	4876	4799	4876	
4967	4946	4858	4946	
5056	5030	4918	5030	
5139	5159	5000	5159	
5267	5273	5112	5273	
5453	5396	5261	5396	
5530	5519	5387	5519	
5719	5638	5476	5638	
5895	5853	5671	5853	
6032	6004	5772	6004	
6202	6208	5942	6208	
6465	6414	6103	6414	
6655	6597	6309	6597	
6891	6787	6585	6787	
7173	7022	6677	7022	
7359	7250	6951	7250	
7622	7578	7242	7578	
8010	7860	7442	7860	
8270	8224	7811	8224	
8752	8616	8224	8616	
9184	9054	8518	9054	
9640	9514	8924	9514	
10252	10052	9354	10052	
9470	9332	8762	9332	
9030	8866	8426	8866	
8640	8518	8055	8518	
8220	8109	7648	8109	
7841	7754	7362	7754	
7556	7452	6995	7452	
7316	7207	6874	7207	
7009	6965	6604	6965	
6824	6756	6430	6756	
6643	6557	6212	6557	
6375	6331	6106	6331	
6162	6182	5945	6182	
6033	6030	5809	6030	
5837	5835	5599	5835	
5690	5696	5494	5696	
5566	5556	5360	5556	
5398	5410	5251	5410	
5300	5286	5112	5286	
5195	5177	5057	5177	
5076	5116	4975	5116	
5035	5027	4933	5027	
4951	4973	4904	4973	
4925	4924	4827	4924	
4879	4880	4797	4880	
4856	4859	4749	4859	
4858	4841	4739	4841	
4899	4877	4782	4877	
4904	4905	4842	4905	
4967	4937	4826	4937	
4998	5038	4892	5038	
5077	5081	4971	5081	
5177	5139	5043	5139	
5294	5280	5153	5280	
5418	5359	5198	5359	
5532	5522	5365	5522	
5689	5648	5505	5648	
5825	5823	5564	5823	
5997	5984	5785	5984	
6156	6149	5873	6149	
6384	6326	6071	6326	
6568	6493	6163	6493	
6778	6702	6417	6702	
6966	6893	6603	6893	
7203	7133	6743	7133	
7517	7393	7047	7393	
7723	7673	7352	7673	
8073	7973	7647	7973	
8468	8336	7921	8336	
8914	8722	8218	8722	
9386	9180	8650	9180	
9700	9640	9078	9640	
10246	10212	9532	10212	
9628	9516	8976	9516	
9224	9032	8470	9032	
8806	8650	8224	8650	
8380	8304	7853	8304	
8025	7868	7456	7868	
7653	7578	7169	7578	
7396	7300	6959	7300	
7174	7067	6800	7067	
6952	6875	6561	6875	
6731	6650	6296	6650	
6525	6470	6174	6470	
6281	6295	6038	6295	
6151	6104	5846	6104	
6021	5981	5758	5981	
5806	5820	5627	5820	
5682	5656	5488	5656	
5604	5560	5395	5560	
5450	5426	5253	5426	
5295	5315	5168	5315	
5216	5227	5117	5227	
5151	5158	5014	5158	
5101	5121	4983	5121	
5100	5040	4956	5040	
5016	5010	4967	5010	
4986	5003	4924	5003	
4995	4988	4864	4988	
5020	5014	4889	5014	
5062	5055	4933	5055	
5070	5074	4982	5074	
5188	5153	5024	5153	
5214	5195	5101	5195	
5312	5303	5175	5303	
5423	5394	5271	5394	
5548	5509	5355	5509	
5636	5656	5467	5656	
5790	5788	5612	5788	
5946	5919	5704	5919	
6138	6100	5876	6100	
6220	6273	6008	6273	
6481	6418	6176	6418	
6632	6629	6332	6629	
6890	6821	6502	6821	
7094	7021	6700	7021	
7333	7242	6913	7242	
7672	7502	7172	7502	
7981	7763	7432	7763	
8200	8132	7822	8132	
8622	8500	8055	8500	
8986	8960	8504	8960	
9500	9346	8822	9346	
9988	9792	9368	9792	
10462	10360	9600	10360	
9874	9688	9102	9688	
9378	9252	8684	9252	
8948	8816	8320	8816	
8544	8416	7947	8416	
8179	8047	7602	8047	
7871	7737	7322	7737	
7536	7460	7061	7460	
7301	7210	6793	7210	
7026	6998	6647	6998	
6825	6790	6456	6790	
6644	6581	6308	6581	
6451	6414	6087	6414	
6261	6274	5985	6274	
6082	6098	5861	6098	
5932	5938	5717	5938	
5801	5795	5583	5795	
5672	5679	5509	5679	
5552	5567	5423	5567	
5477	5472	5302	5472	
5368	5353	5203	5353	
5335	5311	5149	5311	
5215	5243	5079	5243	
5210	5177	5069	5177	
5193	5143	5012	5143	
5131	5124	5019	5124	
5134	5132	5070	5132	
5153	5146	5050	5146	
5169	5173	5054	5173	
5222	5220	5060	5220	
5274	5271	5135	5271	
5354	5345	5193	5345	
5498	5435	5279	5435	
5555	5553	5387	5553	
5633	5637	5438	5637	
5840	5792	5580	5792	
5910	5906	5735	5906	
6051	6051	5816	6051	
6230	6210	5969	6210	
6366	6391	6088	6391	
6605	6553	6272	6553	
6742	6753	6470	6753	
7032	6956	6647	6956	
7272	7154	6832	7154	
7478	7407	7028	7407	
7770	7672	7289	7672	
8055	7980	7564	7980	
8398	8298	7904	8298	
8830	8718	8298	8718	
9218	9082	8626	9082	
9670	9518	8996	9518	
10092	9952	9380	9952	
10556	10520	9838	10520	
9986	9830	9294	9830	
9454	9402	8846	9402	
9086	8996	8510	8996	
8652	8582	8028	8582	
8272	8226	7797	8226	
7925	7886	7473	7886	
7665	7609	7255	7609	
7396	7352	7028	7352	
7136	7094	6680	7094	
6945	6883	6582	6883	
6760	6709	6331	6709	
6515	6503	6123	6503	
6402	6400	6124	6400	
6209	6198	5960	6198	
6086	6072	5801	6072	
5923	5929	5678	5929	
5835	5809	5640	5809	
5708	5719	5483	5719	
5585	5613	5414	5613	
5508	5530	5344	5530	
5435	5452	5281	5452	
5383	5398	5272	5398	
5334	5340	5203	5340	
5332	5296	5124	5296	
5277	5279	5104	5279	
5292	5253	5126	5253	
5322	5303	5165	5303	
5343	5333	5200	5333	
5350	5369	5222	5369	
5441	5431	5291	5431	
5516	5493	5300	5493	
5579	5581	5410	5581	
5638	5667	5497	5667	
5802	5784	5572	5784	
5913	5926	5687	5926	
6062	6043	5847	6043	
6230	6185	5962	6185	
6357	6339	6058	6339	
6472	6465	6215	6465	
6704	6663	6394	6663	
6900	6883	6521	6883	
7099	7052	6729	7052	
7408	7314	6947	7314	
7668	7536	7158	7536	
7861	7790	7422	7790	
8183	8095	7739	8095	
8498	8448	8084	8448	
8910	8862	8322	8862	
9392	9292	8802	9292	
9802	9658	9258	9658	
10246	10084	9658	10084	
10780	10708	10062	10708	
10168	10004	9428	10004	
9622	9596	9020	9596	
9362	9152	8644	9152	
8914	8768	8278	8768	
8426	8394	7857	8394	
8125	8047	7554	8047	
7834	7709	7343	7709	
7526	7495	7082	7495	
7283	7170	6820	7170	
7079	7062	6661	7062	
6840	6843	6540	6843	
6717	6691	6305	6691	
6536	6508	6203	6508	
6362	6368	6131	6368	
6179	6208	5949	6208	
6122	6069	5827	6069	
5957	5958	5683	5958	
5841	5832	5634	5832	
5749	5724	5527	5724	
5617	5671	5519	5671	
5590	5587	5409	5587	
5502	5521	5375	5521	
5518	5477	5348	5477	
5447	5460	5272	5460	
5429	5441	5281	5441	
5421	5384	5251	5384	
5446	5423	5244	5423	
5493	5487	5344	5487	
5514	5522	5375	5522	
5567	5588	5420	5588	
5688	5666	5477	5666	
5717	5733	5558	5733	
5831	5788	5591	5788	
5937	5924	5751	5924	
6099	6074	5842	6074	
6171	6204	5938	6204	
6313	6312	6063	6312	
6519	6499	6182	6499	
6689	6605	6346	6605	
6806	6799	6475	6799	
7080	7024	6693	7024	
7276	7260	6870	7260	
7461	7432	7070	7432	
7691	7683	7279	7683	
8041	7937	7535	7937	
8396	8238	7850	8238	
8704	8610	8206	8610	
9158	9034	8632	9034	
9566	9428	9028	9428	
9964	9844	9308	9844	
10516	10292	9770	10292	
10996	10950	9950	10950	
10310	10234	9648	10234	
9882	9744	9188	9744	
9458	9380	8850	9380	
9132	9008	8466	9008	
8670	8576	8050	8576	
8298	8242	7779	8242	
7967	7886	7499	7886	
7610	7671	7269	7671	
7473	7409	6959	7409	
7207	7208	6820	7208	
6973	6963	6619	6963	
6879	6781	6489	6781	
6700	6651	6382	6651	
6535	6497	6152	6497	
6388	6354	6037	6354	
6252	6204	5924	6204	
6066	6109	5851	6109	
5988	5987	5780	5987	
5901	5906	5700	5906	
5825	5818	5601	5818	
5725	5754	5557	5754	
5687	5690	5459	5690	
5701	5656	5488	5656	
5576	5584	5384	5584	
5605	5588	5429	5588	
5594	5608	5414	5608	
5620	5604	5436	5604	
5612	5620	5422	5620	
5694	5649	5519	5649	
5712	5730	5502	5730	
5828	5812	5640	5812	
5882	5884	5699	5884	
6023	5984	5757	5984	
6102	6097	5906	6097	
6238	6197	5920	6197	
6286	6329	6085	6329	
6496	6468	6177	6468	
6659	6660	6361	6660	
6837	6781	6502	6781	
6994	6962	6611	6962	
7183	7150	6802	7150	
7426	7370	7012	7370	
7668	7609	7162	7609	
7890	7853	7453	7853	
8228	8143	7738	8143	
8566	8440	8099	8440	
8946	8880	8342	8880	
9458	9236	8766	9236	
9742	9728	9220	9728	
10234	10090	9552	10090	
10534	10528	9950	10528	
11030	11112	10424	11112	
10482	10410	9700	10410	
10144	9964	9354	9964	
9644	9580	9084	9580	
9406	9150	8760	9150	
8956	8832	8402	8832	
8468	8434	7996	8434	
8189	8090	7731	8090	
7913	7810	7362	7810	
7536	7559	7175	7559	
7349	7359	7013	7359	
7187	7133	6803	7133	
6974	6977	6687	6977	
6774	6764	6463	6764	
6675	6627	6345	6627	
6503	6548	6210	6548	
6340	6358	6099	6358	
6236	6257	5965	6257	
6168	6150	5860	6150	
6101	6078	5809	6078	
5934	5977	5760	5977	
5880	5897	5665	5897	
5841	5853	5624	5853	
5846	5820	5572	5820	
5780	5802	5575	5802	
5805	5797	5518	5797	
5789	5749	5606	5749	
5746	5795	5575	5795	
5829	5811	5593	5811	
5879	5849	5636	5849	
5887	5900	5684	5900	
5959	5963	5742	5963	
6069	6043	5789	6043	
6119	6145	5938	6145	
6295	6239	6030	6239	
6420	6395	6107	6395	
6520	6505	6185	6505	
6601	6616	6364	6616	
6841	6783	6401	6783	
6969	6947	6601	6947	
7110	7120	6735	7120	
7318	7332	7003	7332	
7602	7515	7113	7515	
7861	7760	7384	7760	
8137	8043	7701	8043	
8460	8386	7926	8386	
8742	8700	8171	8700	
9168	9090	8560	9090	
9558	9464	9006	9464	
10014	9866	9274	9866	
10384	10328	9706	10328	
10826	10744	10140	10744	
11242	11290	10492	11290	
10664	10506	10004	10506	
10286	10248	9576	10248	
9980	9788	9278	9788	
9466	9408	8818	9408	
9114	8984	8440	8984	
8726	8626	8078	8626	
8300	8272	7814	8272	
8019	8018	7533	8018	
7742	7761	7251	7761	
7495	7533	7087	7533	
7340	7284	6906	7284	
7120	7063	6759	7063	
7002	6970	6583	6970	
6739	6788	6464	6788	
6682	6632	6321	6632	
6540	6528	6218	6528	
6430	6437	6140	6437	
6303	6326	6064	6326	
6181	6236	5930	6236	
6087	6133	5902	6133	
6047	6071	5844	6071	
5993	6045	5767	6045	
5954	5966	5725	5966	
5959	5962	5679	5962	
5949	5897	5696	5897	
5915	5922	5655	5922	
5974	5967	5717	5967	
5995	5990	5754	5990	
5982	6009	5776	6009	
6067	6052	5863	6052	
6137	6132	5894	6132	
6225	6207	5959	6207	
6345	6310	6014	6310	
6398	6390	6141	6390	
6574	6548	6226	6548	
6726	6665	6302	6665	
6775	6791	6397	6791	
7005	6986	6631	6986	
7112	7117	6752	7117	
7282	7275	6895	7275	
7517	7447	7096	7447	
7681	7698	7308	7698	
8071	7958	7575	7958	
8268	8236	7796	8236	
8624	8572	8121	8572	
8972	8916	8464	8916	
9416	9294	8728	9294	
9678	9664	9138	9664	
10242	10010	9542	10010	
10670	10510	9932	10510	
11078	10880	10328	10880	
11170	11386	10636	11386	
10930	10712	10072	10712	
10546	10392	9810	10392	
10172	10014	9422	10014	
9772	9676	9172	9676	
9340	9250	8710	9250	
8948	8890	8412	8890	
8538	8544	7987	8544	
8224	8210	7732	8210	
8009	7984	7560	7984	
7790	7702	7254	7702	
7504	7435	7128	7435	
7273	7289	6890	7289	
7170	7093	6745	7093	
6999	6963	6550	6963	
6757	6782	6481	6782	
6682	6691	6333	6691	
6568	6582	6258	6582	
6464	6498	6204	6498	
6382	6372	6076	6372	
6281	6330	6025	6330	
6223	6238	5941	6238	
6191	6195	5921	6195	
6101	6135	5889	6135	
6128	6128	5864	6128	
6103	6113	5923	6113	
6064	6078	5835	6078	
6132	6127	5870	6127	
6174	6161	5901	6161	
6159	6193	5980	6193	
6221	6210	6013	6210	
6316	6324	5960	6324	
6398	6344	6096	6344	
6506	6466	6225	6466	
6594	6562	6210	6562	
6656	6682	6333	6682	
6847	6758	6456	6758	
6978	6925	6610	6925	
7140	7098	6727	7098	
7284	7262	6901	7262	
7487	7475	7009	7475	
7717	7648	7264	7648	
7921	7841	7417	7841	
8276	8147	7724	8147	
8536	8466	7972	8466	
8858	8832	8250	8832	
9236	9148	8738	9148	
9564	9508	8942	9508	
10050	9920	9338	9920	
10468	10334	9650	10334	
10816	10682	10090	10682	
11176	11100	10520	11100	
11572	11576	10662	11576	
11066	10956	10286	10956	
10722	10618	10006	10618	
10294	10254	9554	10254	
9962	9826	9146	9826	
9462	9440	8856	9440	
9234	9050	8580	9050	
8828	8710	8246	8710	
8484	8414	7934	8414	
8210	8137	7670	8137	
7854	7897	7369	7897	
7665	7627	7229	7627	
7451	7435	7066	7435	
7275	7247	6822	7247	
7083	7133	6700	7133	
6984	6965	6599	6965	
6866	6838	6454	6838	
6747	6720	6356	6720	
6643	6635	6316	6635	
6490	6525	6216	6525	
6466	6468	6204	6468	
6417	6425	6094	6425	
6344	6374	6076	6374	
6298	6307	6029	6307	
6317	6280	6033	6280	
6271	6255	5974	6255	
6282	6248	5957	6248	
6290	6271	6035	6271	
6345	6326	6052	6326	
6333	6313	6069	6313	
6340	6378	6082	6378	
6460	6471	6199	6471	
6598	6529	6243	6529	
6665	6615	6288	6615	
6758	6722	6448	6722	
6736	6816	6473	6816	
6986	6979	6617	6979	
7105	7131	6735	7131	
7289	7231	6878	7231	
7472	7429	7053	7429	
7705	7618	7190	7618	
7866	7790	7387	7790	
8077	8074	7660	8074	
8532	8400	7958	8400	
8722	8710	8218	8710	
9106	9036	8514	9036	
9564	9400	8868	9400	
9896	9746	9086	9746	
10274	10076	9582	10076	
10664	10484	9944	10484	
10950	10868	10148	10868	
11320	11194	10508	11194	
11846	11670	10888	11670	
11302	11080	10418	11080	
10916	10816	10020	10816	
10402	10420	9804	10420	
10080	10072	9564	10072	
9846	9692	9140	9692	
9358	9270	8702	9270	
9010	8958	8466	8958	
8724	8624	8124	8624	
8358	8354	7777	8354	
8150	8071	7589	8071	
7817	7801	7418	7801	
7648	7588	7238	7588	
7456	7435	7051	7435	
7282	7320	6861	7320	
7192	7162	6743	7162	
7052	7026	6661	7026	
6902	6935	6518	6935	
6817	6814	6473	6814	
6709	6721	6379	6721	
6645	6642	6321	6642	
6592	6594	6260	6594	
6501	6507	6193	6507	
6471	6505	6248	6505	
6451	6469	6102	6469	
6460	6451	6131	6451	
6426	6423	6148	6423	
6445	6468	6201	6468	
6509	6491	6163	6491	
6509	6506	6241	6506	
6592	6560	6232	6560	
6666	6642	6259	6642	
6736	6697	6415	6697	
6853	6786	6408	6786	
6847	6892	6501	6892	
7044	7018	6613	7018	
7118	7151	6725	7151	
7333	7289	6805	7289	
7482	7463	7094	7463	
7658	7597	7232	7597	
7848	7827	7367	7827	
8058	8010	7647	8010	
8292	8346	7833	8346	
8632	8612	8208	8612	
9050	8920	8392	8920	
9348	9200	8728	9200	
9686	9642	9132	9642	
10068	10004	9472	10004	
10524	10370	9888	10370	
10866	10704	10114	10704	
11196	11042	10374	11042	
11528	11350	10664	11350	
11910	11816	10864	11816	
11364	11272	10526	11272	
11092	10912	10138	10912	
10742	10644	10094	10644	
10370	10260	9682	10260	
10010	9952	9292	9952	
9658	9570	8854	9570	
9276	9194	8618	9194	
8956	8898	8434	8898	
8620	8556	8111	8556	
8354	8328	7808	8328	
8070	8045	7564	8045	
7856	7758	7361	7758	
7652	7645	7230	7645	
7504	7468	7086	7468	
7331	7323	6893	7323	
7174	7196	6735	7196	
7129	7078	6761	7078	
6976	6967	6613	6967	
6926	6895	6499	6895	
6804	6818	6473	6818	
6748	6765	6425	6765	
6738	6677	6342	6677	
6679	6661	6347	6661	
6669	6659	6356	6659	
6635	6608	6264	6608	
6697	6638	6294	6638	
6674	6676	6295	6676	
6701	6652	6372	6652	
6696	6678	6355	6678	
6833	6720	6455	6720	
6782	6797	6497	6797	
6915	6855	6553	6855	
6993	6952	6578	6952	
7129	7073	6738	7073	
7259	7167	6886	7167	
7341	7302	6945	7302	
7531	7459	7122	7459	
7708	7586	7203	7586	
7828	7809	7372	7809	
8113	8031	7628	8031	
8280	8290	7846	8290	
8560	8526	8077	8526	
8970	8820	8410	8820	
9250	9206	8596	9206	
9600	9540	9018	9540	
10072	9828	9344	9828	
10302	10204	9582	10204	
10718	10580	9886	10580	
11010	10872	10214	10872	
11370	11190	10524	11190	
11724	11524	10794	11524	
11952	12010	10980	12010	
11658	11456	10708	11456	
11306	11128	10578	11128	
10954	10910	10294	10910	
10682	10628	9966	10628	
10242	10212	9464	10212	
10074	9888	9354	9888	
9670	9528	9022	9528	
9304	9186	8658	9186	
8836	8892	8294	8892	
8694	8554	8067	8554	
8350	8328	7894	8328	
8150	8095	7593	8095	
8000	7902	7457	7902	
7809	7776	7257	7776	
7582	7545	7215	7545	
7386	7386	6969	7386	
7407	7294	6838	7294	
7272	7185	6783	7185	
7154	7105	6712	7105	
7090	7046	6659	7046	
7025	6989	6667	6989	
6975	6919	6489	6919	
6845	6859	6497	6859	
6900	6850	6503	6850	
6848	6820	6473	6820	
6885	6882	6492	6882	
6885	6868	6531	6868	
6933	6937	6518	6937	
6876	6950	6571	6950	
6938	6951	6571	6951	
7032	7057	6716	7057	
7081	7120	6740	7120	
7233	7188	6782	7188	
7291	7315	6940	7315	
7503	7435	7060	7435	
7677	7551	7113	7551	
7737	7714	7333	7714	
7942	7908	7415	7908	
8139	8101	7749	8101	
8344	8268	7773	8268	
8708	8578	8164	8578	
8914	8836	8390	8836	
9244	9224	8718	9224	
9546	9446	8932	9446	
9940	9848	9242	9848	
10358	10164	9560	10164	
10796	10550	9952	10550	
10986	10916	10174	10916	
11364	11108	10612	11108	
11666	11440	10788	11440	
12108	11768	10960	11768	
                                                                                                                                                                                                                                                                                                                                                                                                                                                                                                                                                                                                                                                                                                                                                                                                                                                                                                                                                                                                                                                                                                                                                                                                                                                                                                                                                                                                                                                                                                                                                                                                                                                                                                                                                                                                                                                                                                                                                                                                                                                                                                                                                                                                                                                                                                                                                                                                                                                                                                                                                                                                                                                                                                                                                                                                                                                                                                                                                                                                                                                                                                                                                                                                                                                                                                                                                                                                                                                                                                                                                                                                                                                                                                                                                                                                                                                                                                                                                                                                                                                                                                                                                                                                                                                                                                                                                                                                                                                                                                                                                                                                                                                                                                                                                                                                                                                                                                                                                                                                                                                                                                                                                                                                                                                                                                                                                                                                                                                                                                                                                                                                                                                                                                                                                                                                                                                                                                                                                                                                                                                                                                                                                                                                                                                                                                                                                                                                                                                                                                                                                                                                                                                                                                                                                                                                                                                                                                                                                                                                                                                                                                                                                                                                                                                                                                                                                                                                                                                                                                                                                                                                                                                                                                                                                                                                                                                                                                                                                                                                                                                                                                                                                                                                                                                                                                                                                                                                                                                                                                                                                                                                                                                                                                                                                                                                                                                                                                                                                                                                                                                                                                                                                                                                                                                                                                                                                                                                                                                                                                                                                                                                                                                                                                                                                                                                                                                                                                                                                                                                                                                                                                                                                                                                                                                                                                                                                                                                                                                                                                                                                                                                                                                                                                                                                                                                                                 