  3.4375000e+000
  3.9375000e+000
  4.4375000e+000
  4.9375000e+000
  5.5000000e+000
  6.0000000e+000
  6.5000000e+000
  7.0000000e+000
  7.5000000e+000
  7.9375000e+000
  8.4375000e+000
  8.9375000e+000
  9.4375000e+000
  9.8750000e+000
  1.0375000e+001
  1.0875000e+001
  1.1312500e+001
  1.1750000e+001
  1.2250000e+001
  1.2687500e+001
  1.3125000e+001
  1.3625000e+001
  1.4062500e+001
  1.4500000e+001
  1.4937500e+001
  1.5375000e+001
  1.5812500e+001
  1.6250000e+001
  1.6687500e+001
  1.7062500e+001
  1.7500000e+001
  1.7937500e+001
  1.8312500e+001
  1.8750000e+001
  1.9187500e+001
  1.9562500e+001
  1.9937500e+001
  2.0375000e+001
  2.0750000e+001
  2.1125000e+001
  2.1500000e+001
  2.1937500e+001
  2.2312500e+001
  2.2687500e+001
  2.3062500e+001
  2.3437500e+001
  2.3750000e+001
  2.4125000e+001
  2.4500000e+001
  2.4875000e+001
  2.5187500e+001
  2.5562500e+001
  2.5875000e+001
  2.6250000e+001
  2.6562500e+001
  2.6937500e+001
  2.7250000e+001
  2.7562500e+001
  2.7875000e+001
  2.8187500e+001
  2.8562500e+001
  2.8875000e+001
  2.9187500e+001
  2.9500000e+001
  2.9750000e+001
  3.0062500e+001
  3.0375000e+001
  3.0687500e+001
  3.0937500e+001
  3.1250000e+001
  3.1500000e+001
  3.1812500e+001
  3.2062500e+001
  3.2375000e+001
  3.2625000e+001
  3.2875000e+001
  3.3187500e+001
  3.3437500e+001
  3.3687500e+001
  3.3937500e+001
  3.4187500e+001
  3.4437500e+001
  3.4687500e+001
  3.4937500e+001
  3.5125000e+001
  3.5375000e+001
  3.5625000e+001
  3.5812500e+001
  3.6062500e+001
  3.6250000e+001
  3.6500000e+001
  3.6687500e+001
  3.6937500e+001
  3.7125000e+001
  3.7312500e+001
  3.7500000e+001
  3.7687500e+001
  3.7937500e+001
  3.8125000e+001
  3.8312500e+001
  3.8437500e+001
  3.8625000e+001
  3.8812500e+001
  3.9000000e+001
  3.9187500e+001
  3.9312500e+001
  3.9500000e+001
  3.9625000e+001
  3.9812500e+001
  3.9937500e+001
  4.0125000e+001
  4.0250000e+001
  4.0375000e+001
  4.0500000e+001
  4.0625000e+001
  4.0812500e+001
  4.0937500e+001
  4.1062500e+001
  4.1125000e+001
  4.1250000e+001
  4.1375000e+001
  4.1500000e+001
  4.1625000e+001
  4.1687500e+001
  4.1812500e+001
  4.1875000e+001
  4.2000000e+001
  4.2062500e+001
  4.2187500e+001
  4.2250000e+001
  4.2312500e+001
  4.2437500e+001
  4.2500000e+001
  4.2562500e+001
  4.2625000e+001
  4.2687500e+001
  4.2750000e+001
  4.2812500e+001
  4.2875000e+001
  4.2875000e+001
  4.2937500e+001
  4.3000000e+001
  4.3000000e+001
  4.3062500e+001
  4.3062500e+001
  4.3125000e+001
  4.3125000e+001
  4.3187500e+001
  4.3187500e+001
  4.3187500e+001
  4.3187500e+001
  4.3187500e+001
  4.3187500e+001
  4.3250000e+001
  4.3250000e+001
  4.3250000e+001
  4.3250000e+001
  4.3250000e+001
  4.3250000e+001
  4.3250000e+001
  4.3250000e+001
  4.3250000e+001
  4.3250000e+001
  4.3250000e+001
  4.3250000e+001
  4.3250000e+001
  4.3250000e+001
  4.3250000e+001
  4.3250000e+001
  4.3250000e+001
  4.3250000e+001
  4.3250000e+001
  4.3250000e+001
  4.3250000e+001
  4.3250000e+001
  4.3250000e+001
  4.3250000e+001
  4.3250000e+001
  4.3250000e+001
  4.3250000e+001
  4.3250000e+001
  4.3250000e+001
  4.3250000e+001
  4.3250000e+001
  4.3250000e+001
  4.3250000e+001
  4.3250000e+001
  4.3250000e+001
  4.3250000e+001
  4.3250000e+001
  4.3250000e+001
  4.3250000e+001
  4.3250000e+001
  4.3250000e+001
  4.3250000e+001
  4.3250000e+001
  4.3250000e+001
  4.3250000e+001
  4.3250000e+001
  4.3250000e+001
  4.3250000e+001
  4.3250000e+001
  4.3250000e+001
  4.3250000e+001
  4.3250000e+001
  4.3250000e+001
  4.3250000e+001
  4.3250000e+001
  4.3250000e+001
  4.3250000e+001
  4.3250000e+001
  4.3250000e+001
  4.3250000e+001
  4.3250000e+001
  4.3250000e+001
  4.3250000e+001
  4.3250000e+001
  4.3250000e+001
  4.3250000e+001
  4.3250000e+001
  4.3250000e+001
  4.3250000e+001
  4.3250000e+001
  4.3250000e+001
  4.3250000e+001
  4.3250000e+001
  4.3250000e+001
  4.3250000e+001
  4.3250000e+001
  4.3250000e+001
  4.3250000e+001
  4.3250000e+001
  4.3250000e+001
  4.3250000e+001
  4.3250000e+001
  4.3250000e+001
  4.3250000e+001
  4.3250000e+001
  4.3250000e+001
  4.3250000e+001
  4.3250000e+001
  4.3250000e+001
  4.3250000e+001
  4.3250000e+001
  4.3250000e+001
  4.3250000e+001
  4.3250000e+001
  4.3250000e+001
  4.3250000e+001
  4.3250000e+001
  4.3250000e+001
  4.3250000e+001
  4.3250000e+001
  4.3250000e+001
  4.3250000e+001
  4.3250000e+001
