1144	1144	1144	1144	
7953	7670	6815	7670	
7317	7065	6258	7065	
6728	6498	5789	6498	
6344	6137	5512	6137	
6075	5873	5316	5873	
5876	5682	5181	5682	
5694	5510	5057	5510	
5548	5376	4971	5376	
5401	5239	4873	5239	
5284	5137	4778	5137	
5164	5033	4695	5033	
5063	4943	4630	4943	
4956	4852	4561	4852	
4881	4786	4521	4786	
4810	4713	4469	4713	
4739	4669	4431	4669	
4689	4614	4390	4614	
4646	4575	4355	4575	
4618	4548	4347	4548	
4586	4522	4332	4522	
4565	4509	4331	4509	
4560	4501	4329	4501	
4558	4497	4338	4497	
4571	4508	4335	4508	
4589	4526	4361	4526	
4612	4545	4377	4545	
4651	4577	4421	4577	
4701	4605	4441	4605	
4754	4654	4489	4654	
4818	4712	4546	4712	
4893	4770	4608	4770	
4975	4846	4677	4846	
5074	4931	4755	4931	
5178	5026	4841	5026	
5288	5125	4926	5125	
5410	5226	5024	5226	
5565	5361	5151	5361	
5714	5501	5269	5501	
5897	5668	5411	5668	
6106	5847	5576	5847	
6386	6118	5810	6118	
6746	6445	6061	6445	
7261	6947	6449	6947	
7839	7490	6975	7490	
7631	7351	6573	7351	
7114	6839	6135	6839	
6601	6352	5774	6352	
6271	6037	5522	6037	
6023	5798	5348	5798	
5826	5613	5217	5613	
5657	5456	5102	5456	
5506	5320	5000	5320	
5362	5191	4911	5191	
5247	5089	4817	5089	
5131	4986	4742	4986	
5026	4896	4663	4896	
4924	4803	4600	4803	
4844	4741	4556	4741	
4776	4672	4506	4672	
4712	4621	4464	4621	
4656	4571	4432	4571	
4614	4531	4397	4531	
4568	4497	4386	4497	
4544	4475	4365	4475	
4531	4463	4367	4463	
4526	4453	4354	4453	
4523	4448	4361	4448	
4539	4459	4371	4459	
4546	4472	4385	4472	
4581	4494	4414	4494	
4618	4526	4445	4526	
4663	4559	4479	4559	
4718	4607	4521	4607	
4781	4663	4583	4663	
4856	4729	4651	4729	
4940	4801	4715	4801	
5047	4884	4797	4884	
5136	4976	4873	4976	
5248	5074	4966	5074	
5375	5181	5070	5181	
5527	5312	5172	5312	
5680	5445	5303	5445	
5857	5601	5448	5601	
6052	5780	5608	5780	
6305	6014	5807	6014	
6630	6314	6041	6314	
7079	6753	6367	6753	
7541	7211	6782	7211	
7285	7006	6315	7006	
6846	6575	5941	6575	
6423	6174	5632	6174	
6132	5904	5428	5904	
5909	5686	5276	5686	
5725	5515	5150	5515	
5567	5362	5036	5362	
5423	5236	4942	5236	
5281	5111	4842	5111	
5160	5004	4759	5004	
5049	4902	4679	4902	
4947	4820	4616	4820	
4852	4732	4560	4732	
4770	4662	4498	4662	
4699	4597	4450	4597	
4643	4546	4414	4546	
4583	4493	4370	4493	
4533	4456	4341	4456	
4501	4422	4326	4422	
4476	4398	4305	4398	
4455	4386	4305	4386	
4447	4377	4301	4377	
4445	4372	4304	4372	
4455	4377	4313	4377	
4470	4396	4325	4396	
4503	4416	4357	4416	
4541	4449	4387	4449	
4585	4486	4420	4486	
4642	4531	4469	4531	
4706	4591	4523	4591	
4782	4654	4586	4654	
4861	4726	4658	4726	
4970	4818	4749	4818	
5069	4911	4831	4911	
5181	5009	4916	5009	
5305	5107	5016	5107	
5445	5230	5129	5230	
5595	5355	5242	5355	
5763	5506	5379	5506	
5950	5675	5526	5675	
6185	5898	5710	5898	
6456	6142	5906	6142	
6836	6512	6180	6512	
7251	6907	6520	6907	
7004	6736	6073	6736	
6633	6382	5763	6382	
6276	6040	5518	6040	
6016	5795	5341	5795	
5807	5591	5201	5591	
5627	5430	5069	5430	
5477	5281	4970	5281	
5328	5157	4875	5157	
5187	5032	4776	5032	
5071	4929	4695	4929	
4961	4834	4615	4834	
4858	4744	4559	4744	
4767	4655	4497	4655	
4691	4593	4442	4593	
4619	4524	4393	4524	
4557	4470	4353	4470	
4499	4420	4318	4420	
4452	4381	4295	4381	
4416	4349	4267	4349	
4390	4325	4254	4325	
4372	4311	4250	4311	
4367	4303	4241	4303	
4362	4296	4243	4296	
4372	4306	4250	4306	
4395	4322	4270	4322	
4420	4346	4297	4346	
4460	4378	4329	4378	
4505	4418	4364	4418	
4561	4461	4409	4461	
4621	4519	4462	4519	
4694	4580	4525	4580	
4788	4660	4606	4660	
4894	4747	4696	4747	
4990	4838	4775	4838	
5102	4937	4854	4937	
5234	5044	4957	5044	
5369	5159	5068	5159	
5508	5277	5180	5277	
5672	5420	5308	5420	
5852	5581	5440	5581	
6071	5789	5615	5789	
6315	6013	5798	6013	
6641	6334	6026	6334	
6973	6659	6314	6659	
6780	6529	5926	6529	
6472	6229	5654	6229	
6157	5933	5440	5933	
5920	5701	5275	5701	
5721	5510	5126	5510	
5548	5355	5015	5355	
5389	5213	4926	5213	
5255	5087	4828	5087	
5111	4966	4729	4966	
4997	4865	4654	4865	
4886	4765	4573	4765	
4791	4679	4510	4679	
4702	4594	4446	4594	
4624	4526	4394	4526	
4544	4455	4347	4455	
4484	4405	4301	4405	
4425	4352	4266	4352	
4382	4318	4240	4318	
4348	4284	4215	4284	
4317	4260	4201	4260	
4304	4251	4200	4251	
4295	4245	4200	4245	
4297	4240	4201	4240	
4306	4248	4204	4248	
4323	4259	4215	4259	
4350	4278	4246	4278	
4381	4313	4282	4313	
4432	4350	4316	4350	
4484	4394	4362	4394	
4547	4452	4416	4452	
4629	4518	4482	4518	
4718	4598	4558	4598	
4816	4686	4635	4686	
4913	4775	4716	4775	
5034	4876	4807	4876	
5161	4978	4910	4978	
5300	5102	5017	5102	
5432	5212	5120	5212	
5590	5349	5243	5349	
5763	5507	5390	5507	
5971	5701	5549	5701	
6194	5910	5700	5910	
6481	6193	5896	6193	
6760	6476	6151	6476	
6610	6368	5794	6368	
6342	6107	5561	6107	
6051	5838	5365	5838	
5833	5629	5215	5629	
5637	5443	5083	5443	
5475	5295	4976	5295	
5323	5157	4880	5157	
5186	5032	4787	5032	
5045	4907	4692	4907	
4927	4804	4599	4804	
4820	4706	4531	4706	
4723	4618	4468	4618	
4633	4534	4399	4534	
4552	4465	4352	4465	
4479	4397	4294	4397	
4415	4345	4253	4345	
4354	4292	4216	4292	
4313	4260	4193	4260	
4280	4229	4180	4229	
4265	4216	4175	4216	
4253	4209	4174	4209	
4251	4208	4176	4208	
4255	4205	4177	4205	
4256	4204	4181	4204	
4261	4211	4186	4211	
4285	4230	4204	4230	
4318	4254	4228	4254	
4364	4291	4269	4291	
4419	4339	4314	4339	
4484	4395	4372	4395	
4560	4466	4437	4466	
4653	4541	4507	4541	
4752	4631	4581	4631	
4847	4713	4665	4713	
4961	4812	4761	4812	
5086	4919	4864	4919	
5232	5041	4969	5041	
5365	5157	5076	5157	
5517	5282	5190	5282	
5683	5436	5318	5436	
5895	5622	5483	5622	
6100	5821	5628	5821	
6354	6081	5810	6081	
6607	6335	6019	6335	
6471	6255	5704	6255	
6249	6018	5490	6018	
5971	5765	5305	5765	
5758	5567	5166	5567	
5570	5388	5046	5388	
5407	5240	4940	5240	
5264	5100	4840	5100	
5122	4981	4751	4981	
4982	4855	4651	4855	
4868	4754	4569	4754	
4755	4652	4491	4652	
4663	4568	4428	4568	
4563	4482	4361	4482	
4490	4412	4307	4412	
4417	4345	4260	4345	
4354	4293	4216	4293	
4301	4245	4184	4245	
4266	4218	4161	4218	
4239	4201	4162	4201	
4234	4194	4161	4194	
4227	4190	4158	4190	
4226	4189	4163	4189	
4227	4190	4166	4190	
4228	4188	4169	4188	
4229	4191	4174	4191	
4246	4200	4190	4200	
4268	4216	4201	4216	
4306	4248	4231	4248	
4361	4293	4276	4293	
4425	4348	4330	4348	
4504	4418	4398	4418	
4591	4495	4470	4495	
4696	4582	4551	4582	
4798	4667	4631	4667	
4912	4768	4726	4768	
5027	4868	4820	4868	
5170	4991	4929	4991	
5313	5111	5036	5111	
5467	5236	5148	5236	
5619	5379	5283	5379	
5817	5563	5425	5563	
6020	5757	5570	5757	
6267	6003	5737	6003	
6488	6222	5927	6222	
6389	6176	5629	6176	
6162	5952	5434	5952	
5905	5714	5262	5714	
5704	5516	5129	5516	
5513	5341	5007	5341	
5355	5195	4897	5195	
5208	5060	4806	5060	
5074	4942	4706	4942	
4936	4821	4613	4821	
4816	4709	4537	4709	
4704	4611	4454	4611	
4617	4524	4397	4524	
4518	4438	4328	4438	
4439	4369	4274	4369	
4362	4303	4224	4303	
4307	4253	4186	4253	
4258	4213	4154	4213	
4235	4198	4152	4198	
4224	4187	4149	4187	
4210	4177	4148	4177	
4207	4176	4153	4176	
4206	4177	4153	4177	
4207	4173	4153	4173	
4205	4176	4159	4176	
4213	4179	4167	4179	
4230	4187	4181	4187	
4242	4194	4190	4194	
4275	4217	4213	4217	
4311	4253	4233	4253	
4374	4308	4295	4308	
4456	4373	4360	4373	
4547	4453	4435	4453	
4649	4538	4511	4538	
4743	4627	4596	4627	
4858	4731	4685	4731	
4986	4829	4788	4829	
5126	4948	4895	4948	
5269	5070	4996	5070	
5418	5203	5113	5203	
5574	5340	5235	5340	
5764	5523	5391	5523	
5963	5707	5529	5707	
6206	5943	5679	5943	
6419	6153	5872	6153	
6309	6108	5573	6108	
6101	5901	5387	5901	
5859	5668	5227	5668	
5649	5480	5099	5480	
5474	5308	4977	5308	
5309	5160	4886	5160	
5165	5028	4781	5028	
5024	4902	4685	4902	
4888	4784	4586	4784	
4771	4672	4499	4672	
4663	4570	4431	4570	
4563	4490	4362	4490	
4471	4400	4298	4400	
4394	4335	4247	4335	
4323	4266	4193	4266	
4266	4219	4163	4219	
4228	4190	4140	4190	
4215	4182	4142	4182	
4198	4171	4139	4171	
4188	4161	4144	4161	
4183	4158	4138	4158	
4181	4158	4143	4158	
4183	4155	4145	4155	
4189	4158	4149	4158	
4191	4165	4154	4165	
4210	4170	4167	4170	
4224	4184	4177	4184	
4241	4198	4202	4198	
4283	4226	4215	4226	
4336	4271	4271	4271	
4415	4339	4329	4339	
4506	4418	4405	4418	
4604	4502	4480	4502	
4704	4594	4566	4594	
4817	4695	4655	4695	
4942	4797	4756	4797	
5078	4916	4863	4916	
5231	5043	4965	5043	
5384	5167	5091	5167	
5535	5309	5208	5309	
5725	5485	5362	5485	
5915	5661	5487	5661	
6140	5891	5635	5891	
6348	6089	5806	6089	
6254	6054	5537	6054	
6057	5857	5357	5857	
5811	5630	5208	5630	
5610	5446	5076	5446	
5436	5281	4952	5281	
5274	5131	4858	5131	
5126	4998	4759	4998	
4994	4871	4666	4871	
4852	4754	4569	4754	
4735	4640	4480	4640	
4626	4540	4403	4540	
4529	4455	4340	4455	
4438	4370	4281	4370	
4361	4303	4220	4303	
4284	4236	4169	4236	
4238	4199	4146	4199	
4208	4177	4135	4177	
4195	4167	4136	4167	
4178	4156	4129	4156	
4173	4152	4129	4152	
4163	4143	4126	4143	
4159	4142	4132	4142	
4155	4137	4136	4137	
4163	4139	4138	4139	
4174	4145	4143	4145	
4190	4155	4158	4155	
4206	4170	4173	4170	
4227	4187	4190	4187	
4254	4206	4205	4206	
4300	4247	4242	4247	
4372	4309	4303	4309	
4469	4389	4388	4389	
4566	4477	4463	4477	
4671	4563	4540	4563	
4782	4666	4632	4666	
4904	4770	4728	4770	
5052	4887	4836	4887	
5198	5014	4948	5014	
5336	5137	5066	5137	
5499	5278	5192	5278	
5689	5454	5338	5454	
5877	5635	5472	5635	
6102	5854	5612	5854	
6300	6039	5769	6039	
6208	6019	5511	6019	
6019	5830	5343	5830	
5789	5607	5191	5607	
5582	5422	5056	5422	
5405	5257	4932	5257	
5251	5111	4835	5111	
5103	4975	4738	4975	
4965	4853	4649	4853	
4830	4727	4544	4727	
4711	4617	4465	4617	
4597	4517	4381	4517	
4499	4428	4319	4428	
4409	4350	4262	4350	
4328	4279	4205	4279	
4264	4219	4161	4219	
4221	4188	4138	4188	
4197	4169	4134	4169	
4184	4160	4132	4160	
4168	4148	4128	4148	
4156	4137	4123	4137	
4145	4128	4121	4128	
4139	4128	4121	4128	
4139	4124	4121	4124	
4143	4122	4122	4122	
4158	4134	4137	4134	
4176	4146	4149	4146	
4195	4163	4169	4163	
4214	4177	4186	4177	
4237	4194	4204	4194	
4279	4231	4234	4231	
4351	4284	4286	4284	
4442	4368	4357	4368	
4542	4455	4445	4455	
4648	4545	4524	4545	
4759	4649	4621	4649	
4885	4751	4712	4751	
5031	4872	4825	4872	
5170	4994	4933	4994	
5311	5120	5048	5120	
5476	5259	5172	5259	
5666	5435	5319	5435	
5849	5614	5446	5614	
6082	5837	5588	5837	
6266	6019	5760	6019	
6179	6006	5505	6006	
6003	5808	5333	5808	
5765	5589	5190	5589	
5567	5405	5041	5405	
5393	5238	4931	5238	
5231	5093	4829	5093	
5083	4959	4732	4959	
4944	4836	4633	4836	
4808	4712	4537	4712	
4687	4600	4451	4600	
4578	4501	4377	4501	
4484	4413	4310	4413	
4389	4335	4250	4335	
4311	4267	4200	4267	
4246	4208	4155	4208	
4212	4181	4140	4181	
4187	4162	4124	4162	
4170	4153	4130	4153	
4156	4139	4120	4139	
4142	4130	4112	4130	
4126	4119	4106	4119	
4124	4115	4110	4115	
4117	4106	4101	4106	
4125	4113	4115	4113	
4140	4124	4127	4124	
4163	4137	4144	4137	
4188	4154	4166	4154	
4205	4170	4180	4170	
4231	4188	4200	4188	
4269	4219	4227	4219	
4330	4274	4277	4274	
4420	4348	4343	4348	
4522	4438	4432	4438	
4628	4531	4517	4531	
4745	4630	4608	4630	
4865	4732	4709	4732	
5008	4858	4807	4858	
5146	4973	4911	4973	
5300	5103	5030	5103	
5452	5251	5162	5251	
5642	5424	5303	5424	
5837	5598	5439	5598	
6057	5823	5580	5823	
6256	6001	5744	6001	
6178	6000	5501	6000	
5995	5808	5341	5808	
5763	5583	5177	5583	
5559	5400	5045	5400	
5381	5234	4931	5234	
5220	5093	4831	5093	
5070	4958	4738	4958	
4937	4833	4633	4833	
4798	4708	4541	4708	
4678	4597	4452	4597	
4576	4497	4374	4497	
4467	4408	4305	4408	
4374	4322	4242	4322	
4299	4258	4196	4258	
4238	4203	4152	4203	
4204	4178	4138	4178	
4179	4160	4132	4160	
4161	4149	4124	4149	
4145	4136	4115	4136	
4129	4123	4109	4123	
4114	4116	4106	4116	
4106	4106	4098	4106	
4101	4096	4097	4096	
4115	4107	4116	4107	
4131	4120	4118	4120	
4157	4133	4151	4133	
4177	4150	4162	4150	
4200	4169	4181	4169	
4227	4187	4194	4187	
4263	4216	4228	4216	
4328	4271	4274	4271	
4406	4341	4340	4341	
4513	4425	4419	4425	
4614	4519	4502	4519	
4733	4620	4592	4620	
4853	4721	4698	4721	
4997	4848	4800	4848	
5132	4968	4906	4968	
5296	5100	5028	5100	
5460	5242	5158	5242	
5647	5420	5310	5420	
5833	5598	5433	5598	
6068	5822	5589	5822	
6248	5998	5737	5998	
6182	6008	5518	6008	
5997	5807	5347	5807	
5759	5593	5185	5593	
5564	5407	5057	5407	
5382	5235	4937	5235	
5222	5094	4838	5094	
5079	4956	4741	4956	
4933	4828	4635	4828	
4797	4704	4535	4704	
4678	4596	4455	4596	
4567	4502	4377	4502	
4468	4408	4307	4408	
4370	4322	4246	4322	
4295	4255	4193	4255	
4230	4199	4153	4199	
4198	4178	4134	4178	
4167	4155	4127	4155	
4154	4145	4122	4145	
4140	4132	4112	4132	
4127	4128	4114	4128	
4108	4113	4104	4113	
4098	4102	4096	4102	
4096	4096	4097	4096	
4108	4102	4109	4102	
4127	4119	4129	4119	
4151	4129	4149	4129	
4172	4149	4152	4149	
4195	4168	4183	4168	
4217	4186	4194	4186	
4256	4217	4224	4217	
4321	4270	4271	4270	
4406	4340	4343	4340	
4514	4427	4413	4427	
4613	4520	4502	4520	
4730	4619	4599	4619	
4852	4726	4688	4726	
4997	4848	4809	4848	
5131	4967	4908	4967	
5288	5106	5039	5106	
5450	5245	5168	5245	
5644	5418	5314	5418	
5837	5601	5445	5601	
6068	5820	5592	5820	
6246	6002	5766	6002	
6210	6022	5527	6022	
6004	5827	5371	5827	
5768	5606	5193	5606	
5569	5414	5056	5414	
5390	5247	4956	5247	
5238	5101	4845	5101	
5081	4966	4743	4966	
4940	4837	4645	4837	
4798	4713	4549	4713	
4684	4606	4470	4606	
4573	4508	4387	4508	
4473	4415	4319	4415	
4377	4327	4254	4327	
4297	4259	4200	4259	
4235	4200	4151	4200	
4191	4171	4133	4171	
4168	4157	4128	4157	
4152	4141	4115	4141	
4137	4132	4113	4132	
4163	4163	4155	4163	
4114	4118	4105	4118	
4102	4109	4104	4109	
4101	4103	4107	4103	
4113	4110	4114	4110	
4127	4120	4129	4120	
4157	4137	4145	4137	
4175	4154	4164	4154	
4197	4170	4180	4170	
4216	4188	4204	4188	
4262	4226	4234	4226	
4332	4280	4284	4280	
4417	4355	4353	4355	
4526	4441	4437	4441	
4624	4528	4513	4528	
4739	4635	4613	4635	
4861	4735	4700	4735	
4999	4857	4817	4857	
5142	4982	4917	4982	
5307	5118	5051	5118	
5465	5261	5176	5261	
5657	5432	5324	5432	
5854	5616	5461	5616	
6078	5839	5605	5839	
6266	6029	5770	6029	
6228	6054	5556	6054	
6036	5850	5387	5850	
5793	5623	5212	5623	
5597	5431	5088	5431	
5412	5260	4970	5260	
5251	5116	4873	5116	
5095	4982	4776	4982	
4955	4849	4659	4849	
4816	4726	4564	4726	
4700	4622	4482	4622	
4585	4519	4399	4519	
4486	4430	4339	4430	
4388	4340	4263	4340	
4315	4273	4209	4273	
4246	4211	4165	4211	
4194	4175	4137	4175	
4160	4154	4123	4154	
4148	4140	4120	4140	
4138	4130	4116	4130	
4127	4125	4116	4125	
4117	4116	4112	4116	
4113	4111	4116	4111	
4111	4111	4115	4111	
4119	4116	4127	4116	
4133	4130	4135	4130	
4156	4144	4154	4144	
4173	4156	4174	4156	
4193	4174	4188	4174	
4225	4194	4211	4194	
4280	4239	4250	4239	
4352	4295	4296	4295	
4440	4367	4376	4367	
4543	4458	4457	4458	
4643	4550	4535	4550	
4756	4653	4630	4653	
4881	4751	4716	4751	
5024	4877	4831	4877	
5165	4997	4945	4997	
5322	5134	5058	5134	
5489	5280	5202	5280	
5684	5455	5340	5455	
5873	5634	5478	5634	
6104	5862	5628	5862	
6309	6063	5800	6063	
6271	6094	5605	6094	
6068	5886	5420	5886	
5834	5656	5250	5656	
5626	5460	5117	5460	
5438	5287	5002	5287	
5286	5146	4902	5146	
5127	5003	4800	5003	
4987	4879	4684	4879	
4843	4758	4597	4758	
4725	4646	4509	4646	
4606	4543	4422	4543	
4506	4453	4358	4453	
4413	4363	4282	4363	
4337	4295	4230	4295	
4261	4230	4179	4230	
4205	4182	4149	4182	
4168	4153	4125	4153	
4151	4144	4119	4144	
4139	4138	4118	4138	
4134	4132	4123	4132	
4121	4126	4124	4126	
4121	4123	4122	4123	
4120	4122	4126	4122	
4128	4127	4135	4127	
4144	4139	4145	4139	
4165	4153	4172	4153	
4181	4164	4177	4164	
4198	4179	4194	4179	
4237	4204	4215	4204	
4299	4257	4268	4257	
4375	4317	4325	4317	
4460	4393	4389	4393	
4561	4482	4476	4482	
4666	4574	4563	4574	
4781	4676	4650	4676	
4904	4780	4752	4780	
5045	4902	4859	4902	
5192	5025	4970	5025	
5344	5161	5090	5161	
5507	5305	5226	5305	
5705	5483	5375	5483	
5905	5672	5513	5672	
6148	5900	5666	5900	
6345	6106	5851	6106	
6337	6167	5676	6167	
6133	5948	5477	5948	
5877	5699	5294	5699	
5665	5498	5148	5498	
5479	5327	5041	5327	
5319	5176	4935	5176	
5165	5037	4823	5037	
5019	4910	4730	4910	
4881	4782	4616	4782	
4762	4679	4542	4679	
4647	4577	4462	4577	
4547	4485	4386	4485	
4445	4395	4325	4395	
4369	4325	4262	4325	
4291	4258	4211	4258	
4230	4208	4169	4208	
4181	4171	4142	4171	
4161	4154	4134	4154	
4147	4142	4129	4142	
4145	4141	4133	4141	
4134	4135	4134	4135	
4135	4136	4135	4136	
4132	4134	4139	4134	
4140	4140	4149	4140	
4151	4149	4154	4149	
4170	4160	4169	4160	
4189	4171	4186	4171	
4216	4192	4201	4192	
4265	4232	4245	4232	
4328	4282	4287	4282	
4407	4351	4354	4351	
4495	4426	4420	4426	
4590	4517	4507	4517	
4703	4607	4594	4607	
4818	4712	4685	4712	
4936	4812	4779	4812	
5081	4940	4896	4940	
5227	5061	5000	5061	
5383	5194	5120	5194	
5543	5344	5253	5344	
5744	5518	5418	5518	
5944	5712	5554	5712	
6186	5960	5724	5960	
6411	6169	5900	6169	
6445	6260	5750	6260	
6205	6021	5550	6021	
5942	5763	5347	5763	
5719	5557	5206	5557	
5530	5378	5094	5378	
5363	5219	4978	5219	
5207	5079	4871	5079	
5057	4950	4760	4950	
4924	4827	4663	4827	
4803	4721	4580	4721	
4691	4619	4500	4619	
4590	4532	4431	4532	
4492	4440	4361	4440	
4406	4365	4289	4365	
4329	4296	4237	4296	
4266	4241	4195	4241	
4213	4200	4168	4200	
4179	4170	4144	4170	
4160	4151	4141	4151	
4147	4147	4139	4147	
4145	4145	4141	4145	
4148	4147	4147	4147	
4146	4146	4148	4146	
4151	4150	4157	4150	
4163	4161	4162	4161	
4183	4173	4184	4173	
4204	4186	4190	4186	
4243	4219	4221	4219	
4301	4264	4270	4264	
4366	4323	4326	4323	
4446	4387	4386	4387	
4528	4462	4463	4462	
4633	4552	4541	4552	
4737	4647	4620	4647	
4856	4750	4719	4750	
4977	4853	4821	4853	
5122	4981	4930	4981	
5281	5118	5058	5118	
5417	5244	5162	5244	
5594	5387	5288	5387	
5793	5573	5451	5573	
6000	5770	5606	5770	
6260	6021	5780	6021	
6486	6241	5984	6241	
6555	6367	5863	6367	
6304	6107	5618	6107	
6007	5831	5408	5831	
5790	5618	5265	5618	
5589	5433	5156	5433	
5412	5273	5033	5273	
5250	5125	4905	5125	
5112	4997	4803	4997	
4964	4870	4700	4870	
4848	4764	4614	4764	
4731	4663	4538	4663	
4636	4573	4468	4573	
4540	4484	4399	4484	
4455	4408	4336	4408	
4380	4339	4276	4339	
4316	4285	4232	4285	
4259	4237	4201	4237	
4216	4201	4169	4201	
4189	4175	4151	4175	
4171	4160	4147	4160	
4157	4156	4148	4156	
4159	4157	4150	4157	
4159	4156	4153	4156	
4165	4161	4163	4161	
4184	4174	4177	4174	
4208	4193	4204	4193	
4239	4218	4226	4218	
4281	4257	4254	4257	
4344	4307	4305	4307	
4408	4365	4364	4365	
4491	4433	4429	4433	
4577	4509	4491	4509	
4682	4596	4577	4596	
4784	4692	4668	4692	
4891	4790	4750	4790	
5042	4911	4864	4911	
5166	5024	4971	5024	
5313	5146	5078	5146	
5471	5290	5207	5290	
5650	5438	5337	5438	
5859	5629	5507	5629	
6069	5830	5653	5830	
6338	6104	5840	6104	
6574	6351	6080	6351	
6713	6509	5989	6509	
6413	6216	5717	6216	
6090	5917	5473	5917	
5862	5692	5335	5692	
5647	5497	5214	5497	
5470	5333	5083	5333	
5307	5185	4957	5185	
5168	5056	4862	5056	
5026	4928	4755	4928	
4902	4822	4663	4822	
4785	4718	4585	4718	
4689	4628	4513	4628	
4596	4541	4445	4541	
4513	4466	4387	4466	
4431	4391	4324	4391	
4368	4335	4282	4335	
4311	4285	4242	4285	
4266	4252	4215	4252	
4232	4217	4184	4217	
4212	4198	4177	4198	
4196	4191	4176	4191	
4195	4188	4179	4188	
4195	4184	4180	4184	
4204	4190	4190	4190	
4222	4209	4197	4209	
4256	4232	4231	4232	
4293	4269	4270	4269	
4339	4307	4309	4307	
4398	4359	4357	4359	
4464	4419	4405	4419	
4548	4485	4468	4485	
4634	4563	4543	4563	
4743	4653	4623	4653	
4843	4749	4715	4749	
4962	4847	4803	4847	
5118	4985	4933	4985	
5230	5080	5017	5080	
5383	5216	5143	5216	
5538	5340	5246	5340	
5721	5508	5405	5508	
5930	5704	5569	5704	
6159	5918	5741	5918	
6442	6209	5950	6209	
6729	6487	6191	6487	
6915	6712	6157	6712	
6559	6367	5853	6367	
6211	6022	5593	6022	
5949	5781	5423	5781	
5740	5578	5284	5578	
5557	5411	5149	5411	
5383	5256	5023	5256	
5241	5124	4905	5124	
5100	4999	4808	4999	
4969	4888	4726	4888	
4856	4783	4642	4783	
4758	4693	4571	4693	
4663	4606	4507	4606	
4582	4531	4448	4531	
4503	4453	4377	4453	
4432	4402	4337	4402	
4375	4347	4293	4347	
4332	4311	4270	4311	
4297	4282	4245	4282	
4281	4262	4240	4262	
4260	4247	4232	4247	
4255	4243	4225	4243	
4258	4242	4227	4242	
4265	4248	4241	4248	
4286	4266	4252	4266	
4322	4293	4294	4293	
4359	4328	4320	4328	
4411	4371	4364	4371	
4465	4424	4407	4424	
4533	4479	4461	4479	
4612	4544	4523	4544	
4700	4617	4594	4617	
4803	4711	4682	4711	
4909	4806	4767	4806	
5026	4912	4862	4912	
5155	5014	4965	5014	
5299	5142	5086	5142	
5533	5352	5271	5352	
5652	5450	5364	5450	
5804	5587	5473	5587	
6027	5793	5654	5793	
6263	6017	5831	6017	
6594	6343	6058	6343	
6922	6661	6349	6661	
7161	6966	6387	6966	
6762	6550	6003	6550	
6353	6159	5704	6159	
6066	5889	5520	5889	
5836	5668	5360	5668	
5642	5489	5214	5489	
5463	5335	5088	5335	
5311	5196	4973	5196	
5166	5069	4870	5069	
5047	4962	4787	4962	
4930	4852	4704	4852	
4826	4759	4620	4759	
4730	4674	4554	4674	
4649	4599	4497	4599	
4571	4525	4443	4525	
4506	4464	4384	4464	
4448	4416	4355	4416	
4405	4382	4329	4382	
4368	4349	4305	4349	
4346	4326	4293	4326	
4327	4313	4283	4313	
4327	4307	4290	4307	
4327	4303	4279	4303	
4332	4313	4290	4313	
4356	4329	4309	4329	
4393	4357	4344	4357	
4432	4394	4379	4394	
4476	4439	4423	4439	
4538	4489	4466	4489	
4604	4550	4520	4550	
4684	4613	4584	4613	
4770	4685	4663	4685	
4874	4777	4740	4777	
4977	4875	4831	4875	
5103	4983	4926	4983	
5234	5093	5030	5093	
5379	5216	5140	5216	
5516	5340	5244	5340	
5703	5500	5395	5500	
5887	5672	5545	5672	
6128	5898	5737	5898	
6386	6143	5946	6143	
6760	6515	6223	6515	
7167	6897	6565	6897	
7521	7301	6681	7301	
7014	6790	6212	6790	
6528	6325	5856	6325	
6207	6012	5635	6012	
5946	5779	5453	5779	
5740	5586	5300	5586	
5554	5418	5147	5418	
5400	5279	5039	5279	
5256	5152	4944	5152	
5130	5040	4850	5040	
5018	4934	4767	4934	
4911	4836	4692	4836	
4812	4748	4625	4748	
4724	4676	4558	4676	
4651	4598	4502	4598	
4582	4543	4463	4543	
4522	4489	4418	4489	
4483	4454	4391	4454	
4442	4423	4367	4423	
4421	4399	4351	4399	
4404	4387	4350	4387	
4399	4382	4345	4382	
4399	4382	4352	4382	
4413	4391	4359	4391	
4433	4407	4382	4407	
4471	4438	4416	4438	
4503	4471	4440	4471	
4553	4517	4486	4517	
4620	4568	4542	4568	
4688	4627	4592	4627	
4761	4691	4652	4691	
4850	4767	4727	4767	
4956	4861	4812	4861	
5058	4953	4894	4953	
5180	5064	4994	5064	
5320	5176	5105	5176	
5464	5306	5204	5306	
5618	5441	5330	5441	
5803	5597	5481	5597	
5998	5776	5638	5776	
6251	6013	5845	6013	
6557	6306	6090	6306	
7005	6748	6443	6748	
7473	7203	6820	7203	
8000	7761	7083	7761	
7362	7117	6504	7117	
6763	6542	6049	6542	
6365	6168	5766	6168	
6067	5902	5558	5902	
5844	5697	5398	5697	
5658	5518	5236	5518	
5489	5363	5111	5363	
5343	5234	5013	5234	
5218	5122	4933	5122	
5103	5016	4847	5016	
5003	4921	4770	4921	
4902	4832	4701	4832	
4812	4752	4637	4752	
4728	4680	4577	4680	
4661	4626	4529	4626	
4603	4573	4492	4573	
4559	4536	4461	4536	
4524	4503	4435	4503	
4499	4478	4420	4478	
4479	4466	4419	4466	
4477	4458	4417	4458	
4479	4460	4419	4460	
4492	4473	4426	4473	
4520	4486	4449	4486	
4548	4517	4489	4517	
4585	4552	4516	4552	
4636	4601	4559	4601	
4698	4651	4615	4651	
4767	4710	4665	4710	
4843	4772	4729	4772	
4924	4845	4798	4845	
5039	4942	4887	4942	
5142	5037	4962	5037	
5269	5149	5072	5149	
5406	5259	5179	5259	
5559	5394	5293	5394	
5723	5537	5414	5537	
5912	5712	5576	5712	
6114	5903	5746	5903	
6397	6168	5973	6168	
6777	6512	6275	6512	
7328	7048	6717	7048	
7904	7616	7204	7616	
8637	8364	7573	8364	
7673	7440	6800	7440	
6979	6763	6256	6763	
6510	6310	5908	6310	
6169	5998	5654	5998	
5931	5781	5479	5781	
5733	5596	5313	5596	
5556	5441	5189	5441	
5405	5296	5093	5296	
5277	5184	4996	5184	
5148	5079	4915	5079	
5057	4987	4844	4987	
4952	4896	4763	4896	
4865	4815	4695	4815	
4787	4743	4636	4743	
4716	4687	4603	4687	
4656	4635	4567	4635	
4617	4601	4523	4601	
4583	4561	4505	4561	
4558	4538	4487	4538	
4534	4526	4484	4526	
4527	4517	4483	4517	
4535	4526	4482	4526	
4546	4536	4500	4536	
4566	4553	4525	4553	
4605	4585	4542	4585	
4643	4623	4590	4623	
4693	4669	4622	4669	
4755	4720	4681	4720	
4827	4777	4739	4777	
4900	4835	4793	4835	
4984	4912	4866	4912	
5088	5006	4950	5006	
5201	5103	5035	5103	
5327	5212	5135	5212	
5459	5325	5254	5325	
5634	5471	5373	5471	
5784	5623	5497	5623	
5983	5801	5677	5801	
6211	6017	5846	6017	
6532	6306	6116	6306	
6956	6722	6479	6722	
7601	7338	6988	7338	
8406	8084	7620	8084	
                                                                                                                                                                                                                                                                                                                                                                                                                                                                                                                                                                                                                                                                                                                                                                                                                                                                                                                                                                                                                                                                                                                                                                                                                                                                                                                                                                                                                                                                                                                                                                                                                                                                                                                                                                                                                                                                                                                                                                                                                                                                                                                                                                                                                                                                                                                                                                                                                                                                                                                                                                                                                                                                                                                                                                                                                                                                                                                                                                                                                                                                                                                                                                                                                                                                                                                                                                                                                                                                                                                                                                                                                                                                                                                                                                                                                                                                                                                                                                                                                                                                                                                                                                                                                                                                                                                                                                                                                                                                                                                                                                                                                                                                                                                                                                    