  1.8750000e-001
  1.8750000e-001
  1.8750000e-001
  1.8750000e-001
  1.8750000e-001
  1.8750000e-001
  1.8750000e-001
  1.8750000e-001
  1.8750000e-001
  1.8750000e-001
  1.8750000e-001
  1.8750000e-001
  1.8750000e-001
  1.8750000e-001
  1.8750000e-001
  1.8750000e-001
  1.8750000e-001
  1.8750000e-001
  1.8750000e-001
  1.8750000e-001
  1.8750000e-001
  1.8750000e-001
  1.8750000e-001
  1.8750000e-001
  1.8750000e-001
  1.8750000e-001
  1.7187500e-001
  1.7187500e-001
  1.7187500e-001
  1.7187500e-001
  1.5625000e-001
  1.5625000e-001
  1.4062500e-001
  1.4062500e-001
  1.2500000e-001
  1.2500000e-001
  1.2500000e-001
  1.0937500e-001
  1.0937500e-001
  9.3750000e-002
  9.3750000e-002
  7.8125000e-002
  7.8125000e-002
  6.2500000e-002
  6.2500000e-002
  6.2500000e-002
  4.6875000e-002
  4.6875000e-002
  4.6875000e-002
  4.6875000e-002
  3.1250000e-002
  3.1250000e-002
  3.1250000e-002
  3.1250000e-002
  3.1250000e-002
  1.5625000e-002
  1.5625000e-002
  1.5625000e-002
  1.5625000e-002
  0.0000000e+000
  0.0000000e+000
  0.0000000e+000
  0.0000000e+000
  0.0000000e+000
  0.0000000e+000
  0.0000000e+000
  0.0000000e+000
  0.0000000e+000
  0.0000000e+000
  0.0000000e+000
  0.0000000e+000
  0.0000000e+000
  0.0000000e+000
  0.0000000e+000
  0.0000000e+000
  0.0000000e+000
  0.0000000e+000
  0.0000000e+000
  1.5625000e-002
  1.5625000e-002
  1.5625000e-002
  3.1250000e-002
  3.1250000e-002
  4.6875000e-002
  6.2500000e-002
  6.2500000e-002
  7.8125000e-002
  7.8125000e-002
  9.3750000e-002
  9.3750000e-002
  1.0937500e-001
  1.0937500e-001
  1.0937500e-001
  1.2500000e-001
  1.2500000e-001
  1.4062500e-001
  1.5625000e-001
  1.5625000e-001
  1.7187500e-001
  1.7187500e-001
  1.8750000e-001
  2.0312500e-001
  2.0312500e-001
  2.1875000e-001
  2.3437500e-001
  2.3437500e-001
  2.5000000e-001
  2.6562500e-001
  2.6562500e-001
  2.8125000e-001
  2.8125000e-001
  2.9687500e-001
  2.9687500e-001
  2.9687500e-001
  2.9687500e-001
  3.1250000e-001
  3.1250000e-001
  3.1250000e-001
  3.1250000e-001
  3.1250000e-001
  3.1250000e-001
  3.1250000e-001
  3.1250000e-001
  3.1250000e-001
  3.1250000e-001
  2.9687500e-001
  2.9687500e-001
  2.9687500e-001
  2.9687500e-001
  2.9687500e-001
  2.9687500e-001
  2.9687500e-001
  2.8125000e-001
  2.8125000e-001
  2.8125000e-001
  2.8125000e-001
  2.8125000e-001
  2.6562500e-001
  2.6562500e-001
  2.6562500e-001
  2.6562500e-001
  2.5000000e-001
  2.5000000e-001
  2.5000000e-001
  2.3437500e-001
  2.3437500e-001
  2.3437500e-001
  2.3437500e-001
  2.1875000e-001
  2.1875000e-001
  2.1875000e-001
  2.1875000e-001
  2.0312500e-001
  2.0312500e-001
  2.0312500e-001
  2.0312500e-001
  2.0312500e-001
  2.0312500e-001
  2.0312500e-001
  1.8750000e-001
  1.8750000e-001
  1.8750000e-001
  1.8750000e-001
  1.8750000e-001
  1.8750000e-001
  1.8750000e-001
  1.8750000e-001
  1.8750000e-001
  1.8750000e-001
  1.8750000e-001
  1.8750000e-001
  1.8750000e-001
  1.8750000e-001
  1.8750000e-001
  1.8750000e-001
  1.8750000e-001
  1.8750000e-001
  1.8750000e-001
  1.8750000e-001
  1.8750000e-001
