  2.0285667e+001
  2.0285667e+001
  2.0285667e+001
  2.0285667e+001
  2.0285667e+001
  2.0285667e+001
  2.0285667e+001
  2.0285667e+001
  2.0285667e+001
  2.0285667e+001
  2.0285667e+001
  2.0782751e+001
  2.1279836e+001
  2.1776921e+001
  2.2274005e+001
  2.2771090e+001
  2.3268174e+001
  2.3765259e+001
  2.4262344e+001
  2.4759428e+001
  2.5256513e+001
  2.5753598e+001
  2.6250682e+001
  2.6747767e+001
  2.7244851e+001
  2.7741936e+001
  2.8239021e+001
  2.8736105e+001
  2.9233190e+001
  2.9730275e+001
  3.0227359e+001
  3.0724444e+001
  3.1221528e+001
  3.1718613e+001
  3.2215698e+001
  3.2712782e+001
  3.3209867e+001
  3.3706952e+001
  3.4204036e+001
  3.4701121e+001
  3.5198205e+001
  3.5695290e+001
  3.6192375e+001
  3.6689459e+001
  3.7186544e+001
  3.7683629e+001
  3.8180713e+001
  3.8677798e+001
  3.9174882e+001
  3.9671967e+001
  4.0169052e+001
  4.0666136e+001
  4.1163221e+001
  4.1660306e+001
  4.2157390e+001
  4.2654475e+001
  4.3151559e+001
  4.3648644e+001
  4.4145729e+001
  4.4642813e+001
  4.5139898e+001
  4.5636983e+001
  4.6134067e+001
  4.6631152e+001
  4.7128236e+001
  4.7625321e+001
  4.8122406e+001
  4.8619490e+001
  4.9116575e+001
  4.9613660e+001
  5.0110744e+001
  5.0607829e+001
  5.1104914e+001
  5.1601998e+001
  5.2099083e+001
  5.2596167e+001
  5.3093252e+001
  5.3590337e+001
  5.4087421e+001
  5.4584506e+001
  5.5081591e+001
  5.5578675e+001
  5.6075760e+001
  5.6572844e+001
  5.7069929e+001
  5.7567014e+001
  5.8064098e+001
  5.8561183e+001
  5.9058268e+001
  5.9555352e+001
  6.0052437e+001
  6.0549521e+001
  6.1046606e+001
  6.1543691e+001
  6.2040775e+001
  6.2537860e+001
  6.3034945e+001
  6.3532029e+001
  6.4029114e+001
  6.4526198e+001
  6.5023283e+001
  6.5520368e+001
  6.6017452e+001
  6.6514537e+001
  6.7011622e+001
  6.7508706e+001
  6.8005791e+001
  6.8502875e+001
  6.8999960e+001
  6.9497045e+001
  6.9994129e+001
  7.0491214e+001
  7.0988299e+001
  7.1485383e+001
  7.1982468e+001
  7.2479552e+001
  7.2976637e+001
  7.3473722e+001
  7.3302305e+001
  7.2904282e+001
  7.2506259e+001
  7.2108236e+001
  7.1710213e+001
  7.1312190e+001
  7.0914167e+001
  7.0516144e+001
  7.0118121e+001
  6.9720098e+001
  6.9322075e+001
  6.8924052e+001
  6.8526029e+001
  6.8128006e+001
  6.7729983e+001
  6.7331960e+001
  6.6933937e+001
  6.6535914e+001
  6.6137891e+001
  6.5739868e+001
  6.5341845e+001
  6.4943822e+001
  6.4545799e+001
  6.4147776e+001
  6.3749753e+001
  6.3351730e+001
  6.2953707e+001
  6.2555684e+001
  6.2157661e+001
  6.1759638e+001
  6.1361615e+001
  6.0963592e+001
  6.0565569e+001
  6.0167546e+001
  5.9769523e+001
  5.9371500e+001
  5.8973477e+001
  5.8575454e+001
  5.8177431e+001
  5.7779408e+001
  5.7381385e+001
  5.6983362e+001
  5.6585339e+001
  5.6187316e+001
  5.5789293e+001
  5.5391270e+001
  5.4993247e+001
  5.4595224e+001
  5.4197201e+001
  5.3799178e+001
  5.3401155e+001
  5.3003132e+001
  5.2605109e+001
  5.2207087e+001
  5.1809064e+001
  5.1411041e+001
  5.1013018e+001
  5.0614995e+001
  5.0216972e+001
  4.9818949e+001
  4.9420926e+001
  4.9022903e+001
  4.8624880e+001
  4.8226857e+001
  4.7828834e+001
  4.7430811e+001
  4.7032788e+001
  4.6634765e+001
  4.6236742e+001
  4.5838719e+001
  4.5440696e+001
  4.5042673e+001
  4.4644650e+001
  4.4246627e+001
  4.3848604e+001
  4.3450581e+001
  4.3052558e+001
  4.2654535e+001
  4.2256512e+001
  4.1858489e+001
  4.1460466e+001
  4.1062443e+001
  4.0664420e+001
  4.0266397e+001
  3.9868374e+001
  3.9470351e+001
  3.9072328e+001
  3.8674305e+001
  3.8276282e+001
  3.7878259e+001
  3.7480236e+001
  3.7082213e+001
  3.6684190e+001
  3.6286167e+001
  3.5888144e+001
  3.5490121e+001
  3.5092098e+001
  3.4694075e+001
  3.4296052e+001
  3.3898029e+001
  3.3500006e+001
  3.3101983e+001
  3.2703960e+001
  3.2305937e+001
  3.1907914e+001
  3.1509891e+001
  3.1111868e+001
  3.0713845e+001
  3.0315822e+001
  2.9917799e+001
  2.9519776e+001
  2.9121753e+001
  2.8723730e+001
  2.8325707e+001
  2.7927684e+001
  2.7529661e+001
  2.7131638e+001
  2.6733615e+001
  2.6335592e+001
  2.5937569e+001
  2.5539546e+001
  2.5141523e+001
  2.4743500e+001
  2.4345477e+001
  2.3947454e+001
  2.3549431e+001
  2.3151408e+001
  2.2753385e+001
  2.2355362e+001
  2.1957339e+001
  2.1559316e+001
  2.1161293e+001
  2.0763270e+001
  2.0365247e+001
  1.9967224e+001
  1.9569201e+001
  1.9171178e+001
  1.8773155e+001
