  1.0618300e+001
  1.0618300e+001
  1.0618300e+001
  1.0618300e+001
  1.0618300e+001
  1.0618300e+001
  1.0618300e+001
  1.0618300e+001
  1.0618300e+001
  1.0618300e+001
  1.0618300e+001
  1.0744259e+001
  1.1248093e+001
  1.1751928e+001
  1.2255762e+001
  1.2759597e+001
  1.3263431e+001
  1.3767266e+001
  1.4271100e+001
  1.4774935e+001
  1.5278769e+001
  1.5782604e+001
  1.6286439e+001
  1.6790273e+001
  1.7294108e+001
  1.7797942e+001
  1.8301777e+001
  1.8805611e+001
  1.9309446e+001
  1.9813280e+001
  2.0317115e+001
  2.0820949e+001
  2.1324784e+001
  2.1828618e+001
  2.2332453e+001
  2.2836288e+001
  2.3340122e+001
  2.3843957e+001
  2.4347791e+001
  2.4851626e+001
  2.5355460e+001
  2.5859295e+001
  2.6363129e+001
  2.6866964e+001
  2.7370798e+001
  2.7874633e+001
  2.8378467e+001
  2.8882302e+001
  2.9386136e+001
  2.9889971e+001
  3.0393806e+001
  3.0897640e+001
  3.1401475e+001
  3.1905309e+001
  3.2409144e+001
  3.2912978e+001
  3.3416813e+001
  3.3920647e+001
  3.4424482e+001
  3.4928316e+001
  3.5432151e+001
  3.5935985e+001
  3.6439820e+001
  3.6943655e+001
  3.7447489e+001
  3.7951324e+001
  3.8455158e+001
  3.8958993e+001
  3.9462827e+001
  3.9966662e+001
  4.0470496e+001
  4.0974331e+001
  4.1478165e+001
  4.1982000e+001
  4.2485834e+001
  4.2849596e+001
  4.2657575e+001
  4.2465554e+001
  4.2273533e+001
  4.2081512e+001
  4.1889492e+001
  4.1697471e+001
  4.1505450e+001
  4.1313429e+001
  4.1121408e+001
  4.0929387e+001
  4.0737366e+001
  4.0545345e+001
  4.0353324e+001
  4.0161304e+001
  3.9969283e+001
  3.9777262e+001
  3.9585241e+001
  3.9393220e+001
  3.9201199e+001
  3.9009178e+001
  3.8817157e+001
  3.8625136e+001
  3.8433115e+001
  3.8241095e+001
  3.8049074e+001
  3.7857053e+001
  3.7665032e+001
  3.7473011e+001
  3.7280990e+001
  3.7088969e+001
  3.6896948e+001
  3.6704927e+001
  3.6512907e+001
  3.6320886e+001
  3.6128865e+001
  3.5936844e+001
  3.5744823e+001
  3.5552802e+001
  3.5360781e+001
  3.5168760e+001
  3.4976739e+001
  3.4784718e+001
  3.4592698e+001
  3.4400677e+001
  3.4208656e+001
  3.4016635e+001
  3.3824614e+001
  3.3632593e+001
  3.3440572e+001
  3.3248551e+001
  3.3056530e+001
  3.2864510e+001
  3.2672489e+001
  3.2480468e+001
  3.2288447e+001
  3.2096426e+001
  3.1904405e+001
  3.1712384e+001
  3.1520363e+001
  3.1328342e+001
  3.1136321e+001
  3.0944301e+001
  3.0752280e+001
  3.0560259e+001
  3.0368238e+001
  3.0176217e+001
  2.9984196e+001
  2.9792175e+001
  2.9600154e+001
  2.9408133e+001
  2.9216113e+001
  2.9024092e+001
  2.8832071e+001
  2.8640050e+001
  2.8448029e+001
  2.8256008e+001
  2.8063987e+001
  2.7871966e+001
  2.7679945e+001
  2.7487924e+001
  2.7295904e+001
  2.7103883e+001
  2.6911862e+001
  2.6719841e+001
  2.6527820e+001
  2.6335799e+001
  2.6143778e+001
  2.5951757e+001
  2.5759736e+001
  2.5567715e+001
  2.5375695e+001
  2.5183674e+001
  2.4991653e+001
  2.4799632e+001
  2.4607611e+001
  2.4415590e+001
  2.4223569e+001
  2.4031548e+001
  2.3839527e+001
  2.3647507e+001
  2.3455486e+001
  2.3263465e+001
  2.3071444e+001
  2.2879423e+001
  2.2687402e+001
  2.2495381e+001
  2.2303360e+001
  2.2111339e+001
  2.1919318e+001
  2.1727298e+001
  2.1535277e+001
  2.1343256e+001
  2.1151235e+001
  2.0959214e+001
  2.0767193e+001
  2.0575172e+001
  2.0383151e+001
  2.0191130e+001
  1.9999110e+001
  1.9807089e+001
  1.9615068e+001
  1.9423047e+001
  1.9231026e+001
  1.9039005e+001
  1.8846984e+001
  1.8654963e+001
  1.8462942e+001
  1.8270921e+001
  1.8078901e+001
  1.7886880e+001
  1.7694859e+001
  1.7502838e+001
  1.7310817e+001
  1.7118796e+001
  1.6926775e+001
  1.6734754e+001
  1.6542733e+001
  1.6350713e+001
  1.6158692e+001
  1.5966671e+001
  1.5774650e+001
  1.5582629e+001
  1.5390608e+001
  1.5198587e+001
  1.5006566e+001
  1.4814545e+001
  1.4622524e+001
  1.4430504e+001
  1.4238483e+001
  1.4046462e+001
  1.3854441e+001
  1.3662420e+001
  1.3470399e+001
  1.3278378e+001
  1.3086357e+001
  1.2894336e+001
  1.2702315e+001
  1.2510295e+001
  1.2318274e+001
  1.2126253e+001
  1.1934232e+001
  1.1742211e+001
  1.1550190e+001
  1.1358169e+001
  1.1166148e+001
  1.0974127e+001
  1.0782107e+001
  1.0722100e+001
  1.0722100e+001
  1.0722100e+001
  1.0722100e+001
  1.0722100e+001
  1.0722100e+001
  1.0722100e+001
  1.0722100e+001
  1.0722100e+001
  1.0722100e+001
  1.0722100e+001
  1.0722100e+001
  1.0722100e+001
