  1.9476700e+001
  1.9476700e+001
  1.9476700e+001
  1.9476700e+001
  1.9476700e+001
  1.9476700e+001
  1.9476700e+001
  1.9476700e+001
  1.9476700e+001
  1.9476700e+001
  1.9476700e+001
  1.9476700e+001
  1.9476700e+001
  1.9476700e+001
  1.9476700e+001
  1.9476700e+001
  1.9476700e+001
  1.9476700e+001
  1.9476700e+001
  1.9476700e+001
  1.9476700e+001
  1.9476700e+001
  1.9877546e+001
  2.0335656e+001
  2.0793765e+001
  2.1251875e+001
  2.1709984e+001
  2.2168094e+001
  2.2626204e+001
  2.3084313e+001
  2.3542423e+001
  2.4000532e+001
  2.4458642e+001
  2.4916752e+001
  2.5374861e+001
  2.5832971e+001
  2.6291081e+001
  2.6749190e+001
  2.7207300e+001
  2.7665409e+001
  2.8123519e+001
  2.8581629e+001
  2.9039738e+001
  2.9497848e+001
  2.9955957e+001
  3.0414067e+001
  3.0872177e+001
  3.1330286e+001
  3.1788396e+001
  3.2246506e+001
  3.2704615e+001
  3.3162725e+001
  3.3620834e+001
  3.4078944e+001
  3.4537054e+001
  3.4995163e+001
  3.5453273e+001
  3.5911383e+001
  3.6369492e+001
  3.6827602e+001
  3.7285711e+001
  3.7743821e+001
  3.8201931e+001
  3.8660040e+001
  3.9118150e+001
  3.9576259e+001
  4.0034369e+001
  4.0492479e+001
  4.0950588e+001
  4.1408698e+001
  4.1866808e+001
  4.2324917e+001
  4.2783027e+001
  4.3241136e+001
  4.3699246e+001
  4.4157356e+001
  4.4615465e+001
  4.5073575e+001
  4.5531684e+001
  4.5989794e+001
  4.6447904e+001
  4.6906013e+001
  4.7364123e+001
  4.7822233e+001
  4.8280342e+001
  4.8738452e+001
  4.9196561e+001
  4.9654671e+001
  5.0112781e+001
  5.0570890e+001
  5.1029000e+001
  5.1487110e+001
  5.1945219e+001
  5.2403329e+001
  5.2861438e+001
  5.3319548e+001
  5.3777658e+001
  5.4235767e+001
  5.4693877e+001
  5.5151986e+001
  5.5610096e+001
  5.6068206e+001
  5.6526315e+001
  5.6984425e+001
  5.7442535e+001
  5.7900644e+001
  5.8358754e+001
  5.8816863e+001
  5.9274973e+001
  5.9733083e+001
  6.0191192e+001
  6.0649302e+001
  6.1107411e+001
  6.1565521e+001
  6.2023631e+001
  6.2481740e+001
  6.2939850e+001
  6.3397960e+001
  6.3856069e+001
  6.4314179e+001
  6.4772288e+001
  6.5230398e+001
  6.5688508e+001
  6.6146617e+001
  6.6604727e+001
  6.7062837e+001
  6.7520946e+001
  6.7979056e+001
  6.8437165e+001
  6.8895275e+001
  6.9353385e+001
  6.9811494e+001
  7.0269604e+001
  7.0727713e+001
  7.1185823e+001
  7.1643933e+001
  7.2102042e+001
  7.2560152e+001
  7.3018262e+001
  7.3476371e+001
  7.3934481e+001
  7.4392590e+001
  7.4855600e+001
  7.4364940e+001
  7.3872181e+001
  7.3379421e+001
  7.2886661e+001
  7.2393902e+001
  7.1901142e+001
  7.1408383e+001
  7.0915623e+001
  7.0422863e+001
  6.9930104e+001
  6.9437344e+001
  6.8944584e+001
  6.8451825e+001
  6.7959065e+001
  6.7466306e+001
  6.6973546e+001
  6.6480786e+001
  6.5988027e+001
  6.5495267e+001
  6.5002507e+001
  6.4509748e+001
  6.4016988e+001
  6.3524229e+001
  6.3031469e+001
  6.2538709e+001
  6.2045950e+001
  6.1553190e+001
  6.1060430e+001
  6.0567671e+001
  6.0074911e+001
  5.9582152e+001
  5.9089392e+001
  5.8596632e+001
  5.8103873e+001
  5.7611113e+001
  5.7118353e+001
  5.6625594e+001
  5.6132834e+001
  5.5640075e+001
  5.5147315e+001
  5.4654555e+001
  5.4161796e+001
  5.3669036e+001
  5.3176276e+001
  5.2683517e+001
  5.2190757e+001
  5.1697998e+001
  5.1205238e+001
  5.0712478e+001
  5.0219719e+001
  4.9726959e+001
  4.9234199e+001
  4.8741440e+001
  4.8248680e+001
  4.7755921e+001
  4.7263161e+001
  4.6770401e+001
  4.6277642e+001
  4.5784882e+001
  4.5292122e+001
  4.4799363e+001
  4.4306603e+001
  4.3813843e+001
  4.3321084e+001
  4.2828324e+001
  4.2335565e+001
  4.1842805e+001
  4.1350045e+001
  4.0857286e+001
  4.0364526e+001
  3.9871766e+001
  3.9379007e+001
  3.8886247e+001
  3.8393488e+001
  3.7900728e+001
  3.7407968e+001
  3.6915209e+001
  3.6422449e+001
  3.5929689e+001
  3.5436930e+001
  3.4944170e+001
  3.4451411e+001
  3.3958651e+001
  3.3465891e+001
  3.2973132e+001
  3.2480372e+001
  3.1987612e+001
  3.1494853e+001
  3.1002093e+001
  3.0509334e+001
  3.0016574e+001
  2.9523814e+001
  2.9031055e+001
  2.8538295e+001
  2.8045535e+001
  2.7552776e+001
  2.7060016e+001
  2.6567257e+001
  2.6074497e+001
  2.5581737e+001
  2.5088978e+001
  2.4596218e+001
  2.4103458e+001
  2.3610699e+001
  2.3117939e+001
  2.2625180e+001
  2.2132420e+001
  2.1639660e+001
  2.1146901e+001
  2.0654141e+001
  2.0161381e+001
  1.9668622e+001
  1.9175862e+001
