  7.5495000e+000
  7.5495000e+000
  7.5495000e+000
  7.5495000e+000
  7.5495000e+000
  7.5495000e+000
  7.5495000e+000
  7.5495000e+000
  7.5495000e+000
  7.5495000e+000
  7.5495000e+000
  7.5495000e+000
  7.5495000e+000
  7.5495000e+000
  7.5495000e+000
  7.5495000e+000
  7.5495000e+000
  7.5495000e+000
  7.5495000e+000
  7.5495000e+000
  7.5495000e+000
  7.5967101e+000
  7.7855503e+000
  7.9743905e+000
  8.1632307e+000
  8.3520709e+000
  8.5409111e+000
  8.7297514e+000
  8.9185916e+000
  9.1074318e+000
  9.2962720e+000
  9.4851122e+000
  9.6739525e+000
  9.8627927e+000
  1.0051633e+001
  1.0240473e+001
  1.0429313e+001
  1.0618154e+001
  1.0806994e+001
  1.0995834e+001
  1.1184674e+001
  1.1373514e+001
  1.1562355e+001
  1.1751195e+001
  1.1940035e+001
  1.2128875e+001
  1.2317716e+001
  1.2506556e+001
  1.2695396e+001
  1.2884236e+001
  1.3073076e+001
  1.3261917e+001
  1.3450757e+001
  1.3639597e+001
  1.3828437e+001
  1.4017277e+001
  1.4206118e+001
  1.4394958e+001
  1.4583798e+001
  1.4772638e+001
  1.4961479e+001
  1.5150319e+001
  1.5339159e+001
  1.5527999e+001
  1.5716839e+001
  1.5905680e+001
  1.6094520e+001
  1.6283360e+001
  1.6472200e+001
  1.6661041e+001
  1.6849881e+001
  1.7038721e+001
  1.7227561e+001
  1.7416401e+001
  1.7605242e+001
  1.7794082e+001
  1.7982922e+001
  1.8171762e+001
  1.8360603e+001
  1.8549443e+001
  1.8738283e+001
  1.8927123e+001
  1.9115963e+001
  1.9304804e+001
  1.9493644e+001
  1.9682484e+001
  1.9871324e+001
  2.0060164e+001
  2.0249005e+001
  2.0437845e+001
  2.0626685e+001
  2.0815525e+001
  2.1004366e+001
  2.1193206e+001
  2.1382046e+001
  2.1570886e+001
  2.1759726e+001
  2.1948567e+001
  2.2137407e+001
  2.2326247e+001
  2.2515087e+001
  2.2703928e+001
  2.2892768e+001
  2.3081608e+001
  2.3270448e+001
  2.3459288e+001
  2.3648129e+001
  2.3836969e+001
  2.4025809e+001
  2.4214649e+001
  2.4403490e+001
  2.4592330e+001
  2.4781170e+001
  2.4970010e+001
  2.5158850e+001
  2.5347691e+001
  2.5536531e+001
  2.5725371e+001
  2.5914211e+001
  2.6103051e+001
  2.6291892e+001
  2.6480732e+001
  2.6669572e+001
  2.6858412e+001
  2.7047253e+001
  2.7236093e+001
  2.7424933e+001
  2.7613773e+001
  2.7802613e+001
  2.7991454e+001
  2.8180294e+001
  2.8369134e+001
  2.8557974e+001
  2.8746815e+001
  2.8935655e+001
  2.9124495e+001
  2.8989459e+001
  2.8797413e+001
  2.8605366e+001
  2.8413320e+001
  2.8221273e+001
  2.8029227e+001
  2.7837180e+001
  2.7645133e+001
  2.7453087e+001
  2.7261040e+001
  2.7068994e+001
  2.6876947e+001
  2.6684901e+001
  2.6492854e+001
  2.6300808e+001
  2.6108761e+001
  2.5916715e+001
  2.5724668e+001
  2.5532622e+001
  2.5340575e+001
  2.5148528e+001
  2.4956482e+001
  2.4764435e+001
  2.4572389e+001
  2.4380342e+001
  2.4188296e+001
  2.3996249e+001
  2.3804203e+001
  2.3612156e+001
  2.3420110e+001
  2.3228063e+001
  2.3036016e+001
  2.2843970e+001
  2.2651923e+001
  2.2459877e+001
  2.2267830e+001
  2.2075784e+001
  2.1883737e+001
  2.1691691e+001
  2.1499644e+001
  2.1307598e+001
  2.1115551e+001
  2.0923505e+001
  2.0731458e+001
  2.0539411e+001
  2.0347365e+001
  2.0155318e+001
  1.9963272e+001
  1.9771225e+001
  1.9579179e+001
  1.9387132e+001
  1.9195086e+001
  1.9003039e+001
  1.8810993e+001
  1.8618946e+001
  1.8426899e+001
  1.8234853e+001
  1.8042806e+001
  1.7850760e+001
  1.7658713e+001
  1.7466667e+001
  1.7274620e+001
  1.7082574e+001
  1.6890527e+001
  1.6698481e+001
  1.6506434e+001
  1.6314387e+001
  1.6122341e+001
  1.5930294e+001
  1.5738248e+001
  1.5546201e+001
  1.5354155e+001
  1.5162108e+001
  1.4970062e+001
  1.4778015e+001
  1.4585969e+001
  1.4393922e+001
  1.4201876e+001
  1.4009829e+001
  1.3817782e+001
  1.3625736e+001
  1.3433689e+001
  1.3241643e+001
  1.3049596e+001
  1.2857550e+001
  1.2665503e+001
  1.2473457e+001
  1.2281410e+001
  1.2089364e+001
  1.1897317e+001
  1.1705270e+001
  1.1513224e+001
  1.1321177e+001
  1.1129131e+001
  1.0937084e+001
  1.0745038e+001
  1.0552991e+001
  1.0360945e+001
  1.0168898e+001
  9.9768516e+000
  9.7848050e+000
  9.5927585e+000
  9.4007120e+000
  9.2086654e+000
  9.0166189e+000
  8.8245723e+000
  8.6325258e+000
  8.4404793e+000
  8.2484327e+000
  8.0563862e+000
  7.8643396e+000
  7.6722931e+000
  7.4802465e+000
  7.2882000e+000
  7.2882000e+000
  7.2882000e+000
  7.2882000e+000
  7.2882000e+000
  7.2882000e+000
  7.2882000e+000
