  6.5417000e+000
  6.5417000e+000
  6.5417000e+000
  6.5417000e+000
  6.5417000e+000
  6.5417000e+000
  6.5417000e+000
  6.5417000e+000
  6.5417000e+000
  6.5417000e+000
  6.5417000e+000
  6.5417000e+000
  6.5967853e+000
  6.8171264e+000
  7.0374676e+000
  7.2578087e+000
  7.4781498e+000
  7.6984910e+000
  7.9188321e+000
  8.1391733e+000
  8.3595144e+000
  8.5798556e+000
  8.8001967e+000
  9.0205378e+000
  9.2408790e+000
  9.4612201e+000
  9.6815613e+000
  9.9019024e+000
  1.0122244e+001
  1.0342585e+001
  1.0562926e+001
  1.0783267e+001
  1.1003608e+001
  1.1223949e+001
  1.1444290e+001
  1.1664632e+001
  1.1884973e+001
  1.2105314e+001
  1.2325655e+001
  1.2545996e+001
  1.2766337e+001
  1.2986678e+001
  1.3207020e+001
  1.3427361e+001
  1.3647702e+001
  1.3868043e+001
  1.4088384e+001
  1.4308725e+001
  1.4529066e+001
  1.4749408e+001
  1.4969749e+001
  1.5190090e+001
  1.5410431e+001
  1.5630772e+001
  1.5851113e+001
  1.6071454e+001
  1.6291795e+001
  1.6512137e+001
  1.6732478e+001
  1.6952819e+001
  1.7173160e+001
  1.7393501e+001
  1.7613842e+001
  1.7834183e+001
  1.8054525e+001
  1.8274866e+001
  1.8495207e+001
  1.8715548e+001
  1.8935889e+001
  1.9156230e+001
  1.9376571e+001
  1.9596913e+001
  1.9817254e+001
  2.0037595e+001
  2.0257936e+001
  2.0478277e+001
  2.0698618e+001
  2.0918959e+001
  2.1139301e+001
  2.1359642e+001
  2.1579983e+001
  2.1800324e+001
  2.2020665e+001
  2.2241006e+001
  2.2461347e+001
  2.2681689e+001
  2.2902030e+001
  2.3122371e+001
  2.3342712e+001
  2.3563053e+001
  2.3783394e+001
  2.4003735e+001
  2.4224077e+001
  2.4444418e+001
  2.4664759e+001
  2.4885500e+001
  2.4693755e+001
  2.4501709e+001
  2.4309664e+001
  2.4117619e+001
  2.3925574e+001
  2.3733528e+001
  2.3541483e+001
  2.3349438e+001
  2.3157393e+001
  2.2965347e+001
  2.2773302e+001
  2.2581257e+001
  2.2389211e+001
  2.2197166e+001
  2.2005121e+001
  2.1813076e+001
  2.1621030e+001
  2.1428985e+001
  2.1236940e+001
  2.1044895e+001
  2.0852849e+001
  2.0660804e+001
  2.0468759e+001
  2.0276713e+001
  2.0084668e+001
  1.9892623e+001
  1.9700578e+001
  1.9508532e+001
  1.9316487e+001
  1.9124442e+001
  1.8932397e+001
  1.8740351e+001
  1.8548306e+001
  1.8356261e+001
  1.8164215e+001
  1.7972170e+001
  1.7780125e+001
  1.7588080e+001
  1.7396034e+001
  1.7203989e+001
  1.7011944e+001
  1.6819899e+001
  1.6627853e+001
  1.6435808e+001
  1.6243763e+001
  1.6051717e+001
  1.5859672e+001
  1.5667627e+001
  1.5475582e+001
  1.5283536e+001
  1.5091491e+001
  1.4899446e+001
  1.4707401e+001
  1.4515355e+001
  1.4323310e+001
  1.4131265e+001
  1.3939219e+001
  1.3747174e+001
  1.3555129e+001
  1.3363084e+001
  1.3171038e+001
  1.2978993e+001
  1.2786948e+001
  1.2594903e+001
  1.2402857e+001
  1.2210812e+001
  1.2018767e+001
  1.1826721e+001
  1.1634676e+001
  1.1442631e+001
  1.1250586e+001
  1.1058540e+001
  1.0866495e+001
  1.0674450e+001
  1.0482405e+001
  1.0290359e+001
  1.0098314e+001
  9.9062687e+000
  9.7142234e+000
  9.5221781e+000
  9.3301329e+000
  9.1380876e+000
  8.9460423e+000
  8.7539970e+000
  8.5619518e+000
  8.3699065e+000
  8.1778612e+000
  7.9858159e+000
  7.7937707e+000
  7.6017254e+000
  7.4096801e+000
  7.2176349e+000
  7.0255896e+000
  6.8335443e+000
  6.6414990e+000
  6.4494538e+000
  6.2574085e+000
  6.2214000e+000
  6.2214000e+000
  6.2214000e+000
  6.2214000e+000
  6.2214000e+000
  6.2214000e+000
  6.2214000e+000
  6.2214000e+000
  6.2214000e+000
  6.2214000e+000
  6.2214000e+000
  6.2214000e+000
  6.2214000e+000
  6.2214000e+000
  6.2214000e+000
  6.2214000e+000
  6.2214000e+000
  6.2214000e+000
  6.2214000e+000
  6.2214000e+000
  6.2214000e+000
  6.2214000e+000
  6.2214000e+000
  6.2214000e+000
  6.2214000e+000
  6.2214000e+000
  6.2214000e+000
  6.2214000e+000
  6.2214000e+000
  6.2214000e+000
  6.2214000e+000
  6.2214000e+000
  6.2214000e+000
  6.2214000e+000
  6.2214000e+000
  6.2214000e+000
  6.2214000e+000
  6.2214000e+000
  6.2214000e+000
  6.2214000e+000
  6.2214000e+000
  6.2214000e+000
  6.2214000e+000
  6.2214000e+000
  6.2214000e+000
  6.2214000e+000
  6.2214000e+000
  6.2214000e+000
  6.2214000e+000
  6.2214000e+000
  6.2214000e+000
  6.2214000e+000
  6.2214000e+000
  6.2214000e+000
  6.2214000e+000
  6.2214000e+000
  6.2214000e+000
  6.2214000e+000
  6.2214000e+000
  6.2214000e+000
  6.2214000e+000
  6.2214000e+000
  6.2214000e+000
