  2.1474400e+001
  2.1933689e+001
  2.2392977e+001
  2.2852266e+001
  2.3311554e+001
  2.3770843e+001
  2.4230131e+001
  2.4689420e+001
  2.5148708e+001
  2.5607997e+001
  2.6067285e+001
  2.6526574e+001
  2.6985862e+001
  2.7445151e+001
  2.7904439e+001
  2.8363728e+001
  2.8823016e+001
  2.9282305e+001
  2.9741594e+001
  3.0200882e+001
  3.0660171e+001
  3.1119459e+001
  3.1578748e+001
  3.2038036e+001
  3.2497325e+001
  3.2956613e+001
  3.3415902e+001
  3.3875190e+001
  3.4334479e+001
  3.4793767e+001
  3.5253056e+001
  3.5712344e+001
  3.6171633e+001
  3.6630922e+001
  3.7090210e+001
  3.7549499e+001
  3.8008787e+001
  3.8468076e+001
  3.8927364e+001
  3.9386653e+001
  3.9845941e+001
  4.0305230e+001
  4.0764518e+001
  4.1223807e+001
  4.1683095e+001
  4.2142384e+001
  4.2601672e+001
  4.3060961e+001
  4.3520249e+001
  4.3979538e+001
  4.4438827e+001
  4.4898115e+001
  4.5357404e+001
  4.5816692e+001
  4.6275981e+001
  4.6735269e+001
  4.7194558e+001
  4.7653846e+001
  4.8113135e+001
  4.8572423e+001
  4.9031712e+001
  4.9491000e+001
  4.9950289e+001
  5.0007700e+001
  4.9819209e+001
  4.9216037e+001
  4.8612865e+001
  4.8009694e+001
  4.7406522e+001
  4.6803350e+001
  4.6200179e+001
  4.5597007e+001
  4.4993835e+001
  4.4390664e+001
  4.3787492e+001
  4.3184320e+001
  4.2581149e+001
  4.1977977e+001
  4.1374805e+001
  4.0771633e+001
  4.0168462e+001
  3.9565290e+001
  3.8962118e+001
  3.8358947e+001
  3.7755775e+001
  3.7152603e+001
  3.6549432e+001
  3.5946260e+001
  3.5343088e+001
  3.4739917e+001
  3.4136745e+001
  3.3533573e+001
  3.2930401e+001
  3.2327230e+001
  3.1724058e+001
  3.1120886e+001
  3.0517715e+001
  2.9914543e+001
  2.9311371e+001
  2.8708200e+001
  2.8105028e+001
  2.7501856e+001
  2.6898685e+001
  2.6295513e+001
  2.5692341e+001
  2.5089169e+001
  2.4485998e+001
  2.3882826e+001
  2.3279654e+001
  2.2676483e+001
  2.2073311e+001
  2.1470139e+001
  2.0866968e+001
  2.0263796e+001
  1.9660624e+001
  1.9057453e+001
  1.8454281e+001
  1.7851109e+001
  1.7247937e+001
  1.6644766e+001
  1.6041594e+001
  1.5438422e+001
  1.4835251e+001
  1.4232079e+001
  1.3628907e+001
  1.3025736e+001
  1.2422564e+001
  1.1819392e+001
  1.1216221e+001
  1.0613049e+001
  1.0009877e+001
  9.4067055e+000
  8.8035338e+000
  8.2003621e+000
  7.5971904e+000
  6.9940187e+000
  6.3908470e+000
  5.7876753e+000
  5.1845036e+000
  4.5813319e+000
  3.9781602e+000
  3.3749885e+000
  2.7718168e+000
  2.1686452e+000
  1.5654735e+000
  1.0000000e+000
  1.0000000e+000
  1.0000000e+000
  1.0000000e+000
  1.0000000e+000
  1.0000000e+000
  1.0000000e+000
  1.0000000e+000
  1.0000000e+000
  1.0000000e+000
  1.0000000e+000
  1.0000000e+000
  1.0000000e+000
  1.0000000e+000
  1.0000000e+000
  1.0000000e+000
  1.0000000e+000
  1.0000000e+000
  1.0000000e+000
  1.0000000e+000
  1.0000000e+000
  1.0000000e+000
  1.0000000e+000
  1.0000000e+000
  1.0000000e+000
  1.0000000e+000
  1.0000000e+000
  1.0000000e+000
  1.0000000e+000
  1.0000000e+000
  1.0000000e+000
  1.0000000e+000
  1.0000000e+000
  1.0000000e+000
  1.0000000e+000
  1.0000000e+000
  1.0000000e+000
  1.0000000e+000
  1.0000000e+000
  1.0000000e+000
  1.0000000e+000
  1.0000000e+000
  1.0000000e+000
  1.0000000e+000
  1.0000000e+000
  1.0000000e+000
  1.0000000e+000
  1.0000000e+000
  1.0000000e+000
  1.0000000e+000
  1.0000000e+000
  1.0000000e+000
  1.0000000e+000
  1.0000000e+000
  1.0000000e+000
  1.0000000e+000
  1.0000000e+000
  1.0000000e+000
  1.0000000e+000
  1.0000000e+000
  1.0000000e+000
  1.0000000e+000
  1.0000000e+000
  1.0000000e+000
  1.0000000e+000
  1.0000000e+000
  1.0000000e+000
  1.0000000e+000
  1.0000000e+000
  1.0000000e+000
  1.0000000e+000
  1.0000000e+000
  1.0000000e+000
  1.0000000e+000
  1.0000000e+000
  1.0000000e+000
  1.0000000e+000
  1.0000000e+000
  1.0000000e+000
  1.0000000e+000
  1.0000000e+000
  1.0000000e+000
  1.0000000e+000
  1.0000000e+000
  1.0000000e+000
  1.0000000e+000
  1.0000000e+000
  1.0000000e+000
  1.0000000e+000
  1.0000000e+000
  1.0000000e+000
  1.0000000e+000
  1.0000000e+000
  1.0000000e+000
  1.0000000e+000
  1.0000000e+000
  1.0000000e+000
  1.0000000e+000
  1.0000000e+000
  1.0000000e+000
  1.0000000e+000
  1.0000000e+000
  1.0000000e+000
  1.0000000e+000
  1.0000000e+000
  1.0000000e+000
  1.0000000e+000
  1.0000000e+000
  1.0000000e+000
  1.0000000e+000
  1.0000000e+000
