  6.6458060e+001
  6.6458060e+001
  6.6458060e+001
  6.6458060e+001
  6.6458060e+001
  6.6458060e+001
  6.6458060e+001
  6.6458060e+001
  6.6458060e+001
  6.6458060e+001
  6.6458060e+001
  6.6458060e+001
  6.6458060e+001
  6.6458060e+001
  6.6458060e+001
  6.6458060e+001
  6.6458060e+001
  6.6458060e+001
  6.6458060e+001
  6.6458060e+001
  6.6458060e+001
  6.6458060e+001
  6.6458060e+001
  6.6458060e+001
  6.6458060e+001
  6.6458060e+001
  6.6458060e+001
  6.6458060e+001
  6.6458060e+001
  6.6555575e+001
  6.7335695e+001
  6.8115814e+001
  6.8895934e+001
  6.9676053e+001
  7.0456173e+001
  7.1236292e+001
  7.2016412e+001
  7.2796532e+001
  7.3576651e+001
  7.4356771e+001
  7.5136890e+001
  7.5917010e+001
  7.6697129e+001
  7.7477249e+001
  7.8257369e+001
  7.9037488e+001
  7.9817608e+001
  8.0597727e+001
  8.1377847e+001
  8.2157967e+001
  8.2938086e+001
  8.3718206e+001
  8.4498325e+001
  8.5278445e+001
  8.6058564e+001
  8.6838684e+001
  8.7618804e+001
  8.8398923e+001
  8.9179043e+001
  8.9959162e+001
  9.0739282e+001
  9.1519401e+001
  9.2299521e+001
  9.3079641e+001
  9.3859760e+001
  9.4639880e+001
  9.5419999e+001
  9.6200119e+001
  9.6980239e+001
  9.7760358e+001
  9.8540478e+001
  9.9320597e+001
  1.0010072e+002
  1.0088084e+002
  1.0166096e+002
  1.0244108e+002
  1.0322120e+002
  1.0400131e+002
  1.0478143e+002
  1.0556155e+002
  1.0634167e+002
  1.0712179e+002
  1.0790191e+002
  1.0868203e+002
  1.0946215e+002
  1.1024227e+002
  1.1102239e+002
  1.1180251e+002
  1.1258263e+002
  1.1336275e+002
  1.1414287e+002
  1.1492299e+002
  1.1570311e+002
  1.1648323e+002
  1.1726335e+002
  1.1701876e+002
  1.1656721e+002
  1.1611566e+002
  1.1566411e+002
  1.1521256e+002
  1.1476102e+002
  1.1430947e+002
  1.1385792e+002
  1.1340637e+002
  1.1295482e+002
  1.1250328e+002
  1.1205173e+002
  1.1160018e+002
  1.1114863e+002
  1.1069708e+002
  1.1024554e+002
  1.0979399e+002
  1.0934244e+002
  1.0889089e+002
  1.0843934e+002
  1.0798779e+002
  1.0753625e+002
  1.0708470e+002
  1.0663315e+002
  1.0618160e+002
  1.0573005e+002
  1.0527851e+002
  1.0482696e+002
  1.0437541e+002
  1.0392386e+002
  1.0347231e+002
  1.0302077e+002
  1.0256922e+002
  1.0211767e+002
  1.0166612e+002
  1.0121457e+002
  1.0076302e+002
  1.0031148e+002
  9.9859928e+001
  9.9408380e+001
  9.8956832e+001
  9.8505284e+001
  9.8053736e+001
  9.7602188e+001
  9.7150639e+001
  9.6699091e+001
  9.6247543e+001
  9.5795995e+001
  9.5344447e+001
  9.4892899e+001
  9.4441351e+001
  9.3989803e+001
  9.3538254e+001
  9.3086706e+001
  9.2635158e+001
  9.2183610e+001
  9.1732062e+001
  9.1280514e+001
  9.0828966e+001
  9.0377417e+001
  8.9925869e+001
  8.9474321e+001
  8.9022773e+001
  8.8571225e+001
  8.8119677e+001
  8.7668129e+001
  8.7216581e+001
  8.6765032e+001
  8.6313484e+001
  8.5861936e+001
  8.5410388e+001
  8.4958840e+001
  8.4507292e+001
  8.4055744e+001
  8.3604196e+001
  8.3152647e+001
  8.2701099e+001
  8.2249551e+001
  8.1798003e+001
  8.1346455e+001
  8.0894907e+001
  8.0443359e+001
  7.9991810e+001
  7.9540262e+001
  7.9088714e+001
  7.8637166e+001
  7.8185618e+001
  7.7734070e+001
  7.7282522e+001
  7.6830974e+001
  7.6379425e+001
  7.5927877e+001
  7.5476329e+001
  7.5024781e+001
  7.4573233e+001
  7.4121685e+001
  7.3670137e+001
  7.3218589e+001
  7.2767040e+001
  7.2315492e+001
  7.1863944e+001
  7.1412396e+001
  7.0960848e+001
  7.0509300e+001
  7.0057752e+001
  6.9606204e+001
  6.9154655e+001
  6.8703107e+001
  6.8251559e+001
  6.7800011e+001
  6.7348463e+001
  6.6896915e+001
  6.6445367e+001
  6.5993818e+001
  6.5542270e+001
  6.5090722e+001
  6.4639174e+001
  6.4187626e+001
  6.3736078e+001
  6.3284530e+001
  6.2832982e+001
  6.2381433e+001
  6.1929885e+001
  6.1478337e+001
  6.1026789e+001
  6.0575241e+001
  6.0123693e+001
  5.9672145e+001
  5.9220597e+001
  5.8769048e+001
  5.8317500e+001
  5.7865952e+001
  5.7414404e+001
  5.6962856e+001
  5.6511308e+001
  5.6059760e+001
  5.5608211e+001
  5.5156663e+001
  5.4705115e+001
  5.4253567e+001
  5.3802019e+001
  5.3350471e+001
  5.2898923e+001
  5.2447375e+001
  5.1995826e+001
  5.1544278e+001
  5.1092730e+001
  5.0641182e+001
  5.0189634e+001
  4.9738086e+001
  4.9286538e+001
  4.8834990e+001
  4.8383441e+001
  4.7931893e+001
  4.7480345e+001
  4.7028797e+001
  4.6577249e+001
  4.6125701e+001
  4.5674153e+001
  4.5222605e+001
  4.4771056e+001
