  1.1794800e+001
  1.1794800e+001
  1.1794800e+001
  1.1794800e+001
  1.2106850e+001
  1.2463478e+001
  1.2820106e+001
  1.3176735e+001
  1.3533363e+001
  1.3889991e+001
  1.4246620e+001
  1.4603248e+001
  1.4959876e+001
  1.5316504e+001
  1.5673133e+001
  1.6029761e+001
  1.6386389e+001
  1.6743018e+001
  1.7099646e+001
  1.7456274e+001
  1.7812903e+001
  1.8169531e+001
  1.8526159e+001
  1.8882787e+001
  1.9239416e+001
  1.9596044e+001
  1.9952672e+001
  2.0309301e+001
  2.0665929e+001
  2.1022557e+001
  2.1379186e+001
  2.1735814e+001
  2.2092442e+001
  2.2449070e+001
  2.2805699e+001
  2.3162327e+001
  2.3518955e+001
  2.3875584e+001
  2.4232212e+001
  2.4588840e+001
  2.4945468e+001
  2.5302097e+001
  2.5658725e+001
  2.6015353e+001
  2.6371982e+001
  2.6728610e+001
  2.7085238e+001
  2.7441867e+001
  2.7798495e+001
  2.8155123e+001
  2.8511751e+001
  2.8868380e+001
  2.9225008e+001
  2.9581636e+001
  2.9938265e+001
  3.0294893e+001
  3.0651521e+001
  3.1008150e+001
  3.1364778e+001
  3.1721406e+001
  3.2078034e+001
  3.2434663e+001
  3.2791291e+001
  3.3147919e+001
  3.3504548e+001
  3.3861176e+001
  3.4217804e+001
  3.4574433e+001
  3.4931061e+001
  3.5287689e+001
  3.5644317e+001
  3.6000946e+001
  3.6357574e+001
  3.6714202e+001
  3.7070831e+001
  3.7427459e+001
  3.7784087e+001
  3.8140716e+001
  3.8497344e+001
  3.8853972e+001
  3.9210600e+001
  3.9567229e+001
  3.9923857e+001
  4.0280485e+001
  4.0637114e+001
  4.0993742e+001
  4.1350370e+001
  4.1706998e+001
  4.2063627e+001
  4.2420255e+001
  4.2776883e+001
  4.3133512e+001
  4.3490140e+001
  4.3846768e+001
  4.4203397e+001
  4.4324796e+001
  4.3691161e+001
  4.3057526e+001
  4.2423891e+001
  4.1790255e+001
  4.1156620e+001
  4.0522985e+001
  3.9889350e+001
  3.9255715e+001
  3.8622080e+001
  3.7988445e+001
  3.7354810e+001
  3.6721175e+001
  3.6087540e+001
  3.5453905e+001
  3.4820270e+001
  3.4186635e+001
  3.3553000e+001
  3.2919365e+001
  3.2285730e+001
  3.1652095e+001
  3.1018460e+001
  3.0384825e+001
  2.9751190e+001
  2.9117555e+001
  2.8483920e+001
  2.7850285e+001
  2.7216650e+001
  2.6583015e+001
  2.5949380e+001
  2.5315745e+001
  2.4682109e+001
  2.4048474e+001
  2.3414839e+001
  2.2781204e+001
  2.2147569e+001
  2.1513934e+001
  2.0880299e+001
  2.0246664e+001
  1.9613029e+001
  1.8979394e+001
  1.8345759e+001
  1.7712124e+001
  1.7078489e+001
  1.6444854e+001
  1.5811219e+001
  1.5177584e+001
  1.4543949e+001
  1.3910314e+001
  1.3276679e+001
  1.2643044e+001
  1.2009409e+001
  1.1375774e+001
  1.0742139e+001
  1.0108504e+001
  9.4748686e+000
  8.8412336e+000
  8.2075985e+000
  7.5739635e+000
  6.9403285e+000
  6.3066934e+000
  5.6730584e+000
  5.0394234e+000
  4.4057883e+000
  3.7721533e+000
  3.1385182e+000
  2.5048832e+000
  1.8712482e+000
  1.2376131e+000
  1.0000000e+000
  1.0000000e+000
  1.0000000e+000
  1.0000000e+000
  1.0000000e+000
  1.0000000e+000
  1.0000000e+000
  1.0000000e+000
  1.0000000e+000
  1.0000000e+000
  1.0000000e+000
  1.0000000e+000
  1.0000000e+000
  1.0000000e+000
  1.0000000e+000
  1.0000000e+000
  1.0000000e+000
  1.0000000e+000
  1.0000000e+000
  1.0000000e+000
  1.0000000e+000
  1.0000000e+000
  1.0000000e+000
  1.0000000e+000
  1.0000000e+000
  1.0000000e+000
  1.0000000e+000
  1.0000000e+000
  1.0000000e+000
  1.0000000e+000
  1.0000000e+000
  1.0000000e+000
  1.0000000e+000
  1.0000000e+000
  1.0000000e+000
  1.0000000e+000
  1.0000000e+000
  1.0000000e+000
  1.0000000e+000
  1.0000000e+000
  1.0000000e+000
  1.0000000e+000
  1.0000000e+000
  1.0000000e+000
  1.0000000e+000
  1.0000000e+000
  1.0000000e+000
  1.0000000e+000
  1.0000000e+000
  1.0000000e+000
  1.0000000e+000
  1.0000000e+000
  1.0000000e+000
  1.0000000e+000
  1.0000000e+000
  1.0000000e+000
  1.0000000e+000
  1.0000000e+000
  1.0000000e+000
  1.0000000e+000
  1.0000000e+000
  1.0000000e+000
  1.0000000e+000
  1.0000000e+000
  1.0000000e+000
  1.0000000e+000
  1.0000000e+000
  1.0000000e+000
  1.0000000e+000
  1.0000000e+000
  1.0000000e+000
  1.0000000e+000
  1.0000000e+000
  1.0000000e+000
  1.0000000e+000
  1.0000000e+000
  1.0000000e+000
  1.0000000e+000
  1.0000000e+000
  1.0000000e+000
  1.0000000e+000
  1.0000000e+000
  1.0000000e+000
  1.0000000e+000
  1.0000000e+000
  1.0000000e+000
  1.0000000e+000
  1.0000000e+000
  1.0000000e+000
  1.0000000e+000
  1.0000000e+000
  1.0000000e+000
