  1.1402500e+001
  1.1402500e+001
  1.1402500e+001
  1.1402500e+001
  1.1402500e+001
  1.1402500e+001
  1.1402500e+001
  1.1402500e+001
  1.1402500e+001
  1.1402500e+001
  1.1402500e+001
  1.1402500e+001
  1.1402500e+001
  1.1402500e+001
  1.1402500e+001
  1.1455925e+001
  1.1740858e+001
  1.2025791e+001
  1.2310724e+001
  1.2595657e+001
  1.2880591e+001
  1.3165524e+001
  1.3450457e+001
  1.3735390e+001
  1.4020323e+001
  1.4305256e+001
  1.4590189e+001
  1.4875122e+001
  1.5160055e+001
  1.5444989e+001
  1.5729922e+001
  1.6014855e+001
  1.6299788e+001
  1.6584721e+001
  1.6869654e+001
  1.7154587e+001
  1.7439520e+001
  1.7724453e+001
  1.8009387e+001
  1.8294320e+001
  1.8579253e+001
  1.8864186e+001
  1.9149119e+001
  1.9434052e+001
  1.9718985e+001
  2.0003918e+001
  2.0288851e+001
  2.0573785e+001
  2.0858718e+001
  2.1143651e+001
  2.1428584e+001
  2.1713517e+001
  2.1998450e+001
  2.1983605e+001
  2.1791612e+001
  2.1599620e+001
  2.1407627e+001
  2.1215635e+001
  2.1023642e+001
  2.0831650e+001
  2.0639657e+001
  2.0447665e+001
  2.0255672e+001
  2.0063680e+001
  1.9871687e+001
  1.9679694e+001
  1.9487702e+001
  1.9295709e+001
  1.9103717e+001
  1.8911724e+001
  1.8719732e+001
  1.8527739e+001
  1.8335747e+001
  1.8143754e+001
  1.7951762e+001
  1.7759769e+001
  1.7567777e+001
  1.7375784e+001
  1.7183792e+001
  1.6991799e+001
  1.6799807e+001
  1.6607814e+001
  1.6415822e+001
  1.6223829e+001
  1.6031837e+001
  1.5839844e+001
  1.5647852e+001
  1.5455859e+001
  1.5263867e+001
  1.5071874e+001
  1.4879882e+001
  1.4687889e+001
  1.4495897e+001
  1.4303904e+001
  1.4111912e+001
  1.3919919e+001
  1.3727926e+001
  1.3535934e+001
  1.3343941e+001
  1.3151949e+001
  1.2959956e+001
  1.2767964e+001
  1.2575971e+001
  1.2383979e+001
  1.2191986e+001
  1.1999994e+001
  1.1808001e+001
  1.1616009e+001
  1.1424016e+001
  1.1232024e+001
  1.1040031e+001
  1.0848039e+001
  1.0656046e+001
  1.0464054e+001
  1.0272061e+001
  1.0080069e+001
  9.8880761e+000
  9.6960836e+000
  9.5040911e+000
  9.3120986e+000
  9.2761000e+000
  9.2761000e+000
  9.2761000e+000
  9.2761000e+000
  9.2761000e+000
  9.2761000e+000
  9.2761000e+000
  9.2761000e+000
  9.2761000e+000
  9.2761000e+000
  9.2761000e+000
  9.2761000e+000
  9.2761000e+000
  9.2761000e+000
  9.2761000e+000
  9.2761000e+000
  9.2761000e+000
  9.2761000e+000
  9.2761000e+000
  9.2761000e+000
  9.2761000e+000
  9.2761000e+000
  9.2761000e+000
  9.2761000e+000
  9.2761000e+000
  9.2761000e+000
  9.2761000e+000
  9.2761000e+000
  9.2761000e+000
  9.2761000e+000
  9.2761000e+000
  9.2761000e+000
  9.2761000e+000
  9.2761000e+000
  9.2761000e+000
  9.2761000e+000
  9.2761000e+000
  9.2761000e+000
  9.2761000e+000
  9.2761000e+000
  9.2761000e+000
  9.2761000e+000
  9.2761000e+000
  9.2761000e+000
  9.2761000e+000
  9.2761000e+000
  9.2761000e+000
  9.2761000e+000
  9.2761000e+000
  9.2761000e+000
  9.2761000e+000
  9.2761000e+000
  9.2761000e+000
  9.2761000e+000
  9.2761000e+000
  9.2761000e+000
  9.2761000e+000
  9.2761000e+000
  9.2761000e+000
  9.2761000e+000
  9.2761000e+000
  9.2761000e+000
  9.2761000e+000
  9.2761000e+000
  9.2761000e+000
  9.2761000e+000
  9.2761000e+000
  9.2761000e+000
  9.2761000e+000
  9.2761000e+000
  9.2761000e+000
  9.2761000e+000
  9.2761000e+000
  9.2761000e+000
  9.2761000e+000
  9.2761000e+000
  9.2761000e+000
  9.2761000e+000
  9.2761000e+000
  9.2761000e+000
  9.2761000e+000
  9.2761000e+000
  9.2761000e+000
  9.2761000e+000
  9.2761000e+000
  9.2761000e+000
  9.2761000e+000
  9.2761000e+000
  9.2761000e+000
  9.2761000e+000
  9.2761000e+000
  9.2761000e+000
  9.2761000e+000
  9.2761000e+000
  9.2761000e+000
  9.2761000e+000
  9.2761000e+000
  9.2761000e+000
  9.2761000e+000
  9.2761000e+000
  9.2761000e+000
  9.2761000e+000
  9.2761000e+000
  9.2761000e+000
  9.2761000e+000
  9.2761000e+000
  9.2761000e+000
  9.2761000e+000
  9.2761000e+000
  9.2761000e+000
  9.2761000e+000
  9.2761000e+000
  9.2761000e+000
  9.2761000e+000
  9.2761000e+000
  9.2761000e+000
  9.2761000e+000
  9.2761000e+000
  9.2761000e+000
  9.2761000e+000
  9.2761000e+000
  9.2761000e+000
  9.2761000e+000
  9.2761000e+000
  9.2761000e+000
  9.2761000e+000
  9.2761000e+000
  9.2761000e+000
  9.2761000e+000
  9.2761000e+000
  9.2761000e+000
  9.2761000e+000
  9.2761000e+000
  9.2761000e+000
  9.2761000e+000
  9.2761000e+000
