  1.6592700e+001
  1.6592700e+001
  1.6592700e+001
  1.6592700e+001
  1.6592700e+001
  1.6592700e+001
  1.6592700e+001
  1.6592700e+001
  1.6592700e+001
  1.6592700e+001
  1.6592700e+001
  1.7026455e+001
  1.7460211e+001
  1.7893966e+001
  1.8327722e+001
  1.8761477e+001
  1.9195233e+001
  1.9628988e+001
  2.0062743e+001
  2.0496499e+001
  2.0930254e+001
  2.1364010e+001
  2.1797765e+001
  2.2231521e+001
  2.2665276e+001
  2.3099031e+001
  2.3532787e+001
  2.3966542e+001
  2.4400298e+001
  2.4834053e+001
  2.5267809e+001
  2.5701564e+001
  2.6135319e+001
  2.6569075e+001
  2.7002830e+001
  2.7436586e+001
  2.7870341e+001
  2.8304097e+001
  2.8737852e+001
  2.9171607e+001
  2.9605363e+001
  3.0039118e+001
  3.0472874e+001
  3.0906629e+001
  3.1340385e+001
  3.1774140e+001
  3.2207895e+001
  3.2641651e+001
  3.3075406e+001
  3.3509162e+001
  3.3942917e+001
  3.4376673e+001
  3.4810428e+001
  3.5244183e+001
  3.5513599e+001
  3.5321593e+001
  3.5129588e+001
  3.4937583e+001
  3.4745577e+001
  3.4553572e+001
  3.4361566e+001
  3.4169561e+001
  3.3977556e+001
  3.3785550e+001
  3.3593545e+001
  3.3401539e+001
  3.3209534e+001
  3.3017529e+001
  3.2825523e+001
  3.2633518e+001
  3.2441513e+001
  3.2249507e+001
  3.2057502e+001
  3.1865496e+001
  3.1673491e+001
  3.1481486e+001
  3.1289480e+001
  3.1097475e+001
  3.0905470e+001
  3.0713464e+001
  3.0521459e+001
  3.0329453e+001
  3.0137448e+001
  2.9945443e+001
  2.9753437e+001
  2.9561432e+001
  2.9369427e+001
  2.9177421e+001
  2.8985416e+001
  2.8793410e+001
  2.8601405e+001
  2.8409400e+001
  2.8217394e+001
  2.8025389e+001
  2.7833384e+001
  2.7641378e+001
  2.7449373e+001
  2.7257367e+001
  2.7065362e+001
  2.6873357e+001
  2.6681351e+001
  2.6489346e+001
  2.6297341e+001
  2.6105335e+001
  2.5913330e+001
  2.5721324e+001
  2.5529319e+001
  2.5337314e+001
  2.5145308e+001
  2.4953303e+001
  2.4761297e+001
  2.4569292e+001
  2.4377287e+001
  2.4185281e+001
  2.3993276e+001
  2.3801271e+001
  2.3609265e+001
  2.3417260e+001
  2.3225254e+001
  2.3033249e+001
  2.2841244e+001
  2.2649238e+001
  2.2457233e+001
  2.2265228e+001
  2.2073222e+001
  2.1881217e+001
  2.1689211e+001
  2.1497206e+001
  2.1305201e+001
  2.1113195e+001
  2.0921190e+001
  2.0729185e+001
  2.0537179e+001
  2.0345174e+001
  2.0153168e+001
  1.9961163e+001
  1.9769158e+001
  1.9577152e+001
  1.9385147e+001
  1.9193142e+001
  1.9001136e+001
  1.8809131e+001
  1.8617125e+001
  1.8425120e+001
  1.8233115e+001
  1.8041109e+001
  1.7849104e+001
  1.7657098e+001
  1.7465093e+001
  1.7273088e+001
  1.7081082e+001
  1.6889077e+001
  1.6697072e+001
  1.6505066e+001
  1.6313061e+001
  1.6121055e+001
  1.5929050e+001
  1.5737045e+001
  1.5545039e+001
  1.5353034e+001
  1.5161029e+001
  1.4969023e+001
  1.4777018e+001
  1.4585012e+001
  1.4393007e+001
  1.4201002e+001
  1.4141000e+001
  1.4141000e+001
  1.4141000e+001
  1.4141000e+001
  1.4141000e+001
  1.4141000e+001
  1.4141000e+001
  1.4141000e+001
  1.4141000e+001
  1.4141000e+001
  1.4141000e+001
  1.4141000e+001
  1.4141000e+001
  1.4141000e+001
  1.4141000e+001
  1.4141000e+001
  1.4141000e+001
  1.4141000e+001
  1.4141000e+001
  1.4141000e+001
  1.4141000e+001
  1.4141000e+001
  1.4141000e+001
  1.4141000e+001
  1.4141000e+001
  1.4141000e+001
  1.4141000e+001
  1.4141000e+001
  1.4141000e+001
  1.4141000e+001
  1.4141000e+001
  1.4141000e+001
  1.4141000e+001
  1.4141000e+001
  1.4141000e+001
  1.4141000e+001
  1.4141000e+001
  1.4141000e+001
  1.4141000e+001
  1.4141000e+001
  1.4141000e+001
  1.4141000e+001
  1.4141000e+001
  1.4141000e+001
  1.4141000e+001
  1.4141000e+001
  1.4141000e+001
  1.4141000e+001
  1.4141000e+001
  1.4141000e+001
  1.4141000e+001
  1.4141000e+001
  1.4141000e+001
  1.4141000e+001
  1.4141000e+001
  1.4141000e+001
  1.4141000e+001
  1.4141000e+001
  1.4141000e+001
  1.4141000e+001
  1.4141000e+001
  1.4141000e+001
  1.4141000e+001
  1.4141000e+001
  1.4141000e+001
  1.4141000e+001
  1.4141000e+001
  1.4141000e+001
  1.4141000e+001
  1.4141000e+001
  1.4141000e+001
  1.4141000e+001
  1.4141000e+001
  1.4141000e+001
  1.4141000e+001
  1.4141000e+001
  1.4141000e+001
  1.4141000e+001
  1.4141000e+001
  1.4141000e+001
  1.4141000e+001
  1.4141000e+001
  1.4141000e+001
  1.4141000e+001
  1.4141000e+001
  1.4141000e+001
  1.4141000e+001
  1.4141000e+001
  1.4141000e+001
  1.4141000e+001
