  1.4781300e+001
  1.4781300e+001
  1.4781300e+001
  1.4781300e+001
  1.4781300e+001
  1.4781300e+001
  1.4781300e+001
  1.4781300e+001
  1.4781300e+001
  1.4781300e+001
  1.4781300e+001
  1.4797989e+001
  1.5065015e+001
  1.5332040e+001
  1.5599066e+001
  1.5866091e+001
  1.6133117e+001
  1.6400142e+001
  1.6667168e+001
  1.6934193e+001
  1.7201219e+001
  1.7468244e+001
  1.7735270e+001
  1.8002296e+001
  1.8269321e+001
  1.8536347e+001
  1.8803372e+001
  1.9070398e+001
  1.9337423e+001
  1.9604449e+001
  1.9871474e+001
  2.0138500e+001
  2.0405525e+001
  2.0672551e+001
  2.0939576e+001
  2.1206602e+001
  2.1473628e+001
  2.1740653e+001
  2.2007679e+001
  2.2274704e+001
  2.2541730e+001
  2.2808755e+001
  2.3075781e+001
  2.3342806e+001
  2.3609832e+001
  2.3876857e+001
  2.4143883e+001
  2.4410908e+001
  2.4677934e+001
  2.4944960e+001
  2.5211985e+001
  2.5479011e+001
  2.5746036e+001
  2.6013062e+001
  2.6280087e+001
  2.6312401e+001
  2.6120404e+001
  2.5928407e+001
  2.5736409e+001
  2.5544412e+001
  2.5352415e+001
  2.5160417e+001
  2.4968420e+001
  2.4776422e+001
  2.4584425e+001
  2.4392428e+001
  2.4200430e+001
  2.4008433e+001
  2.3816436e+001
  2.3624438e+001
  2.3432441e+001
  2.3240444e+001
  2.3048446e+001
  2.2856449e+001
  2.2664451e+001
  2.2472454e+001
  2.2280457e+001
  2.2088459e+001
  2.1896462e+001
  2.1704465e+001
  2.1512467e+001
  2.1320470e+001
  2.1128473e+001
  2.0936475e+001
  2.0744478e+001
  2.0552480e+001
  2.0360483e+001
  2.0168486e+001
  1.9976488e+001
  1.9784491e+001
  1.9592494e+001
  1.9400496e+001
  1.9208499e+001
  1.9016502e+001
  1.8824504e+001
  1.8632507e+001
  1.8440509e+001
  1.8248512e+001
  1.8056515e+001
  1.7864517e+001
  1.7672520e+001
  1.7480523e+001
  1.7288525e+001
  1.7096528e+001
  1.6904531e+001
  1.6712533e+001
  1.6520536e+001
  1.6328538e+001
  1.6136541e+001
  1.5944544e+001
  1.5752546e+001
  1.5560549e+001
  1.5368552e+001
  1.5176554e+001
  1.4984557e+001
  1.4792560e+001
  1.4600562e+001
  1.4408565e+001
  1.4216568e+001
  1.4024570e+001
  1.3832573e+001
  1.3640575e+001
  1.3448578e+001
  1.3256581e+001
  1.3064583e+001
  1.2872586e+001
  1.2680589e+001
  1.2488591e+001
  1.2296594e+001
  1.2104597e+001
  1.1912599e+001
  1.1852600e+001
  1.1852600e+001
  1.1852600e+001
  1.1852600e+001
  1.1852600e+001
  1.1852600e+001
  1.1852600e+001
  1.1852600e+001
  1.1852600e+001
  1.1852600e+001
  1.1852600e+001
  1.1852600e+001
  1.1852600e+001
  1.1852600e+001
  1.1852600e+001
  1.1852600e+001
  1.1852600e+001
  1.1852600e+001
  1.1852600e+001
  1.1852600e+001
  1.1852600e+001
  1.1852600e+001
  1.1852600e+001
  1.1852600e+001
  1.1852600e+001
  1.1852600e+001
  1.1852600e+001
  1.1852600e+001
  1.1852600e+001
  1.1852600e+001
  1.1852600e+001
  1.1852600e+001
  1.1852600e+001
  1.1852600e+001
  1.1852600e+001
  1.1852600e+001
  1.1852600e+001
  1.1852600e+001
  1.1852600e+001
  1.1852600e+001
  1.1852600e+001
  1.1852600e+001
  1.1852600e+001
  1.1852600e+001
  1.1852600e+001
  1.1852600e+001
  1.1852600e+001
  1.1852600e+001
  1.1852600e+001
  1.1852600e+001
  1.1852600e+001
  1.1852600e+001
  1.1852600e+001
  1.1852600e+001
  1.1852600e+001
  1.1852600e+001
  1.1852600e+001
  1.1852600e+001
  1.1852600e+001
  1.1852600e+001
  1.1852600e+001
  1.1852600e+001
  1.1852600e+001
  1.1852600e+001
  1.1852600e+001
  1.1852600e+001
  1.1852600e+001
  1.1852600e+001
  1.1852600e+001
  1.1852600e+001
  1.1852600e+001
  1.1852600e+001
  1.1852600e+001
  1.1852600e+001
  1.1852600e+001
  1.1852600e+001
  1.1852600e+001
  1.1852600e+001
  1.1852600e+001
  1.1852600e+001
  1.1852600e+001
  1.1852600e+001
  1.1852600e+001
  1.1852600e+001
  1.1852600e+001
  1.1852600e+001
  1.1852600e+001
  1.1852600e+001
  1.1852600e+001
  1.1852600e+001
  1.1852600e+001
  1.1852600e+001
  1.1852600e+001
  1.1852600e+001
  1.1852600e+001
  1.1852600e+001
  1.1852600e+001
  1.1852600e+001
  1.1852600e+001
  1.1852600e+001
  1.1852600e+001
  1.1852600e+001
  1.1852600e+001
  1.1852600e+001
  1.1852600e+001
  1.1852600e+001
  1.1852600e+001
  1.1852600e+001
  1.1852600e+001
  1.1852600e+001
  1.1852600e+001
  1.1852600e+001
  1.1852600e+001
  1.1852600e+001
  1.1852600e+001
  1.1852600e+001
  1.1852600e+001
  1.1852600e+001
  1.1852600e+001
  1.1852600e+001
  1.1852600e+001
  1.1852600e+001
  1.1852600e+001
  1.1852600e+001
  1.1852600e+001
