  6.7441600e+000
  6.7441600e+000
  6.7441600e+000
  6.7441600e+000
  6.7441600e+000
  6.7441600e+000
  6.7441600e+000
  6.7441600e+000
  6.7441600e+000
  6.7441600e+000
  6.7441600e+000
  6.7441600e+000
  6.8835848e+000
  7.0863846e+000
  7.2891843e+000
  7.4919841e+000
  7.6947838e+000
  7.8975835e+000
  8.1003833e+000
  8.3031830e+000
  8.5059828e+000
  8.7087825e+000
  8.9115823e+000
  9.1143820e+000
  9.3171817e+000
  9.5199815e+000
  9.7227812e+000
  9.9255810e+000
  1.0128381e+001
  1.0331180e+001
  1.0533980e+001
  1.0736780e+001
  1.0939580e+001
  1.1142379e+001
  1.1345179e+001
  1.1547979e+001
  1.1750779e+001
  1.1953578e+001
  1.2156378e+001
  1.2359178e+001
  1.2561978e+001
  1.2764777e+001
  1.2967577e+001
  1.3170377e+001
  1.3373177e+001
  1.3575976e+001
  1.3778776e+001
  1.3981576e+001
  1.4184376e+001
  1.4387175e+001
  1.4589975e+001
  1.4380306e+001
  1.4072892e+001
  1.3765477e+001
  1.3458063e+001
  1.3150649e+001
  1.2843235e+001
  1.2535820e+001
  1.2228406e+001
  1.1920992e+001
  1.1613577e+001
  1.1306163e+001
  1.0998749e+001
  1.0691335e+001
  1.0383920e+001
  1.0076506e+001
  9.7690918e+000
  9.4616775e+000
  9.1542633e+000
  8.8468490e+000
  8.5394347e+000
  8.2320204e+000
  7.9246062e+000
  7.6171919e+000
  7.3097776e+000
  7.0023633e+000
  6.6949491e+000
  6.3875348e+000
  6.0801205e+000
  5.9072000e+000
  5.9072000e+000
  5.9072000e+000
  5.9072000e+000
  5.9072000e+000
  5.9072000e+000
  5.9072000e+000
  5.9072000e+000
  5.9072000e+000
  5.9072000e+000
  5.9072000e+000
  5.9072000e+000
  5.9072000e+000
  5.9072000e+000
  5.9072000e+000
  5.9072000e+000
  5.9072000e+000
  5.9072000e+000
  5.9072000e+000
  5.9072000e+000
  5.9072000e+000
  5.9072000e+000
  5.9072000e+000
  5.9072000e+000
  5.9072000e+000
  5.9072000e+000
  5.9072000e+000
  5.9072000e+000
  5.9072000e+000
  5.9072000e+000
  5.9072000e+000
  5.9072000e+000
  5.9072000e+000
  5.9072000e+000
  5.9072000e+000
  5.9072000e+000
  5.9072000e+000
  5.9072000e+000
  5.9072000e+000
  5.9072000e+000
  5.9072000e+000
  5.9072000e+000
  5.9072000e+000
  5.9072000e+000
  5.9072000e+000
  5.9072000e+000
  5.9072000e+000
  5.9072000e+000
  5.9072000e+000
  5.9072000e+000
  5.9072000e+000
  5.9072000e+000
  5.9072000e+000
  5.9072000e+000
  5.9072000e+000
  5.9072000e+000
  5.9072000e+000
  5.9072000e+000
  5.9072000e+000
  5.9072000e+000
  5.9072000e+000
  5.9072000e+000
  5.9072000e+000
  5.9072000e+000
  5.9072000e+000
  5.9072000e+000
  5.9072000e+000
  5.9072000e+000
  5.9072000e+000
  5.9072000e+000
  5.9072000e+000
  5.9072000e+000
  5.9072000e+000
  5.9072000e+000
  5.9072000e+000
  5.9072000e+000
  5.9072000e+000
  5.9072000e+000
  5.9072000e+000
  5.9072000e+000
  5.9072000e+000
  5.9072000e+000
  5.9072000e+000
  5.9072000e+000
  5.9072000e+000
  5.9072000e+000
  5.9072000e+000
  5.9072000e+000
  5.9072000e+000
  5.9072000e+000
  5.9072000e+000
  5.9072000e+000
  5.9072000e+000
  5.9072000e+000
  5.9072000e+000
  5.9072000e+000
  5.9072000e+000
  5.9072000e+000
  5.9072000e+000
  5.9072000e+000
  5.9072000e+000
  5.9072000e+000
  5.9072000e+000
  5.9072000e+000
  5.9072000e+000
  5.9072000e+000
  5.9072000e+000
  5.9072000e+000
  5.9072000e+000
  5.9072000e+000
  5.9072000e+000
  5.9072000e+000
  5.9072000e+000
  5.9072000e+000
  5.9072000e+000
  5.9072000e+000
  5.9072000e+000
  5.9072000e+000
  5.9072000e+000
  5.9072000e+000
  5.9072000e+000
  5.9072000e+000
  5.9072000e+000
  5.9072000e+000
  5.9072000e+000
  5.9072000e+000
  5.9072000e+000
  5.9072000e+000
  5.9072000e+000
  5.9072000e+000
  5.9072000e+000
  5.9072000e+000
  5.9072000e+000
  5.9072000e+000
  5.9072000e+000
  5.9072000e+000
  5.9072000e+000
  5.9072000e+000
  5.9072000e+000
  5.9072000e+000
  5.9072000e+000
  5.9072000e+000
  5.9072000e+000
  5.9072000e+000
  5.9072000e+000
  5.9072000e+000
  5.9072000e+000
  5.9072000e+000
  5.9072000e+000
  5.9072000e+000
  5.9072000e+000
  5.9072000e+000
  5.9072000e+000
  5.9072000e+000
  5.9072000e+000
  5.9072000e+000
  5.9072000e+000
  5.9072000e+000
  5.9072000e+000
  5.9072000e+000
  5.9072000e+000
  5.9072000e+000
  5.9072000e+000
  5.9072000e+000
  5.9072000e+000
  5.9072000e+000
  5.9072000e+000
  5.9072000e+000
  5.9072000e+000
  5.9072000e+000
  5.9072000e+000
  5.9072000e+000
  5.9072000e+000
  5.9072000e+000
  5.9072000e+000
  5.9072000e+000
  5.9072000e+000
