  8.1885000e+000
  8.1885000e+000
  8.1885000e+000
  8.1885000e+000
  8.1885000e+000
  8.1885000e+000
  8.1885000e+000
  8.1885000e+000
  8.1885000e+000
  8.1885000e+000
  8.1885000e+000
  8.4247123e+000
  8.6609246e+000
  8.8971369e+000
  9.1333492e+000
  9.3695615e+000
  9.6057738e+000
  9.8419861e+000
  1.0078198e+001
  1.0314411e+001
  1.0550623e+001
  1.0786835e+001
  1.1023048e+001
  1.1259260e+001
  1.1495472e+001
  1.1731684e+001
  1.1967897e+001
  1.2204109e+001
  1.2440321e+001
  1.2676534e+001
  1.2912746e+001
  1.3148958e+001
  1.3385170e+001
  1.3621383e+001
  1.3857595e+001
  1.4093807e+001
  1.4330020e+001
  1.4566232e+001
  1.4802444e+001
  1.5038657e+001
  1.5274869e+001
  1.5511081e+001
  1.5747293e+001
  1.5983506e+001
  1.6219718e+001
  1.6455930e+001
  1.6692143e+001
  1.6928355e+001
  1.7164567e+001
  1.7400779e+001
  1.7636992e+001
  1.7873204e+001
  1.8109416e+001
  1.8318870e+001
  1.8126946e+001
  1.7935021e+001
  1.7743097e+001
  1.7551173e+001
  1.7359248e+001
  1.7167324e+001
  1.6975399e+001
  1.6783475e+001
  1.6591551e+001
  1.6399626e+001
  1.6207702e+001
  1.6015778e+001
  1.5823853e+001
  1.5631929e+001
  1.5440004e+001
  1.5248080e+001
  1.5056156e+001
  1.4864231e+001
  1.4672307e+001
  1.4480382e+001
  1.4288458e+001
  1.4096534e+001
  1.3904609e+001
  1.3712685e+001
  1.3520761e+001
  1.3328836e+001
  1.3136912e+001
  1.2944987e+001
  1.2753063e+001
  1.2561139e+001
  1.2369214e+001
  1.2177290e+001
  1.1985366e+001
  1.1793441e+001
  1.1601517e+001
  1.1409592e+001
  1.1217668e+001
  1.1025744e+001
  1.0833819e+001
  1.0641895e+001
  1.0449970e+001
  1.0258046e+001
  1.0066122e+001
  9.8741973e+000
  9.6822729e+000
  9.4903485e+000
  9.2984242e+000
  9.1064998e+000
  8.9145754e+000
  8.7226510e+000
  8.5307266e+000
  8.3388023e+000
  8.1468779e+000
  7.9549535e+000
  7.7630291e+000
  7.5831000e+000
  7.5831000e+000
  7.5831000e+000
  7.5831000e+000
  7.5831000e+000
  7.5831000e+000
  7.5831000e+000
  7.5831000e+000
  7.5831000e+000
  7.5831000e+000
  7.5831000e+000
  7.5831000e+000
  7.5831000e+000
  7.5831000e+000
  7.5831000e+000
  7.5831000e+000
  7.5831000e+000
  7.5831000e+000
  7.5831000e+000
  7.5831000e+000
  7.5831000e+000
  7.5831000e+000
  7.5831000e+000
  7.5831000e+000
  7.5831000e+000
  7.5831000e+000
  7.5831000e+000
  7.5831000e+000
  7.5831000e+000
  7.5831000e+000
  7.5831000e+000
  7.5831000e+000
  7.5831000e+000
  7.5831000e+000
  7.5831000e+000
  7.5831000e+000
  7.5831000e+000
  7.5831000e+000
  7.5831000e+000
  7.5831000e+000
  7.5831000e+000
  7.5831000e+000
  7.5831000e+000
  7.5831000e+000
  7.5831000e+000
  7.5831000e+000
  7.5831000e+000
  7.5831000e+000
  7.5831000e+000
  7.5831000e+000
  7.5831000e+000
  7.5831000e+000
  7.5831000e+000
  7.5831000e+000
  7.5831000e+000
  7.5831000e+000
  7.5831000e+000
  7.5831000e+000
  7.5831000e+000
  7.5831000e+000
  7.5831000e+000
  7.5831000e+000
  7.5831000e+000
  7.5831000e+000
  7.5831000e+000
  7.5831000e+000
  7.5831000e+000
  7.5831000e+000
  7.5831000e+000
  7.5831000e+000
  7.5831000e+000
  7.5831000e+000
  7.5831000e+000
  7.5831000e+000
  7.5831000e+000
  7.5831000e+000
  7.5831000e+000
  7.5831000e+000
  7.5831000e+000
  7.5831000e+000
  7.5831000e+000
  7.5831000e+000
  7.5831000e+000
  7.5831000e+000
  7.5831000e+000
  7.5831000e+000
  7.5831000e+000
  7.5831000e+000
  7.5831000e+000
  7.5831000e+000
  7.5831000e+000
  7.5831000e+000
  7.5831000e+000
  7.5831000e+000
  7.5831000e+000
  7.5831000e+000
  7.5831000e+000
  7.5831000e+000
  7.5831000e+000
  7.5831000e+000
  7.5831000e+000
  7.5831000e+000
  7.5831000e+000
  7.5831000e+000
  7.5831000e+000
  7.5831000e+000
  7.5831000e+000
  7.5831000e+000
  7.5831000e+000
  7.5831000e+000
  7.5831000e+000
  7.5831000e+000
  7.5831000e+000
  7.5831000e+000
  7.5831000e+000
  7.5831000e+000
  7.5831000e+000
  7.5831000e+000
  7.5831000e+000
  7.5831000e+000
  7.5831000e+000
  7.5831000e+000
  7.5831000e+000
  7.5831000e+000
  7.5831000e+000
  7.5831000e+000
  7.5831000e+000
  7.5831000e+000
  7.5831000e+000
  7.5831000e+000
  7.5831000e+000
  7.5831000e+000
  7.5831000e+000
  7.5831000e+000
  7.5831000e+000
  7.5831000e+000
  7.5831000e+000
  7.5831000e+000
  7.5831000e+000
  7.5831000e+000
  7.5831000e+000
  7.5831000e+000
  7.5831000e+000
  7.5831000e+000
  7.5831000e+000
  7.5831000e+000
  7.5831000e+000
