  1.0118500e+001
  1.0118500e+001
  1.0118500e+001
  1.0118500e+001
  1.0118500e+001
  1.0118500e+001
  1.0118500e+001
  1.0118500e+001
  1.0118500e+001
  1.0118500e+001
  1.0118500e+001
  1.0221946e+001
  1.0325391e+001
  1.0428837e+001
  1.0532283e+001
  1.0635728e+001
  1.0739174e+001
  1.0842619e+001
  1.0946065e+001
  1.1049511e+001
  1.1152956e+001
  1.1256402e+001
  1.1359848e+001
  1.1463293e+001
  1.1566739e+001
  1.1670184e+001
  1.1773630e+001
  1.1877076e+001
  1.1980521e+001
  1.2083967e+001
  1.2187413e+001
  1.2290858e+001
  1.2394304e+001
  1.2497749e+001
  1.2601195e+001
  1.2704641e+001
  1.2808086e+001
  1.2911532e+001
  1.3014978e+001
  1.3118423e+001
  1.3221869e+001
  1.3325314e+001
  1.3428760e+001
  1.3532206e+001
  1.3635651e+001
  1.3739097e+001
  1.3842543e+001
  1.3945988e+001
  1.4049434e+001
  1.4152880e+001
  1.4256325e+001
  1.4359771e+001
  1.4463216e+001
  1.4566662e+001
  1.4670108e+001
  1.4773553e+001
  1.4876999e+001
  1.4980445e+001
  1.5083890e+001
  1.5187336e+001
  1.5290781e+001
  1.5394227e+001
  1.5497673e+001
  1.5601118e+001
  1.5704564e+001
  1.5808010e+001
  1.5911455e+001
  1.6014901e+001
  1.6118346e+001
  1.6117308e+001
  1.5925329e+001
  1.5733350e+001
  1.5541371e+001
  1.5349392e+001
  1.5157413e+001
  1.4965434e+001
  1.4773455e+001
  1.4581476e+001
  1.4389497e+001
  1.4197518e+001
  1.4005539e+001
  1.3813560e+001
  1.3621581e+001
  1.3429602e+001
  1.3237623e+001
  1.3045644e+001
  1.2853665e+001
  1.2661686e+001
  1.2469707e+001
  1.2277728e+001
  1.2085749e+001
  1.1893770e+001
  1.1701791e+001
  1.1509812e+001
  1.1317833e+001
  1.1125854e+001
  1.0933875e+001
  1.0741896e+001
  1.0549917e+001
  1.0357938e+001
  1.0165959e+001
  9.9739798e+000
  9.7820008e+000
  9.5900218e+000
  9.3980428e+000
  9.2060638e+000
  9.0140848e+000
  8.8221058e+000
  8.6301268e+000
  8.4381478e+000
  8.2461688e+000
  8.0541898e+000
  7.8622108e+000
  7.6702318e+000
  7.4782528e+000
  7.2862738e+000
  7.0942948e+000
  7.0463000e+000
  7.0463000e+000
  7.0463000e+000
  7.0463000e+000
  7.0463000e+000
  7.0463000e+000
  7.0463000e+000
  7.0463000e+000
  7.0463000e+000
  7.0463000e+000
  7.0463000e+000
  7.0463000e+000
  7.0463000e+000
  7.0463000e+000
  7.0463000e+000
  7.0463000e+000
  7.0463000e+000
  7.0463000e+000
  7.0463000e+000
  7.0463000e+000
  7.0463000e+000
  7.0463000e+000
  7.0463000e+000
  7.0463000e+000
  7.0463000e+000
  7.0463000e+000
  7.0463000e+000
  7.0463000e+000
  7.0463000e+000
  7.0463000e+000
  7.0463000e+000
  7.0463000e+000
  7.0463000e+000
  7.0463000e+000
  7.0463000e+000
  7.0463000e+000
  7.0463000e+000
  7.0463000e+000
  7.0463000e+000
  7.0463000e+000
  7.0463000e+000
  7.0463000e+000
  7.0463000e+000
  7.0463000e+000
  7.0463000e+000
  7.0463000e+000
  7.0463000e+000
  7.0463000e+000
  7.0463000e+000
  7.0463000e+000
  7.0463000e+000
  7.0463000e+000
  7.0463000e+000
  7.0463000e+000
  7.0463000e+000
  7.0463000e+000
  7.0463000e+000
  7.0463000e+000
  7.0463000e+000
  7.0463000e+000
  7.0463000e+000
  7.0463000e+000
  7.0463000e+000
  7.0463000e+000
  7.0463000e+000
  7.0463000e+000
  7.0463000e+000
  7.0463000e+000
  7.0463000e+000
  7.0463000e+000
  7.0463000e+000
  7.0463000e+000
  7.0463000e+000
  7.0463000e+000
  7.0463000e+000
  7.0463000e+000
  7.0463000e+000
  7.0463000e+000
  7.0463000e+000
  7.0463000e+000
  7.0463000e+000
  7.0463000e+000
  7.0463000e+000
  7.0463000e+000
  7.0463000e+000
  7.0463000e+000
  7.0463000e+000
  7.0463000e+000
  7.0463000e+000
  7.0463000e+000
  7.0463000e+000
  7.0463000e+000
  7.0463000e+000
  7.0463000e+000
  7.0463000e+000
  7.0463000e+000
  7.0463000e+000
  7.0463000e+000
  7.0463000e+000
  7.0463000e+000
  7.0463000e+000
  7.0463000e+000
  7.0463000e+000
  7.0463000e+000
  7.0463000e+000
  7.0463000e+000
  7.0463000e+000
  7.0463000e+000
  7.0463000e+000
  7.0463000e+000
  7.0463000e+000
  7.0463000e+000
  7.0463000e+000
  7.0463000e+000
  7.0463000e+000
  7.0463000e+000
  7.0463000e+000
  7.0463000e+000
  7.0463000e+000
  7.0463000e+000
  7.0463000e+000
  7.0463000e+000
  7.0463000e+000
  7.0463000e+000
  7.0463000e+000
  7.0463000e+000
  7.0463000e+000
  7.0463000e+000
  7.0463000e+000
  7.0463000e+000
  7.0463000e+000
  7.0463000e+000
  7.0463000e+000
  7.0463000e+000
  7.0463000e+000
  7.0463000e+000
  7.0463000e+000
  7.0463000e+000
  7.0463000e+000
