  1.5590900e+001
  1.5590900e+001
  1.5590900e+001
  1.5590900e+001
  1.5590900e+001
  1.5590900e+001
  1.5590900e+001
  1.5590900e+001
  1.5590900e+001
  1.5590900e+001
  1.5590900e+001
  1.5792307e+001
  1.5993714e+001
  1.6195121e+001
  1.6396528e+001
  1.6597934e+001
  1.6799341e+001
  1.7000748e+001
  1.7202155e+001
  1.7403562e+001
  1.7604969e+001
  1.7806376e+001
  1.8007783e+001
  1.8209190e+001
  1.8410597e+001
  1.8612003e+001
  1.8813410e+001
  1.9014817e+001
  1.9216224e+001
  1.9417631e+001
  1.9619038e+001
  1.9820445e+001
  2.0021852e+001
  2.0223259e+001
  2.0424666e+001
  2.0626072e+001
  2.0827479e+001
  2.1028886e+001
  2.1230293e+001
  2.1431700e+001
  2.1633107e+001
  2.1834514e+001
  2.2035921e+001
  2.2237328e+001
  2.2438734e+001
  2.2640141e+001
  2.2841548e+001
  2.3042955e+001
  2.3244362e+001
  2.3445769e+001
  2.3647176e+001
  2.3848583e+001
  2.4049990e+001
  2.4251397e+001
  2.4452803e+001
  2.4654210e+001
  2.4855617e+001
  2.5057024e+001
  2.5258431e+001
  2.5459838e+001
  2.5661245e+001
  2.5862652e+001
  2.6064059e+001
  2.6265466e+001
  2.6466872e+001
  2.6668279e+001
  2.6869686e+001
  2.7071093e+001
  2.7272500e+001
  2.7473907e+001
  2.7675314e+001
  2.7876721e+001
  2.8078128e+001
  2.8279534e+001
  2.8480941e+001
  2.8682348e+001
  2.8883755e+001
  2.9085162e+001
  2.9286569e+001
  2.9487976e+001
  2.9689383e+001
  2.9890790e+001
  3.0092197e+001
  3.0293603e+001
  3.0495010e+001
  3.0696417e+001
  3.0897824e+001
  3.1099231e+001
  3.1300638e+001
  3.1502045e+001
  3.1703452e+001
  3.1904859e+001
  3.2106266e+001
  3.2307672e+001
  3.2509079e+001
  3.2710486e+001
  3.2911893e+001
  3.3113300e+001
  3.3314707e+001
  3.3516114e+001
  3.3717521e+001
  3.3918928e+001
  3.4120334e+001
  3.4321741e+001
  3.4523148e+001
  3.4724555e+001
  3.4925962e+001
  3.5127369e+001
  3.5328776e+001
  3.5530183e+001
  3.5731590e+001
  3.5932997e+001
  3.6134403e+001
  3.6335810e+001
  3.6537217e+001
  3.6738624e+001
  3.6607837e+001
  3.6415878e+001
  3.6223920e+001
  3.6031962e+001
  3.5840004e+001
  3.5648046e+001
  3.5456087e+001
  3.5264129e+001
  3.5072171e+001
  3.4880213e+001
  3.4688255e+001
  3.4496296e+001
  3.4304338e+001
  3.4112380e+001
  3.3920422e+001
  3.3728464e+001
  3.3536505e+001
  3.3344547e+001
  3.3152589e+001
  3.2960631e+001
  3.2768673e+001
  3.2576714e+001
  3.2384756e+001
  3.2192798e+001
  3.2000840e+001
  3.1808882e+001
  3.1616923e+001
  3.1424965e+001
  3.1233007e+001
  3.1041049e+001
  3.0849091e+001
  3.0657132e+001
  3.0465174e+001
  3.0273216e+001
  3.0081258e+001
  2.9889300e+001
  2.9697341e+001
  2.9505383e+001
  2.9313425e+001
  2.9121467e+001
  2.8929509e+001
  2.8737550e+001
  2.8545592e+001
  2.8353634e+001
  2.8161676e+001
  2.7969718e+001
  2.7777759e+001
  2.7585801e+001
  2.7393843e+001
  2.7201885e+001
  2.7009927e+001
  2.6817968e+001
  2.6626010e+001
  2.6434052e+001
  2.6242094e+001
  2.6050136e+001
  2.5858177e+001
  2.5666219e+001
  2.5474261e+001
  2.5282303e+001
  2.5090345e+001
  2.4898386e+001
  2.4706428e+001
  2.4514470e+001
  2.4322512e+001
  2.4130554e+001
  2.3938595e+001
  2.3746637e+001
  2.3554679e+001
  2.3362721e+001
  2.3170763e+001
  2.2978804e+001
  2.2786846e+001
  2.2594888e+001
  2.2402930e+001
  2.2210972e+001
  2.2019013e+001
  2.1827055e+001
  2.1635097e+001
  2.1443139e+001
  2.1251181e+001
  2.1059222e+001
  2.0867264e+001
  2.0675306e+001
  2.0483348e+001
  2.0291390e+001
  2.0099431e+001
  1.9907473e+001
  1.9715515e+001
  1.9523557e+001
  1.9331599e+001
  1.9139640e+001
  1.8947682e+001
  1.8755724e+001
  1.8563766e+001
  1.8371808e+001
  1.8179849e+001
  1.7987891e+001
  1.7795933e+001
  1.7603975e+001
  1.7412017e+001
  1.7220058e+001
  1.7028100e+001
  1.6836142e+001
  1.6644184e+001
  1.6452226e+001
  1.6260267e+001
  1.6068309e+001
  1.5876351e+001
  1.5684393e+001
  1.5492435e+001
  1.5300476e+001
  1.5192500e+001
  1.5192500e+001
  1.5192500e+001
  1.5192500e+001
  1.5192500e+001
  1.5192500e+001
  1.5192500e+001
  1.5192500e+001
  1.5192500e+001
  1.5192500e+001
  1.5192500e+001
  1.5192500e+001
  1.5192500e+001
  1.5192500e+001
  1.5192500e+001
  1.5192500e+001
  1.5192500e+001
  1.5192500e+001
  1.5192500e+001
  1.5192500e+001
  1.5192500e+001
  1.5192500e+001
  1.5192500e+001
  1.5192500e+001
  1.5192500e+001
  1.5192500e+001
  1.5192500e+001
  1.5192500e+001
