  1.4042140e+001
  1.4042140e+001
  1.4042140e+001
  1.4042140e+001
  1.4042140e+001
  1.4042140e+001
  1.4042140e+001
  1.4042140e+001
  1.4042140e+001
  1.4042140e+001
  1.4042140e+001
  1.4302396e+001
  1.4562652e+001
  1.4822909e+001
  1.5083165e+001
  1.5343421e+001
  1.5603677e+001
  1.5863933e+001
  1.6124189e+001
  1.6384446e+001
  1.6644702e+001
  1.6904958e+001
  1.7165214e+001
  1.7425470e+001
  1.7685726e+001
  1.7945983e+001
  1.8206239e+001
  1.8466495e+001
  1.8726751e+001
  1.8987007e+001
  1.9247263e+001
  1.9507520e+001
  1.9767776e+001
  2.0028032e+001
  2.0288288e+001
  2.0548544e+001
  2.0808801e+001
  2.1069057e+001
  2.1329313e+001
  2.1589569e+001
  2.1849825e+001
  2.2110081e+001
  2.2370338e+001
  2.2630594e+001
  2.2890850e+001
  2.2783363e+001
  2.2514626e+001
  2.2245889e+001
  2.1977152e+001
  2.1708415e+001
  2.1439677e+001
  2.1170940e+001
  2.0902203e+001
  2.0633466e+001
  2.0364729e+001
  2.0095992e+001
  1.9827254e+001
  1.9558517e+001
  1.9289780e+001
  1.9021043e+001
  1.8752306e+001
  1.8483569e+001
  1.8214831e+001
  1.7946094e+001
  1.7677357e+001
  1.7408620e+001
  1.7139883e+001
  1.6871146e+001
  1.6602408e+001
  1.6333671e+001
  1.6064934e+001
  1.5796197e+001
  1.5527460e+001
  1.5258723e+001
  1.4989985e+001
  1.4721248e+001
  1.4452511e+001
  1.4183774e+001
  1.3915037e+001
  1.3646300e+001
  1.3377562e+001
  1.3108825e+001
  1.2840088e+001
  1.2571351e+001
  1.2302614e+001
  1.2033877e+001
  1.1765139e+001
  1.1496402e+001
  1.1227665e+001
  1.0992520e+001
  1.0992520e+001
  1.0992520e+001
  1.0992520e+001
  1.0992520e+001
  1.0992520e+001
  1.0992520e+001
  1.0992520e+001
  1.0992520e+001
  1.0992520e+001
  1.0992520e+001
  1.0992520e+001
  1.0992520e+001
  1.0992520e+001
  1.0992520e+001
  1.0992520e+001
  1.0992520e+001
  1.0992520e+001
  1.0992520e+001
  1.0992520e+001
  1.0992520e+001
  1.0992520e+001
  1.0992520e+001
  1.0992520e+001
  1.0992520e+001
  1.0992520e+001
  1.0992520e+001
  1.0992520e+001
  1.0992520e+001
  1.0992520e+001
  1.0992520e+001
  1.0992520e+001
  1.0992520e+001
  1.0992520e+001
  1.0992520e+001
  1.0992520e+001
  1.0992520e+001
  1.0992520e+001
  1.0992520e+001
  1.0992520e+001
  1.0992520e+001
  1.0992520e+001
  1.0992520e+001
  1.0992520e+001
  1.0992520e+001
  1.0992520e+001
  1.0992520e+001
  1.0992520e+001
  1.0992520e+001
  1.0992520e+001
  1.0992520e+001
  1.0992520e+001
  1.0992520e+001
  1.0992520e+001
  1.0992520e+001
  1.0992520e+001
  1.0992520e+001
  1.0992520e+001
  1.0992520e+001
  1.0992520e+001
  1.0992520e+001
  1.0992520e+001
  1.0992520e+001
  1.0992520e+001
  1.0992520e+001
  1.0992520e+001
  1.0992520e+001
  1.0992520e+001
  1.0992520e+001
  1.0992520e+001
  1.0992520e+001
  1.0992520e+001
  1.0992520e+001
  1.0992520e+001
  1.0992520e+001
  1.0992520e+001
  1.0992520e+001
  1.0992520e+001
  1.0992520e+001
  1.0992520e+001
  1.0992520e+001
  1.0992520e+001
  1.0992520e+001
  1.0992520e+001
  1.0992520e+001
  1.0992520e+001
  1.0992520e+001
  1.0992520e+001
  1.0992520e+001
  1.0992520e+001
  1.0992520e+001
  1.0992520e+001
  1.0992520e+001
  1.0992520e+001
  1.0992520e+001
  1.0992520e+001
  1.0992520e+001
  1.0992520e+001
  1.0992520e+001
  1.0992520e+001
  1.0992520e+001
  1.0992520e+001
  1.0992520e+001
  1.0992520e+001
  1.0992520e+001
  1.0992520e+001
  1.0992520e+001
  1.0992520e+001
  1.0992520e+001
  1.0992520e+001
  1.0992520e+001
  1.0992520e+001
  1.0992520e+001
  1.0992520e+001
  1.0992520e+001
  1.0992520e+001
  1.0992520e+001
  1.0992520e+001
  1.0992520e+001
  1.0992520e+001
  1.0992520e+001
  1.0992520e+001
  1.0992520e+001
  1.0992520e+001
  1.0992520e+001
  1.0992520e+001
  1.0992520e+001
  1.0992520e+001
  1.0992520e+001
  1.0992520e+001
  1.0992520e+001
  1.0992520e+001
  1.0992520e+001
  1.0992520e+001
  1.0992520e+001
  1.0992520e+001
  1.0992520e+001
  1.0992520e+001
  1.0992520e+001
  1.0992520e+001
  1.0992520e+001
  1.0992520e+001
  1.0992520e+001
  1.0992520e+001
  1.0992520e+001
  1.0992520e+001
  1.0992520e+001
  1.0992520e+001
  1.0992520e+001
  1.0992520e+001
  1.0992520e+001
  1.0992520e+001
  1.0992520e+001
  1.0992520e+001
  1.0992520e+001
  1.0992520e+001
  1.0992520e+001
  1.0992520e+001
  1.0992520e+001
  1.0992520e+001
  1.0992520e+001
  1.0992520e+001
  1.0992520e+001
  1.0992520e+001
  1.0992520e+001
  1.0992520e+001
  1.0992520e+001
