  1.7886600e+001
  1.7886600e+001
  1.7886600e+001
  1.7886600e+001
  1.7886600e+001
  1.7886600e+001
  1.7886600e+001
  1.7886600e+001
  1.7886600e+001
  1.7886600e+001
  1.7886600e+001
  1.7886600e+001
  1.8231371e+001
  1.8655706e+001
  1.9080040e+001
  1.9504374e+001
  1.9928708e+001
  2.0353042e+001
  2.0777376e+001
  2.1201711e+001
  2.1626045e+001
  2.2050379e+001
  2.2474713e+001
  2.2899047e+001
  2.3323381e+001
  2.3747715e+001
  2.4172050e+001
  2.4596384e+001
  2.5020718e+001
  2.5445052e+001
  2.5869386e+001
  2.6293720e+001
  2.6718054e+001
  2.7142389e+001
  2.7566723e+001
  2.7991057e+001
  2.8415391e+001
  2.8839725e+001
  2.9264059e+001
  2.9688393e+001
  3.0112728e+001
  3.0537062e+001
  3.0961396e+001
  3.1385730e+001
  3.1810064e+001
  3.2234398e+001
  3.2658732e+001
  3.3083067e+001
  3.3507401e+001
  3.3931735e+001
  3.4356069e+001
  3.4780403e+001
  3.5204737e+001
  3.5128573e+001
  3.4936540e+001
  3.4744508e+001
  3.4552475e+001
  3.4360442e+001
  3.4168409e+001
  3.3976376e+001
  3.3784343e+001
  3.3592311e+001
  3.3400278e+001
  3.3208245e+001
  3.3016212e+001
  3.2824179e+001
  3.2632146e+001
  3.2440113e+001
  3.2248081e+001
  3.2056048e+001
  3.1864015e+001
  3.1671982e+001
  3.1479949e+001
  3.1287916e+001
  3.1095884e+001
  3.0903851e+001
  3.0711818e+001
  3.0519785e+001
  3.0327752e+001
  3.0135719e+001
  2.9943687e+001
  2.9751654e+001
  2.9559621e+001
  2.9367588e+001
  2.9175555e+001
  2.8983522e+001
  2.8791489e+001
  2.8599457e+001
  2.8407424e+001
  2.8215391e+001
  2.8023358e+001
  2.7831325e+001
  2.7639292e+001
  2.7447260e+001
  2.7255227e+001
  2.7063194e+001
  2.6871161e+001
  2.6679128e+001
  2.6487095e+001
  2.6295062e+001
  2.6103030e+001
  2.5910997e+001
  2.5718964e+001
  2.5526931e+001
  2.5334898e+001
  2.5142865e+001
  2.4950833e+001
  2.4758800e+001
  2.4566767e+001
  2.4374734e+001
  2.4182701e+001
  2.3990668e+001
  2.3798635e+001
  2.3606603e+001
  2.3414570e+001
  2.3222537e+001
  2.3030504e+001
  2.2838471e+001
  2.2646438e+001
  2.2454406e+001
  2.2262373e+001
  2.2070340e+001
  2.1878307e+001
  2.1686274e+001
  2.1494241e+001
  2.1302209e+001
  2.1110176e+001
  2.0918143e+001
  2.0726110e+001
  2.0534077e+001
  2.0342044e+001
  2.0150011e+001
  1.9957979e+001
  1.9765946e+001
  1.9573913e+001
  1.9381880e+001
  1.9189847e+001
  1.8997814e+001
  1.8805782e+001
  1.8613749e+001
  1.8421716e+001
  1.8229683e+001
  1.8037650e+001
  1.7845617e+001
  1.7653584e+001
  1.7461552e+001
  1.7269519e+001
  1.7077486e+001
  1.6885453e+001
  1.6693420e+001
  1.6501387e+001
  1.6309355e+001
  1.6117322e+001
  1.5925289e+001
  1.5733256e+001
  1.5541223e+001
  1.5349190e+001
  1.5157157e+001
  1.4965125e+001
  1.4821100e+001
  1.4821100e+001
  1.4821100e+001
  1.4821100e+001
  1.4821100e+001
  1.4821100e+001
  1.4821100e+001
  1.4821100e+001
  1.4821100e+001
  1.4821100e+001
  1.4821100e+001
  1.4821100e+001
  1.4821100e+001
  1.4821100e+001
  1.4821100e+001
  1.4821100e+001
  1.4821100e+001
  1.4821100e+001
  1.4821100e+001
  1.4821100e+001
  1.4821100e+001
  1.4821100e+001
  1.4821100e+001
  1.4821100e+001
  1.4821100e+001
  1.4821100e+001
  1.4821100e+001
  1.4821100e+001
  1.4821100e+001
  1.4821100e+001
  1.4821100e+001
  1.4821100e+001
  1.4821100e+001
  1.4821100e+001
  1.4821100e+001
  1.4821100e+001
  1.4821100e+001
  1.4821100e+001
  1.4821100e+001
  1.4821100e+001
  1.4821100e+001
  1.4821100e+001
  1.4821100e+001
  1.4821100e+001
  1.4821100e+001
  1.4821100e+001
  1.4821100e+001
  1.4821100e+001
  1.4821100e+001
  1.4821100e+001
  1.4821100e+001
  1.4821100e+001
  1.4821100e+001
  1.4821100e+001
  1.4821100e+001
  1.4821100e+001
  1.4821100e+001
  1.4821100e+001
  1.4821100e+001
  1.4821100e+001
  1.4821100e+001
  1.4821100e+001
  1.4821100e+001
  1.4821100e+001
  1.4821100e+001
  1.4821100e+001
  1.4821100e+001
  1.4821100e+001
  1.4821100e+001
  1.4821100e+001
  1.4821100e+001
  1.4821100e+001
  1.4821100e+001
  1.4821100e+001
  1.4821100e+001
  1.4821100e+001
  1.4821100e+001
  1.4821100e+001
  1.4821100e+001
  1.4821100e+001
  1.4821100e+001
  1.4821100e+001
  1.4821100e+001
  1.4821100e+001
  1.4821100e+001
  1.4821100e+001
  1.4821100e+001
  1.4821100e+001
  1.4821100e+001
  1.4821100e+001
  1.4821100e+001
  1.4821100e+001
  1.4821100e+001
  1.4821100e+001
  1.4821100e+001
  1.4821100e+001
  1.4821100e+001
