  4.6485500e+001
  4.6485500e+001
  4.6485500e+001
  4.6485500e+001
  4.6485500e+001
  4.6485500e+001
  4.6485500e+001
  4.6485500e+001
  4.6485500e+001
  4.6485500e+001
  4.6485500e+001
  4.7645662e+001
  4.8805824e+001
  4.9965987e+001
  5.1126149e+001
  5.2286311e+001
  5.3446473e+001
  5.4606635e+001
  5.5766798e+001
  5.6926960e+001
  5.8087122e+001
  5.9247284e+001
  6.0407447e+001
  6.1567609e+001
  6.2727771e+001
  6.3887933e+001
  6.5048095e+001
  6.6208258e+001
  6.7368420e+001
  6.8528582e+001
  6.9688744e+001
  7.0848906e+001
  7.2009069e+001
  7.3169231e+001
  7.4329393e+001
  7.5489555e+001
  7.6649718e+001
  7.7809880e+001
  7.8970042e+001
  8.0130204e+001
  8.1290366e+001
  8.2450529e+001
  8.3610691e+001
  8.4770853e+001
  8.5931015e+001
  8.7091177e+001
  8.8251340e+001
  8.9411502e+001
  9.0571664e+001
  9.1731826e+001
  9.2891988e+001
  9.3615196e+001
  9.3316623e+001
  9.3018050e+001
  9.2719477e+001
  9.2420904e+001
  9.2122331e+001
  9.1823758e+001
  9.1525185e+001
  9.1226612e+001
  9.0928039e+001
  9.0629466e+001
  9.0330893e+001
  9.0032320e+001
  8.9733747e+001
  8.9435175e+001
  8.9136602e+001
  8.8838029e+001
  8.8539456e+001
  8.8240883e+001
  8.7942310e+001
  8.7643737e+001
  8.7345164e+001
  8.7046591e+001
  8.6748018e+001
  8.6449445e+001
  8.6150872e+001
  8.5852299e+001
  8.5553726e+001
  8.5255153e+001
  8.4956580e+001
  8.4658007e+001
  8.4359434e+001
  8.4060861e+001
  8.3762288e+001
  8.3463715e+001
  8.3165142e+001
  8.2866569e+001
  8.2567996e+001
  8.2269423e+001
  8.1970851e+001
  8.1672278e+001
  8.1373705e+001
  8.1075132e+001
  8.0776559e+001
  8.0477986e+001
  8.0179413e+001
  7.9880840e+001
  7.9582267e+001
  7.9283694e+001
  7.8985121e+001
  7.8686548e+001
  7.8387975e+001
  7.8089402e+001
  7.7790829e+001
  7.7492256e+001
  7.7193683e+001
  7.6895110e+001
  7.6596537e+001
  7.6297964e+001
  7.5999391e+001
  7.5700818e+001
  7.5402245e+001
  7.5103672e+001
  7.4805099e+001
  7.4506527e+001
  7.4207954e+001
  7.3909381e+001
  7.3610808e+001
  7.3312235e+001
  7.3013662e+001
  7.2715089e+001
  7.2416516e+001
  7.2117943e+001
  7.1819370e+001
  7.1520797e+001
  7.1222224e+001
  7.0923651e+001
  7.0625078e+001
  7.0326505e+001
  7.0027932e+001
  6.9729359e+001
  6.9430786e+001
  6.9132213e+001
  6.8833640e+001
  6.8535067e+001
  6.8236494e+001
  6.7937921e+001
  6.7639348e+001
  6.7340775e+001
  6.7042203e+001
  6.6743630e+001
  6.6445057e+001
  6.6146484e+001
  6.5847911e+001
  6.5549338e+001
  6.5250765e+001
  6.4952192e+001
  6.4653619e+001
  6.4355046e+001
  6.4056473e+001
  6.3757900e+001
  6.3459327e+001
  6.3160754e+001
  6.2862181e+001
  6.2563608e+001
  6.2265035e+001
  6.1966462e+001
  6.1667889e+001
  6.1369316e+001
  6.1070743e+001
  6.0772170e+001
  6.0473597e+001
  6.0175024e+001
  5.9876451e+001
  5.9577879e+001
  5.9279306e+001
  5.8980733e+001
  5.8682160e+001
  5.8383587e+001
  5.8085014e+001
  5.7786441e+001
  5.7487868e+001
  5.7189295e+001
  5.6890722e+001
  5.6592149e+001
  5.6293576e+001
  5.5995003e+001
  5.5696430e+001
  5.5397857e+001
  5.5099284e+001
  5.4800711e+001
  5.4502138e+001
  5.4203565e+001
  5.3904992e+001
  5.3606419e+001
  5.3307846e+001
  5.3009273e+001
  5.2710700e+001
  5.2412127e+001
  5.2113555e+001
  5.1814982e+001
  5.1516409e+001
  5.1217836e+001
  5.0919263e+001
  5.0620690e+001
  5.0322117e+001
  5.0023544e+001
  4.9724971e+001
  4.9426398e+001
  4.9127825e+001
  4.8829252e+001
  4.8530679e+001
  4.8232106e+001
  4.7933533e+001
  4.7634960e+001
  4.7336387e+001
  4.7037814e+001
  4.6739241e+001
  4.6440668e+001
  4.6142095e+001
  4.5843522e+001
  4.5544949e+001
  4.5246376e+001
  4.4947804e+001
  4.4649231e+001
  4.4350658e+001
  4.4052085e+001
  4.3753512e+001
  4.3454939e+001
  4.3156366e+001
  4.2857793e+001
  4.2559220e+001
  4.2260647e+001
  4.1962074e+001
  4.1663501e+001
  4.1364928e+001
  4.1066355e+001
  4.0767782e+001
  4.0469209e+001
  4.0170636e+001
  3.9872063e+001
  3.9573490e+001
  3.9274917e+001
  3.8976344e+001
  3.8677771e+001
  3.8379198e+001
  3.8080625e+001
  3.7782052e+001
  3.7483480e+001
  3.7184907e+001
  3.6886334e+001
  3.6587761e+001
  3.6289188e+001
  3.5990615e+001
  3.5692042e+001
  3.5393469e+001
  3.5094896e+001
  3.4796323e+001
  3.4497750e+001
  3.4199177e+001
  3.3900604e+001
  3.3602031e+001
  3.3303458e+001
  3.3004885e+001
  3.2706312e+001
