  1.5373500e+001
  1.5373500e+001
  1.5373500e+001
  1.5373500e+001
  1.5373500e+001
  1.5373500e+001
  1.5373500e+001
  1.5373500e+001
  1.5373500e+001
  1.5373500e+001
  1.5373500e+001
  1.5541223e+001
  1.5708946e+001
  1.5876669e+001
  1.6044392e+001
  1.6212115e+001
  1.6379838e+001
  1.6547561e+001
  1.6715284e+001
  1.6883007e+001
  1.7050730e+001
  1.7218453e+001
  1.7386176e+001
  1.7553899e+001
  1.7721622e+001
  1.7889345e+001
  1.8057068e+001
  1.8224791e+001
  1.8392514e+001
  1.8560237e+001
  1.8727960e+001
  1.8895683e+001
  1.9063406e+001
  1.9231129e+001
  1.9398852e+001
  1.9566575e+001
  1.9734298e+001
  1.9902021e+001
  2.0069743e+001
  2.0237466e+001
  2.0405189e+001
  2.0572912e+001
  2.0740635e+001
  2.0908358e+001
  2.1076081e+001
  2.1243804e+001
  2.1411527e+001
  2.1579250e+001
  2.1746973e+001
  2.1914696e+001
  2.2082419e+001
  2.2250142e+001
  2.2417865e+001
  2.2585588e+001
  2.2753311e+001
  2.2921034e+001
  2.3088757e+001
  2.3256480e+001
  2.3424203e+001
  2.3591926e+001
  2.3759649e+001
  2.3927372e+001
  2.4095095e+001
  2.4262818e+001
  2.4430541e+001
  2.4598264e+001
  2.4765987e+001
  2.4933710e+001
  2.5101433e+001
  2.5269156e+001
  2.5436879e+001
  2.5604602e+001
  2.5772325e+001
  2.5940048e+001
  2.6107771e+001
  2.6275494e+001
  2.6443217e+001
  2.6610940e+001
  2.6778663e+001
  2.6946386e+001
  2.7114109e+001
  2.7281832e+001
  2.7449555e+001
  2.7617278e+001
  2.7785001e+001
  2.7952724e+001
  2.8120447e+001
  2.8288170e+001
  2.8455893e+001
  2.8623616e+001
  2.8791339e+001
  2.8959062e+001
  2.9126785e+001
  2.9294508e+001
  2.9462230e+001
  2.9629953e+001
  2.9797676e+001
  2.9965399e+001
  3.0133122e+001
  3.0300845e+001
  3.0468568e+001
  3.0636291e+001
  3.0804014e+001
  3.0971737e+001
  3.1139460e+001
  3.1307183e+001
  3.1474906e+001
  3.1642629e+001
  3.1810352e+001
  3.1978075e+001
  3.2145798e+001
  3.2313521e+001
  3.2269202e+001
  3.2077206e+001
  3.1885210e+001
  3.1693214e+001
  3.1501218e+001
  3.1309222e+001
  3.1117226e+001
  3.0925231e+001
  3.0733235e+001
  3.0541239e+001
  3.0349243e+001
  3.0157247e+001
  2.9965251e+001
  2.9773255e+001
  2.9581259e+001
  2.9389263e+001
  2.9197267e+001
  2.9005271e+001
  2.8813275e+001
  2.8621279e+001
  2.8429283e+001
  2.8237287e+001
  2.8045291e+001
  2.7853295e+001
  2.7661299e+001
  2.7469303e+001
  2.7277307e+001
  2.7085311e+001
  2.6893315e+001
  2.6701319e+001
  2.6509323e+001
  2.6317327e+001
  2.6125331e+001
  2.5933335e+001
  2.5741339e+001
  2.5549344e+001
  2.5357348e+001
  2.5165352e+001
  2.4973356e+001
  2.4781360e+001
  2.4589364e+001
  2.4397368e+001
  2.4205372e+001
  2.4013376e+001
  2.3821380e+001
  2.3629384e+001
  2.3437388e+001
  2.3245392e+001
  2.3053396e+001
  2.2861400e+001
  2.2669404e+001
  2.2477408e+001
  2.2285412e+001
  2.2093416e+001
  2.1901420e+001
  2.1709424e+001
  2.1517428e+001
  2.1325432e+001
  2.1133436e+001
  2.0941440e+001
  2.0749444e+001
  2.0557448e+001
  2.0365452e+001
  2.0173456e+001
  1.9981461e+001
  1.9789465e+001
  1.9597469e+001
  1.9405473e+001
  1.9213477e+001
  1.9021481e+001
  1.8829485e+001
  1.8637489e+001
  1.8445493e+001
  1.8253497e+001
  1.8061501e+001
  1.7869505e+001
  1.7677509e+001
  1.7485513e+001
  1.7293517e+001
  1.7101521e+001
  1.6909525e+001
  1.6717529e+001
  1.6525533e+001
  1.6333537e+001
  1.6141541e+001
  1.5949545e+001
  1.5757549e+001
  1.5565553e+001
  1.5373557e+001
  1.5181561e+001
  1.4989565e+001
  1.4797569e+001
  1.4605574e+001
  1.4413578e+001
  1.4221582e+001
  1.4029586e+001
  1.3837590e+001
  1.3645594e+001
  1.3453598e+001
  1.3345600e+001
  1.3345600e+001
  1.3345600e+001
  1.3345600e+001
  1.3345600e+001
  1.3345600e+001
  1.3345600e+001
  1.3345600e+001
  1.3345600e+001
  1.3345600e+001
  1.3345600e+001
  1.3345600e+001
  1.3345600e+001
  1.3345600e+001
  1.3345600e+001
  1.3345600e+001
  1.3345600e+001
  1.3345600e+001
  1.3345600e+001
  1.3345600e+001
  1.3345600e+001
  1.3345600e+001
  1.3345600e+001
  1.3345600e+001
  1.3345600e+001
  1.3345600e+001
  1.3345600e+001
  1.3345600e+001
  1.3345600e+001
  1.3345600e+001
  1.3345600e+001
  1.3345600e+001
  1.3345600e+001
  1.3345600e+001
  1.3345600e+001
  1.3345600e+001
  1.3345600e+001
  1.3345600e+001
  1.3345600e+001
  1.3345600e+001
  1.3345600e+001
  1.3345600e+001
  1.3345600e+001
  1.3345600e+001
  1.3345600e+001
