  3.4011000e+001
  3.4011000e+001
  3.4011000e+001
  3.4011000e+001
  3.4011000e+001
  3.4011000e+001
  3.4011000e+001
  3.4011000e+001
  3.4011000e+001
  3.4011000e+001
  3.4011000e+001
  3.4011000e+001
  3.4474153e+001
  3.5044189e+001
  3.5614224e+001
  3.6184259e+001
  3.6754294e+001
  3.7324329e+001
  3.7894364e+001
  3.8464399e+001
  3.9034434e+001
  3.9604469e+001
  4.0174504e+001
  4.0744539e+001
  4.1314574e+001
  4.1884609e+001
  4.2454644e+001
  4.3024679e+001
  4.3594714e+001
  4.4164749e+001
  4.4734784e+001
  4.5304819e+001
  4.5874854e+001
  4.6444889e+001
  4.7014925e+001
  4.7584960e+001
  4.8154995e+001
  4.8725030e+001
  4.9295065e+001
  4.9865100e+001
  5.0435135e+001
  5.1005170e+001
  5.1575205e+001
  5.2145240e+001
  5.2715275e+001
  5.3285310e+001
  5.3855345e+001
  5.4425380e+001
  5.4995415e+001
  5.5565450e+001
  5.6135485e+001
  5.6705520e+001
  5.7275555e+001
  5.7845590e+001
  5.8415626e+001
  5.8985661e+001
  5.9555696e+001
  6.0125731e+001
  6.0695766e+001
  6.1265801e+001
  6.1835836e+001
  6.2405871e+001
  6.2975906e+001
  6.3545941e+001
  6.4115976e+001
  6.4686011e+001
  6.5256046e+001
  6.5826081e+001
  6.6396116e+001
  6.6966151e+001
  6.7536186e+001
  6.8106221e+001
  6.8676256e+001
  6.9246291e+001
  6.9816326e+001
  7.0386362e+001
  7.0956397e+001
  7.1526432e+001
  7.2096467e+001
  7.2666502e+001
  7.3236537e+001
  7.3806572e+001
  7.4376607e+001
  7.4946642e+001
  7.5516677e+001
  7.6086712e+001
  7.6656747e+001
  7.7226782e+001
  7.7796817e+001
  7.8366852e+001
  7.8936887e+001
  7.9506922e+001
  8.0076957e+001
  8.0646992e+001
  8.1217027e+001
  8.1787063e+001
  8.2357098e+001
  8.2927133e+001
  8.3497168e+001
  8.4067203e+001
  8.4637238e+001
  8.5207273e+001
  8.4896089e+001
  8.4536611e+001
  8.4177133e+001
  8.3817654e+001
  8.3458176e+001
  8.3098698e+001
  8.2739219e+001
  8.2379741e+001
  8.2020263e+001
  8.1660785e+001
  8.1301306e+001
  8.0941828e+001
  8.0582350e+001
  8.0222871e+001
  7.9863393e+001
  7.9503915e+001
  7.9144436e+001
  7.8784958e+001
  7.8425480e+001
  7.8066002e+001
  7.7706523e+001
  7.7347045e+001
  7.6987567e+001
  7.6628088e+001
  7.6268610e+001
  7.5909132e+001
  7.5549654e+001
  7.5190175e+001
  7.4830697e+001
  7.4471219e+001
  7.4111740e+001
  7.3752262e+001
  7.3392784e+001
  7.3033306e+001
  7.2673827e+001
  7.2314349e+001
  7.1954871e+001
  7.1595392e+001
  7.1235914e+001
  7.0876436e+001
  7.0516958e+001
  7.0157479e+001
  6.9798001e+001
  6.9438523e+001
  6.9079044e+001
  6.8719566e+001
  6.8360088e+001
  6.8000610e+001
  6.7641131e+001
  6.7281653e+001
  6.6922175e+001
  6.6562696e+001
  6.6203218e+001
  6.5843740e+001
  6.5484262e+001
  6.5124783e+001
  6.4765305e+001
  6.4405827e+001
  6.4046348e+001
  6.3686870e+001
  6.3327392e+001
  6.2967913e+001
  6.2608435e+001
  6.2248957e+001
  6.1889479e+001
  6.1530000e+001
  6.1170522e+001
  6.0811044e+001
  6.0451565e+001
  6.0092087e+001
  5.9732609e+001
  5.9373131e+001
  5.9013652e+001
  5.8654174e+001
  5.8294696e+001
  5.7935217e+001
  5.7575739e+001
  5.7216261e+001
  5.6856783e+001
  5.6497304e+001
  5.6137826e+001
  5.5778348e+001
  5.5418869e+001
  5.5059391e+001
  5.4699913e+001
  5.4340435e+001
  5.3980956e+001
  5.3621478e+001
  5.3262000e+001
  5.2902521e+001
  5.2543043e+001
  5.2183565e+001
  5.1824087e+001
  5.1464608e+001
  5.1105130e+001
  5.0745652e+001
  5.0386173e+001
  5.0026695e+001
  4.9667217e+001
  4.9307738e+001
  4.8948260e+001
  4.8588782e+001
  4.8229304e+001
  4.7869825e+001
  4.7510347e+001
  4.7150869e+001
  4.6791390e+001
  4.6431912e+001
  4.6072434e+001
  4.5712956e+001
  4.5353477e+001
  4.4993999e+001
  4.4634521e+001
  4.4275042e+001
  4.3915564e+001
  4.3556086e+001
  4.3196608e+001
  4.2837129e+001
  4.2477651e+001
  4.2118173e+001
  4.1758694e+001
  4.1399216e+001
  4.1039738e+001
  4.0680260e+001
  4.0320781e+001
  3.9961303e+001
  3.9601825e+001
  3.9242346e+001
  3.8882868e+001
  3.8523390e+001
  3.8163912e+001
  3.7804433e+001
  3.7444955e+001
  3.7085477e+001
  3.6725998e+001
  3.6366520e+001
  3.6007042e+001
  3.5647564e+001
  3.5288085e+001
  3.4928607e+001
  3.4569129e+001
  3.4209650e+001
  3.3850172e+001
  3.3490694e+001
  3.3131215e+001
  3.2771737e+001
  3.2412259e+001
  3.2052781e+001
  3.1693302e+001
  3.1333824e+001
  3.0974346e+001
  3.0614867e+001
  3.0255389e+001
  2.9895911e+001
