 800	 800	 800	 800	
10479	10057	8535	10057	
9684	9301	7945	9301	
8889	8545	7356	8545	
8093	7789	6766	7789	
7632	7346	6423	7346	
7278	6992	6166	6992	
7042	6790	6011	6790	
6789	6535	5837	6535	
6543	6308	5660	6308	
6333	6119	5516	6119	
6144	5943	5382	5943	
5979	5785	5265	5785	
5833	5650	5168	5650	
5711	5543	5094	5543	
5638	5466	5030	5466	
5581	5414	4985	5414	
5564	5399	4982	5399	
5556	5396	4987	5396	
5554	5397	4989	5397	
5579	5427	5005	5427	
5618	5460	5029	5460	
5675	5518	5077	5518	
5785	5613	5142	5613	
5890	5716	5222	5716	
6073	5884	5352	5884	
6271	6071	5511	6071	
6486	6289	5665	6289	
6832	6626	5909	6626	
7413	7175	6315	7175	
8047	7792	6784	7792	
8822	8532	7367	8532	
9865	9500	8142	9500	
10454	10004	8508	10004	
9373	8984	7709	8984	
8291	7964	6910	7964	
7713	7418	6492	7418	
7298	7017	6189	7017	
7047	6770	6013	6770	
6819	6554	5859	6554	
6559	6312	5672	6312	
6314	6087	5504	6087	
6107	5894	5356	5894	
5916	5716	5229	5716	
5764	5568	5123	5568	
5621	5446	5029	5446	
5520	5348	4956	5348	
5440	5272	4900	5272	
5369	5217	4864	5217	
5351	5199	4848	5199	
5338	5186	4845	5186	
5343	5193	4852	5193	
5362	5217	4866	5217	
5399	5251	4892	5251	
5443	5292	4925	5292	
5518	5356	4963	5356	
5640	5475	5054	5475	
5804	5626	5172	5626	
6008	5817	5324	5817	
6237	6037	5488	6037	
6535	6327	5685	6327	
7005	6766	6007	6766	
7595	7337	6444	7337	
8229	7953	6937	7953	
8953	8637	7498	8637	
9776	9362	7945	9362	
8579	8240	7124	8240	
7837	7537	6592	7537	
7361	7072	6233	7072	
7014	6738	5992	6738	
6814	6556	5849	6556	
6542	6299	5661	6299	
6298	6059	5484	6059	
6061	5843	5321	5843	
5849	5648	5182	5648	
5672	5482	5058	5482	
5524	5352	4958	5352	
5396	5231	4867	5231	
5295	5138	4806	5138	
5214	5068	4754	5068	
5152	5011	4714	5011	
5118	4977	4691	4977	
5094	4960	4679	4960	
5095	4966	4685	4966	
5124	4991	4712	4991	
5168	5034	4744	5034	
5190	5058	4751	5058	
5265	5126	4796	5126	
5377	5225	4869	5225	
5528	5362	4975	5362	
5710	5534	5108	5534	
5950	5760	5276	5760	
6238	6038	5481	6038	
6630	6422	5734	6422	
7104	6861	6072	6861	
7688	7420	6524	7420	
8255	7964	6984	7964	
8865	8511	7327	8511	
8113	7769	6758	7769	
7549	7234	6352	7234	
7107	6823	6037	6823	
6859	6580	5861	6580	
6611	6349	5701	6349	
6332	6081	5504	6081	
6080	5847	5330	5847	
5848	5630	5170	5630	
5648	5446	5036	5446	
5475	5296	4923	5296	
5331	5164	4828	5164	
5203	5050	4743	5050	
5100	4953	4677	4953	
5032	4899	4641	4899	
4970	4843	4606	4843	
4923	4802	4572	4802	
4896	4776	4554	4776	
4881	4765	4543	4765	
4909	4788	4564	4788	
4922	4799	4569	4799	
4973	4848	4604	4848	
5064	4934	4668	4934	
5162	5024	4731	5024	
5301	5147	4820	5147	
5471	5310	4941	5310	
5688	5512	5098	5512	
5963	5771	5277	5771	
6347	6144	5528	6144	
6750	6526	5810	6526	
7270	7012	6196	7012	
7800	7524	6617	7524	
8310	7980	6901	7980	
7749	7426	6479	7426	
7265	6965	6134	6965	
6952	6663	5915	6663	
6691	6423	5748	6423	
6415	6155	5545	6155	
6127	5892	5358	5892	
5881	5660	5191	5660	
5659	5454	5036	5454	
5467	5280	4915	5280	
5303	5132	4800	5132	
5160	5003	4709	5003	
5043	4903	4642	4903	
4954	4831	4599	4831	
4876	4763	4552	4763	
4806	4701	4504	4701	
4749	4653	4471	4653	
4710	4617	4442	4617	
4696	4601	4421	4601	
4707	4610	4430	4610	
4738	4633	4444	4633	
4806	4702	4498	4702	
4907	4791	4561	4791	
5009	4884	4633	4884	
5105	4967	4688	4967	
5264	5112	4787	5112	
5462	5297	4930	5297	
5718	5541	5103	5541	
6077	5883	5333	5883	
6474	6263	5602	6263	
6916	6677	5929	6677	
7382	7130	6307	7130	
7958	7639	6628	7639	
7486	7181	6290	7181	
7056	6772	5991	6772	
6812	6536	5829	6536	
6529	6273	5643	6273	
6241	6000	5442	6000	
5951	5727	5239	5727	
5704	5496	5072	5496	
5495	5309	4935	5309	
5309	5143	4812	5143	
5147	4993	4706	4993	
5015	4877	4633	4877	
4902	4787	4582	4787	
4818	4722	4543	4722	
4750	4661	4497	4661	
4670	4594	4444	4594	
4600	4529	4396	4529	
4553	4479	4356	4479	
4525	4456	4327	4456	
4542	4467	4340	4467	
4578	4500	4361	4500	
4635	4554	4401	4554	
4731	4642	4459	4642	
4831	4731	4521	4731	
4946	4831	4596	4831	
5077	4946	4671	4946	
5268	5128	4804	5128	
5498	5340	4961	5340	
5818	5641	5174	5641	
6230	6036	5445	6036	
6625	6419	5734	6419	
7060	6833	6069	6833	
7709	7424	6465	7424	
7277	6978	6141	6978	
6902	6623	5887	6623	
6672	6408	5741	6408	
6364	6126	5530	6126	
6062	5837	5323	5837	
5792	5585	5135	5585	
5565	5375	4988	5375	
5352	5182	4845	5182	
5177	5020	4732	5020	
5015	4877	4636	4877	
4887	4774	4571	4774	
4778	4690	4525	4690	
4703	4626	4482	4626	
4626	4556	4438	4556	
4552	4493	4387	4493	
4487	4436	4347	4436	
4434	4381	4294	4381	
4398	4350	4259	4350	
4388	4334	4247	4334	
4437	4374	4283	4374	
4496	4424	4316	4424	
4577	4496	4355	4496	
4665	4579	4412	4579	
4797	4694	4496	4694	
4929	4810	4574	4810	
5091	4967	4685	4967	
5318	5179	4843	5179	
5614	5445	5043	5445	
5983	5808	5293	5808	
6388	6203	5576	6203	
6789	6577	5869	6577	
7532	7248	6336	7248	
7118	6839	6030	6839	
6793	6527	5821	6527	
6546	6301	5658	6301	
6246	6007	5450	6007	
5938	5724	5243	5724	
5674	5472	5066	5472	
5453	5270	4917	5270	
5251	5082	4786	5082	
5063	4918	4658	4918	
4916	4792	4585	4792	
4791	4692	4522	4692	
4696	4618	4484	4618	
4623	4564	4450	4564	
4539	4485	4389	4485	
4462	4416	4339	4416	
4391	4351	4285	4351	
4356	4319	4263	4319	
4326	4290	4236	4290	
4288	4258	4204	4258	
4309	4268	4205	4268	
4359	4308	4232	4308	
4433	4372	4267	4372	
4535	4456	4321	4456	
4659	4575	4407	4575	
4802	4701	4495	4701	
4991	4873	4613	4873	
5204	5068	4760	5068	
5448	5297	4931	5297	
5776	5610	5165	5610	
6174	6006	5444	6006	
6538	6347	5705	6347	
7371	7111	6211	7111	
6984	6711	5925	6711	
6689	6428	5736	6428	
6435	6190	5575	6190	
6130	5897	5372	5897	
5837	5625	5170	5625	
5574	5381	4999	5381	
5358	5182	4850	5182	
5165	5004	4722	5004	
4972	4839	4607	4839	
4819	4707	4518	4707	
4709	4618	4470	4618	
4618	4550	4436	4550	
4542	4488	4398	4488	
4461	4416	4348	4416	
4381	4345	4295	4345	
4324	4293	4249	4293	
4274	4249	4215	4249	
4240	4224	4191	4224	
4229	4202	4170	4202	
4219	4191	4146	4191	
4254	4216	4161	4216	
4326	4278	4195	4278	
4423	4360	4252	4360	
4546	4468	4323	4468	
4682	4592	4413	4592	
4898	4785	4543	4785	
5102	4981	4683	4981	
5318	5186	4848	5186	
5629	5475	5062	5475	
5987	5820	5322	5820	
6301	6129	5546	6129	
7245	6983	6117	6983	
6853	6588	5844	6588	
6609	6356	5695	6356	
6353	6112	5520	6112	
6030	5807	5303	5807	
5751	5552	5119	5552	
5503	5316	4944	5316	
5287	5120	4808	5120	
5090	4938	4676	4938	
4914	4785	4569	4785	
4775	4660	4492	4660	
4661	4579	4446	4579	
4563	4497	4397	4497	
4480	4429	4353	4429	
4393	4359	4302	4359	
4323	4294	4254	4294	
4266	4246	4220	4246	
4216	4200	4181	4200	
4177	4166	4155	4166	
4165	4154	4144	4154	
4167	4145	4120	4145	
4177	4150	4115	4150	
4232	4189	4123	4189	
4324	4264	4175	4264	
4454	4382	4256	4382	
4603	4515	4353	4515	
4781	4683	4475	4683	
4981	4872	4612	4872	
5226	5103	4786	5103	
5529	5385	5000	5385	
5871	5717	5256	5717	
6157	5986	5464	5986	
7199	6943	6095	6943	
6829	6569	5829	6569	
6550	6304	5652	6304	
6281	6050	5481	6050	
5956	5741	5250	5741	
5687	5492	5081	5492	
5439	5262	4908	5262	
5230	5067	4768	5067	
5032	4895	4646	4895	
4870	4747	4545	4747	
4728	4629	4472	4629	
4620	4543	4418	4543	
4524	4461	4378	4461	
4433	4393	4332	4393	
4351	4325	4285	4325	
4271	4253	4234	4253	
4209	4198	4190	4198	
4160	4157	4154	4157	
4120	4121	4127	4121	
4117	4115	4118	4115	
4122	4117	4107	4117	
4143	4126	4103	4126	
4186	4149	4098	4149	
4290	4237	4148	4237	
4433	4372	4237	4372	
4581	4505	4332	4505	
4735	4643	4434	4643	
4923	4822	4577	4822	
5152	5041	4737	5041	
5444	5314	4947	5314	
5783	5640	5194	5640	
6049	5899	5393	5899	
7151	6890	6056	6890	
6800	6542	5821	6542	
6541	6300	5648	6300	
6249	6018	5456	6018	
5921	5708	5225	5708	
5651	5454	5051	5454	
5415	5234	4884	5234	
5206	5043	4751	5043	
5009	4868	4631	4868	
4849	4724	4525	4724	
4716	4614	4463	4614	
4604	4521	4403	4521	
4499	4436	4355	4436	
4407	4365	4312	4365	
4326	4299	4269	4299	
4242	4229	4216	4229	
4167	4159	4159	4159	
4118	4116	4121	4116	
4096	4096	4107	4096	
4099	4098	4102	4098	
4107	4103	4102	4103	
4129	4116	4096	4116	
4193	4158	4102	4158	
4319	4274	4164	4274	
4474	4411	4255	4411	
4616	4543	4348	4543	
4763	4675	4442	4675	
4909	4808	4552	4808	
5125	5006	4713	5006	
5394	5267	4907	5267	
5714	5576	5147	5576	
5995	5851	5354	5851	
7105	6846	6028	6846	
6771	6518	5789	6518	
6527	6292	5646	6292	
6252	6016	5449	6016	
5920	5703	5218	5703	
5641	5444	5041	5444	
5398	5225	4875	5225	
5186	5028	4735	5028	
4998	4858	4615	4858	
4837	4711	4521	4711	
4704	4604	4449	4604	
4595	4514	4401	4514	
4493	4431	4353	4431	
4403	4359	4301	4359	
4314	4284	4256	4284	
4234	4222	4201	4222	
4165	4154	4153	4154	
4115	4107	4116	4107	
4105	4100	4111	4100	
4101	4103	4111	4103	
4116	4108	4106	4108	
4137	4122	4099	4122	
4230	4197	4124	4197	
4361	4313	4185	4313	
4513	4450	4287	4450	
4654	4574	4374	4574	
4796	4707	4460	4707	
4947	4841	4559	4841	
5130	5004	4710	5004	
5373	5246	4885	5246	
5707	5565	5140	5565	
5988	5831	5338	5831	
7107	6850	6023	6850	
6753	6505	5774	6505	
6525	6287	5633	6287	
6252	6022	5457	6022	
5920	5715	5229	5715	
5645	5449	5041	5449	
5403	5229	4881	5229	
5202	5038	4746	5038	
5001	4861	4623	4861	
4838	4718	4525	4718	
4707	4607	4453	4607	
4593	4515	4395	4515	
4487	4425	4344	4425	
4404	4361	4304	4361	
4320	4291	4262	4291	
4249	4232	4219	4232	
4181	4173	4164	4173	
4135	4126	4133	4126	
4119	4117	4131	4117	
4120	4119	4127	4119	
4127	4120	4115	4120	
4154	4135	4107	4135	
4251	4217	4129	4217	
4389	4340	4210	4340	
4529	4462	4325	4462	
4673	4592	4422	4592	
4826	4732	4477	4732	
4964	4864	4575	4864	
5127	5007	4708	5007	
5390	5257	4903	5257	
5719	5572	5140	5572	
5988	5834	5342	5834	
7155	6905	6063	6905	
6794	6547	5806	6547	
6529	6291	5641	6291	
6271	6042	5464	6042	
5950	5746	5251	5746	
5663	5473	5058	5473	
5422	5253	4905	5253	
5218	5059	4763	5059	
5021	4881	4636	4881	
4857	4736	4537	4736	
4724	4616	4461	4616	
4613	4524	4402	4524	
4508	4444	4357	4444	
4412	4373	4316	4373	
4348	4322	4290	4322	
4283	4264	4248	4264	
4210	4198	4189	4198	
4165	4157	4152	4157	
4146	4142	4139	4142	
4144	4140	4139	4140	
4161	4151	4138	4151	
4180	4160	4127	4160	
4270	4233	4143	4233	
4404	4354	4213	4354	
4555	4486	4320	4486	
4701	4620	4419	4620	
4854	4755	4500	4755	
5004	4895	4605	4895	
5160	5041	4734	5041	
5423	5294	4927	5294	
5750	5598	5165	5598	
6023	5863	5357	5863	
7206	6975	6115	6975	
6853	6609	5856	6609	
6550	6314	5658	6314	
6318	6100	5516	6100	
6008	5799	5291	5799	
5713	5524	5099	5524	
5466	5295	4936	5295	
5255	5103	4793	5103	
5065	4921	4661	4921	
4895	4773	4558	4773	
4751	4646	4471	4646	
4648	4559	4418	4559	
4549	4483	4380	4483	
4463	4413	4345	4413	
4397	4361	4318	4361	
4322	4306	4282	4306	
4266	4250	4240	4250	
4214	4200	4192	4200	
4196	4184	4177	4184	
4193	4180	4165	4180	
4195	4179	4157	4179	
4212	4180	4139	4180	
4284	4241	4155	4241	
4423	4368	4223	4368	
4587	4515	4328	4515	
4727	4639	4422	4639	
4877	4783	4518	4783	
5028	4915	4628	4915	
5214	5094	4776	5094	
5491	5351	4978	5351	
5806	5657	5207	5657	
6081	5920	5405	5920	
7305	7059	6164	7059	
6935	6683	5907	6683	
6598	6361	5684	6361	
6371	6145	5543	6145	
6082	5867	5339	5867	
5795	5592	5141	5592	
5537	5353	4970	5353	
5319	5153	4828	5153	
5128	4976	4699	4976	
4953	4822	4587	4822	
4804	4692	4499	4692	
4692	4594	4437	4594	
4593	4512	4387	4512	
4523	4455	4360	4455	
4450	4408	4338	4408	
4389	4350	4306	4350	
4335	4305	4266	4305	
4292	4261	4222	4261	
4262	4232	4193	4232	
4261	4232	4193	4232	
4263	4229	4177	4229	
4269	4227	4162	4227	
4325	4272	4176	4272	
4446	4377	4236	4377	
4598	4520	4333	4520	
4752	4659	4435	4659	
4907	4797	4542	4797	
5081	4956	4670	4956	
5303	5169	4832	5169	
5585	5437	5033	5437	
5887	5731	5262	5731	
6174	6008	5472	6008	
7422	7184	6268	7184	
7025	6778	5978	6778	
6686	6452	5744	6452	
6452	6222	5588	6222	
6162	5946	5395	5946	
5875	5677	5196	5677	
5619	5434	5024	5434	
5405	5230	4880	5230	
5211	5048	4742	5048	
5031	4887	4630	4887	
4879	4755	4537	4755	
4756	4649	4468	4649	
4654	4564	4410	4564	
4584	4505	4386	4505	
4515	4458	4360	4458	
4458	4401	4325	4401	
4404	4356	4289	4356	
4366	4320	4257	4320	
4366	4321	4240	4321	
4340	4289	4222	4289	
4327	4283	4206	4283	
4362	4300	4207	4300	
4447	4380	4241	4380	
4560	4478	4304	4478	
4678	4583	4381	4583	
4802	4700	4475	4700	
4961	4844	4583	4844	
5157	5033	4729	5033	
5407	5270	4912	5270	
5680	5536	5102	5536	
5992	5827	5340	5827	
6313	6144	5569	6144	
7594	7346	6392	7346	
7144	6895	6056	6895	
6828	6586	5828	6586	
6549	6318	5648	6318	
6252	6045	5463	6045	
5987	5784	5276	5784	
5717	5531	5095	5531	
5502	5331	4950	5331	
5308	5145	4820	5145	
5124	4981	4704	4981	
4974	4844	4603	4844	
4842	4728	4518	4728	
4735	4627	4442	4627	
4650	4558	4405	4558	
4584	4505	4377	4505	
4519	4454	4347	4454	
4476	4421	4326	4421	
4441	4392	4301	4392	
4410	4360	4270	4360	
4405	4348	4257	4348	
4420	4363	4250	4363	
4511	4437	4287	4437	
4632	4551	4349	4551	
4751	4659	4426	4659	
4863	4762	4500	4762	
4965	4854	4574	4854	
5086	4965	4675	4965	
5278	5145	4815	5145	
5533	5392	5004	5392	
5807	5650	5200	5650	
6138	5967	5438	5967	
6497	6318	5707	6318	
7860	7606	6589	7606	
7337	7083	6210	7083	
6917	6666	5903	6666	
6599	6370	5694	6370	
6362	6145	5529	6145	
6110	5902	5361	5902	
5857	5658	5184	5658	
5635	5450	5039	5450	
5428	5261	4893	5261	
5257	5096	4776	5096	
5087	4947	4670	4947	
4958	4829	4589	4829	
4848	4727	4513	4727	
4748	4643	4453	4643	
4670	4574	4409	4574	
4611	4527	4379	4527	
4567	4494	4365	4494	
4533	4469	4348	4469	
4533	4466	4347	4466	
4525	4460	4334	4460	
4558	4482	4334	4482	
4680	4593	4385	4593	
4805	4702	4464	4702	
4934	4824	4558	4824	
5053	4935	4635	4935	
5149	5026	4697	5026	
5249	5114	4775	5114	
5426	5285	4917	5285	
5675	5521	5095	5521	
5955	5782	5299	5782	
6333	6149	5575	6149	
6714	6520	5876	6520	
8303	8033	6913	8033	
7609	7356	6407	7356	
7101	6851	6035	6851	
6751	6512	5791	6512	
6478	6252	5607	6252	
6253	6036	5457	6036	
6001	5804	5286	5804	
5776	5587	5130	5587	
5573	5399	4990	5399	
5395	5228	4875	5228	
5241	5089	4770	5089	
5104	4964	4678	4964	
4980	4847	4596	4847	
4873	4757	4528	4757	
4799	4692	4481	4692	
4736	4641	4450	4641	
4704	4612	4441	4612	
4673	4597	4429	4597	
4680	4601	4441	4601	
4677	4593	4427	4593	
4717	4624	4427	4624	
4839	4730	4478	4730	
4970	4854	4568	4854	
5091	4968	4725	4968	
5223	5092	4751	5092	
5326	5187	4814	5187	
5430	5284	4900	5284	
5607	5451	5040	5451	
5859	5691	5219	5691	
6146	5963	5424	5963	
6565	6360	5743	6360	
6951	6735	6032	6735	
8838	8568	7325	8568	
7933	7661	6640	7661	
7291	7040	6173	7040	
6949	6699	5926	6699	
6640	6414	5715	6414	
6391	6169	5537	6169	
6164	5951	5391	5951	
5946	5745	5241	5745	
5727	5547	5096	5547	
5561	5381	4981	5381	
5398	5231	4868	5231	
5252	5103	4772	5103	
5130	4988	4691	4988	
5028	4895	4620	4895	
4946	4820	4565	4820	
4896	4780	4542	4780	
4865	4754	4533	4754	
4845	4745	4538	4745	
4837	4744	4536	4744	
4848	4748	4533	4748	
4884	4769	4536	4769	
4995	4873	4581	4873	
5129	5001	4666	5001	
5255	5117	4755	5117	
5377	5238	4837	5238	
5494	5342	4921	5342	
5617	5456	5028	5456	
5791	5630	5172	5630	
6048	5865	5346	5865	
6363	6170	5579	6170	
6798	6590	5913	6590	
7243	7028	6254	7028	
9782	9481	8047	9481	
8538	8263	7120	8263	
7653	7393	6436	7393	
7278	7037	6151	7037	
6944	6719	5906	6719	
6629	6406	5694	6406	
6357	6138	5518	6138	
6126	5930	5372	5930	
5927	5740	5242	5740	
5748	5573	5121	5573	
5587	5418	5000	5418	
5443	5284	4907	5284	
5308	5162	4819	5162	
5209	5071	4749	5071	
5124	4989	4685	4989	
5059	4931	4642	4931	
5025	4905	4639	4905	
5005	4899	4638	4899	
5006	4899	4643	4899	
5020	4914	4645	4914	
5051	4927	4644	4927	
5130	4999	4684	4999	
5262	5130	4762	5130	
5394	5253	4855	5253	
5527	5378	4944	5378	
5654	5494	5051	5494	
5798	5633	5163	5633	
5991	5821	5304	5821	
6274	6079	5500	6079	
6639	6438	5789	6438	
7098	6877	6141	6877	
7625	7398	6554	7398	
10640	10373	8820	10373	
9422	9153	7829	9153	
8204	7934	6838	7934	
7626	7386	6407	7386	
7321	7087	6181	7087	
6949	6728	5908	6728	
6569	6366	5667	6366	
6316	6123	5511	6123	
6129	5947	5386	5947	
5965	5778	5265	5778	
5788	5622	5146	5622	
5639	5482	5045	5482	
5513	5359	4956	5359	
5410	5268	4889	5268	
5320	5180	4826	5180	
5270	5129	4778	5129	
5228	5099	4759	5099	
5207	5087	4759	5087	
5205	5087	4759	5087	
5216	5098	4763	5098	
5254	5125	4783	5125	
5309	5171	4806	5171	
5417	5275	4890	5275	
5551	5405	4983	5405	
5679	5531	5079	5531	
5823	5667	5189	5667	
6009	5838	5316	5838	
6249	6071	5485	6071	
6577	6382	5732	6382	
6965	6756	6029	6756	
7496	7271	6449	7271	
8003	7762	6830	7762	
10873	10609	8934	10609	
9932	9663	8184	9663	
8990	8716	7434	8716	
8049	7770	6684	7770	
7562	7321	6545	7321	
7224	6991	6081	6991	
6807	6589	5810	6589	
6471	6272	5605	6272	
6296	6106	5491	6106	
6146	5951	5380	5951	
5979	5793	5261	5793	
5831	5664	5161	5664	
5701	5537	5071	5537	
5592	5438	5007	5438	
5506	5354	4939	5354	
5460	5307	4895	5307	
5405	5258	4866	5258	
5387	5245	4847	5245	
5400	5250	4864	5250	
5411	5270	4879	5270	
5467	5315	4903	5315	
5532	5369	4948	5369	
5613	5464	5018	5464	
5730	5569	5092	5569	
5859	5691	5191	5691	
6011	5841	5296	5841	
6238	6053	5459	6053	
6492	6304	5646	6304	
6850	6647	5925	6647	
7269	7044	6252	7044	
7817	7569	6672	7569	
8656	8353	7274	8353	
                                                                                                                                                                                                                                                                                                                                                                                                                                                                                                                                                                                                                                                                                                                                                                                                                                                                                                                                                                                                                                                                                                                                                                                                                                                                                                                                                                                                                                                                                                                                                                                                                                                                                                                                                                                                                                                                                                                                                                                                                                                                                                                                                                                                                                                                                                                                                                                                                                                                                                                                                                                                                                                                                                                                                                                                                                                                                                                                                                                                                                                                                                                                                                                                                                                                                                                        