1144	1144	1144	1144	
4779	4615	4269	4615	
4732	4563	4249	4563	
4665	4502	4227	4502	
4630	4458	4223	4458	
4587	4430	4218	4430	
4564	4400	4213	4400	
4522	4371	4185	4371	
4488	4349	4180	4349	
4438	4319	4163	4319	
4407	4298	4154	4298	
4368	4273	4149	4273	
4337	4250	4148	4250	
4298	4221	4136	4221	
4266	4196	4135	4196	
4244	4181	4126	4181	
4211	4162	4117	4162	
4187	4142	4114	4142	
4166	4129	4105	4129	
4152	4120	4105	4120	
4146	4109	4102	4109	
4130	4108	4100	4108	
4119	4104	4100	4104	
4122	4096	4096	4096	
4125	4103	4106	4103	
4131	4106	4099	4106	
4141	4109	4107	4109	
4159	4116	4117	4116	
4185	4129	4104	4129	
4206	4136	4117	4136	
4225	4148	4112	4148	
4247	4166	4122	4166	
4275	4181	4125	4181	
4305	4199	4122	4199	
4345	4217	4139	4217	
4371	4244	4144	4244	
4389	4255	4139	4255	
4434	4274	4145	4274	
4458	4294	4146	4294	
4490	4311	4149	4311	
4501	4312	4147	4312	
4523	4329	4145	4329	
4554	4344	4149	4344	
4584	4362	4149	4362	
4567	4362	4124	4362	
4772	4610	4279	4610	
4734	4570	4253	4570	
4677	4511	4220	4511	
4635	4473	4216	4473	
4600	4444	4215	4444	
4572	4418	4213	4418	
4538	4384	4202	4384	
4496	4364	4189	4364	
4456	4334	4174	4334	
4412	4312	4158	4312	
4375	4287	4152	4287	
4343	4263	4144	4263	
4307	4232	4136	4232	
4276	4213	4133	4213	
4250	4190	4127	4190	
4219	4172	4128	4172	
4187	4154	4118	4154	
4167	4139	4112	4139	
4152	4131	4108	4131	
4141	4124	4106	4124	
4131	4119	4110	4119	
4124	4112	4103	4112	
4127	4111	4103	4111	
4129	4115	4106	4115	
4132	4117	4103	4117	
4149	4124	4105	4124	
4163	4128	4108	4128	
4187	4141	4112	4141	
4208	4146	4111	4146	
4226	4159	4117	4159	
4259	4178	4121	4178	
4285	4191	4123	4191	
4316	4213	4136	4213	
4353	4232	4141	4232	
4377	4248	4141	4248	
4406	4270	4143	4270	
4439	4288	4146	4288	
4472	4307	4147	4307	
4500	4322	4146	4322	
4522	4334	4142	4334	
4540	4348	4146	4348	
4569	4369	4148	4369	
4599	4381	4147	4381	
4570	4377	4110	4377	
4778	4605	4281	4605	
4731	4565	4254	4565	
4673	4511	4229	4511	
4636	4479	4222	4479	
4600	4455	4212	4455	
4576	4427	4218	4427	
4545	4399	4213	4399	
4501	4368	4202	4368	
4460	4340	4191	4340	
4422	4314	4167	4314	
4378	4290	4154	4290	
4343	4265	4138	4265	
4314	4240	4133	4240	
4276	4216	4134	4216	
4247	4197	4130	4197	
4221	4178	4131	4178	
4183	4157	4122	4157	
4163	4141	4118	4141	
4146	4129	4107	4129	
4133	4121	4106	4121	
4127	4117	4105	4117	
4123	4115	4103	4115	
4113	4111	4102	4111	
4124	4115	4102	4115	
4129	4117	4109	4117	
4142	4126	4112	4126	
4158	4133	4116	4133	
4178	4142	4117	4142	
4205	4151	4114	4151	
4224	4163	4120	4163	
4251	4183	4128	4183	
4276	4196	4128	4196	
4314	4217	4135	4217	
4350	4235	4143	4235	
4376	4255	4143	4255	
4402	4272	4149	4272	
4444	4293	4151	4293	
4469	4314	4149	4314	
4506	4332	4153	4332	
4521	4345	4147	4345	
4552	4358	4145	4358	
4571	4374	4150	4374	
4596	4391	4152	4391	
4577	4390	4111	4390	
4787	4602	4295	4602	
4739	4563	4264	4563	
4684	4519	4240	4519	
4649	4491	4232	4491	
4611	4464	4222	4464	
4578	4436	4221	4436	
4551	4406	4214	4406	
4508	4379	4204	4379	
4471	4343	4193	4343	
4432	4319	4179	4319	
4388	4290	4159	4290	
4340	4267	4144	4267	
4302	4242	4139	4242	
4269	4219	4129	4219	
4239	4199	4129	4199	
4206	4180	4126	4180	
4181	4160	4119	4160	
4161	4142	4120	4142	
4142	4129	4113	4129	
4127	4122	4113	4122	
4114	4115	4109	4115	
4108	4108	4101	4108	
4110	4111	4105	4111	
4116	4113	4109	4113	
4123	4120	4114	4120	
4142	4130	4119	4130	
4156	4137	4126	4137	
4176	4147	4124	4147	
4204	4159	4127	4159	
4226	4171	4127	4171	
4252	4185	4132	4185	
4279	4203	4139	4203	
4319	4227	4143	4227	
4348	4240	4149	4240	
4383	4259	4152	4259	
4414	4277	4155	4277	
4451	4302	4163	4302	
4477	4321	4161	4321	
4512	4340	4158	4340	
4535	4351	4157	4351	
4567	4367	4156	4367	
4578	4379	4151	4379	
4606	4399	4158	4399	
4582	4398	4105	4398	
4789	4609	4310	4609	
4749	4575	4277	4575	
4691	4529	4247	4529	
4654	4498	4244	4498	
4616	4471	4233	4471	
4596	4448	4233	4448	
4553	4416	4218	4416	
4511	4380	4203	4380	
4474	4351	4205	4351	
4434	4325	4194	4325	
4393	4293	4174	4293	
4354	4267	4157	4267	
4304	4235	4134	4235	
4271	4218	4129	4218	
4233	4199	4125	4199	
4209	4181	4123	4181	
4177	4160	4116	4160	
4163	4147	4120	4147	
4136	4134	4114	4134	
4123	4121	4114	4121	
4107	4115	4106	4115	
4100	4108	4102	4108	
4102	4107	4104	4107	
4110	4111	4110	4111	
4119	4123	4112	4123	
4141	4134	4126	4134	
4155	4142	4130	4142	
4179	4151	4132	4151	
4203	4164	4132	4164	
4228	4178	4138	4178	
4254	4195	4141	4195	
4285	4208	4141	4208	
4316	4232	4150	4232	
4351	4244	4153	4244	
4382	4262	4154	4262	
4417	4284	4161	4284	
4457	4307	4170	4307	
4489	4326	4166	4326	
4517	4347	4171	4347	
4543	4362	4158	4362	
4572	4376	4165	4376	
4604	4403	4166	4403	
4614	4415	4166	4415	
4587	4404	4111	4404	
4798	4613	4319	4613	
4764	4580	4297	4580	
4702	4537	4256	4537	
4663	4506	4253	4506	
4630	4482	4238	4482	
4600	4452	4231	4452	
4550	4413	4220	4413	
4516	4390	4211	4390	
4479	4360	4202	4360	
4441	4331	4197	4331	
4396	4299	4185	4299	
4357	4273	4170	4273	
4306	4242	4140	4242	
4271	4222	4134	4222	
4229	4201	4129	4201	
4207	4181	4124	4181	
4185	4163	4118	4163	
4161	4151	4123	4151	
4133	4133	4116	4133	
4114	4123	4115	4123	
4105	4118	4110	4118	
4103	4109	4108	4109	
4098	4107	4104	4107	
4107	4112	4110	4112	
4124	4124	4116	4124	
4141	4135	4123	4135	
4158	4148	4132	4148	
4178	4163	4144	4163	
4211	4175	4147	4175	
4226	4186	4144	4186	
4266	4206	4151	4206	
4289	4222	4154	4222	
4326	4238	4160	4238	
4361	4255	4170	4255	
4395	4276	4162	4276	
4431	4295	4166	4295	
4465	4317	4179	4317	
4493	4334	4167	4334	
4527	4357	4174	4357	
4551	4371	4174	4371	
4582	4391	4172	4391	
4600	4402	4165	4402	
4621	4420	4168	4420	
4591	4416	4117	4416	
4802	4626	4323	4626	
4797	4622	4336	4622	
4736	4569	4303	4569	
4683	4516	4260	4516	
4643	4488	4250	4488	
4610	4458	4237	4458	
4564	4423	4230	4423	
4524	4394	4220	4394	
4480	4363	4212	4363	
4444	4338	4200	4338	
4397	4309	4184	4309	
4357	4279	4174	4279	
4313	4249	4153	4249	
4281	4227	4143	4227	
4233	4204	4129	4204	
4204	4187	4124	4187	
4189	4167	4119	4167	
4158	4154	4120	4154	
4137	4135	4115	4135	
4119	4124	4112	4124	
4107	4111	4102	4111	
4097	4112	4104	4112	
4096	4110	4108	4110	
4110	4115	4108	4115	
4124	4128	4118	4128	
4143	4140	4132	4140	
4164	4151	4140	4151	
4188	4168	4149	4168	
4214	4181	4150	4181	
4240	4197	4159	4197	
4270	4217	4161	4217	
4298	4229	4165	4229	
4332	4248	4163	4248	
4369	4265	4169	4265	
4401	4280	4173	4280	
4434	4298	4173	4298	
4475	4324	4185	4324	
4502	4340	4180	4340	
4540	4362	4178	4362	
4568	4380	4185	4380	
4595	4396	4177	4396	
4618	4416	4175	4416	
4634	4435	4180	4435	
4601	4430	4127	4430	
4817	4631	4336	4631	
4785	4604	4316	4604	
4752	4577	4311	4577	
4701	4534	4276	4534	
4655	4503	4265	4503	
4618	4468	4249	4468	
4578	4434	4235	4434	
4536	4405	4225	4405	
4496	4370	4218	4370	
4446	4347	4205	4347	
4410	4313	4196	4313	
4359	4286	4179	4286	
4323	4257	4167	4257	
4292	4233	4155	4233	
4252	4212	4144	4212	
4218	4190	4134	4190	
4187	4174	4123	4174	
4165	4159	4120	4159	
4137	4142	4113	4142	
4119	4127	4107	4127	
4105	4117	4105	4117	
4102	4111	4106	4111	
4104	4115	4111	4115	
4110	4120	4112	4120	
4127	4132	4122	4132	
4149	4146	4135	4146	
4178	4161	4147	4161	
4198	4178	4155	4178	
4217	4192	4163	4192	
4247	4206	4162	4206	
4275	4223	4170	4223	
4304	4240	4172	4240	
4343	4254	4173	4254	
4379	4274	4175	4274	
4407	4297	4183	4297	
4450	4310	4181	4310	
4489	4336	4189	4336	
4520	4351	4189	4351	
4551	4373	4190	4373	
4581	4389	4187	4389	
4601	4407	4187	4407	
4625	4420	4180	4420	
4653	4442	4189	4442	
4619	4438	4139	4438	
4827	4642	4346	4642	
4788	4605	4317	4605	
4743	4565	4288	4565	
4711	4540	4287	4540	
4663	4506	4266	4506	
4630	4482	4262	4482	
4588	4446	4243	4446	
4540	4413	4228	4413	
4499	4379	4222	4379	
4457	4350	4209	4350	
4417	4322	4193	4322	
4366	4293	4190	4293	
4327	4265	4175	4265	
4294	4245	4171	4245	
4263	4217	4159	4217	
4231	4202	4146	4202	
4202	4184	4135	4184	
4174	4163	4124	4163	
4150	4147	4113	4147	
4128	4134	4113	4134	
4111	4125	4105	4125	
4109	4119	4110	4119	
4111	4122	4111	4122	
4121	4129	4123	4129	
4132	4140	4132	4140	
4154	4156	4143	4156	
4185	4171	4158	4171	
4209	4184	4162	4184	
4230	4204	4167	4204	
4261	4221	4182	4221	
4291	4238	4180	4238	
4319	4250	4179	4250	
4354	4266	4181	4266	
4393	4282	4182	4282	
4424	4301	4184	4301	
4456	4323	4193	4323	
4500	4345	4199	4345	
4532	4367	4202	4367	
4567	4384	4206	4384	
4592	4400	4197	4400	
4616	4416	4198	4416	
4643	4431	4192	4431	
4672	4454	4201	4454	
4638	4449	4154	4449	
4844	4655	4346	4655	
4808	4619	4326	4619	
4763	4578	4305	4578	
4728	4550	4291	4550	
4688	4523	4286	4523	
4644	4498	4274	4498	
4599	4457	4256	4457	
4565	4430	4245	4430	
4518	4397	4232	4397	
4470	4363	4215	4363	
4427	4332	4206	4332	
4383	4301	4190	4301	
4337	4276	4183	4276	
4311	4259	4183	4259	
4277	4233	4172	4233	
4245	4210	4156	4210	
4216	4192	4143	4192	
4188	4174	4136	4174	
4162	4160	4121	4160	
4141	4149	4117	4149	
4127	4139	4116	4139	
4123	4133	4116	4133	
4131	4134	4122	4134	
4138	4141	4133	4141	
4153	4154	4141	4154	
4178	4167	4159	4167	
4196	4184	4170	4184	
4227	4201	4176	4201	
4253	4218	4186	4218	
4274	4232	4184	4232	
4302	4249	4191	4249	
4335	4258	4190	4258	
4368	4278	4193	4278	
4403	4295	4195	4295	
4437	4316	4191	4316	
4472	4336	4197	4336	
4514	4362	4206	4362	
4557	4379	4209	4379	
4585	4397	4206	4397	
4604	4415	4207	4415	
4638	4431	4206	4431	
4661	4440	4203	4440	
4689	4469	4207	4469	
4660	4465	4166	4465	
4872	4669	4363	4669	
4827	4636	4333	4636	
4781	4592	4313	4592	
4748	4563	4299	4563	
4703	4535	4290	4535	
4666	4509	4280	4509	
4620	4469	4257	4469	
4576	4439	4249	4439	
4538	4408	4239	4408	
4491	4377	4232	4377	
4451	4345	4214	4345	
4400	4315	4205	4315	
4354	4291	4195	4291	
4331	4272	4190	4272	
4291	4251	4178	4251	
4268	4224	4170	4224	
4230	4206	4157	4206	
4205	4191	4147	4191	
4176	4175	4136	4175	
4157	4163	4129	4163	
4148	4153	4123	4153	
4148	4150	4128	4150	
4148	4150	4129	4150	
4157	4159	4140	4159	
4177	4168	4153	4168	
4191	4183	4169	4183	
4214	4198	4182	4198	
4239	4213	4184	4213	
4267	4230	4191	4230	
4292	4247	4190	4247	
4324	4261	4195	4261	
4347	4274	4194	4274	
4386	4286	4191	4286	
4420	4308	4199	4308	
4449	4327	4203	4327	
4486	4348	4209	4348	
4528	4373	4216	4373	
4564	4393	4217	4393	
4595	4410	4215	4410	
4619	4424	4215	4424	
4643	4439	4215	4439	
4680	4458	4212	4458	
4707	4481	4220	4481	
4673	4477	4171	4477	
4888	4689	4377	4689	
4845	4651	4342	4651	
4800	4606	4319	4606	
4761	4579	4312	4579	
4720	4553	4300	4553	
4682	4521	4290	4521	
4636	4484	4274	4484	
4587	4455	4260	4455	
4549	4421	4248	4421	
4507	4394	4238	4394	
4456	4364	4227	4364	
4411	4332	4210	4332	
4379	4305	4202	4305	
4351	4286	4199	4286	
4313	4265	4193	4265	
4286	4245	4177	4245	
4252	4224	4166	4224	
4227	4205	4160	4205	
4202	4191	4147	4191	
4186	4177	4141	4177	
4164	4169	4136	4169	
4166	4169	4137	4169	
4169	4167	4142	4167	
4179	4178	4149	4178	
4201	4187	4162	4187	
4214	4196	4169	4196	
4238	4213	4188	4213	
4262	4227	4193	4227	
4285	4241	4198	4241	
4310	4260	4203	4260	
4339	4276	4206	4276	
4360	4286	4203	4286	
4402	4301	4206	4301	
4440	4322	4211	4322	
4469	4342	4210	4342	
4502	4364	4218	4364	
4541	4386	4219	4386	
4576	4408	4221	4408	
4607	4423	4220	4423	
4630	4439	4221	4439	
4662	4454	4221	4454	
4698	4472	4223	4472	
4725	4497	4232	4497	
4684	4492	4174	4492	
4914	4713	4395	4713	
4870	4673	4360	4673	
4814	4623	4336	4623	
4781	4595	4319	4595	
4748	4566	4309	4566	
4696	4529	4297	4529	
4661	4500	4286	4500	
4608	4467	4266	4467	
4569	4437	4261	4437	
4526	4409	4251	4409	
4482	4377	4236	4377	
4439	4350	4223	4350	
4402	4325	4214	4325	
4367	4306	4213	4306	
4335	4284	4197	4284	
4299	4260	4190	4260	
4273	4243	4179	4243	
4252	4224	4168	4224	
4232	4210	4159	4210	
4207	4200	4154	4200	
4193	4191	4150	4191	
4193	4190	4152	4190	
4196	4191	4152	4191	
4206	4197	4159	4197	
4217	4203	4172	4203	
4237	4211	4178	4211	
4257	4224	4191	4224	
4280	4238	4201	4238	
4302	4254	4205	4254	
4325	4268	4207	4268	
4361	4284	4211	4284	
4383	4299	4207	4299	
4415	4319	4210	4319	
4459	4341	4217	4341	
4479	4356	4219	4356	
4518	4375	4219	4375	
4568	4403	4228	4403	
4594	4416	4226	4416	
4621	4436	4230	4436	
4653	4450	4228	4450	
4687	4470	4233	4470	
4715	4491	4236	4491	
4740	4512	4236	4512	
4707	4506	4186	4506	
4942	4740	4410	4740	
4902	4696	4378	4696	
4833	4641	4346	4641	
4800	4611	4332	4611	
4768	4576	4312	4576	
4723	4547	4302	4547	
4682	4514	4291	4514	
4636	4487	4281	4487	
4594	4455	4268	4455	
4550	4428	4260	4428	
4509	4399	4251	4399	
4466	4372	4234	4372	
4432	4344	4227	4344	
4396	4325	4223	4325	
4356	4302	4211	4302	
4324	4281	4201	4281	
4298	4261	4191	4261	
4279	4247	4183	4247	
4258	4234	4175	4234	
4240	4223	4179	4223	
4228	4213	4169	4213	
4223	4209	4166	4209	
4220	4208	4169	4208	
4228	4216	4170	4216	
4245	4226	4179	4226	
4257	4229	4185	4229	
4280	4242	4195	4242	
4303	4254	4205	4254	
4323	4268	4208	4268	
4349	4286	4214	4286	
4373	4300	4215	4300	
4405	4319	4216	4319	
4439	4336	4225	4336	
4478	4352	4228	4352	
4500	4371	4224	4371	
4544	4390	4229	4390	
4580	4411	4236	4411	
4607	4431	4237	4431	
4634	4449	4234	4449	
4663	4463	4233	4463	
4695	4485	4234	4485	
4731	4503	4240	4503	
4761	4525	4249	4525	
4726	4521	4197	4521	
4990	4769	4425	4769	
4927	4726	4396	4726	
4862	4660	4358	4660	
4828	4626	4339	4626	
4782	4591	4319	4591	
4737	4560	4313	4560	
4697	4532	4307	4532	
4663	4505	4288	4505	
4623	4473	4283	4473	
4572	4450	4270	4450	
4534	4420	4255	4420	
4499	4394	4249	4394	
4449	4364	4234	4364	
4420	4343	4229	4343	
4387	4325	4224	4325	
4350	4303	4211	4303	
4321	4282	4205	4282	
4304	4267	4203	4267	
4281	4255	4191	4255	
4274	4247	4185	4247	
4256	4238	4181	4238	
4250	4231	4183	4231	
4255	4230	4176	4230	
4262	4239	4182	4239	
4278	4244	4185	4244	
4282	4256	4191	4256	
4306	4260	4202	4260	
4327	4274	4208	4274	
4345	4285	4218	4285	
4371	4300	4224	4300	
4397	4319	4224	4319	
4431	4334	4223	4334	
4457	4354	4223	4354	
4490	4371	4235	4371	
4532	4396	4240	4396	
4552	4404	4233	4404	
4599	4430	4241	4430	
4617	4446	4243	4446	
4650	4468	4244	4468	
4688	4481	4246	4481	
4714	4503	4242	4503	
4749	4522	4246	4522	
4767	4547	4259	4547	
4742	4538	4211	4538	
5028	4810	4473	4810	
4978	4755	4422	4755	
4898	4681	4372	4681	
4842	4640	4350	4640	
4792	4602	4333	4602	
4757	4576	4316	4576	
4727	4549	4315	4549	
4691	4522	4301	4522	
4643	4496	4291	4496	
4599	4470	4282	4470	
4560	4438	4276	4438	
4517	4416	4259	4416	
4474	4382	4247	4382	
4449	4364	4238	4364	
4415	4346	4232	4346	
4384	4322	4225	4322	
4353	4302	4214	4302	
4332	4291	4207	4291	
4315	4279	4198	4279	
4301	4268	4199	4268	
4295	4260	4195	4260	
4284	4253	4184	4253	
4282	4253	4189	4253	
4290	4255	4191	4255	
4299	4266	4195	4266	
4313	4275	4197	4275	
4332	4284	4211	4284	
4354	4298	4220	4298	
4377	4307	4219	4307	
4390	4319	4226	4319	
4419	4338	4229	4338	
4447	4352	4231	4352	
4479	4371	4236	4371	
4512	4391	4241	4391	
4543	4405	4241	4405	
4574	4422	4245	4422	
4608	4444	4249	4444	
4637	4464	4248	4464	
4671	4481	4252	4481	
4696	4496	4249	4496	
4735	4516	4254	4516	
4767	4537	4256	4537	
4796	4565	4262	4565	
4757	4550	4214	4550	
5081	4848	4494	4848	
5014	4790	4449	4790	
4931	4711	4390	4711	
4868	4654	4359	4654	
4820	4624	4338	4624	
4777	4590	4324	4590	
4747	4564	4316	4564	
4708	4545	4312	4545	
4670	4515	4302	4515	
4630	4490	4297	4490	
4583	4462	4282	4462	
4550	4434	4265	4434	
4502	4404	4254	4404	
4478	4385	4257	4385	
4452	4366	4246	4366	
4407	4344	4235	4344	
4382	4323	4225	4323	
4366	4315	4225	4315	
4346	4302	4217	4302	
4338	4291	4216	4291	
4325	4286	4211	4286	
4323	4279	4204	4279	
4320	4277	4202	4277	
4326	4279	4204	4279	
4332	4283	4204	4283	
4343	4299	4210	4299	
4364	4307	4216	4307	
4384	4321	4220	4321	
4402	4326	4223	4326	
4424	4342	4231	4342	
4451	4358	4238	4358	
4474	4370	4240	4370	
4504	4386	4245	4386	
4542	4406	4254	4406	
4571	4427	4251	4427	
4597	4446	4249	4446	
4635	4465	4256	4465	
4658	4478	4252	4478	
4694	4500	4256	4500	
4724	4513	4256	4513	
4757	4535	4263	4535	
4792	4554	4263	4554	
4813	4579	4277	4579	
4785	4580	4222	4580	
5133	4918	4554	4918	
5061	4841	4483	4841	
4973	4749	4422	4749	
4898	4678	4374	4678	
4838	4645	4351	4645	
4800	4610	4333	4610	
4760	4580	4322	4580	
4723	4554	4318	4554	
4689	4526	4302	4526	
4653	4505	4294	4505	
4618	4485	4289	4485	
4576	4456	4273	4456	
4531	4427	4272	4427	
4510	4411	4261	4411	
4476	4391	4257	4391	
4448	4371	4255	4371	
4422	4356	4249	4356	
4401	4337	4241	4337	
4385	4325	4225	4325	
4368	4316	4225	4316	
4364	4311	4220	4311	
4357	4306	4217	4306	
4347	4301	4211	4301	
4359	4303	4218	4303	
4362	4307	4215	4307	
4376	4320	4221	4320	
4389	4326	4222	4326	
4410	4335	4222	4335	
4434	4344	4228	4344	
4460	4362	4237	4362	
4482	4379	4247	4379	
4502	4390	4244	4390	
4534	4408	4258	4408	
4563	4425	4261	4425	
4593	4452	4260	4452	
4619	4459	4263	4459	
4655	4480	4262	4480	
4682	4498	4265	4498	
4712	4516	4265	4516	
4740	4530	4258	4530	
4771	4551	4267	4551	
4807	4574	4276	4574	
4828	4595	4279	4595	
4802	4592	4232	4592	
5197	4972	4600	4972	
5113	4893	4532	4893	
5021	4794	4458	4794	
4935	4716	4397	4716	
4867	4661	4363	4661	
4832	4632	4349	4632	
4787	4600	4334	4600	
4752	4572	4322	4572	
4712	4547	4318	4547	
4678	4525	4305	4525	
4645	4501	4297	4501	
4610	4477	4288	4477	
4574	4458	4284	4458	
4549	4436	4281	4436	
4509	4419	4268	4419	
4481	4400	4262	4400	
4461	4385	4261	4385	
4436	4367	4253	4367	
4417	4353	4245	4353	
4407	4344	4238	4344	
4397	4339	4237	4339	
4389	4334	4229	4334	
4381	4327	4225	4327	
4393	4332	4230	4332	
4399	4330	4228	4330	
4410	4341	4228	4341	
4420	4347	4234	4347	
4440	4358	4231	4358	
4468	4371	4234	4371	
4492	4387	4243	4387	
4515	4400	4251	4400	
4528	4414	4254	4414	
4567	4431	4263	4431	
4593	4446	4277	4446	
4621	4463	4268	4463	
4647	4482	4266	4482	
4678	4496	4268	4496	
4702	4516	4270	4516	
4736	4534	4272	4534	
4759	4549	4268	4549	
4791	4570	4274	4570	
4825	4587	4282	4587	
4855	4620	4291	4620	
4839	4628	4251	4628	
5266	5039	4631	5039	
5178	4950	4567	4950	
5076	4839	4489	4839	
4980	4756	4421	4756	
4890	4684	4372	4684	
4852	4648	4364	4648	
4817	4617	4341	4617	
4774	4593	4330	4593	
4741	4568	4321	4568	
4706	4545	4315	4545	
4672	4520	4299	4520	
4639	4500	4297	4500	
4608	4483	4290	4483	
4578	4464	4289	4464	
4552	4446	4285	4446	
4527	4430	4281	4430	
4498	4411	4271	4411	
4473	4398	4265	4398	
4459	4385	4258	4385	
4449	4373	4257	4373	
4440	4366	4252	4366	
4432	4360	4249	4360	
4429	4355	4239	4355	
4427	4357	4239	4357	
4436	4357	4237	4357	
4439	4363	4241	4363	
4454	4370	4246	4370	
4478	4381	4240	4381	
4496	4394	4245	4394	
4516	4411	4253	4411	
4546	4425	4260	4425	
4564	4437	4262	4437	
4592	4456	4271	4456	
4620	4470	4277	4470	
4645	4491	4281	4491	
4669	4496	4279	4496	
4703	4517	4280	4517	
4727	4533	4280	4533	
4755	4551	4280	4551	
4786	4568	4279	4568	
4817	4586	4284	4586	
4851	4614	4292	4614	
4887	4649	4306	4649	
4879	4663	4274	4663	
5348	5133	4707	5133	
5247	5018	4614	5018	
5134	4899	4532	4899	
5031	4805	4466	4805	
4934	4722	4401	4722	
4879	4670	4378	4670	
4834	4637	4352	4637	
4792	4612	4339	4612	
4773	4587	4334	4587	
4734	4565	4322	4565	
4701	4542	4306	4542	
4673	4521	4306	4521	
4641	4505	4301	4505	
4610	4492	4305	4492	
4586	4475	4300	4475	
4566	4458	4292	4458	
4538	4442	4286	4442	
4518	4425	4282	4425	
4499	4410	4271	4410	
4480	4407	4272	4407	
4483	4403	4272	4403	
4479	4394	4269	4394	
4468	4386	4258	4386	
4467	4383	4259	4383	
4467	4387	4255	4387	
4482	4394	4254	4394	
4494	4401	4252	4401	
4513	4407	4256	4407	
4532	4420	4260	4420	
4546	4432	4263	4432	
4569	4450	4272	4450	
4596	4463	4274	4463	
4627	4481	4282	4481	
4657	4497	4290	4497	
4676	4507	4292	4507	
4694	4520	4284	4520	
4721	4535	4289	4535	
4746	4550	4289	4550	
4787	4574	4288	4574	
4808	4592	4292	4592	
4844	4612	4303	4612	
4882	4639	4308	4639	
4932	4678	4326	4678	
4930	4698	4296	4698	
5482	5247	4802	5247	
5348	5116	4685	5116	
5190	4964	4574	4964	
5090	4862	4495	4862	
4987	4769	4434	4769	
4919	4702	4397	4702	
4866	4661	4371	4661	
4822	4635	4353	4635	
4789	4608	4343	4608	
4759	4591	4332	4591	
4731	4570	4324	4570	
4702	4549	4318	4549	
4677	4530	4313	4530	
4651	4521	4313	4521	
4631	4505	4311	4505	
4605	4489	4308	4489	
4585	4474	4303	4474	
4559	4462	4293	4462	
4540	4445	4289	4445	
4530	4438	4285	4438	
4526	4435	4289	4435	
4519	4428	4285	4428	
4510	4421	4274	4421	
4509	4417	4271	4417	
4509	4416	4268	4416	
4519	4422	4268	4422	
4530	4428	4270	4428	
4548	4439	4276	4439	
4567	4450	4274	4450	
4580	4462	4276	4462	
4602	4473	4279	4473	
4623	4484	4276	4484	
4648	4501	4288	4501	
4681	4516	4294	4516	
4707	4532	4290	4532	
4716	4538	4294	4538	
4743	4551	4290	4551	
4769	4569	4292	4569	
4802	4593	4296	4593	
4835	4612	4300	4612	
4864	4635	4308	4635	
4907	4670	4321	4670	
4979	4728	4355	4728	
4984	4757	4332	4757	
5646	5394	4900	5394	
5479	5236	4774	5236	
5287	5051	4635	5051	
5155	4921	4543	4921	
5043	4827	4468	4827	
4962	4752	4418	4752	
4901	4689	4387	4689	
4851	4655	4364	4655	
4821	4636	4352	4636	
4786	4612	4349	4612	
4760	4595	4338	4595	
4729	4578	4332	4578	
4702	4559	4325	4559	
4691	4545	4328	4545	
4664	4536	4324	4536	
4643	4516	4318	4516	
4620	4504	4319	4504	
4604	4490	4310	4490	
4580	4479	4306	4479	
4570	4470	4297	4470	
4569	4464	4304	4464	
4559	4457	4303	4457	
4551	4451	4296	4451	
4546	4449	4287	4449	
4556	4447	4289	4447	
4563	4451	4285	4451	
4571	4455	4285	4455	
4585	4466	4287	4466	
4599	4480	4289	4480	
4614	4493	4289	4493	
4634	4501	4291	4501	
4656	4509	4287	4509	
4680	4525	4293	4525	
4705	4537	4296	4537	
4721	4548	4300	4548	
4734	4562	4294	4562	
4766	4575	4300	4575	
4780	4589	4305	4589	
4824	4613	4309	4613	
4857	4639	4315	4639	
4908	4669	4330	4669	
4972	4717	4359	4717	
5045	4785	4403	4785	
5053	4822	4381	4822	
5830	5557	5027	5557	
5639	5386	4892	5386	
5415	5171	4719	5171	
5242	5008	4594	5008	
5108	4892	4515	4892	
5016	4809	4459	4809	
4947	4738	4409	4738	
4889	4688	4385	4688	
4853	4656	4370	4656	
4819	4643	4357	4643	
4791	4622	4346	4622	
4769	4605	4343	4605	
4740	4584	4333	4584	
4723	4574	4334	4574	
4702	4560	4330	4560	
4681	4547	4326	4547	
4660	4533	4328	4533	
4643	4522	4326	4522	
4617	4511	4317	4511	
4612	4503	4318	4503	
4605	4496	4312	4496	
4596	4491	4314	4491	
4592	4485	4307	4485	
4585	4475	4294	4475	
4590	4477	4298	4477	
4594	4480	4294	4480	
4612	4483	4292	4483	
4622	4494	4299	4494	
4637	4498	4294	4498	
4654	4513	4297	4513	
4669	4523	4298	4523	
4688	4534	4297	4534	
4705	4545	4303	4545	
4733	4563	4307	4563	
4747	4573	4300	4573	
4767	4581	4297	4581	
4796	4598	4311	4598	
4814	4615	4310	4615	
4850	4640	4327	4640	
4894	4664	4331	4664	
4945	4713	4355	4713	
5029	4776	4382	4776	
5121	4854	4446	4854	
5142	4905	4436	4905	
6034	5755	5210	5755	
5830	5568	5038	5568	
5573	5330	4837	5330	
5364	5132	4686	5132	
5199	4983	4574	4983	
5083	4877	4514	4877	
5004	4797	4451	4797	
4939	4731	4409	4731	
4890	4691	4385	4691	
4844	4663	4372	4663	
4815	4643	4361	4643	
4795	4629	4353	4629	
4767	4612	4350	4612	
4750	4601	4353	4601	
4732	4590	4349	4590	
4710	4578	4342	4578	
4688	4567	4339	4567	
4676	4551	4336	4551	
4660	4543	4325	4543	
4640	4534	4328	4534	
4624	4528	4326	4528	
4632	4520	4331	4520	
4627	4517	4322	4517	
4616	4508	4312	4508	
4626	4506	4312	4506	
4630	4506	4307	4506	
4629	4506	4303	4506	
4641	4515	4305	4515	
4653	4525	4309	4525	
4679	4533	4308	4533	
4689	4545	4311	4545	
4705	4552	4308	4552	
4728	4570	4308	4570	
4755	4582	4311	4582	
4768	4594	4311	4594	
4796	4602	4309	4602	
4812	4624	4316	4624	
4843	4643	4326	4643	
4879	4668	4338	4668	
4930	4704	4348	4704	
5005	4767	4389	4767	
5112	4856	4450	4856	
5207	4948	4510	4948	
5266	5017	4525	5017	
6172	5924	5335	5924	
5939	5710	5141	5710	
5657	5446	4917	5446	
5433	5227	4738	5227	
5234	5057	4605	5057	
5102	4931	4526	4931	
5010	4839	4459	4839	
4927	4768	4414	4768	
4847	4706	4378	4706	
4818	4675	4353	4675	
4794	4651	4344	4651	
4763	4637	4337	4637	
4743	4619	4334	4619	
4730	4606	4326	4606	
4705	4595	4327	4595	
4684	4582	4321	4582	
4662	4572	4314	4572	
4641	4555	4310	4555	
4627	4543	4302	4543	
4612	4537	4300	4537	
4606	4534	4306	4534	
4606	4525	4306	4525	
4599	4523	4300	4523	
4599	4518	4295	4518	
4602	4518	4297	4518	
4596	4514	4289	4514	
4596	4520	4283	4520	
4619	4522	4293	4522	
4632	4529	4285	4529	
4651	4534	4284	4534	
4656	4547	4284	4547	
4669	4557	4279	4557	
4703	4569	4282	4569	
4721	4582	4290	4582	
4736	4594	4276	4594	
4756	4608	4282	4608	
4789	4632	4301	4632	
4816	4650	4307	4650	
4864	4683	4318	4683	
4923	4733	4351	4733	
5002	4794	4392	4794	
5107	4888	4445	4888	
5232	5017	4536	5017	
5277	5098	4571	5098	
                                                                                                                                                                                                                                                                                                                                                                                                                                                                                                                                                                                                                                                                                                                                                                                                                                                                                                                                                                                                                                                                                                                                                                                                                                                                                                                                                                                                                                                                                                                                                                                                                                                                                                                                                                                                                                                                                                                                                                                                                                                                                                                                                                                                                                                                                                                                                                                                                                                                                                                                                                                                                                                                                                                                                                                                                                                                                                                                                                                                                                                                                                                                                                                                                                                                                                                                                                                                                                                                                                                                                                                                                                                                                                                                                                                                                                                                                                                                                                                                                                                                                                                                                                                                                                                                                                                                                                                                                                                                                                                                                                                                                                                                                                                                                                    