1144	1144	1144	1144	
4797	4725	4402	4725	
4750	4672	4367	4672	
4692	4599	4344	4599	
4650	4551	4330	4551	
4604	4517	4327	4517	
4572	4482	4313	4482	
4537	4448	4297	4448	
4514	4431	4286	4431	
4480	4406	4272	4406	
4445	4382	4258	4382	
4419	4359	4253	4359	
4391	4332	4247	4332	
4346	4299	4239	4299	
4315	4276	4229	4276	
4283	4251	4221	4251	
4258	4231	4212	4231	
4226	4206	4198	4206	
4194	4182	4194	4182	
4171	4172	4177	4172	
4151	4153	4175	4153	
4133	4140	4162	4140	
4115	4124	4155	4124	
4102	4110	4143	4110	
4097	4102	4136	4102	
4096	4098	4125	4098	
4098	4097	4128	4097	
4099	4096	4122	4096	
4109	4097	4125	4097	
4111	4096	4119	4096	
4122	4100	4115	4100	
4140	4109	4113	4109	
4151	4118	4113	4118	
4182	4133	4122	4133	
4208	4149	4126	4149	
4228	4173	4128	4173	
4245	4179	4121	4179	
4277	4201	4127	4201	
4302	4219	4129	4219	
4328	4239	4137	4239	
4343	4247	4128	4247	
4364	4260	4129	4260	
4391	4277	4132	4277	
4414	4297	4138	4297	
4400	4296	4114	4296	
4819	4734	4410	4734	
4766	4682	4384	4682	
4704	4611	4335	4611	
4663	4569	4331	4569	
4625	4533	4321	4533	
4599	4501	4324	4501	
4571	4473	4311	4473	
4542	4455	4298	4455	
4510	4428	4284	4428	
4475	4403	4266	4403	
4444	4377	4257	4377	
4410	4353	4251	4353	
4374	4317	4242	4317	
4341	4297	4237	4297	
4310	4273	4229	4273	
4277	4249	4221	4249	
4244	4227	4205	4227	
4219	4203	4194	4203	
4196	4189	4190	4189	
4174	4172	4180	4172	
4160	4162	4175	4162	
4139	4142	4159	4142	
4122	4130	4152	4130	
4110	4125	4140	4125	
4112	4114	4131	4114	
4110	4112	4129	4112	
4116	4111	4126	4111	
4123	4114	4126	4114	
4131	4111	4118	4111	
4138	4118	4116	4118	
4152	4126	4121	4126	
4170	4133	4114	4133	
4195	4150	4119	4150	
4225	4165	4128	4165	
4244	4178	4125	4178	
4262	4197	4131	4197	
4296	4215	4131	4215	
4321	4231	4129	4231	
4352	4253	4135	4253	
4371	4268	4132	4268	
4392	4279	4138	4279	
4418	4300	4143	4300	
4435	4316	4140	4316	
4415	4311	4096	4311	
4821	4728	4419	4728	
4776	4683	4385	4683	
4713	4618	4353	4618	
4681	4581	4337	4581	
4640	4549	4323	4549	
4624	4520	4329	4520	
4598	4495	4328	4495	
4565	4472	4321	4472	
4532	4445	4308	4445	
4493	4417	4284	4417	
4456	4389	4267	4389	
4426	4365	4254	4365	
4388	4337	4248	4337	
4360	4313	4243	4313	
4326	4285	4235	4285	
4295	4260	4230	4260	
4259	4239	4221	4239	
4227	4217	4208	4217	
4204	4198	4195	4198	
4185	4181	4187	4181	
4168	4171	4181	4171	
4146	4153	4168	4153	
4134	4141	4159	4141	
4128	4138	4152	4138	
4123	4130	4147	4130	
4122	4126	4144	4126	
4122	4125	4138	4125	
4131	4123	4132	4123	
4140	4126	4124	4126	
4151	4127	4124	4127	
4167	4137	4122	4137	
4178	4146	4123	4146	
4206	4159	4124	4159	
4233	4173	4132	4173	
4254	4189	4131	4189	
4274	4206	4133	4206	
4310	4224	4136	4224	
4333	4244	4138	4244	
4358	4263	4141	4263	
4379	4278	4140	4278	
4403	4292	4141	4292	
4431	4313	4144	4313	
4447	4333	4152	4333	
4431	4328	4100	4328	
4832	4729	4435	4729	
4785	4686	4399	4686	
4725	4628	4362	4628	
4694	4595	4347	4595	
4660	4563	4336	4563	
4637	4535	4339	4535	
4609	4507	4334	4507	
4581	4485	4328	4485	
4547	4457	4319	4457	
4515	4431	4305	4431	
4479	4402	4282	4402	
4437	4377	4264	4377	
4398	4348	4252	4348	
4370	4324	4247	4324	
4337	4298	4243	4298	
4304	4275	4235	4275	
4264	4248	4221	4248	
4241	4227	4219	4227	
4214	4208	4209	4208	
4195	4192	4200	4192	
4172	4177	4187	4177	
4152	4163	4178	4163	
4141	4156	4172	4156	
4133	4146	4165	4146	
4132	4143	4155	4143	
4133	4137	4155	4137	
4135	4136	4152	4136	
4141	4136	4150	4136	
4154	4139	4140	4139	
4161	4140	4136	4140	
4178	4147	4134	4147	
4189	4157	4135	4157	
4218	4173	4143	4173	
4243	4183	4141	4183	
4263	4201	4142	4201	
4287	4218	4148	4218	
4322	4235	4149	4235	
4341	4254	4155	4254	
4372	4276	4146	4276	
4394	4288	4150	4288	
4424	4307	4149	4307	
4438	4322	4151	4322	
4460	4343	4156	4343	
4446	4337	4104	4337	
4840	4736	4448	4736	
4797	4694	4405	4694	
4750	4642	4385	4642	
4717	4607	4367	4607	
4689	4579	4358	4579	
4659	4555	4352	4555	
4637	4530	4343	4530	
4605	4500	4341	4500	
4567	4469	4332	4469	
4533	4444	4321	4444	
4496	4414	4303	4414	
4457	4386	4281	4386	
4415	4354	4260	4354	
4385	4334	4252	4334	
4345	4309	4246	4309	
4319	4287	4240	4287	
4280	4256	4227	4256	
4255	4239	4225	4239	
4223	4218	4216	4218	
4200	4202	4208	4202	
4179	4185	4198	4185	
4164	4171	4188	4171	
4153	4161	4178	4161	
4144	4153	4173	4153	
4139	4149	4167	4149	
4141	4149	4168	4149	
4143	4147	4167	4147	
4156	4147	4159	4147	
4163	4152	4154	4152	
4176	4152	4151	4152	
4191	4161	4145	4161	
4205	4168	4150	4168	
4227	4184	4153	4184	
4258	4196	4152	4196	
4274	4208	4152	4208	
4298	4227	4150	4227	
4334	4246	4162	4246	
4354	4264	4158	4264	
4382	4285	4160	4285	
4406	4301	4156	4301	
4435	4321	4164	4321	
4468	4346	4167	4346	
4481	4359	4171	4359	
4452	4351	4110	4351	
4855	4747	4469	4747	
4817	4708	4427	4708	
4763	4652	4389	4652	
4734	4622	4376	4622	
4707	4592	4362	4592	
4684	4568	4360	4568	
4649	4537	4352	4537	
4624	4516	4347	4516	
4589	4488	4343	4488	
4555	4461	4333	4461	
4513	4427	4317	4427	
4477	4397	4296	4397	
4431	4365	4271	4365	
4396	4347	4265	4347	
4359	4319	4252	4319	
4324	4294	4241	4294	
4294	4269	4233	4269	
4269	4249	4232	4249	
4238	4226	4219	4226	
4217	4213	4215	4213	
4192	4196	4210	4196	
4174	4183	4199	4183	
4163	4169	4185	4169	
4156	4164	4179	4164	
4153	4157	4175	4157	
4155	4160	4176	4160	
4158	4160	4177	4160	
4167	4164	4175	4164	
4179	4165	4170	4165	
4182	4170	4166	4170	
4203	4179	4164	4179	
4223	4189	4161	4189	
4242	4197	4163	4197	
4264	4208	4168	4208	
4288	4222	4162	4222	
4312	4237	4157	4237	
4348	4260	4169	4260	
4369	4274	4162	4274	
4397	4296	4170	4296	
4422	4315	4171	4315	
4453	4334	4171	4334	
4473	4349	4166	4349	
4491	4371	4171	4371	
4462	4366	4123	4366	
4873	4763	4479	4763	
4863	4758	4482	4758	
4806	4693	4435	4693	
4754	4635	4389	4635	
4721	4608	4380	4608	
4698	4587	4376	4587	
4675	4557	4368	4557	
4637	4532	4364	4532	
4608	4501	4350	4501	
4574	4475	4335	4475	
4528	4439	4325	4439	
4489	4410	4312	4410	
4444	4377	4290	4377	
4414	4354	4274	4354	
4374	4329	4263	4329	
4343	4306	4250	4306	
4314	4280	4236	4280	
4282	4263	4231	4263	
4246	4239	4227	4239	
4227	4222	4223	4222	
4206	4207	4211	4207	
4191	4196	4205	4196	
4173	4182	4197	4182	
4169	4174	4187	4174	
4165	4172	4184	4172	
4167	4173	4189	4173	
4172	4173	4194	4173	
4183	4177	4188	4177	
4193	4182	4189	4182	
4202	4185	4183	4185	
4223	4193	4179	4193	
4240	4199	4177	4199	
4257	4209	4177	4209	
4280	4220	4176	4220	
4301	4233	4173	4233	
4325	4247	4176	4247	
4360	4268	4180	4268	
4382	4285	4178	4285	
4409	4306	4180	4306	
4437	4321	4180	4321	
4466	4345	4179	4345	
4491	4365	4183	4365	
4515	4385	4187	4385	
4486	4380	4130	4380	
4891	4777	4488	4777	
4860	4745	4462	4745	
4832	4713	4456	4713	
4787	4663	4413	4663	
4758	4638	4405	4638	
4726	4606	4393	4606	
4691	4573	4381	4573	
4665	4548	4374	4548	
4629	4521	4362	4521	
4590	4492	4350	4492	
4548	4456	4337	4456	
4506	4427	4321	4427	
4464	4397	4309	4397	
4429	4371	4293	4371	
4394	4344	4276	4344	
4362	4318	4263	4318	
4327	4296	4247	4296	
4296	4273	4241	4273	
4273	4257	4235	4257	
4247	4237	4230	4237	
4221	4221	4220	4221	
4205	4208	4216	4208	
4186	4194	4207	4194	
4179	4190	4202	4190	
4181	4185	4200	4185	
4184	4188	4201	4188	
4192	4188	4203	4188	
4206	4196	4205	4196	
4209	4198	4200	4198	
4219	4203	4200	4203	
4235	4208	4195	4208	
4248	4215	4186	4215	
4271	4223	4187	4223	
4298	4235	4182	4235	
4314	4248	4186	4248	
4342	4261	4187	4261	
4375	4282	4194	4282	
4399	4297	4188	4297	
4426	4318	4193	4318	
4450	4335	4186	4335	
4479	4356	4190	4356	
4498	4369	4184	4369	
4520	4396	4193	4396	
4505	4391	4142	4391	
4910	4799	4505	4799	
4878	4755	4473	4755	
4835	4711	4447	4711	
4806	4679	4435	4679	
4772	4648	4412	4648	
4749	4626	4411	4626	
4714	4593	4399	4593	
4680	4566	4387	4566	
4655	4534	4381	4534	
4614	4502	4359	4502	
4572	4472	4349	4472	
4527	4444	4333	4444	
4482	4414	4323	4414	
4453	4388	4316	4388	
4415	4355	4296	4355	
4379	4335	4277	4335	
4347	4308	4268	4308	
4317	4292	4250	4292	
4288	4270	4243	4270	
4264	4256	4238	4256	
4242	4238	4230	4238	
4230	4222	4229	4222	
4209	4213	4219	4213	
4203	4205	4218	4205	
4198	4200	4216	4200	
4204	4205	4220	4205	
4212	4206	4219	4206	
4221	4212	4217	4212	
4233	4217	4216	4217	
4243	4222	4218	4222	
4257	4226	4208	4226	
4263	4228	4203	4228	
4288	4238	4195	4238	
4311	4249	4195	4249	
4334	4264	4197	4264	
4357	4279	4196	4279	
4392	4296	4205	4296	
4417	4315	4204	4315	
4446	4337	4202	4337	
4471	4350	4204	4350	
4491	4371	4205	4371	
4522	4387	4204	4387	
4548	4413	4215	4413	
4518	4408	4156	4408	
4940	4814	4524	4814	
4901	4775	4492	4775	
4859	4729	4466	4729	
4832	4699	4451	4699	
4795	4673	4435	4673	
4776	4645	4430	4645	
4738	4610	4414	4610	
4710	4586	4407	4586	
4674	4557	4399	4557	
4630	4524	4378	4524	
4584	4487	4366	4487	
4547	4459	4347	4459	
4506	4429	4338	4429	
4478	4410	4328	4410	
4444	4382	4316	4382	
4405	4355	4300	4355	
4373	4332	4280	4332	
4343	4310	4268	4310	
4313	4291	4258	4291	
4293	4275	4253	4275	
4269	4258	4245	4258	
4247	4246	4245	4246	
4240	4236	4241	4236	
4227	4229	4238	4229	
4224	4226	4240	4226	
4228	4226	4238	4226	
4235	4226	4239	4226	
4243	4235	4236	4235	
4254	4236	4231	4236	
4264	4240	4230	4240	
4275	4244	4226	4244	
4285	4246	4207	4246	
4304	4255	4208	4255	
4332	4267	4215	4267	
4356	4280	4208	4280	
4383	4296	4211	4296	
4410	4317	4217	4317	
4435	4331	4218	4331	
4464	4350	4213	4350	
4487	4365	4210	4365	
4509	4387	4214	4387	
4541	4399	4213	4399	
4563	4428	4224	4428	
4537	4428	4184	4428	
4967	4845	4534	4845	
4925	4804	4502	4804	
4883	4752	4483	4752	
4860	4720	4465	4720	
4826	4692	4449	4692	
4791	4665	4442	4665	
4760	4631	4431	4631	
4728	4608	4423	4608	
4691	4576	4412	4576	
4658	4547	4397	4547	
4618	4513	4383	4513	
4580	4483	4362	4483	
4538	4455	4358	4455	
4507	4430	4348	4430	
4467	4405	4330	4405	
4428	4375	4322	4375	
4401	4353	4302	4353	
4367	4332	4288	4332	
4339	4313	4276	4313	
4317	4296	4270	4296	
4297	4283	4263	4283	
4275	4270	4256	4270	
4261	4259	4252	4259	
4258	4252	4253	4252	
4251	4248	4256	4248	
4252	4249	4257	4249	
4256	4247	4255	4247	
4265	4253	4254	4253	
4278	4257	4251	4257	
4286	4257	4238	4257	
4304	4261	4241	4261	
4306	4264	4230	4264	
4327	4271	4224	4271	
4351	4283	4224	4283	
4373	4301	4222	4301	
4399	4314	4228	4314	
4433	4334	4226	4334	
4456	4351	4225	4351	
4481	4366	4222	4366	
4503	4382	4223	4382	
4533	4399	4229	4399	
4558	4419	4233	4419	
4579	4448	4236	4448	
4557	4441	4187	4441	
5002	4875	4563	4875	
4961	4828	4523	4828	
4910	4774	4504	4774	
4883	4745	4482	4745	
4857	4717	4468	4717	
4827	4685	4464	4685	
4789	4654	4446	4654	
4753	4628	4433	4628	
4712	4593	4421	4593	
4680	4568	4414	4568	
4640	4534	4391	4534	
4605	4508	4383	4508	
4562	4476	4368	4476	
4535	4452	4360	4452	
4498	4427	4347	4427	
4462	4403	4333	4403	
4425	4377	4318	4377	
4397	4353	4306	4353	
4365	4333	4296	4333	
4340	4316	4284	4316	
4319	4304	4272	4304	
4309	4292	4269	4292	
4291	4282	4264	4282	
4286	4275	4265	4275	
4282	4272	4265	4272	
4277	4266	4267	4266	
4285	4268	4272	4268	
4295	4273	4266	4273	
4301	4273	4262	4273	
4311	4280	4249	4280	
4322	4286	4255	4286	
4333	4288	4243	4288	
4355	4293	4237	4293	
4372	4306	4236	4306	
4396	4319	4234	4319	
4417	4334	4237	4334	
4451	4351	4240	4351	
4475	4369	4233	4369	
4497	4385	4232	4385	
4523	4400	4237	4400	
4550	4419	4237	4419	
4577	4438	4246	4438	
4598	4462	4252	4462	
4583	4461	4199	4461	
5038	4906	4589	4906	
4991	4858	4545	4858	
4941	4799	4513	4799	
4917	4768	4499	4768	
4879	4737	4487	4737	
4850	4702	4473	4702	
4814	4674	4463	4674	
4780	4646	4451	4646	
4742	4619	4438	4619	
4709	4590	4429	4590	
4676	4563	4416	4563	
4637	4534	4403	4534	
4597	4501	4385	4501	
4559	4479	4377	4479	
4521	4450	4356	4450	
4488	4424	4347	4424	
4460	4399	4334	4399	
4428	4379	4322	4379	
4394	4359	4309	4359	
4372	4343	4303	4343	
4349	4327	4290	4327	
4337	4315	4282	4315	
4323	4307	4283	4307	
4314	4302	4278	4302	
4306	4294	4280	4294	
4311	4292	4277	4292	
4311	4292	4284	4292	
4322	4290	4278	4290	
4325	4293	4275	4293	
4336	4300	4271	4300	
4347	4305	4261	4305	
4360	4307	4256	4307	
4377	4315	4249	4315	
4398	4327	4251	4327	
4416	4336	4250	4336	
4438	4354	4244	4354	
4477	4373	4253	4373	
4500	4387	4248	4387	
4519	4404	4248	4404	
4543	4419	4248	4419	
4569	4439	4252	4439	
4600	4463	4257	4463	
4623	4481	4267	4481	
4596	4479	4215	4479	
5077	4941	4616	4941	
5033	4889	4572	4889	
4972	4826	4532	4826	
4938	4791	4517	4791	
4901	4758	4501	4758	
4873	4725	4488	4725	
4844	4696	4474	4696	
4809	4670	4468	4670	
4774	4642	4457	4642	
4737	4619	4449	4619	
4703	4586	4433	4586	
4666	4560	4421	4560	
4629	4527	4403	4527	
4592	4503	4396	4503	
4552	4475	4379	4475	
4519	4451	4367	4451	
4489	4425	4352	4425	
4462	4405	4342	4405	
4430	4387	4329	4387	
4407	4370	4326	4370	
4382	4355	4313	4355	
4367	4342	4306	4342	
4356	4331	4299	4331	
4353	4329	4297	4329	
4341	4324	4292	4324	
4341	4316	4292	4316	
4343	4313	4292	4313	
4348	4312	4291	4312	
4352	4313	4287	4313	
4366	4320	4281	4320	
4378	4326	4276	4326	
4389	4335	4271	4335	
4409	4344	4267	4344	
4418	4347	4262	4347	
4433	4356	4256	4356	
4462	4372	4261	4372	
4497	4393	4261	4393	
4516	4407	4264	4407	
4542	4424	4263	4424	
4566	4439	4262	4439	
4596	4459	4265	4459	
4626	4485	4274	4485	
4649	4505	4284	4505	
4619	4499	4228	4499	
5127	4987	4645	4987	
5071	4927	4600	4927	
5001	4852	4552	4852	
4969	4813	4533	4813	
4932	4776	4516	4776	
4893	4748	4503	4748	
4868	4717	4494	4717	
4835	4696	4480	4696	
4801	4667	4477	4667	
4772	4646	4465	4646	
4730	4613	4450	4613	
4701	4586	4443	4586	
4660	4551	4418	4551	
4624	4525	4410	4525	
4585	4502	4399	4502	
4555	4476	4382	4476	
4526	4451	4372	4451	
4499	4432	4359	4432	
4467	4413	4349	4413	
4444	4400	4343	4400	
4424	4386	4332	4386	
4403	4370	4325	4370	
4396	4360	4318	4360	
4389	4356	4310	4356	
4381	4350	4310	4350	
4371	4344	4305	4344	
4373	4340	4300	4340	
4381	4340	4301	4340	
4387	4340	4300	4340	
4392	4346	4294	4346	
4409	4351	4291	4351	
4412	4357	4286	4357	
4433	4366	4281	4366	
4449	4372	4280	4372	
4475	4391	4280	4391	
4484	4393	4271	4393	
4518	4412	4281	4412	
4537	4427	4274	4427	
4564	4449	4278	4449	
4594	4464	4278	4464	
4619	4485	4276	4485	
4643	4506	4281	4506	
4668	4532	4292	4532	
4652	4527	4245	4527	
5177	5035	4693	5035	
5121	4973	4640	4973	
5047	4889	4581	4889	
4995	4840	4550	4840	
4952	4801	4525	4801	
4918	4768	4517	4768	
4891	4739	4504	4739	
4869	4720	4496	4720	
4837	4695	4489	4695	
4800	4672	4482	4672	
4761	4641	4470	4641	
4722	4613	4451	4613	
4687	4578	4434	4578	
4657	4555	4426	4555	
4625	4533	4412	4533	
4590	4502	4397	4502	
4561	4477	4384	4477	
4528	4462	4380	4462	
4503	4444	4361	4444	
4481	4426	4361	4426	
4462	4412	4353	4412	
4439	4396	4339	4396	
4428	4385	4333	4385	
4424	4381	4328	4381	
4419	4378	4325	4378	
4409	4371	4315	4371	
4409	4367	4317	4367	
4414	4368	4317	4368	
4419	4366	4309	4366	
4426	4370	4303	4370	
4431	4378	4303	4378	
4439	4380	4299	4380	
4461	4391	4295	4391	
4481	4400	4291	4400	
4491	4407	4283	4407	
4516	4421	4287	4421	
4540	4437	4293	4437	
4556	4453	4290	4453	
4589	4473	4293	4473	
4614	4489	4289	4489	
4651	4510	4294	4510	
4672	4530	4299	4530	
4701	4557	4306	4557	
4675	4550	4260	4550	
5234	5089	4732	5089	
5174	5018	4672	5018	
5089	4928	4606	4928	
5030	4865	4570	4865	
4982	4824	4545	4824	
4946	4794	4528	4794	
4920	4765	4519	4765	
4899	4746	4514	4746	
4869	4721	4506	4721	
4838	4700	4499	4700	
4793	4665	4483	4665	
4760	4638	4467	4638	
4721	4605	4447	4605	
4690	4583	4443	4583	
4660	4557	4432	4557	
4626	4531	4417	4531	
4591	4504	4402	4504	
4572	4492	4399	4492	
4538	4474	4383	4474	
4513	4458	4382	4458	
4498	4444	4369	4444	
4481	4428	4359	4428	
4470	4417	4354	4417	
4460	4409	4344	4409	
4452	4405	4336	4405	
4445	4401	4336	4401	
4446	4401	4329	4401	
4451	4398	4330	4398	
4452	4392	4318	4392	
4454	4395	4318	4395	
4465	4401	4323	4401	
4476	4409	4315	4409	
4487	4415	4305	4415	
4511	4425	4313	4425	
4530	4436	4302	4436	
4543	4447	4301	4447	
4569	4461	4304	4461	
4592	4478	4301	4478	
4623	4497	4303	4497	
4642	4510	4305	4510	
4673	4536	4309	4536	
4706	4554	4313	4554	
4726	4582	4329	4582	
4703	4580	4278	4580	
5311	5167	4803	5167	
5242	5081	4725	5081	
5143	4979	4649	4979	
5066	4900	4591	4900	
5013	4855	4557	4855	
4970	4822	4546	4822	
4946	4789	4534	4789	
4921	4764	4525	4764	
4888	4739	4510	4739	
4860	4720	4502	4720	
4828	4692	4496	4692	
4792	4666	4481	4666	
4754	4634	4467	4634	
4725	4613	4458	4613	
4696	4587	4446	4587	
4663	4564	4435	4564	
4633	4541	4428	4541	
4606	4521	4410	4521	
4576	4500	4401	4500	
4551	4485	4391	4485	
4536	4474	4384	4474	
4519	4459	4379	4459	
4502	4446	4368	4446	
4494	4439	4364	4439	
4486	4436	4352	4436	
4479	4430	4348	4430	
4474	4425	4341	4425	
4481	4422	4333	4422	
4478	4417	4327	4417	
4486	4419	4327	4419	
4495	4428	4333	4428	
4506	4432	4329	4432	
4522	4445	4330	4445	
4541	4453	4328	4453	
4555	4462	4322	4462	
4575	4470	4315	4470	
4598	4488	4315	4488	
4615	4503	4321	4503	
4646	4522	4321	4522	
4670	4534	4319	4534	
4702	4557	4320	4557	
4727	4579	4334	4579	
4752	4607	4340	4607	
4732	4605	4290	4605	
5383	5243	4859	5243	
5305	5150	4778	5150	
5195	5037	4695	5037	
5115	4945	4629	4945	
5043	4886	4583	4886	
5011	4849	4571	4849	
4971	4814	4545	4814	
4946	4787	4536	4787	
4919	4761	4528	4761	
4888	4742	4520	4742	
4860	4718	4505	4718	
4828	4692	4496	4692	
4797	4668	4485	4668	
4765	4643	4480	4643	
4727	4619	4465	4619	
4701	4597	4456	4597	
4672	4576	4450	4576	
4641	4553	4432	4553	
4617	4534	4424	4534	
4593	4520	4414	4520	
4578	4506	4406	4506	
4565	4495	4396	4495	
4542	4477	4382	4477	
4532	4469	4378	4469	
4521	4463	4374	4463	
4518	4459	4365	4459	
4514	4451	4355	4451	
4517	4451	4347	4451	
4516	4451	4343	4451	
4525	4455	4341	4455	
4535	4459	4344	4459	
4541	4464	4340	4464	
4559	4473	4346	4473	
4576	4477	4345	4477	
4587	4488	4334	4488	
4605	4501	4334	4501	
4629	4512	4334	4512	
4648	4532	4329	4532	
4671	4547	4330	4547	
4697	4563	4336	4563	
4723	4583	4337	4583	
4754	4604	4345	4604	
4778	4636	4358	4636	
4767	4646	4320	4646	
5473	5318	4910	5318	
5372	5221	4831	5221	
5260	5100	4739	5100	
5167	5000	4664	5000	
5084	4917	4605	4917	
5038	4875	4584	4875	
5003	4838	4562	4838	
4975	4813	4548	4813	
4947	4787	4539	4787	
4917	4765	4529	4765	
4885	4742	4516	4742	
4852	4718	4507	4718	
4825	4695	4498	4695	
4797	4676	4492	4676	
4765	4649	4482	4649	
4741	4629	4472	4629	
4705	4612	4464	4612	
4684	4588	4451	4588	
4657	4568	4442	4568	
4636	4552	4436	4552	
4620	4538	4422	4538	
4606	4526	4421	4526	
4587	4511	4406	4511	
4571	4501	4393	4501	
4560	4490	4385	4490	
4559	4487	4376	4487	
4554	4482	4375	4482	
4559	4482	4362	4482	
4556	4481	4360	4481	
4558	4486	4358	4486	
4574	4492	4355	4492	
4578	4496	4353	4496	
4595	4503	4360	4503	
4608	4507	4354	4507	
4621	4518	4356	4518	
4632	4526	4349	4526	
4657	4540	4348	4540	
4673	4556	4344	4556	
4702	4575	4347	4575	
4726	4591	4349	4591	
4751	4610	4352	4610	
4786	4636	4365	4636	
4820	4672	4378	4672	
4816	4693	4348	4693	
5575	5431	5004	5431	
5461	5303	4897	5303	
5335	5176	4796	5176	
5229	5060	4716	5060	
5131	4967	4645	4967	
5079	4911	4604	4911	
5036	4870	4582	4870	
5004	4840	4563	4840	
4976	4814	4555	4814	
4945	4793	4543	4793	
4916	4767	4528	4767	
4885	4746	4519	4746	
4858	4721	4514	4721	
4833	4705	4513	4705	
4805	4681	4496	4681	
4780	4664	4497	4664	
4751	4641	4483	4641	
4728	4619	4469	4619	
4694	4599	4455	4599	
4681	4588	4453	4588	
4671	4577	4450	4577	
4649	4564	4442	4564	
4633	4548	4426	4548	
4620	4538	4416	4538	
4602	4526	4406	4526	
4600	4523	4401	4523	
4601	4519	4397	4519	
4599	4517	4390	4517	
4593	4514	4381	4514	
4601	4516	4372	4516	
4608	4522	4376	4522	
4614	4524	4367	4524	
4633	4533	4367	4533	
4642	4540	4369	4540	
4655	4546	4369	4546	
4667	4554	4364	4554	
4683	4565	4364	4565	
4704	4582	4362	4582	
4737	4606	4366	4606	
4758	4626	4370	4626	
4793	4646	4377	4646	
4822	4672	4386	4672	
4869	4714	4407	4714	
4873	4741	4380	4741	
5724	5572	5114	5572	
5578	5423	4987	5423	
5413	5253	4848	5253	
5309	5133	4759	5133	
5202	5030	4685	5030	
5122	4954	4641	4954	
5070	4903	4605	4903	
5037	4873	4587	4873	
5009	4841	4567	4841	
4976	4823	4557	4823	
4955	4799	4549	4799	
4919	4774	4535	4774	
4896	4755	4532	4755	
4873	4737	4523	4737	
4841	4717	4519	4717	
4818	4696	4508	4696	
4793	4678	4497	4678	
4762	4655	4491	4655	
4736	4636	4480	4636	
4718	4623	4471	4623	
4714	4614	4470	4614	
4696	4601	4465	4601	
4674	4586	4452	4586	
4662	4576	4438	4576	
4651	4564	4428	4564	
4641	4560	4419	4560	
4641	4553	4410	4553	
4639	4553	4410	4553	
4638	4552	4401	4552	
4637	4549	4393	4549	
4646	4553	4383	4553	
4645	4555	4380	4555	
4666	4563	4381	4563	
4684	4566	4381	4566	
4690	4575	4375	4575	
4694	4580	4374	4580	
4714	4591	4375	4591	
4734	4607	4371	4607	
4766	4632	4383	4632	
4796	4652	4388	4652	
4819	4679	4396	4679	
4861	4712	4406	4712	
4920	4773	4447	4773	
4946	4807	4424	4807	
5896	5743	5251	5743	
5726	5567	5092	5567	
5520	5360	4929	5360	
5374	5213	4819	5213	
5260	5097	4738	5097	
5179	5013	4675	5013	
5113	4945	4631	4945	
5068	4903	4606	4903	
5038	4874	4586	4874	
5008	4849	4574	4849	
4980	4831	4566	4831	
4950	4810	4559	4810	
4922	4787	4544	4787	
4900	4768	4541	4768	
4877	4752	4534	4752	
4848	4727	4528	4727	
4828	4711	4518	4711	
4799	4688	4505	4688	
4775	4673	4491	4673	
4759	4657	4491	4657	
4746	4648	4488	4648	
4734	4633	4484	4633	
4715	4622	4474	4622	
4700	4610	4462	4610	
4691	4600	4452	4600	
4683	4595	4441	4595	
4684	4591	4435	4591	
4678	4588	4431	4588	
4680	4585	4421	4585	
4679	4587	4414	4587	
4678	4587	4410	4587	
4682	4586	4399	4586	
4696	4595	4398	4595	
4708	4598	4396	4598	
4717	4607	4392	4607	
4723	4612	4386	4612	
4740	4623	4389	4623	
4764	4637	4395	4637	
4790	4664	4405	4664	
4820	4689	4414	4689	
4865	4717	4425	4717	
4925	4771	4449	4771	
4999	4847	4501	4847	
5015	4890	4485	4890	
6117	5962	5424	5962	
5908	5750	5242	5750	
5667	5500	5031	5500	
5482	5315	4898	5315	
5345	5185	4796	5185	
5245	5085	4726	5085	
5171	5003	4669	5003	
5113	4944	4631	4944	
5069	4904	4612	4904	
5031	4883	4591	4883	
5012	4861	4581	4861	
4987	4840	4575	4840	
4957	4821	4562	4821	
4941	4798	4555	4798	
4914	4780	4550	4780	
4887	4759	4537	4759	
4865	4748	4533	4748	
4843	4729	4529	4729	
4816	4710	4517	4710	
4798	4695	4509	4695	
4787	4683	4503	4683	
4768	4668	4499	4668	
4756	4657	4488	4657	
4743	4643	4476	4643	
4730	4634	4469	4634	
4727	4628	4461	4628	
4716	4624	4450	4624	
4724	4620	4446	4620	
4714	4618	4433	4618	
4717	4619	4434	4619	
4718	4618	4426	4618	
4719	4619	4414	4619	
4726	4628	4412	4628	
4741	4632	4417	4632	
4753	4639	4408	4639	
4758	4644	4399	4644	
4783	4659	4410	4659	
4796	4673	4408	4673	
4829	4700	4420	4700	
4858	4720	4432	4720	
4916	4770	4456	4770	
4990	4837	4489	4837	
5080	4929	4563	4929	
5132	4995	4565	4995	
6388	6229	5658	6229	
6146	5979	5432	5979	
5846	5690	5190	5690	
5626	5462	5004	5462	
5444	5293	4878	5293	
5323	5171	4795	5171	
5239	5080	4724	5080	
5163	5004	4672	5004	
5109	4948	4639	4948	
5068	4917	4615	4917	
5039	4892	4604	4892	
5015	4873	4595	4873	
4988	4852	4588	4852	
4969	4834	4580	4834	
4947	4816	4573	4816	
4919	4799	4557	4799	
4898	4782	4553	4782	
4874	4761	4547	4761	
4854	4746	4536	4746	
4833	4728	4527	4728	
4813	4717	4522	4717	
4798	4702	4516	4702	
4791	4693	4508	4693	
4778	4686	4502	4686	
4765	4676	4494	4676	
4759	4660	4477	4660	
4750	4653	4466	4653	
4751	4649	4461	4649	
4748	4651	4454	4651	
4748	4648	4448	4648	
4745	4650	4440	4650	
4745	4647	4435	4647	
4762	4655	4431	4655	
4771	4664	4432	4664	
4783	4672	4425	4672	
4795	4677	4422	4677	
4809	4694	4428	4694	
4831	4710	4431	4710	
4860	4736	4444	4736	
4902	4772	4464	4772	
4984	4839	4507	4839	
5087	4937	4576	4937	
5189	5045	4646	5045	
5265	5142	4683	5142	
6594	6460	5850	6460	
6289	6169	5578	6169	
5959	5828	5285	5828	
5696	5580	5079	5580	
5495	5378	4924	5378	
5364	5242	4818	5242	
5253	5132	4736	5132	
5179	5041	4680	5041	
5095	4978	4636	4978	
5047	4931	4599	4931	
5020	4902	4587	4902	
4999	4882	4581	4882	
4973	4865	4570	4865	
4950	4844	4562	4844	
4929	4826	4544	4826	
4904	4806	4536	4806	
4879	4790	4525	4790	
4860	4765	4516	4765	
4830	4752	4513	4752	
4813	4735	4500	4735	
4794	4722	4498	4722	
4786	4709	4496	4709	
4775	4703	4477	4703	
4766	4694	4482	4694	
4760	4688	4477	4688	
4742	4674	4457	4674	
4732	4666	4450	4666	
4732	4659	4442	4659	
4734	4658	4434	4658	
4731	4655	4424	4655	
4728	4656	4423	4656	
4730	4654	4411	4654	
4739	4662	4410	4662	
4754	4667	4410	4667	
4764	4678	4396	4678	
4777	4687	4403	4687	
4801	4712	4410	4712	
4815	4727	4415	4727	
4861	4761	4432	4761	
4919	4813	4466	4813	
5005	4886	4520	4886	
5104	4985	4582	4985	
5253	5140	4699	5140	
5353	5264	4756	5264	
                                                                                                                                                                                                                                                                                                                                                                                                                                                                                                                                                                                                                                                                                                                                                                                                                                                                                                                                                                                                                                                                                                                                                                                                                                                                                                                                                                                                                                                                                                                                                                                                                                                                                                                                                                                                                                                                                                                                                                                                                                                                                                                                                                                                                                                                                                                                                                                                                                                                                                                                                                                                                                                                                                                                                                                                                                                                                                                                                                                                                                                                                                                                                                                                                                                                                                                                                                                                                                                                                                                                                                                                                                                                                                                                                                                                                                                                                                                                                                                                                                                                                                                                                                                                                                                                                                                                                                                                                                                                                                                                                                                                                                                                                                                                                                    