  2.1755319e+001
  2.1755319e+001
  2.1755319e+001
  2.1755319e+001
  2.1755319e+001
  2.1755319e+001
  2.1755319e+001
  2.1755319e+001
  2.1755319e+001
  2.1755319e+001
  2.1755319e+001
  2.1835536e+001
  2.2263362e+001
  2.2691188e+001
  2.3119013e+001
  2.3546839e+001
  2.3974665e+001
  2.4402490e+001
  2.4830316e+001
  2.5258142e+001
  2.5685967e+001
  2.6113793e+001
  2.6541619e+001
  2.6969444e+001
  2.7397270e+001
  2.7825096e+001
  2.8252921e+001
  2.8680747e+001
  2.9108573e+001
  2.9536398e+001
  2.9964224e+001
  3.0392050e+001
  3.0819875e+001
  3.1247701e+001
  3.1675527e+001
  3.2103352e+001
  3.2531178e+001
  3.2959004e+001
  3.3386829e+001
  3.3814655e+001
  3.4242481e+001
  3.4670306e+001
  3.5098132e+001
  3.5525957e+001
  3.5953783e+001
  3.6381609e+001
  3.6809434e+001
  3.7237260e+001
  3.7665086e+001
  3.8092911e+001
  3.8520737e+001
  3.8948563e+001
  3.9376388e+001
  3.9804214e+001
  4.0232040e+001
  4.0659865e+001
  4.1087691e+001
  4.1515517e+001
  4.1943342e+001
  4.2371168e+001
  4.2798994e+001
  4.3226819e+001
  4.3654645e+001
  4.4082471e+001
  4.4510296e+001
  4.4938122e+001
  4.5365948e+001
  4.5793773e+001
  4.6221599e+001
  4.6649425e+001
  4.7077250e+001
  4.7505076e+001
  4.7932902e+001
  4.8360727e+001
  4.8788553e+001
  4.9216379e+001
  4.9644204e+001
  5.0072030e+001
  5.0499856e+001
  5.0927681e+001
  5.1355507e+001
  5.1783333e+001
  5.2211158e+001
  5.2638984e+001
  5.3066810e+001
  5.3494635e+001
  5.3922461e+001
  5.4350287e+001
  5.4778112e+001
  5.5205938e+001
  5.5633764e+001
  5.6061589e+001
  5.6489415e+001
  5.6917241e+001
  5.7345066e+001
  5.7772892e+001
  5.8200718e+001
  5.8628543e+001
  5.9056369e+001
  5.9484195e+001
  5.9912020e+001
  6.0339846e+001
  6.0767672e+001
  6.1195497e+001
  6.1623323e+001
  6.2051149e+001
  6.2478974e+001
  6.2906800e+001
  6.3334626e+001
  6.3762451e+001
  6.4190277e+001
  6.4618103e+001
  6.5045928e+001
  6.5473754e+001
  6.5901579e+001
  6.6329405e+001
  6.6757231e+001
  6.7185056e+001
  6.7612882e+001
  6.8040708e+001
  6.8468533e+001
  6.8896359e+001
  6.9324185e+001
  6.9752010e+001
  7.0179836e+001
  7.0607662e+001
  7.1035487e+001
  7.1463313e+001
  7.1891139e+001
  7.2318964e+001
  7.2746790e+001
  7.3019798e+001
  7.2636949e+001
  7.2254101e+001
  7.1871252e+001
  7.1488404e+001
  7.1105556e+001
  7.0722707e+001
  7.0339859e+001
  6.9957010e+001
  6.9574162e+001
  6.9191314e+001
  6.8808465e+001
  6.8425617e+001
  6.8042769e+001
  6.7659920e+001
  6.7277072e+001
  6.6894223e+001
  6.6511375e+001
  6.6128527e+001
  6.5745678e+001
  6.5362830e+001
  6.4979981e+001
  6.4597133e+001
  6.4214285e+001
  6.3831436e+001
  6.3448588e+001
  6.3065740e+001
  6.2682891e+001
  6.2300043e+001
  6.1917194e+001
  6.1534346e+001
  6.1151498e+001
  6.0768649e+001
  6.0385801e+001
  6.0002952e+001
  5.9620104e+001
  5.9237256e+001
  5.8854407e+001
  5.8471559e+001
  5.8088711e+001
  5.7705862e+001
  5.7323014e+001
  5.6940165e+001
  5.6557317e+001
  5.6174469e+001
  5.5791620e+001
  5.5408772e+001
  5.5025923e+001
  5.4643075e+001
  5.4260227e+001
  5.3877378e+001
  5.3494530e+001
  5.3111682e+001
  5.2728833e+001
  5.2345985e+001
  5.1963136e+001
  5.1580288e+001
  5.1197440e+001
  5.0814591e+001
  5.0431743e+001
  5.0048894e+001
  4.9666046e+001
  4.9283198e+001
  4.8900349e+001
  4.8517501e+001
  4.8134653e+001
  4.7751804e+001
  4.7368956e+001
  4.6986107e+001
  4.6603259e+001
  4.6220411e+001
  4.5837562e+001
  4.5454714e+001
  4.5071865e+001
  4.4689017e+001
  4.4306169e+001
  4.3923320e+001
  4.3540472e+001
  4.3157624e+001
  4.2774775e+001
  4.2391927e+001
  4.2009078e+001
  4.1626230e+001
  4.1243382e+001
  4.0860533e+001
  4.0477685e+001
  4.0094836e+001
  3.9711988e+001
  3.9329140e+001
  3.8946291e+001
  3.8563443e+001
  3.8180595e+001
  3.7797746e+001
  3.7414898e+001
  3.7032049e+001
  3.6649201e+001
  3.6266353e+001
  3.5883504e+001
  3.5500656e+001
  3.5117807e+001
  3.4734959e+001
  3.4352111e+001
  3.3969262e+001
  3.3586414e+001
  3.3203566e+001
  3.2820717e+001
  3.2437869e+001
  3.2055020e+001
  3.1672172e+001
  3.1289324e+001
  3.0906475e+001
  3.0523627e+001
  3.0140778e+001
  2.9757930e+001
  2.9375082e+001
  2.8992233e+001
  2.8609385e+001
  2.8226537e+001
  2.7843688e+001
  2.7460840e+001
  2.7077991e+001
  2.6695143e+001
  2.6312295e+001
  2.5929446e+001
  2.5546598e+001
