  1.3129960e+001
  1.3129960e+001
  1.3129960e+001
  1.3129960e+001
  1.3129960e+001
  1.3129960e+001
  1.3129960e+001
  1.3129960e+001
  1.3129960e+001
  1.3129960e+001
  1.3129960e+001
  1.3129960e+001
  1.3129960e+001
  1.3129960e+001
  1.3129960e+001
  1.3129960e+001
  1.3411285e+001
  1.3692610e+001
  1.3973934e+001
  1.4255259e+001
  1.4536584e+001
  1.4817909e+001
  1.5099234e+001
  1.5380559e+001
  1.5661883e+001
  1.5943208e+001
  1.6224533e+001
  1.6505858e+001
  1.6787183e+001
  1.7068507e+001
  1.7349832e+001
  1.7631157e+001
  1.7912482e+001
  1.8193807e+001
  1.8475131e+001
  1.8756456e+001
  1.9037781e+001
  1.9319106e+001
  1.9600431e+001
  1.9881756e+001
  2.0163080e+001
  2.0444405e+001
  2.0725730e+001
  2.1007055e+001
  2.1288380e+001
  2.1569704e+001
  2.1851029e+001
  2.2132354e+001
  2.2413679e+001
  2.2695004e+001
  2.2976328e+001
  2.3257653e+001
  2.3538978e+001
  2.3820303e+001
  2.4101628e+001
  2.4382953e+001
  2.4664277e+001
  2.4945602e+001
  2.5226927e+001
  2.5508252e+001
  2.5789577e+001
  2.6070901e+001
  2.6352226e+001
  2.6633551e+001
  2.6914876e+001
  2.7196201e+001
  2.7477525e+001
  2.7758850e+001
  2.8040175e+001
  2.8321500e+001
  2.8602825e+001
  2.8884150e+001
  2.9165474e+001
  2.9446799e+001
  2.9728124e+001
  3.0009449e+001
  3.0290774e+001
  3.0572098e+001
  3.0853423e+001
  3.1134748e+001
  3.1416073e+001
  3.1697398e+001
  3.1978722e+001
  3.2260047e+001
  3.2541372e+001
  3.2822697e+001
  3.3104022e+001
  3.3385347e+001
  3.3666671e+001
  3.3947996e+001
  3.4229321e+001
  3.4510646e+001
  3.4791971e+001
  3.5073295e+001
  3.5354620e+001
  3.5635945e+001
  3.5917270e+001
  3.6198595e+001
  3.6479919e+001
  3.6761244e+001
  3.7042569e+001
  3.7323894e+001
  3.7605219e+001
  3.7886544e+001
  3.8167868e+001
  3.8449193e+001
  3.8730518e+001
  3.9011843e+001
  3.9293168e+001
  3.9574492e+001
  3.9855817e+001
  3.9648058e+001
  3.9417678e+001
  3.9187297e+001
  3.8956917e+001
  3.8726536e+001
  3.8496156e+001
  3.8265775e+001
  3.8035395e+001
  3.7805015e+001
  3.7574634e+001
  3.7344254e+001
  3.7113873e+001
  3.6883493e+001
  3.6653112e+001
  3.6422732e+001
  3.6192351e+001
  3.5961971e+001
  3.5731590e+001
  3.5501210e+001
  3.5270829e+001
  3.5040449e+001
  3.4810068e+001
  3.4579688e+001
  3.4349307e+001
  3.4118927e+001
  3.3888547e+001
  3.3658166e+001
  3.3427786e+001
  3.3197405e+001
  3.2967025e+001
  3.2736644e+001
  3.2506264e+001
  3.2275883e+001
  3.2045503e+001
  3.1815122e+001
  3.1584742e+001
  3.1354361e+001
  3.1123981e+001
  3.0893600e+001
  3.0663220e+001
  3.0432839e+001
  3.0202459e+001
  2.9972079e+001
  2.9741698e+001
  2.9511318e+001
  2.9280937e+001
  2.9050557e+001
  2.8820176e+001
  2.8589796e+001
  2.8359415e+001
  2.8129035e+001
  2.7898654e+001
  2.7668274e+001
  2.7437893e+001
  2.7207513e+001
  2.6977132e+001
  2.6746752e+001
  2.6516371e+001
  2.6285991e+001
  2.6055611e+001
  2.5825230e+001
  2.5594850e+001
  2.5364469e+001
  2.5134089e+001
  2.4903708e+001
  2.4673328e+001
  2.4442947e+001
  2.4212567e+001
  2.3982186e+001
  2.3751806e+001
  2.3521425e+001
  2.3291045e+001
  2.3060664e+001
  2.2830284e+001
  2.2599903e+001
  2.2369523e+001
  2.2139143e+001
  2.1908762e+001
  2.1678382e+001
  2.1448001e+001
  2.1217621e+001
  2.0987240e+001
  2.0756860e+001
  2.0526479e+001
  2.0296099e+001
  2.0065718e+001
  1.9835338e+001
  1.9604957e+001
  1.9374577e+001
  1.9144196e+001
  1.8913816e+001
  1.8683435e+001
  1.8453055e+001
  1.8222674e+001
  1.7992294e+001
  1.7761914e+001
  1.7531533e+001
  1.7301153e+001
  1.7070772e+001
  1.6840392e+001
  1.6610011e+001
  1.6379631e+001
  1.6149250e+001
  1.5918870e+001
  1.5688489e+001
  1.5458109e+001
  1.5227728e+001
  1.4997348e+001
  1.4766967e+001
  1.4536587e+001
  1.4306206e+001
  1.4075826e+001
  1.3845446e+001
  1.3615065e+001
  1.3384685e+001
  1.3154304e+001
  1.2967120e+001
  1.2967120e+001
  1.2967120e+001
  1.2967120e+001
  1.2967120e+001
  1.2967120e+001
  1.2967120e+001
  1.2967120e+001
  1.2967120e+001
  1.2967120e+001
  1.2967120e+001
  1.2967120e+001
  1.2967120e+001
  1.2967120e+001
  1.2967120e+001
  1.2967120e+001
  1.2967120e+001
  1.2967120e+001
  1.2967120e+001
  1.2967120e+001
  1.2967120e+001
  1.2967120e+001
  1.2967120e+001
  1.2967120e+001
  1.2967120e+001
  1.2967120e+001
  1.2967120e+001
  1.2967120e+001
  1.2967120e+001
