  5.1901000e+000
  5.1901000e+000
  5.1901000e+000
  5.1901000e+000
  5.1901000e+000
  5.1901000e+000
  5.1901000e+000
  5.1901000e+000
  5.1901000e+000
  5.1901000e+000
  5.1901000e+000
  5.3507185e+000
  5.5113371e+000
  5.6719556e+000
  5.8325741e+000
  5.9931927e+000
  6.1538112e+000
  6.3144298e+000
  6.4750483e+000
  6.6356668e+000
  6.7962854e+000
  6.9569039e+000
  7.1175224e+000
  7.2781410e+000
  7.4387595e+000
  7.5993780e+000
  7.7599966e+000
  7.9206151e+000
  8.0812337e+000
  8.2418522e+000
  8.4024707e+000
  8.5630893e+000
  8.7237078e+000
  8.8843263e+000
  9.0449449e+000
  9.2055634e+000
  9.3661820e+000
  9.5268005e+000
  9.6874190e+000
  9.8480376e+000
  1.0008656e+001
  1.0169275e+001
  1.0329893e+001
  1.0490512e+001
  1.0651130e+001
  1.0811749e+001
  1.0972367e+001
  1.1132986e+001
  1.1293604e+001
  1.1454223e+001
  1.1614841e+001
  1.1775460e+001
  1.1936079e+001
  1.2096697e+001
  1.2257316e+001
  1.2417934e+001
  1.2578553e+001
  1.2739171e+001
  1.2899790e+001
  1.3060408e+001
  1.3221027e+001
  1.3381645e+001
  1.3542264e+001
  1.3702882e+001
  1.3863501e+001
  1.4024120e+001
  1.4184738e+001
  1.4345357e+001
  1.4505975e+001
  1.4666594e+001
  1.4827212e+001
  1.4987831e+001
  1.5148449e+001
  1.5309068e+001
  1.5469686e+001
  1.5630305e+001
  1.5790923e+001
  1.5951542e+001
  1.6112160e+001
  1.6272779e+001
  1.6433398e+001
  1.6594016e+001
  1.6754635e+001
  1.6915253e+001
  1.7075872e+001
  1.7236490e+001
  1.7397109e+001
  1.7557727e+001
  1.7718346e+001
  1.7878964e+001
  1.8039583e+001
  1.8200201e+001
  1.8360820e+001
  1.8521439e+001
  1.8682057e+001
  1.8842676e+001
  1.9003294e+001
  1.9163913e+001
  1.9324531e+001
  1.9485150e+001
  1.9645768e+001
  1.9806387e+001
  1.9967005e+001
  2.0127624e+001
  2.0288242e+001
  2.0448861e+001
  2.0609480e+001
  2.0770098e+001
  2.0930717e+001
  2.1091335e+001
  2.1251954e+001
  2.1412572e+001
  2.1573191e+001
  2.1556182e+001
  2.1364147e+001
  2.1172111e+001
  2.0980076e+001
  2.0788040e+001
  2.0596005e+001
  2.0403969e+001
  2.0211934e+001
  2.0019898e+001
  1.9827863e+001
  1.9635827e+001
  1.9443792e+001
  1.9251757e+001
  1.9059721e+001
  1.8867686e+001
  1.8675650e+001
  1.8483615e+001
  1.8291579e+001
  1.8099544e+001
  1.7907508e+001
  1.7715473e+001
  1.7523437e+001
  1.7331402e+001
  1.7139366e+001
  1.6947331e+001
  1.6755295e+001
  1.6563260e+001
  1.6371224e+001
  1.6179189e+001
  1.5987153e+001
  1.5795118e+001
  1.5603082e+001
  1.5411047e+001
  1.5219012e+001
  1.5026976e+001
  1.4834941e+001
  1.4642905e+001
  1.4450870e+001
  1.4258834e+001
  1.4066799e+001
  1.3874763e+001
  1.3682728e+001
  1.3490692e+001
  1.3298657e+001
  1.3106621e+001
  1.2914586e+001
  1.2722550e+001
  1.2530515e+001
  1.2338479e+001
  1.2146444e+001
  1.1954408e+001
  1.1762373e+001
  1.1570337e+001
  1.1378302e+001
  1.1186267e+001
  1.0994231e+001
  1.0802196e+001
  1.0610160e+001
  1.0418125e+001
  1.0226089e+001
  1.0034054e+001
  9.8420182e+000
  9.6499827e+000
  9.4579472e+000
  9.2659118e+000
  9.0738763e+000
  8.8818408e+000
  8.6898053e+000
  8.4977698e+000
  8.3057344e+000
  8.1136989e+000
  7.9216634e+000
  7.7296279e+000
  7.5375925e+000
  7.3455570e+000
  7.1535215e+000
  6.9614860e+000
  6.7694506e+000
  6.5774151e+000
  6.3853796e+000
  6.1933441e+000
  6.0013086e+000
  5.8092732e+000
  5.6172377e+000
  5.4252022e+000
  5.4132000e+000
  5.4132000e+000
  5.4132000e+000
  5.4132000e+000
  5.4132000e+000
  5.4132000e+000
  5.4132000e+000
  5.4132000e+000
  5.4132000e+000
  5.4132000e+000
  5.4132000e+000
  5.4132000e+000
  5.4132000e+000
  5.4132000e+000
  5.4132000e+000
  5.4132000e+000
  5.4132000e+000
  5.4132000e+000
  5.4132000e+000
  5.4132000e+000
  5.4132000e+000
  5.4132000e+000
  5.4132000e+000
  5.4132000e+000
  5.4132000e+000
  5.4132000e+000
  5.4132000e+000
  5.4132000e+000
  5.4132000e+000
  5.4132000e+000
  5.4132000e+000
  5.4132000e+000
  5.4132000e+000
  5.4132000e+000
  5.4132000e+000
  5.4132000e+000
  5.4132000e+000
  5.4132000e+000
  5.4132000e+000
  5.4132000e+000
  5.4132000e+000
  5.4132000e+000
  5.4132000e+000
  5.4132000e+000
  5.4132000e+000
  5.4132000e+000
  5.4132000e+000
  5.4132000e+000
  5.4132000e+000
  5.4132000e+000
  5.4132000e+000
  5.4132000e+000
  5.4132000e+000
  5.4132000e+000
  5.4132000e+000
  5.4132000e+000
  5.4132000e+000
  5.4132000e+000
