  5.8503000e+001
  5.8503000e+001
  5.8503000e+001
  5.8503000e+001
  5.8503000e+001
  5.8503000e+001
  5.8503000e+001
  5.8503000e+001
  5.8503000e+001
  5.8503000e+001
  5.8503000e+001
  5.8503000e+001
  5.8503000e+001
  5.8503000e+001
  5.8503000e+001
  5.8503000e+001
  5.8503000e+001
  5.8503000e+001
  5.8503000e+001
  5.8503000e+001
  5.8503000e+001
  5.8596018e+001
  5.9340161e+001
  6.0084304e+001
  6.0828448e+001
  6.1572591e+001
  6.2316734e+001
  6.3060877e+001
  6.3805021e+001
  6.4549164e+001
  6.5293307e+001
  6.6037451e+001
  6.6781594e+001
  6.7525737e+001
  6.8269880e+001
  6.9014024e+001
  6.9758167e+001
  7.0502310e+001
  7.1246453e+001
  7.1990597e+001
  7.2734740e+001
  7.3478883e+001
  7.4223026e+001
  7.4967170e+001
  7.5711313e+001
  7.6455456e+001
  7.7199600e+001
  7.7943743e+001
  7.8687886e+001
  7.9432029e+001
  8.0176173e+001
  8.0920316e+001
  8.1664459e+001
  8.2408602e+001
  8.3152746e+001
  8.3896889e+001
  8.4641032e+001
  8.5385175e+001
  8.6129319e+001
  8.6873462e+001
  8.7617605e+001
  8.8361748e+001
  8.9105892e+001
  8.9850035e+001
  9.0594178e+001
  9.1338322e+001
  9.2082465e+001
  9.2826608e+001
  9.3570751e+001
  9.4314895e+001
  9.5059038e+001
  9.5803181e+001
  9.6547324e+001
  9.7291468e+001
  9.8035611e+001
  9.8779754e+001
  9.9523897e+001
  1.0026804e+002
  1.0101218e+002
  1.0175633e+002
  1.0250047e+002
  1.0324461e+002
  1.0398876e+002
  1.0473290e+002
  1.0547704e+002
  1.0622119e+002
  1.0696533e+002
  1.0770947e+002
  1.0845362e+002
  1.0919776e+002
  1.0994190e+002
  1.1068605e+002
  1.1143019e+002
  1.1217433e+002
  1.1291848e+002
  1.1366262e+002
  1.1440676e+002
  1.1515091e+002
  1.1589505e+002
  1.1663919e+002
  1.1706293e+002
  1.1657706e+002
  1.1609118e+002
  1.1560531e+002
  1.1511943e+002
  1.1463356e+002
  1.1414768e+002
  1.1366181e+002
  1.1317593e+002
  1.1269006e+002
  1.1220418e+002
  1.1171831e+002
  1.1123243e+002
  1.1074656e+002
  1.1026068e+002
  1.0977481e+002
  1.0928893e+002
  1.0880306e+002
  1.0831718e+002
  1.0783131e+002
  1.0734543e+002
  1.0685956e+002
  1.0637368e+002
  1.0588781e+002
  1.0540193e+002
  1.0491606e+002
  1.0443018e+002
  1.0394431e+002
  1.0345843e+002
  1.0297256e+002
  1.0248668e+002
  1.0200081e+002
  1.0151493e+002
  1.0102906e+002
  1.0054318e+002
  1.0005731e+002
  9.9571432e+001
  9.9085557e+001
  9.8599682e+001
  9.8113807e+001
  9.7627932e+001
  9.7142057e+001
  9.6656182e+001
  9.6170307e+001
  9.5684432e+001
  9.5198557e+001
  9.4712682e+001
  9.4226807e+001
  9.3740932e+001
  9.3255057e+001
  9.2769182e+001
  9.2283307e+001
  9.1797432e+001
  9.1311557e+001
  9.0825682e+001
  9.0339807e+001
  8.9853932e+001
  8.9368057e+001
  8.8882182e+001
  8.8396307e+001
  8.7910432e+001
  8.7424557e+001
  8.6938682e+001
  8.6452807e+001
  8.5966932e+001
  8.5481057e+001
  8.4995182e+001
  8.4509307e+001
  8.4023432e+001
  8.3537557e+001
  8.3051682e+001
  8.2565807e+001
  8.2079932e+001
  8.1594057e+001
  8.1108182e+001
  8.0622307e+001
  8.0136432e+001
  7.9650557e+001
  7.9164682e+001
  7.8678807e+001
  7.8192932e+001
  7.7707057e+001
  7.7221182e+001
  7.6735307e+001
  7.6249432e+001
  7.5763557e+001
  7.5277682e+001
  7.4791807e+001
  7.4305932e+001
  7.3820057e+001
  7.3334182e+001
  7.2848307e+001
  7.2362432e+001
  7.1876557e+001
  7.1390682e+001
  7.0904807e+001
  7.0418932e+001
  6.9933057e+001
  6.9447182e+001
  6.8961307e+001
  6.8475432e+001
  6.7989557e+001
  6.7503682e+001
  6.7017807e+001
  6.6531932e+001
  6.6046057e+001
  6.5560182e+001
  6.5074307e+001
  6.4588432e+001
  6.4102557e+001
  6.3616682e+001
  6.3130807e+001
  6.2644932e+001
  6.2159057e+001
  6.1673182e+001
  6.1187307e+001
  6.0701432e+001
  6.0215557e+001
  5.9729682e+001
  5.9243807e+001
  5.8757932e+001
  5.8272057e+001
  5.7786182e+001
  5.7300307e+001
  5.6814432e+001
  5.6328558e+001
  5.5842683e+001
  5.5356808e+001
  5.4870933e+001
  5.4385058e+001
  5.3899183e+001
  5.3413308e+001
  5.2927433e+001
  5.2441558e+001
  5.1955683e+001
  5.1469808e+001
  5.0983933e+001
  5.0498058e+001
  5.0012183e+001
  4.9526308e+001
  4.9040433e+001
  4.8554558e+001
  4.8068683e+001
  4.7582808e+001
  4.7096933e+001
  4.6611058e+001
  4.6125183e+001
  4.5639308e+001
  4.5153433e+001
  4.4667558e+001
  4.4181683e+001
  4.3695808e+001
  4.3209933e+001
  4.2724058e+001
  4.2238183e+001
  4.1752308e+001
