  5.1304000e+000
  5.1304000e+000
  5.1304000e+000
  5.1304000e+000
  5.1304000e+000
  5.1304000e+000
  5.1304000e+000
  5.1304000e+000
  5.1304000e+000
  5.1304000e+000
  5.1304000e+000
  5.1304000e+000
  5.1304000e+000
  5.1304000e+000
  5.1304000e+000
  5.1304000e+000
  5.1304000e+000
  5.1304000e+000
  5.1304000e+000
  5.1304000e+000
  5.1304000e+000
  5.1304000e+000
  5.1304000e+000
  5.2178074e+000
  5.3731982e+000
  5.5285891e+000
  5.6839799e+000
  5.8393708e+000
  5.9947616e+000
  6.1501525e+000
  6.3055434e+000
  6.4609342e+000
  6.6163251e+000
  6.7717159e+000
  6.9271068e+000
  7.0824976e+000
  7.2378885e+000
  7.3932794e+000
  7.5486702e+000
  7.7040611e+000
  7.8594519e+000
  8.0148428e+000
  8.1702336e+000
  8.3256245e+000
  8.4810154e+000
  8.6364062e+000
  8.7917971e+000
  8.9471879e+000
  9.1025788e+000
  9.2579696e+000
  9.4133605e+000
  9.5687514e+000
  9.7241422e+000
  9.8795331e+000
  1.0034924e+001
  1.0190315e+001
  1.0345706e+001
  1.0501096e+001
  1.0656487e+001
  1.0811878e+001
  1.0967269e+001
  1.1122660e+001
  1.1278051e+001
  1.1433442e+001
  1.1588832e+001
  1.1744223e+001
  1.1899614e+001
  1.2055005e+001
  1.2210396e+001
  1.2365787e+001
  1.2521178e+001
  1.2676568e+001
  1.2831959e+001
  1.2987350e+001
  1.3142741e+001
  1.3298132e+001
  1.3453523e+001
  1.3608914e+001
  1.3764305e+001
  1.3919695e+001
  1.4075086e+001
  1.4230477e+001
  1.4385868e+001
  1.4541259e+001
  1.4696650e+001
  1.4852040e+001
  1.5007431e+001
  1.5162822e+001
  1.5318213e+001
  1.5473604e+001
  1.5628995e+001
  1.5784386e+001
  1.5939776e+001
  1.6095167e+001
  1.6250558e+001
  1.6405949e+001
  1.6561340e+001
  1.6716731e+001
  1.6872122e+001
  1.7027513e+001
  1.7182903e+001
  1.7338294e+001
  1.7493685e+001
  1.7649076e+001
  1.7804467e+001
  1.7959858e+001
  1.8115249e+001
  1.8270639e+001
  1.8426030e+001
  1.8581421e+001
  1.8706602e+001
  1.8514632e+001
  1.8322662e+001
  1.8130692e+001
  1.7938722e+001
  1.7746752e+001
  1.7554782e+001
  1.7362812e+001
  1.7170843e+001
  1.6978873e+001
  1.6786903e+001
  1.6594933e+001
  1.6402963e+001
  1.6210993e+001
  1.6019023e+001
  1.5827053e+001
  1.5635083e+001
  1.5443113e+001
  1.5251143e+001
  1.5059174e+001
  1.4867204e+001
  1.4675234e+001
  1.4483264e+001
  1.4291294e+001
  1.4099324e+001
  1.3907354e+001
  1.3715384e+001
  1.3523414e+001
  1.3331444e+001
  1.3139474e+001
  1.2947504e+001
  1.2755535e+001
  1.2563565e+001
  1.2371595e+001
  1.2179625e+001
  1.1987655e+001
  1.1795685e+001
  1.1603715e+001
  1.1411745e+001
  1.1219775e+001
  1.1027805e+001
  1.0835835e+001
  1.0643865e+001
  1.0451896e+001
  1.0259926e+001
  1.0067956e+001
  9.8759858e+000
  9.6840159e+000
  9.4920460e+000
  9.3000761e+000
  9.1081062e+000
  8.9161362e+000
  8.7241663e+000
  8.5321964e+000
  8.3402265e+000
  8.1482566e+000
  7.9562867e+000
  7.7643168e+000
  7.5723468e+000
  7.3803769e+000
  7.1884070e+000
  6.9964371e+000
  6.8044672e+000
  6.6124973e+000
  6.4205274e+000
  6.2285574e+000
  6.0365875e+000
  5.8446176e+000
  5.6526477e+000
  5.4606778e+000
  5.2687079e+000
  5.0767379e+000
  4.8847680e+000
  4.6927981e+000
  4.6808000e+000
  4.6808000e+000
  4.6808000e+000
  4.6808000e+000
  4.6808000e+000
  4.6808000e+000
  4.6808000e+000
  4.6808000e+000
  4.6808000e+000
  4.6808000e+000
  4.6808000e+000
  4.6808000e+000
  4.6808000e+000
  4.6808000e+000
  4.6808000e+000
  4.6808000e+000
  4.6808000e+000
  4.6808000e+000
  4.6808000e+000
  4.6808000e+000
  4.6808000e+000
  4.6808000e+000
  4.6808000e+000
  4.6808000e+000
  4.6808000e+000
  4.6808000e+000
  4.6808000e+000
  4.6808000e+000
  4.6808000e+000
  4.6808000e+000
  4.6808000e+000
  4.6808000e+000
  4.6808000e+000
  4.6808000e+000
  4.6808000e+000
  4.6808000e+000
  4.6808000e+000
  4.6808000e+000
  4.6808000e+000
  4.6808000e+000
  4.6808000e+000
  4.6808000e+000
  4.6808000e+000
  4.6808000e+000
  4.6808000e+000
  4.6808000e+000
  4.6808000e+000
  4.6808000e+000
  4.6808000e+000
  4.6808000e+000
  4.6808000e+000
  4.6808000e+000
  4.6808000e+000
  4.6808000e+000
  4.6808000e+000
  4.6808000e+000
  4.6808000e+000
  4.6808000e+000
  4.6808000e+000
  4.6808000e+000
  4.6808000e+000
  4.6808000e+000
  4.6808000e+000
  4.6808000e+000
  4.6808000e+000
  4.6808000e+000
  4.6808000e+000
  4.6808000e+000
  4.6808000e+000
  4.6808000e+000
  4.6808000e+000
  4.6808000e+000
