  3.4182209e+001
  3.4182209e+001
  3.4182209e+001
  3.4182209e+001
  3.4182209e+001
  3.4182209e+001
  3.4182209e+001
  3.4182209e+001
  3.4182209e+001
  3.4182209e+001
  3.4182209e+001
  3.4807621e+001
  3.5433033e+001
  3.6058444e+001
  3.6683856e+001
  3.7309268e+001
  3.7934679e+001
  3.8560091e+001
  3.9185503e+001
  3.9810914e+001
  4.0436326e+001
  4.1061738e+001
  4.1687149e+001
  4.2312561e+001
  4.2937973e+001
  4.3563384e+001
  4.4188796e+001
  4.4814208e+001
  4.5439619e+001
  4.6065031e+001
  4.6690443e+001
  4.7315854e+001
  4.7941266e+001
  4.8566678e+001
  4.9192090e+001
  4.9817501e+001
  5.0442913e+001
  5.1068325e+001
  5.1693736e+001
  5.2319148e+001
  5.2944560e+001
  5.3569971e+001
  5.4195383e+001
  5.4820795e+001
  5.5446206e+001
  5.6071618e+001
  5.6697030e+001
  5.7322441e+001
  5.7947853e+001
  5.8573265e+001
  5.9198676e+001
  5.9824088e+001
  6.0449500e+001
  6.1074911e+001
  6.1700323e+001
  6.2325735e+001
  6.2951147e+001
  6.3576558e+001
  6.4201970e+001
  6.4827382e+001
  6.5452793e+001
  6.6078205e+001
  6.6703617e+001
  6.7329028e+001
  6.7954440e+001
  6.8579852e+001
  6.9205263e+001
  6.9830675e+001
  7.0456087e+001
  7.1081498e+001
  7.1706910e+001
  7.2332322e+001
  7.2957733e+001
  7.3583145e+001
  7.4208557e+001
  7.4833968e+001
  7.5459380e+001
  7.6084792e+001
  7.6710204e+001
  7.7335615e+001
  7.7961027e+001
  7.8586439e+001
  7.9211850e+001
  7.9837262e+001
  8.0462674e+001
  8.1088085e+001
  8.1713497e+001
  8.2338909e+001
  8.2964320e+001
  8.3589732e+001
  8.4215144e+001
  8.4840555e+001
  8.5465967e+001
  8.6091379e+001
  8.6716790e+001
  8.7342202e+001
  8.7967614e+001
  8.8593025e+001
  8.9218437e+001
  8.9843849e+001
  9.0469261e+001
  9.1094672e+001
  9.1720084e+001
  9.2345496e+001
  9.2970907e+001
  9.3596319e+001
  9.4221731e+001
  9.4847142e+001
  9.5472554e+001
  9.6097966e+001
  9.6723377e+001
  9.7348789e+001
  9.7974201e+001
  9.8599612e+001
  9.9225024e+001
  9.9850436e+001
  1.0047585e+002
  1.0110126e+002
  1.0172667e+002
  1.0235208e+002
  1.0297749e+002
  1.0360291e+002
  1.0422832e+002
  1.0485373e+002
  1.0547914e+002
  1.0610455e+002
  1.0672996e+002
  1.0735538e+002
  1.0798079e+002
  1.0860620e+002
  1.0923161e+002
  1.0985702e+002
  1.1048243e+002
  1.1110785e+002
  1.1173326e+002
  1.1235867e+002
  1.1298408e+002
  1.1360949e+002
  1.1423490e+002
  1.1486032e+002
  1.1548573e+002
  1.1611114e+002
  1.1673655e+002
  1.1736196e+002
  1.1798737e+002
  1.1861279e+002
  1.1923820e+002
  1.1986361e+002
  1.2048902e+002
  1.2111443e+002
  1.2173984e+002
  1.2236526e+002
  1.2299067e+002
  1.2361608e+002
  1.2424149e+002
  1.2486690e+002
  1.2549231e+002
  1.2611773e+002
  1.2674314e+002
  1.2619515e+002
  1.2524818e+002
  1.2430122e+002
  1.2335425e+002
  1.2240728e+002
  1.2146032e+002
  1.2051335e+002
  1.1956639e+002
  1.1861942e+002
  1.1767246e+002
  1.1672549e+002
  1.1577852e+002
  1.1483156e+002
  1.1388459e+002
  1.1293763e+002
  1.1199066e+002
  1.1104370e+002
  1.1009673e+002
  1.0914976e+002
  1.0820280e+002
  1.0725583e+002
  1.0630887e+002
  1.0536190e+002
  1.0441494e+002
  1.0346797e+002
  1.0252101e+002
  1.0157404e+002
  1.0062707e+002
  9.9680108e+001
  9.8733143e+001
  9.7786177e+001
  9.6839211e+001
  9.5892246e+001
  9.4945280e+001
  9.3998314e+001
  9.3051349e+001
  9.2104383e+001
  9.1157417e+001
  9.0210452e+001
  8.9263486e+001
  8.8316520e+001
  8.7369555e+001
  8.6422589e+001
  8.5475623e+001
  8.4528658e+001
  8.3581692e+001
  8.2634726e+001
  8.1687761e+001
  8.0740795e+001
  7.9793829e+001
  7.8846864e+001
  7.7899898e+001
  7.6952932e+001
  7.6005967e+001
  7.5059001e+001
  7.4112035e+001
  7.3165070e+001
  7.2218104e+001
  7.1271138e+001
  7.0324173e+001
  6.9377207e+001
  6.8430241e+001
  6.7483276e+001
  6.6536310e+001
  6.5589344e+001
  6.4642379e+001
  6.3695413e+001
  6.2748447e+001
  6.1801482e+001
  6.0854516e+001
  5.9907550e+001
  5.8960585e+001
  5.8013619e+001
  5.7066653e+001
  5.6119688e+001
  5.5172722e+001
  5.4225756e+001
  5.3278791e+001
  5.2331825e+001
  5.1384859e+001
  5.0437894e+001
  4.9490928e+001
  4.8543962e+001
  4.7596996e+001
  4.6650031e+001
  4.5703065e+001
  4.4756099e+001
  4.3809134e+001
  4.2862168e+001
  4.1915202e+001
  4.0968237e+001
  4.0021271e+001
  3.9074305e+001
  3.8127340e+001
  3.7180374e+001
  3.6233408e+001
  3.5286443e+001
