  2.2510857e+001
  2.2510857e+001
  2.2510857e+001
  2.2510857e+001
  2.2510857e+001
  2.2510857e+001
  2.2510857e+001
  2.2510857e+001
  2.2510857e+001
  2.2510857e+001
  2.2510857e+001
  2.3523967e+001
  2.4537076e+001
  2.5550186e+001
  2.6563296e+001
  2.7576405e+001
  2.8589515e+001
  2.9602624e+001
  3.0615734e+001
  3.1628844e+001
  3.2641953e+001
  3.3655063e+001
  3.4668172e+001
  3.5681282e+001
  3.6694392e+001
  3.7707501e+001
  3.8720611e+001
  3.9733720e+001
  4.0746830e+001
  4.1759940e+001
  4.2773049e+001
  4.3786159e+001
  4.4799268e+001
  4.5812378e+001
  4.6825488e+001
  4.7838597e+001
  4.8851707e+001
  4.9864816e+001
  5.0877926e+001
  5.1891036e+001
  5.2904145e+001
  5.3917255e+001
  5.4930364e+001
  5.5943474e+001
  5.6956584e+001
  5.7969693e+001
  5.8982803e+001
  5.9995912e+001
  6.1009022e+001
  6.2022131e+001
  6.3035241e+001
  6.4048351e+001
  6.5061460e+001
  6.6074570e+001
  6.7087679e+001
  6.8100789e+001
  6.9113899e+001
  6.9986599e+001
  6.9722785e+001
  6.9458972e+001
  6.9195158e+001
  6.8931344e+001
  6.8667530e+001
  6.8403716e+001
  6.8139902e+001
  6.7876088e+001
  6.7612275e+001
  6.7348461e+001
  6.7084647e+001
  6.6820833e+001
  6.6557019e+001
  6.6293205e+001
  6.6029391e+001
  6.5765577e+001
  6.5501764e+001
  6.5237950e+001
  6.4974136e+001
  6.4710322e+001
  6.4446508e+001
  6.4182694e+001
  6.3918880e+001
  6.3655067e+001
  6.3391253e+001
  6.3127439e+001
  6.2863625e+001
  6.2599811e+001
  6.2335997e+001
  6.2072183e+001
  6.1808370e+001
  6.1544556e+001
  6.1280742e+001
  6.1016928e+001
  6.0753114e+001
  6.0489300e+001
  6.0225486e+001
  5.9961672e+001
  5.9697859e+001
  5.9434045e+001
  5.9170231e+001
  5.8906417e+001
  5.8642603e+001
  5.8378789e+001
  5.8114975e+001
  5.7851162e+001
  5.7587348e+001
  5.7323534e+001
  5.7059720e+001
  5.6795906e+001
  5.6532092e+001
  5.6268278e+001
  5.6004465e+001
  5.5740651e+001
  5.5476837e+001
  5.5213023e+001
  5.4949209e+001
  5.4685395e+001
  5.4421581e+001
  5.4157768e+001
  5.3893954e+001
  5.3630140e+001
  5.3366326e+001
  5.3102512e+001
  5.2838698e+001
  5.2574884e+001
  5.2311070e+001
  5.2047257e+001
  5.1783443e+001
  5.1519629e+001
  5.1255815e+001
  5.0992001e+001
  5.0728187e+001
  5.0464373e+001
  5.0200560e+001
  4.9936746e+001
  4.9672932e+001
  4.9409118e+001
  4.9145304e+001
  4.8881490e+001
  4.8617676e+001
  4.8353863e+001
  4.8090049e+001
  4.7826235e+001
  4.7562421e+001
  4.7298607e+001
  4.7034793e+001
  4.6770979e+001
  4.6507166e+001
  4.6243352e+001
  4.5979538e+001
  4.5715724e+001
  4.5451910e+001
  4.5188096e+001
  4.4924282e+001
  4.4660468e+001
  4.4396655e+001
  4.4132841e+001
  4.3869027e+001
  4.3605213e+001
  4.3341399e+001
  4.3077585e+001
  4.2813771e+001
  4.2549958e+001
  4.2286144e+001
  4.2022330e+001
  4.1758516e+001
  4.1494702e+001
  4.1230888e+001
  4.0967074e+001
  4.0703261e+001
  4.0439447e+001
  4.0175633e+001
  3.9911819e+001
  3.9648005e+001
  3.9384191e+001
  3.9120377e+001
  3.8856563e+001
  3.8592750e+001
  3.8328936e+001
  3.8065122e+001
  3.7801308e+001
  3.7537494e+001
  3.7273680e+001
  3.7009866e+001
  3.6746053e+001
  3.6482239e+001
  3.6218425e+001
  3.5954611e+001
  3.5690797e+001
  3.5426983e+001
  3.5163169e+001
  3.4899356e+001
  3.4635542e+001
  3.4371728e+001
  3.4107914e+001
  3.3844100e+001
  3.3580286e+001
  3.3316472e+001
  3.3052659e+001
  3.2788845e+001
  3.2525031e+001
  3.2261217e+001
  3.1997403e+001
  3.1733589e+001
  3.1469775e+001
  3.1205961e+001
  3.0942148e+001
  3.0678334e+001
  3.0414520e+001
  3.0150706e+001
  2.9886892e+001
  2.9623078e+001
  2.9359264e+001
  2.9095451e+001
  2.8831637e+001
  2.8567823e+001
  2.8304009e+001
  2.8040195e+001
  2.7776381e+001
  2.7512567e+001
  2.7248754e+001
  2.6984940e+001
  2.6721126e+001
  2.6457312e+001
  2.6193498e+001
  2.5929684e+001
  2.5665870e+001
  2.5402057e+001
  2.5138243e+001
  2.4874429e+001
  2.4610615e+001
  2.4346801e+001
  2.4082987e+001
  2.3819173e+001
  2.3555359e+001
  2.3291546e+001
  2.3027732e+001
  2.2763918e+001
  2.2500104e+001
  2.2236290e+001
  2.1972476e+001
  2.1708662e+001
  2.1444849e+001
  2.1181035e+001
  2.0917221e+001
  2.0653407e+001
  2.0389593e+001
  2.0125779e+001
  1.9861965e+001
  1.9598152e+001
  1.9334338e+001
  1.9070524e+001
  1.8806710e+001
  1.8542896e+001
  1.8279082e+001
  1.8015268e+001
  1.7751454e+001
