  5.3310000e+000
  5.3310000e+000
  5.3310000e+000
  5.3310000e+000
  5.3310000e+000
  5.3310000e+000
  5.3310000e+000
  5.3310000e+000
  5.3310000e+000
  5.3310000e+000
  5.3310000e+000
  5.3310000e+000
  5.3310000e+000
  5.3310000e+000
  5.3310000e+000
  5.3310000e+000
  5.3310000e+000
  5.3310000e+000
  5.4351451e+000
  5.5866290e+000
  5.7381128e+000
  5.8895967e+000
  6.0410805e+000
  6.1925644e+000
  6.3440482e+000
  6.4955320e+000
  6.6470159e+000
  6.7984997e+000
  6.9499836e+000
  7.1014674e+000
  7.2529513e+000
  7.4044351e+000
  7.5559189e+000
  7.7074028e+000
  7.8588866e+000
  8.0103705e+000
  8.1618543e+000
  8.3133382e+000
  8.4648220e+000
  8.6163058e+000
  8.7677897e+000
  8.9192735e+000
  9.0707574e+000
  9.2222412e+000
  9.3737251e+000
  9.5252089e+000
  9.6766927e+000
  9.8281766e+000
  9.9796604e+000
  1.0131144e+001
  1.0282628e+001
  1.0434112e+001
  1.0585596e+001
  1.0737080e+001
  1.0888563e+001
  1.1040047e+001
  1.1191531e+001
  1.1343015e+001
  1.1494499e+001
  1.1645983e+001
  1.1797467e+001
  1.1948950e+001
  1.2100434e+001
  1.2251918e+001
  1.2403402e+001
  1.2554886e+001
  1.2706370e+001
  1.2857853e+001
  1.3009337e+001
  1.3160821e+001
  1.3312305e+001
  1.3463789e+001
  1.3615273e+001
  1.3766756e+001
  1.3918240e+001
  1.4069724e+001
  1.4221208e+001
  1.4372692e+001
  1.4524176e+001
  1.4675660e+001
  1.4827143e+001
  1.4978627e+001
  1.5130111e+001
  1.5281595e+001
  1.5433079e+001
  1.5584563e+001
  1.5736046e+001
  1.5887530e+001
  1.6039014e+001
  1.6190498e+001
  1.6341982e+001
  1.6493466e+001
  1.6644950e+001
  1.6796433e+001
  1.6947917e+001
  1.7099401e+001
  1.7250885e+001
  1.7402369e+001
  1.7553853e+001
  1.7705336e+001
  1.7856820e+001
  1.8008304e+001
  1.8159788e+001
  1.8311272e+001
  1.8462756e+001
  1.8614239e+001
  1.8765723e+001
  1.8917207e+001
  1.9068691e+001
  1.9220175e+001
  1.9371659e+001
  1.9523143e+001
  1.9674626e+001
  1.9826110e+001
  1.9977594e+001
  2.0129078e+001
  2.0280562e+001
  2.0432046e+001
  2.0583529e+001
  2.0735013e+001
  2.0886497e+001
  2.1037981e+001
  2.1189465e+001
  2.1340949e+001
  2.1492432e+001
  2.1643916e+001
  2.1795400e+001
  2.1946884e+001
  2.2098368e+001
  2.2249852e+001
  2.2401336e+001
  2.2552819e+001
  2.2639994e+001
  2.2447960e+001
  2.2255926e+001
  2.2063892e+001
  2.1871858e+001
  2.1679824e+001
  2.1487790e+001
  2.1295757e+001
  2.1103723e+001
  2.0911689e+001
  2.0719655e+001
  2.0527621e+001
  2.0335587e+001
  2.0143553e+001
  1.9951519e+001
  1.9759486e+001
  1.9567452e+001
  1.9375418e+001
  1.9183384e+001
  1.8991350e+001
  1.8799316e+001
  1.8607282e+001
  1.8415248e+001
  1.8223215e+001
  1.8031181e+001
  1.7839147e+001
  1.7647113e+001
  1.7455079e+001
  1.7263045e+001
  1.7071011e+001
  1.6878977e+001
  1.6686944e+001
  1.6494910e+001
  1.6302876e+001
  1.6110842e+001
  1.5918808e+001
  1.5726774e+001
  1.5534740e+001
  1.5342706e+001
  1.5150673e+001
  1.4958639e+001
  1.4766605e+001
  1.4574571e+001
  1.4382537e+001
  1.4190503e+001
  1.3998469e+001
  1.3806435e+001
  1.3614402e+001
  1.3422368e+001
  1.3230334e+001
  1.3038300e+001
  1.2846266e+001
  1.2654232e+001
  1.2462198e+001
  1.2270164e+001
  1.2078131e+001
  1.1886097e+001
  1.1694063e+001
  1.1502029e+001
  1.1309995e+001
  1.1117961e+001
  1.0925927e+001
  1.0733893e+001
  1.0541860e+001
  1.0349826e+001
  1.0157792e+001
  9.9657579e+000
  9.7737241e+000
  9.5816902e+000
  9.3896563e+000
  9.1976224e+000
  9.0055886e+000
  8.8135547e+000
  8.6215208e+000
  8.4294869e+000
  8.2374531e+000
  8.0454192e+000
  7.8533853e+000
  7.6613514e+000
  7.4693176e+000
  7.2772837e+000
  7.0852498e+000
  6.8932159e+000
  6.7011821e+000
  6.5091482e+000
  6.3171143e+000
  6.1250805e+000
  5.9330466e+000
  5.7410127e+000
  5.6690000e+000
  5.6690000e+000
  5.6690000e+000
  5.6690000e+000
  5.6690000e+000
  5.6690000e+000
  5.6690000e+000
  5.6690000e+000
  5.6690000e+000
  5.6690000e+000
  5.6690000e+000
  5.6690000e+000
  5.6690000e+000
  5.6690000e+000
  5.6690000e+000
  5.6690000e+000
  5.6690000e+000
  5.6690000e+000
  5.6690000e+000
  5.6690000e+000
  5.6690000e+000
  5.6690000e+000
  5.6690000e+000
  5.6690000e+000
  5.6690000e+000
  5.6690000e+000
  5.6690000e+000
  5.6690000e+000
  5.6690000e+000
  5.6690000e+000
  5.6690000e+000
  5.6690000e+000
  5.6690000e+000
  5.6690000e+000
  5.6690000e+000
