  7.0515000e+000
  7.0515000e+000
  7.0515000e+000
  7.0515000e+000
  7.0515000e+000
  7.0515000e+000
  7.0515000e+000
  7.0515000e+000
  7.0515000e+000
  7.0515000e+000
  7.0515000e+000
  7.1965305e+000
  7.3415611e+000
  7.4865916e+000
  7.6316222e+000
  7.7766527e+000
  7.9216833e+000
  8.0667138e+000
  8.2117444e+000
  8.3567749e+000
  8.5018055e+000
  8.6468360e+000
  8.7918666e+000
  8.9368971e+000
  9.0819277e+000
  9.2269582e+000
  9.3719888e+000
  9.5170193e+000
  9.6620499e+000
  9.8070804e+000
  9.9521110e+000
  1.0097142e+001
  1.0242172e+001
  1.0387203e+001
  1.0532233e+001
  1.0677264e+001
  1.0822294e+001
  1.0967325e+001
  1.1112355e+001
  1.1257386e+001
  1.1402416e+001
  1.1547447e+001
  1.1692478e+001
  1.1837508e+001
  1.1982539e+001
  1.2127569e+001
  1.2272600e+001
  1.2417630e+001
  1.2562661e+001
  1.2707691e+001
  1.2852722e+001
  1.2997752e+001
  1.3142783e+001
  1.3287814e+001
  1.3432844e+001
  1.3577875e+001
  1.3722905e+001
  1.3867936e+001
  1.4012966e+001
  1.4157997e+001
  1.4303027e+001
  1.4448058e+001
  1.4593089e+001
  1.4738119e+001
  1.4883150e+001
  1.5028180e+001
  1.5173211e+001
  1.5318241e+001
  1.5463272e+001
  1.5608302e+001
  1.5753333e+001
  1.5898363e+001
  1.6043394e+001
  1.6188425e+001
  1.6333455e+001
  1.6478486e+001
  1.6623516e+001
  1.6768547e+001
  1.6913577e+001
  1.7058608e+001
  1.7203638e+001
  1.7348669e+001
  1.7493700e+001
  1.7638730e+001
  1.7783761e+001
  1.7928791e+001
  1.8073822e+001
  1.8218852e+001
  1.8363883e+001
  1.8508913e+001
  1.8653944e+001
  1.8798974e+001
  1.8944005e+001
  1.9089036e+001
  1.9234066e+001
  1.9379097e+001
  1.9524127e+001
  1.9669158e+001
  1.9814188e+001
  1.9959219e+001
  2.0104249e+001
  2.0249280e+001
  2.0394310e+001
  2.0539341e+001
  2.0684372e+001
  2.0829402e+001
  2.0974433e+001
  2.1119463e+001
  2.1264494e+001
  2.1409524e+001
  2.1554555e+001
  2.1699585e+001
  2.1844616e+001
  2.1989647e+001
  2.2134677e+001
  2.2279708e+001
  2.2424738e+001
  2.2569769e+001
  2.2714799e+001
  2.2859830e+001
  2.3004860e+001
  2.3149891e+001
  2.3294921e+001
  2.3439952e+001
  2.3584983e+001
  2.3730013e+001
  2.3875044e+001
  2.4020074e+001
  2.4165105e+001
  2.4310135e+001
  2.4455166e+001
  2.4600196e+001
  2.4745227e+001
  2.4890257e+001
  2.5035288e+001
  2.5180319e+001
  2.5325349e+001
  2.5279518e+001
  2.5087550e+001
  2.4895581e+001
  2.4703613e+001
  2.4511645e+001
  2.4319676e+001
  2.4127708e+001
  2.3935740e+001
  2.3743772e+001
  2.3551803e+001
  2.3359835e+001
  2.3167867e+001
  2.2975899e+001
  2.2783930e+001
  2.2591962e+001
  2.2399994e+001
  2.2208025e+001
  2.2016057e+001
  2.1824089e+001
  2.1632121e+001
  2.1440152e+001
  2.1248184e+001
  2.1056216e+001
  2.0864248e+001
  2.0672279e+001
  2.0480311e+001
  2.0288343e+001
  2.0096374e+001
  1.9904406e+001
  1.9712438e+001
  1.9520470e+001
  1.9328501e+001
  1.9136533e+001
  1.8944565e+001
  1.8752596e+001
  1.8560628e+001
  1.8368660e+001
  1.8176692e+001
  1.7984723e+001
  1.7792755e+001
  1.7600787e+001
  1.7408819e+001
  1.7216850e+001
  1.7024882e+001
  1.6832914e+001
  1.6640945e+001
  1.6448977e+001
  1.6257009e+001
  1.6065041e+001
  1.5873072e+001
  1.5681104e+001
  1.5489136e+001
  1.5297168e+001
  1.5105199e+001
  1.4913231e+001
  1.4721263e+001
  1.4529294e+001
  1.4337326e+001
  1.4145358e+001
  1.3953390e+001
  1.3761421e+001
  1.3569453e+001
  1.3377485e+001
  1.3185517e+001
  1.2993548e+001
  1.2801580e+001
  1.2609612e+001
  1.2417643e+001
  1.2225675e+001
  1.2033707e+001
  1.1841739e+001
  1.1649770e+001
  1.1457802e+001
  1.1265834e+001
  1.1073865e+001
  1.0881897e+001
  1.0689929e+001
  1.0497961e+001
  1.0305992e+001
  1.0114024e+001
  9.9220558e+000
  9.7300876e+000
  9.5381193e+000
  9.3461510e+000
  9.1541827e+000
  8.9622145e+000
  8.7702462e+000
  8.5782779e+000
  8.3863096e+000
  8.1943414e+000
  8.0023731e+000
  7.8104048e+000
  7.6184365e+000
  7.4264683e+000
  7.2345000e+000
  7.2345000e+000
  7.2345000e+000
  7.2345000e+000
  7.2345000e+000
  7.2345000e+000
  7.2345000e+000
  7.2345000e+000
  7.2345000e+000
  7.2345000e+000
  7.2345000e+000
  7.2345000e+000
  7.2345000e+000
  7.2345000e+000
  7.2345000e+000
  7.2345000e+000
  7.2345000e+000
  7.2345000e+000
  7.2345000e+000
  7.2345000e+000
  7.2345000e+000
  7.2345000e+000
  7.2345000e+000
  7.2345000e+000
  7.2345000e+000
