  2040	  2040	  2040	  2040	
  7189	  7047	  6324	  7095	
  6957	  6802	  6144	  6833	
  6696	  6545	  5944	  6561	
  6452	  6301	  5786	  6314	
  6254	  6108	  5636	  6121	
  6092	  5968	  5524	  5974	
  5991	  5874	  5446	  5864	
  5900	  5775	  5375	  5786	
  5811	  5679	  5312	  5684	
  5716	  5621	  5255	  5609	
  5625	  5534	  5180	  5532	
  5543	  5470	  5143	  5460	
  5474	  5392	  5081	  5385	
  5411	  5322	  5021	  5316	
  5329	  5254	  4976	  5256	
  5261	  5189	  4921	  5185	
  5215	  5121	  4883	  5133	
  5155	  5063	  4848	  5077	
  5095	  5040	  4799	  5025	
  5055	  4988	  4764	  4980	
  4991	  4937	  4713	  4940	
  4946	  4898	  4703	  4897	
  4914	  4856	  4675	  4864	
  4884	  4826	  4647	  4824	
  4853	  4796	  4643	  4784	
  4823	  4768	  4621	  4776	
  4797	  4749	  4590	  4749	
  4780	  4739	  4573	  4735	
  4764	  4729	  4566	  4722	
  4770	  4731	  4567	  4710	
  4759	  4717	  4552	  4712	
  4753	  4712	  4569	  4723	
  4768	  4716	  4573	  4725	
  4764	  4736	  4582	  4722	
  4788	  4765	  4595	  4739	
  4801	  4764	  4598	  4752	
  4835	  4793	  4628	  4785	
  4853	  4809	  4647	  4810	
  4871	  4839	  4673	  4851	
  4919	  4868	  4684	  4873	
  4959	  4922	  4728	  4908	
  5012	  4960	  4773	  4965	
  5058	  4997	  4798	  5012	
  5103	  5048	  4828	  5053	
  5155	  5106	  4874	  5120	
  5212	  5172	  4919	  5162	
  5267	  5215	  4963	  5219	
  5334	  5289	  5007	  5281	
  5420	  5346	  5066	  5346	
  5486	  5420	  5124	  5425	
  5563	  5499	  5176	  5502	
  5644	  5567	  5228	  5588	
  5733	  5653	  5312	  5658	
  5824	  5739	  5371	  5739	
  5925	  5830	  5441	  5820	
  6023	  5911	  5492	  5916	
  6116	  6005	  5582	  6021	
  6273	  6156	  5681	  6182	
  6469	  6364	  5827	  6373	
  6614	  6514	  5933	  6515	
  7061	  6937	  6241	  6981	
  6852	  6696	  6085	  6721	
  6589	  6443	  5875	  6467	
  6369	  6228	  5730	  6256	
  6176	  6033	  5586	  6066	
  6053	  5922	  5498	  5941	
  5967	  5826	  5421	  5842	
  5842	  5742	  5355	  5749	
  5766	  5651	  5283	  5657	
  5686	  5569	  5226	  5565	
  5594	  5482	  5153	  5490	
  5516	  5416	  5105	  5418	
  5427	  5347	  5055	  5354	
  5357	  5267	  4987	  5280	
  5272	  5205	  4934	  5213	
  5213	  5140	  4902	  5146	
  5161	  5090	  4843	  5083	
  5108	  5031	  4807	  5027	
  5045	  4983	  4767	  4982	
  4998	  4936	  4730	  4937	
  4950	  4888	  4708	  4893	
  4904	  4850	  4670	  4852	
  4854	  4814	  4647	  4812	
  4828	  4772	  4615	  4776	
  4805	  4744	  4598	  4735	
  4772	  4722	  4575	  4729	
  4746	  4695	  4551	  4703	
  4729	  4690	  4535	  4695	
  4714	  4673	  4527	  4676	
  4702	  4675	  4530	  4667	
  4696	  4662	  4533	  4662	
  4701	  4676	  4530	  4664	
  4700	  4671	  4526	  4666	
  4726	  4685	  4543	  4683	
  4734	  4695	  4554	  4701	
  4752	  4714	  4579	  4710	
  4776	  4744	  4593	  4734	
  4802	  4771	  4629	  4774	
  4837	  4803	  4646	  4796	
  4872	  4832	  4673	  4834	
  4911	  4865	  4684	  4864	
  4951	  4914	  4722	  4916	
  5010	  4963	  4765	  4958	
  5042	  5007	  4785	  5003	
  5103	  5059	  4840	  5056	
  5165	  5114	  4874	  5116	
  5221	  5172	  4930	  5175	
  5288	  5245	  4983	  5237	
  5360	  5311	  5031	  5304	
  5436	  5379	  5080	  5375	
  5509	  5451	  5134	  5457	
  5593	  5519	  5202	  5537	
  5673	  5611	  5268	  5603	
  5761	  5695	  5334	  5694	
  5869	  5784	  5410	  5791	
  5966	  5862	  5460	  5884	
  6065	  5968	  5552	  5982	
  6197	  6099	  5629	  6101	
  6391	  6275	  5789	  6286	
  6536	  6399	  5886	  6419	
  6939	  6823	  6172	  6828	
  6727	  6585	  5986	  6615	
  6492	  6344	  5810	  6358	
  6280	  6144	  5646	  6159	
  6117	  5978	  5534	  5998	
  6005	  5874	  5455	  5895	
  5902	  5781	  5381	  5797	
  5809	  5691	  5309	  5700	
  5716	  5601	  5250	  5611	
  5630	  5521	  5184	  5527	
  5523	  5440	  5118	  5441	
  5446	  5373	  5061	  5364	
  5375	  5304	  5015	  5298	
  5298	  5220	  4960	  5217	
  5233	  5153	  4908	  5154	
  5162	  5099	  4861	  5096	
  5103	  5039	  4809	  5035	
  5048	  4983	  4783	  4979	
  4990	  4925	  4738	  4925	
  4927	  4881	  4697	  4880	
  4890	  4833	  4667	  4834	
  4836	  4807	  4631	  4793	
  4808	  4761	  4593	  4764	
  4767	  4722	  4567	  4725	
  4735	  4691	  4535	  4692	
  4701	  4670	  4528	  4677	
  4678	  4647	  4513	  4641	
  4670	  4632	  4488	  4626	
  4653	  4608	  4486	  4620	
  4645	  4610	  4483	  4600	
  4644	  4608	  4479	  4604	
  4645	  4609	  4481	  4615	
  4643	  4615	  4486	  4615	
  4652	  4628	  4493	  4625	
  4669	  4641	  4514	  4643	
  4690	  4655	  4531	  4663	
  4722	  4680	  4555	  4680	
  4740	  4711	  4567	  4715	
  4769	  4739	  4597	  4744	
  4810	  4778	  4625	  4776	
  4851	  4821	  4650	  4818	
  4892	  4861	  4688	  4860	
  4948	  4909	  4723	  4908	
  4990	  4951	  4760	  4948	
  5051	  5009	  4807	  5008	
  5118	  5065	  4848	  5062	
  5163	  5121	  4903	  5128	
  5232	  5183	  4941	  5185	
  5312	  5252	  5001	  5248	
  5368	  5323	  5053	  5327	
  5451	  5391	  5098	  5400	
  5540	  5469	  5175	  5478	
  5626	  5549	  5223	  5570	
  5703	  5633	  5287	  5647	
  5814	  5727	  5367	  5746	
  5907	  5814	  5421	  5831	
  6011	  5919	  5506	  5929	
  6144	  6047	  5593	  6036	
  6303	  6188	  5697	  6198	
  6418	  6306	  5799	  6310	
  6817	  6701	  6072	  6710	
  6609	  6474	  5919	  6497	
  6370	  6254	  5739	  6263	
  6184	  6057	  5593	  6083	
  6049	  5931	  5506	  5938	
  5940	  5824	  5416	  5838	
  5843	  5737	  5341	  5737	
  5749	  5637	  5276	  5648	
  5660	  5559	  5195	  5558	
  5574	  5475	  5142	  5471	
  5484	  5389	  5090	  5391	
  5397	  5315	  5019	  5324	
  5323	  5247	  4979	  5244	
  5249	  5155	  4918	  5173	
  5177	  5111	  4873	  5107	
  5109	  5044	  4811	  5049	
  5032	  4977	  4774	  4983	
  4986	  4925	  4729	  4935	
  4923	  4872	  4690	  4873	
  4865	  4820	  4661	  4827	
  4829	  4779	  4624	  4778	
  4781	  4739	  4585	  4743	
  4735	  4693	  4551	  4688	
  4700	  4664	  4523	  4664	
  4670	  4623	  4505	  4626	
  4645	  4605	  4485	  4605	
  4611	  4583	  4450	  4577	
  4591	  4567	  4449	  4567	
  4586	  4554	  4443	  4558	
  4571	  4548	  4437	  4550	
  4572	  4533	  4430	  4539	
  4564	  4545	  4436	  4540	
  4575	  4549	  4443	  4547	
  4596	  4565	  4455	  4562	
  4602	  4582	  4459	  4581	
  4626	  4600	  4484	  4596	
  4656	  4628	  4488	  4627	
  4682	  4655	  4529	  4654	
  4713	  4681	  4542	  4680	
  4748	  4718	  4580	  4727	
  4790	  4758	  4612	  4760	
  4832	  4798	  4643	  4802	
  4882	  4851	  4675	  4845	
  4933	  4894	  4735	  4902	
  4988	  4953	  4762	  4947	
  5045	  5006	  4819	  5010	
  5109	  5068	  4856	  5076	
  5170	  5132	  4910	  5131	
  5249	  5208	  4967	  5207	
  5319	  5272	  5017	  5278	
  5403	  5340	  5074	  5356	
  5483	  5424	  5124	  5427	
  5567	  5497	  5191	  5503	
  5651	  5585	  5262	  5601	
  5747	  5681	  5334	  5684	
  5847	  5773	  5386	  5779	
  5953	  5877	  5484	  5879	
  6072	  5958	  5551	  5988	
  6204	  6106	  5645	  6106	
  6324	  6223	  5729	  6211	
  6725	  6589	  5993	  6602	
  6523	  6396	  5855	  6396	
  6306	  6171	  5687	  6186	
  6126	  6009	  5549	  6016	
  6001	  5879	  5469	  5890	
  5886	  5784	  5396	  5799	
  5810	  5694	  5314	  5707	
  5708	  5604	  5245	  5605	
  5612	  5514	  5180	  5519	
  5533	  5432	  5124	  5440	
  5441	  5357	  5041	  5357	
  5352	  5267	  4997	  5285	
  5279	  5205	  4946	  5206	
  5199	  5127	  4886	  5132	
  5126	  5065	  4843	  5061	
  5063	  4999	  4803	  5004	
  4994	  4945	  4750	  4940	
  4934	  4886	  4706	  4887	
  4877	  4830	  4662	  4829	
  4829	  4777	  4617	  4773	
  4778	  4724	  4588	  4726	
  4725	  4690	  4547	  4687	
  4684	  4656	  4512	  4646	
  4641	  4611	  4492	  4611	
  4610	  4585	  4464	  4584	
  4582	  4547	  4445	  4555	
  4556	  4526	  4416	  4528	
  4540	  4517	  4411	  4520	
  4530	  4503	  4402	  4500	
  4518	  4492	  4389	  4487	
  4508	  4488	  4398	  4486	
  4511	  4484	  4397	  4485	
  4522	  4508	  4407	  4496	
  4529	  4508	  4415	  4510	
  4540	  4521	  4409	  4529	
  4569	  4544	  4441	  4549	
  4592	  4568	  4455	  4573	
  4620	  4593	  4479	  4598	
  4661	  4638	  4511	  4632	
  4688	  4667	  4545	  4666	
  4739	  4711	  4569	  4710	
  4785	  4757	  4616	  4754	
  4835	  4805	  4642	  4804	
  4886	  4858	  4680	  4855	
  4943	  4903	  4728	  4905	
  5007	  4964	  4780	  4969	
  5064	  5019	  4828	  5031	
  5128	  5096	  4865	  5093	
  5212	  5159	  4932	  5164	
  5271	  5226	  4977	  5238	
  5365	  5303	  5039	  5302	
  5430	  5378	  5092	  5388	
  5523	  5454	  5154	  5465	
  5595	  5557	  5215	  5552	
  5695	  5636	  5277	  5638	
  5786	  5730	  5358	  5738	
  5893	  5823	  5420	  5837	
  6021	  5920	  5508	  5938	
  6141	  6042	  5614	  6057	
  6246	  6134	  5678	  6150	
  6643	  6494	  5947	  6528	
  6435	  6310	  5786	  6336	
  6228	  6088	  5641	  6124	
  6079	  5956	  5517	  5969	
  5948	  5839	  5430	  5859	
  5855	  5745	  5372	  5752	
  5746	  5647	  5294	  5662	
  5650	  5559	  5220	  5574	
  5561	  5468	  5148	  5474	
  5475	  5390	  5082	  5400	
  5392	  5301	  5012	  5312	
  5307	  5233	  4958	  5234	
  5223	  5159	  4914	  5170	
  5151	  5078	  4855	  5087	
  5075	  5022	  4808	  5017	
  5018	  4956	  4760	  4959	
  4947	  4883	  4714	  4900	
  4876	  4835	  4664	  4840	
  4826	  4779	  4629	  4781	
  4775	  4726	  4587	  4735	
  4715	  4687	  4543	  4680	
  4673	  4636	  4507	  4646	
  4621	  4604	  4479	  4598	
  4590	  4563	  4459	  4558	
  4557	  4533	  4426	  4531	
  4525	  4493	  4408	  4504	
  4494	  4478	  4388	  4470	
  4478	  4455	  4372	  4454	
  4470	  4451	  4363	  4438	
  4449	  4432	  4348	  4434	
  4450	  4429	  4341	  4435	
  4444	  4431	  4353	  4432	
  4463	  4451	  4354	  4449	
  4472	  4457	  4361	  4464	
  4488	  4473	  4382	  4475	
  4514	  4494	  4399	  4497	
  4535	  4524	  4422	  4521	
  4564	  4550	  4441	  4540	
  4596	  4588	  4465	  4584	
  4639	  4623	  4505	  4618	
  4682	  4660	  4535	  4664	
  4738	  4713	  4573	  4710	
  4783	  4759	  4611	  4761	
  4838	  4809	  4664	  4809	
  4888	  4865	  4700	  4867	
  4955	  4922	  4742	  4924	
  5017	  4988	  4793	  4985	
  5084	  5049	  4851	  5054	
  5163	  5117	  4896	  5116	
  5224	  5197	  4962	  5200	
  5304	  5263	  5006	  5267	
  5387	  5343	  5065	  5348	
  5473	  5424	  5120	  5440	
  5557	  5511	  5177	  5523	
  5659	  5592	  5254	  5597	
  5763	  5682	  5316	  5702	
  5854	  5775	  5405	  5799	
  5966	  5892	  5487	  5893	
  6089	  5981	  5572	  6019	
  6196	  6077	  5634	  6096	
  6568	  6427	  5863	  6454	
  6368	  6239	  5741	  6267	
  6155	  6041	  5598	  6050	
  6026	  5913	  5483	  5924	
  5903	  5805	  5419	  5820	
  5804	  5698	  5331	  5728	
  5713	  5617	  5261	  5628	
  5618	  5524	  5190	  5537	
  5529	  5431	  5122	  5447	
  5438	  5348	  5067	  5367	
  5353	  5269	  4994	  5282	
  5255	  5190	  4936	  5203	
  5188	  5125	  4898	  5128	
  5117	  5046	  4832	  5052	
  5041	  4981	  4778	  4988	
  4965	  4917	  4730	  4916	
  4899	  4847	  4688	  4854	
  4838	  4796	  4642	  4799	
  4783	  4739	  4597	  4730	
  4721	  4682	  4548	  4692	
  4670	  4636	  4520	  4643	
  4628	  4590	  4482	  4595	
  4580	  4557	  4439	  4554	
  4535	  4518	  4413	  4515	
  4503	  4481	  4391	  4485	
  4472	  4451	  4360	  4457	
  4442	  4423	  4348	  4429	
  4418	  4400	  4325	  4401	
  4405	  4380	  4311	  4391	
  4391	  4379	  4309	  4380	
  4385	  4370	  4302	  4374	
  4399	  4375	  4304	  4373	
  4399	  4390	  4312	  4389	
  4412	  4407	  4325	  4402	
  4436	  4412	  4336	  4420	
  4460	  4438	  4358	  4440	
  4486	  4462	  4385	  4464	
  4511	  4498	  4403	  4489	
  4549	  4535	  4436	  4530	
  4587	  4572	  4464	  4573	
  4636	  4617	  4508	  4617	
  4688	  4663	  4533	  4674	
  4737	  4715	  4581	  4715	
  4785	  4764	  4622	  4765	
  4845	  4829	  4673	  4827	
  4908	  4877	  4717	  4885	
  4973	  4943	  4772	  4946	
  5039	  5009	  4830	  5016	
  5103	  5077	  4854	  5080	
  5186	  5153	  4925	  5151	
  5265	  5227	  4976	  5234	
  5341	  5302	  5030	  5304	
  5430	  5374	  5102	  5392	
  5521	  5459	  5167	  5474	
  5619	  5549	  5234	  5569	
  5703	  5640	  5293	  5661	
  5806	  5737	  5383	  5748	
  5925	  5843	  5462	  5858	
  6027	  5945	  5529	  5966	
  6103	  6011	  5591	  6046	
  6497	  6368	  5847	  6384	
  6300	  6190	  5702	  6211	
  6117	  5997	  5552	  6026	
  5999	  5867	  5475	  5883	
  5875	  5775	  5385	  5795	
  5763	  5665	  5307	  5686	
  5669	  5577	  5239	  5587	
  5576	  5497	  5170	  5501	
  5485	  5400	  5101	  5417	
  5399	  5315	  5027	  5328	
  5314	  5232	  4988	  5239	
  5232	  5149	  4917	  5167	
  5147	  5071	  4864	  5093	
  5070	  5014	  4807	  5017	
  4991	  4948	  4754	  4944	
  4930	  4884	  4700	  4890	
  4862	  4810	  4649	  4810	
  4793	  4752	  4614	  4758	
  4738	  4705	  4570	  4719	
  4683	  4649	  4521	  4653	
  4627	  4596	  4476	  4603	
  4583	  4557	  4447	  4559	
  4532	  4506	  4411	  4507	
  4495	  4465	  4383	  4477	
  4455	  4437	  4361	  4437	
  4418	  4404	  4336	  4405	
  4393	  4377	  4320	  4385	
  4371	  4349	  4291	  4353	
  4356	  4341	  4270	  4344	
  4341	  4323	  4278	  4329	
  4334	  4321	  4262	  4328	
  4347	  4329	  4269	  4328	
  4343	  4347	  4274	  4339	
  4361	  4350	  4286	  4354	
  4381	  4368	  4300	  4371	
  4414	  4403	  4329	  4400	
  4438	  4421	  4350	  4425	
  4469	  4451	  4368	  4459	
  4510	  4502	  4410	  4499	
  4550	  4531	  4437	  4536	
  4593	  4568	  4475	  4577	
  4646	  4630	  4512	  4626	
  4693	  4684	  4551	  4671	
  4744	  4728	  4595	  4724	
  4817	  4783	  4642	  4784	
  4870	  4847	  4689	  4846	
  4936	  4906	  4725	  4906	
  4997	  4968	  4791	  4972	
  5066	  5040	  4852	  5051	
  5146	  5119	  4906	  5116	
  5231	  5191	  4954	  5194	
  5310	  5276	  5023	  5272	
  5397	  5345	  5078	  5359	
  5478	  5438	  5140	  5440	
  5584	  5524	  5216	  5531	
  5675	  5615	  5289	  5617	
  5771	  5700	  5352	  5724	
  5879	  5807	  5443	  5829	
  6001	  5914	  5518	  5933	
  6079	  5980	  5554	  6005	
  6434	  6321	  5805	  6330	
  6267	  6128	  5675	  6160	
  6077	  5964	  5544	  5979	
  5956	  5844	  5448	  5879	
  5843	  5743	  5362	  5759	
  5738	  5641	  5292	  5660	
  5638	  5539	  5209	  5560	
  5548	  5457	  5150	  5469	
  5452	  5373	  5071	  5380	
  5357	  5286	  5030	  5297	
  5275	  5194	  4955	  5210	
  5187	  5122	  4899	  5133	
  5116	  5045	  4838	  5054	
  5034	  4965	  4769	  4983	
  4961	  4899	  4729	  4916	
  4884	  4842	  4674	  4846	
  4822	  4779	  4621	  4778	
  4756	  4717	  4579	  4727	
  4700	  4667	  4540	  4679	
  4641	  4612	  4492	  4616	
  4591	  4562	  4459	  4566	
  4531	  4512	  4409	  4517	
  4494	  4468	  4384	  4468	
  4452	  4427	  4351	  4434	
  4407	  4389	  4330	  4392	
  4380	  4363	  4297	  4364	
  4346	  4327	  4270	  4338	
  4311	  4309	  4248	  4296	
  4308	  4287	  4236	  4289	
  4287	  4278	  4220	  4275	
  4284	  4276	  4222	  4274	
  4281	  4274	  4226	  4280	
  4294	  4284	  4234	  4286	
  4313	  4300	  4251	  4303	
  4332	  4314	  4267	  4326	
  4355	  4348	  4284	  4350	
  4398	  4380	  4322	  4388	
  4425	  4409	  4338	  4416	
  4467	  4446	  4373	  4452	
  4508	  4490	  4409	  4493	
  4551	  4534	  4441	  4538	
  4611	  4589	  4491	  4597	
  4657	  4644	  4527	  4637	
  4705	  4688	  4571	  4687	
  4770	  4750	  4618	  4763	
  4834	  4808	  4660	  4813	
  4894	  4870	  4703	  4882	
  4961	  4936	  4765	  4942	
  5032	  4997	  4817	  5011	
  5112	  5078	  4871	  5082	
  5188	  5151	  4929	  5158	
  5279	  5233	  4990	  5245	
  5357	  5314	  5054	  5329	
  5442	  5398	  5130	  5406	
  5541	  5481	  5192	  5496	
  5637	  5566	  5262	  5584	
  5725	  5670	  5317	  5689	
  5848	  5779	  5423	  5799	
  5953	  5879	  5489	  5905	
  6035	  5936	  5547	  5967	
  6382	  6250	  5752	  6288	
  6198	  6094	  5631	  6128	
  6041	  5933	  5503	  5962	
  5928	  5826	  5432	  5847	
  5817	  5711	  5337	  5731	
  5717	  5615	  5270	  5626	
  5609	  5520	  5197	  5540	
  5512	  5422	  5126	  5447	
  5431	  5340	  5059	  5349	
  5339	  5258	  5000	  5270	
  5248	  5170	  4933	  5183	
  5159	  5095	  4879	  5105	
  5080	  5018	  4818	  5018	
  4996	  4950	  4750	  4957	
  4921	  4877	  4703	  4896	
  4862	  4814	  4654	  4824	
  4798	  4746	  4602	  4759	
  4735	  4686	  4559	  4698	
  4664	  4636	  4519	  4637	
  4621	  4579	  4469	  4583	
  4554	  4529	  4432	  4530	
  4506	  4479	  4394	  4482	
  4457	  4434	  4355	  4441	
  4409	  4390	  4325	  4399	
  4371	  4362	  4303	  4360	
  4333	  4326	  4259	  4330	
  4296	  4282	  4247	  4292	
  4277	  4269	  4212	  4266	
  4255	  4252	  4198	  4247	
  4234	  4226	  4192	  4235	
  4228	  4227	  4188	  4231	
  4239	  4229	  4187	  4234	
  4253	  4237	  4204	  4241	
  4269	  4261	  4216	  4263	
  4291	  4284	  4238	  4282	
  4323	  4314	  4259	  4310	
  4354	  4344	  4279	  4351	
  4390	  4377	  4310	  4379	
  4426	  4414	  4340	  4418	
  4472	  4457	  4385	  4467	
  4515	  4505	  4423	  4502	
  4566	  4560	  4461	  4560	
  4626	  4601	  4502	  4609	
  4686	  4662	  4557	  4667	
  4737	  4726	  4592	  4723	
  4807	  4781	  4636	  4787	
  4864	  4845	  4685	  4846	
  4938	  4906	  4742	  4906	
  5011	  4985	  4801	  4992	
  5083	  5048	  4848	  5053	
  5154	  5130	  4910	  5139	
  5243	  5204	  4977	  5222	
  5324	  5291	  5040	  5299	
  5423	  5375	  5117	  5384	
  5519	  5467	  5181	  5480	
  5615	  5545	  5233	  5558	
  5709	  5641	  5300	  5676	
  5827	  5744	  5395	  5767	
  5939	  5862	  5478	  5883	
  6011	  5934	  5519	  5950	
  6338	  6217	  5730	  6261	
  6186	  6059	  5608	  6094	
  6020	  5912	  5506	  5946	
  5898	  5800	  5412	  5814	
  5790	  5687	  5335	  5709	
  5678	  5588	  5257	  5612	
  5593	  5504	  5190	  5521	
  5493	  5404	  5124	  5416	
  5400	  5317	  5054	  5327	
  5307	  5231	  4992	  5248	
  5221	  5147	  4911	  5159	
  5141	  5067	  4857	  5081	
  5052	  5004	  4800	  5007	
  4976	  4920	  4737	  4934	
  4892	  4852	  4682	  4863	
  4831	  4785	  4643	  4793	
  4761	  4721	  4582	  4733	
  4704	  4674	  4536	  4674	
  4638	  4605	  4490	  4619	
  4581	  4545	  4451	  4549	
  4522	  4500	  4416	  4506	
  4472	  4452	  4381	  4459	
  4429	  4403	  4340	  4407	
  4368	  4362	  4308	  4365	
  4329	  4322	  4276	  4326	
  4299	  4289	  4241	  4291	
  4258	  4248	  4202	  4256	
  4238	  4227	  4193	  4233	
  4215	  4201	  4181	  4215	
  4194	  4189	  4161	  4198	
  4188	  4181	  4157	  4190	
  4188	  4190	  4162	  4188	
  4215	  4204	  4174	  4207	
  4223	  4221	  4184	  4222	
  4249	  4247	  4217	  4250	
  4287	  4278	  4230	  4276	
  4316	  4306	  4257	  4307	
  4352	  4344	  4289	  4351	
  4398	  4388	  4326	  4394	
  4438	  4432	  4359	  4426	
  4488	  4477	  4389	  4478	
  4541	  4529	  4439	  4531	
  4593	  4582	  4483	  4585	
  4658	  4640	  4529	  4644	
  4706	  4696	  4588	  4699	
  4775	  4760	  4619	  4760	
  4836	  4820	  4673	  4823	
  4912	  4882	  4723	  4883	
  4976	  4949	  4765	  4961	
  5052	  5029	  4844	  5039	
  5132	  5104	  4894	  5112	
  5210	  5184	  4973	  5190	
  5303	  5270	  5017	  5273	
  5393	  5353	  5093	  5355	
  5483	  5436	  5156	  5452	
  5576	  5533	  5219	  5549	
  5689	  5624	  5289	  5640	
  5799	  5731	  5384	  5757	
  5912	  5837	  5462	  5864	
  5993	  5892	  5520	  5928	
  6314	  6188	  5704	  6221	
  6140	  6036	  5602	  6061	
  6004	  5893	  5503	  5912	
  5879	  5778	  5389	  5800	
  5763	  5671	  5317	  5695	
  5658	  5569	  5242	  5603	
  5567	  5473	  5167	  5505	
  5464	  5381	  5091	  5397	
  5381	  5299	  5020	  5305	
  5286	  5208	  4976	  5224	
  5196	  5123	  4902	  5133	
  5109	  5053	  4841	  5056	
  5034	  4986	  4774	  4990	
  4947	  4903	  4714	  4910	
  4873	  4833	  4673	  4847	
  4800	  4771	  4623	  4768	
  4739	  4708	  4575	  4707	
  4677	  4639	  4517	  4651	
  4616	  4582	  4470	  4589	
  4546	  4523	  4447	  4534	
  4502	  4483	  4396	  4485	
  4451	  4429	  4358	  4428	
  4396	  4385	  4324	  4386	
  4345	  4334	  4289	  4342	
  4307	  4298	  4245	  4301	
  4271	  4253	  4216	  4267	
  4231	  4214	  4176	  4220	
  4204	  4194	  4156	  4198	
  4180	  4170	  4134	  4172	
  4162	  4153	  4135	  4155	
  4158	  4153	  4126	  4151	
  4153	  4149	  4139	  4153	
  4169	  4172	  4145	  4167	
  4199	  4191	  4154	  4189	
  4206	  4214	  4182	  4208	
  4250	  4240	  4205	  4244	
  4288	  4283	  4244	  4282	
  4316	  4314	  4271	  4316	
  4372	  4364	  4306	  4362	
  4410	  4399	  4338	  4406	
  4452	  4453	  4370	  4454	
  4517	  4501	  4423	  4515	
  4571	  4555	  4460	  4556	
  4626	  4605	  4506	  4612	
  4690	  4672	  4548	  4682	
  4754	  4730	  4613	  4738	
  4814	  4798	  4662	  4799	
  4888	  4872	  4705	  4867	
  4954	  4930	  4762	  4944	
  5034	  5009	  4823	  5016	
  5104	  5074	  4886	  5092	
  5185	  5174	  4934	  5166	
  5277	  5242	  5000	  5262	
  5363	  5329	  5065	  5350	
  5460	  5408	  5132	  5437	
  5572	  5509	  5201	  5527	
  5669	  5604	  5272	  5624	
  5774	  5699	  5370	  5725	
  5885	  5816	  5443	  5852	
  5966	  5875	  5487	  5929	
  6278	  6162	  5687	  6199	
  6126	  6011	  5584	  6045	
  5989	  5880	  5493	  5907	
  5858	  5765	  5393	  5791	
  5756	  5643	  5311	  5665	
  5649	  5549	  5236	  5566	
  5546	  5467	  5151	  5487	
  5459	  5372	  5082	  5382	
  5361	  5272	  5001	  5289	
  5273	  5190	  4955	  5205	
  5180	  5105	  4881	  5118	
  5090	  5035	  4826	  5041	
  5019	  4956	  4768	  4977	
  4944	  4876	  4714	  4893	
  4867	  4812	  4670	  4822	
  4792	  4751	  4616	  4766	
  4717	  4688	  4559	  4696	
  4662	  4627	  4513	  4641	
  4594	  4576	  4471	  4573	
  4539	  4508	  4421	  4522	
  4483	  4462	  4384	  4465	
  4434	  4411	  4340	  4413	
  4372	  4361	  4305	  4362	
  4330	  4314	  4261	  4321	
  4282	  4266	  4231	  4276	
  4244	  4233	  4191	  4235	
  4207	  4196	  4163	  4191	
  4174	  4165	  4141	  4175	
  4149	  4144	  4123	  4146	
  4133	  4121	  4125	  4136	
  4137	  4126	  4109	  4128	
  4130	  4132	  4108	  4129	
  4148	  4142	  4120	  4141	
  4166	  4159	  4144	  4163	
  4182	  4184	  4156	  4187	
  4223	  4220	  4194	  4223	
  4261	  4258	  4219	  4258	
  4300	  4294	  4258	  4298	
  4351	  4338	  4283	  4342	
  4388	  4376	  4314	  4385	
  4444	  4436	  4364	  4425	
  4500	  4480	  4410	  4493	
  4554	  4543	  4449	  4539	
  4620	  4593	  4504	  4597	
  4669	  4656	  4551	  4659	
  4724	  4712	  4610	  4722	
  4791	  4774	  4643	  4782	
  4863	  4845	  4697	  4854	
  4942	  4925	  4749	  4922	
  5018	  4997	  4813	  5001	
  5090	  5068	  4871	  5067	
  5187	  5155	  4942	  5159	
  5260	  5224	  5002	  5242	
  5359	  5308	  5064	  5325	
  5451	  5406	  5135	  5421	
  5548	  5495	  5198	  5499	
  5646	  5593	  5266	  5601	
  5751	  5690	  5363	  5718	
  5872	  5811	  5436	  5822	
  5956	  5871	  5490	  5895	
  6268	  6139	  5654	  6171	
  6123	  6003	  5581	  6034	
  5974	  5869	  5476	  5907	
  5850	  5741	  5388	  5775	
  5733	  5642	  5304	  5663	
  5632	  5544	  5211	  5568	
  5549	  5447	  5153	  5464	
  5437	  5356	  5081	  5370	
  5347	  5273	  5010	  5281	
  5259	  5188	  4947	  5200	
  5167	  5094	  4879	  5105	
  5084	  5017	  4800	  5030	
  5005	  4948	  4766	  4965	
  4921	  4877	  4695	  4882	
  4846	  4813	  4661	  4815	
  4781	  4745	  4607	  4744	
  4704	  4671	  4544	  4681	
  4645	  4614	  4509	  4614	
  4579	  4555	  4468	  4561	
  4525	  4488	  4411	  4503	
  4462	  4441	  4382	  4450	
  4408	  4392	  4331	  4402	
  4351	  4347	  4290	  4350	
  4310	  4294	  4251	  4306	
  4263	  4258	  4222	  4259	
  4226	  4218	  4187	  4222	
  4185	  4180	  4153	  4184	
  4150	  4147	  4132	  4144	
  4127	  4135	  4117	  4132	
  4122	  4116	  4106	  4123	
  4118	  4117	  4106	  4122	
  4114	  4115	  4114	  4118	
  4125	  4123	  4107	  4123	
  4141	  4131	  4118	  4137	
  4163	  4165	  4140	  4168	
  4201	  4197	  4174	  4203	
  4239	  4230	  4200	  4244	
  4274	  4280	  4236	  4279	
  4330	  4319	  4264	  4325	
  4373	  4368	  4313	  4372	
  4423	  4415	  4350	  4420	
  4477	  4471	  4397	  4476	
  4528	  4527	  4437	  4531	
  4593	  4581	  4500	  4582	
  4661	  4638	  4537	  4651	
  4720	  4705	  4593	  4716	
  4778	  4771	  4636	  4780	
  4852	  4837	  4695	  4843	
  4928	  4908	  4752	  4913	
  5004	  4983	  4801	  4989	
  5088	  5058	  4861	  5067	
  5161	  5135	  4912	  5150	
  5250	  5213	  4986	  5238	
  5338	  5307	  5048	  5311	
  5438	  5398	  5126	  5414	
  5529	  5478	  5185	  5510	
  5632	  5575	  5269	  5597	
  5742	  5691	  5360	  5700	
  5861	  5788	  5427	  5810	
  5940	  5853	  5464	  5876	
  6248	  6124	  5659	  6167	
  6101	  6009	  5587	  6020	
  5959	  5857	  5454	  5878	
  5847	  5742	  5383	  5770	
  5731	  5634	  5298	  5657	
  5628	  5545	  5234	  5555	
  5534	  5442	  5145	  5468	
  5420	  5350	  5064	  5355	
  5351	  5266	  4998	  5273	
  5251	  5184	  4942	  5199	
  5155	  5089	  4873	  5096	
  5075	  5016	  4812	  5022	
  4995	  4938	  4758	  4951	
  4913	  4858	  4708	  4873	
  4838	  4802	  4659	  4814	
  4775	  4735	  4600	  4742	
  4698	  4666	  4544	  4672	
  4630	  4604	  4504	  4616	
  4568	  4545	  4460	  4554	
  4505	  4486	  4403	  4492	
  4448	  4443	  4356	  4443	
  4403	  4386	  4326	  4393	
  4345	  4341	  4281	  4344	
  4299	  4292	  4241	  4298	
  4256	  4245	  4214	  4245	
  4211	  4212	  4172	  4209	
  4176	  4169	  4151	  4179	
  4147	  4138	  4119	  4139	
  4114	  4114	  4105	  4121	
  4112	  4114	  4113	  4118	
  4113	  4111	  4101	  4117	
  4104	  4107	  4099	  4110	
  4117	  4107	  4097	  4117	
  4130	  4131	  4107	  4132	
  4152	  4153	  4135	  4160	
  4197	  4190	  4158	  4192	
  4225	  4224	  4193	  4223	
  4263	  4266	  4230	  4269	
  4320	  4312	  4266	  4320	
  4367	  4358	  4311	  4362	
  4415	  4403	  4346	  4410	
  4467	  4458	  4395	  4459	
  4517	  4512	  4441	  4517	
  4581	  4571	  4476	  4572	
  4653	  4629	  4529	  4644	
  4709	  4696	  4574	  4711	
  4771	  4762	  4633	  4761	
  4844	  4831	  4678	  4830	
  4922	  4896	  4735	  4909	
  4998	  4968	  4797	  4982	
  5071	  5047	  4856	  5051	
  5162	  5136	  4921	  5150	
  5245	  5214	  4980	  5230	
  5333	  5296	  5052	  5312	
  5420	  5373	  5122	  5403	
  5522	  5459	  5189	  5493	
  5626	  5565	  5259	  5596	
  5740	  5674	  5332	  5704	
  5855	  5778	  5437	  5809	
  5931	  5849	  5474	  5879	
  6233	  6139	  5669	  6190	
  6095	  5990	  5570	  6017	
  5971	  5848	  5461	  5880	
  5844	  5730	  5376	  5764	
  5736	  5624	  5277	  5639	
  5627	  5526	  5220	  5554	
  5525	  5430	  5143	  5460	
  5437	  5340	  5074	  5360	
  5336	  5254	  5008	  5272	
  5243	  5171	  4943	  5183	
  5146	  5075	  4876	  5098	
  5068	  5003	  4827	  5018	
  4994	  4938	  4764	  4946	
  4907	  4856	  4692	  4865	
  4837	  4790	  4653	  4800	
  4764	  4719	  4601	  4730	
  4689	  4660	  4546	  4669	
  4625	  4603	  4493	  4609	
  4565	  4545	  4443	  4548	
  4505	  4486	  4405	  4489	
  4455	  4436	  4367	  4443	
  4402	  4382	  4323	  4388	
  4339	  4331	  4286	  4331	
  4303	  4292	  4252	  4293	
  4251	  4255	  4210	  4246	
  4217	  4209	  4181	  4207	
  4174	  4163	  4152	  4173	
  4141	  4142	  4129	  4140	
  4117	  4116	  4107	  4121	
  4109	  4102	  4103	  4115	
  4103	  4102	  4098	  4106	
  4105	  4104	  4097	  4105	
  4108	  4106	  4097	  4105	
  4119	  4124	  4104	  4127	
  4148	  4149	  4136	  4159	
  4188	  4182	  4165	  4189	
  4227	  4219	  4200	  4229	
  4265	  4267	  4225	  4264	
  4314	  4310	  4260	  4314	
  4360	  4356	  4298	  4358	
  4413	  4400	  4354	  4409	
  4462	  4455	  4385	  4453	
  4519	  4510	  4437	  4517	
  4579	  4563	  4478	  4565	
  4636	  4633	  4526	  4637	
  4700	  4687	  4569	  4701	
  4778	  4753	  4625	  4761	
  4830	  4818	  4676	  4827	
  4910	  4899	  4741	  4909	
  5001	  4961	  4795	  4972	
  5075	  5048	  4859	  5045	
  5152	  5125	  4915	  5144	
  5229	  5208	  4987	  5227	
  5330	  5303	  5043	  5308	
  5419	  5381	  5114	  5399	
  5511	  5466	  5174	  5482	
  5618	  5573	  5251	  5578	
  5735	  5676	  5338	  5694	
  5844	  5783	  5414	  5807	
  5919	  5864	  5461	  5874	
  6261	  6140	  5677	  6185	
  6103	  5996	  5566	  6016	
  5963	  5843	  5470	  5882	
  5841	  5733	  5378	  5771	
  5723	  5632	  5301	  5656	
  5627	  5540	  5209	  5558	
  5518	  5442	  5158	  5457	
  5424	  5340	  5072	  5356	
  5331	  5256	  5015	  5273	
  5241	  5172	  4944	  5176	
  5158	  5089	  4885	  5096	
  5074	  5016	  4822	  5016	
  4987	  4938	  4763	  4956	
  4904	  4863	  4706	  4865	
  4833	  4800	  4652	  4800	
  4766	  4733	  4603	  4738	
  4705	  4659	  4536	  4666	
  4622	  4602	  4489	  4601	
  4572	  4550	  4456	  4551	
  4501	  4488	  4403	  4490	
  4452	  4442	  4362	  4441	
  4396	  4385	  4326	  4392	
  4351	  4336	  4291	  4344	
  4304	  4292	  4257	  4298	
  4259	  4251	  4212	  4256	
  4217	  4209	  4195	  4214	
  4176	  4172	  4145	  4173	
  4140	  4140	  4129	  4141	
  4118	  4120	  4103	  4122	
  4103	  4102	  4100	  4112	
  4104	  4103	  4096	  4096	
  4096	  4096	  4098	  4100	
  4103	  4113	  4107	  4105	
  4129	  4127	  4116	  4132	
  4154	  4156	  4137	  4159	
  4187	  4192	  4163	  4189	
  4223	  4226	  4195	  4226	
  4268	  4265	  4231	  4268	
  4316	  4316	  4261	  4317	
  4360	  4358	  4308	  4362	
  4413	  4405	  4350	  4404	
  4456	  4454	  4387	  4460	
  4511	  4509	  4432	  4512	
  4582	  4571	  4477	  4568	
  4639	  4625	  4524	  4641	
  4702	  4687	  4579	  4697	
  4762	  4762	  4622	  4753	
  4827	  4821	  4679	  4827	
  4908	  4899	  4747	  4908	
  4986	  4974	  4806	  4979	
  5063	  5051	  4857	  5049	
  5155	  5126	  4916	  5140	
  5238	  5210	  4980	  5229	
  5331	  5292	  5041	  5303	
  5423	  5381	  5121	  5393	
  5524	  5472	  5188	  5498	
  5624	  5564	  5263	  5595	
  5739	  5679	  5351	  5691	
  5836	  5789	  5428	  5810	
  5918	  5846	  5492	  5885	
  6275	  6170	  5704	  6186	
  6108	  6003	  5574	  6024	
  5968	  5849	  5468	  5880	
  5839	  5745	  5378	  5765	
  5739	  5625	  5283	  5658	
  5622	  5529	  5221	  5567	
  5530	  5442	  5161	  5459	
  5437	  5358	  5066	  5372	
  5336	  5276	  5019	  5282	
  5256	  5175	  4947	  5195	
  5159	  5089	  4878	  5103	
  5077	  5015	  4819	  5034	
  4992	  4943	  4756	  4954	
  4904	  4861	  4701	  4871	
  4832	  4798	  4654	  4801	
  4764	  4723	  4606	  4731	
  4702	  4669	  4558	  4675	
  4633	  4611	  4503	  4622	
  4570	  4541	  4455	  4554	
  4517	  4497	  4419	  4497	
  4457	  4437	  4370	  4445	
  4409	  4387	  4345	  4395	
  4353	  4342	  4292	  4351	
  4305	  4296	  4268	  4306	
  4263	  4261	  4229	  4267	
  4223	  4219	  4193	  4226	
  4189	  4178	  4166	  4194	
  4155	  4155	  4136	  4158	
  4140	  4136	  4118	  4141	
  4119	  4119	  4101	  4120	
  4106	  4101	  4099	  4115	
  4102	  4109	  4097	  4107	
  4121	  4127	  4104	  4121	
  4143	  4143	  4124	  4145	
  4168	  4163	  4159	  4169	
  4204	  4198	  4171	  4206	
  4241	  4239	  4199	  4237	
  4276	  4272	  4228	  4276	
  4317	  4320	  4276	  4323	
  4366	  4362	  4310	  4371	
  4409	  4411	  4350	  4412	
  4473	  4466	  4396	  4465	
  4531	  4512	  4436	  4520	
  4573	  4572	  4483	  4572	
  4641	  4632	  4532	  4636	
  4709	  4698	  4588	  4701	
  4780	  4757	  4629	  4765	
  4848	  4814	  4686	  4837	
  4920	  4892	  4742	  4909	
  4988	  4968	  4806	  4978	
  5078	  5046	  4855	  5060	
  5158	  5129	  4923	  5146	
  5244	  5218	  4993	  5221	
  5336	  5299	  5062	  5309	
  5436	  5396	  5143	  5409	
  5521	  5485	  5198	  5500	
  5623	  5574	  5258	  5594	
  5743	  5678	  5337	  5699	
  5865	  5796	  5424	  5812	
  5936	  5852	  5479	  5877	
  6278	  6161	  5720	  6210	
  6117	  6009	  5585	  6038	
  5964	  5849	  5475	  5888	
  5853	  5753	  5389	  5775	
  5737	  5639	  5307	  5667	
  5640	  5545	  5229	  5555	
  5547	  5452	  5158	  5485	
  5454	  5363	  5087	  5379	
  5363	  5271	  5017	  5287	
  5272	  5187	  4963	  5198	
  5168	  5104	  4880	  5106	
  5086	  5023	  4826	  5038	
  5012	  4950	  4767	  4963	
  4918	  4871	  4706	  4882	
  4846	  4799	  4657	  4819	
  4775	  4734	  4611	  4749	
  4713	  4676	  4562	  4683	
  4647	  4617	  4507	  4621	
  4584	  4554	  4463	  4577	
  4527	  4508	  4419	  4505	
  4471	  4455	  4384	  4458	
  4417	  4399	  4346	  4412	
  4372	  4359	  4315	  4364	
  4322	  4314	  4266	  4320	
  4283	  4275	  4245	  4279	
  4246	  4236	  4217	  4236	
  4201	  4203	  4183	  4208	
  4182	  4176	  4166	  4185	
  4158	  4155	  4140	  4166	
  4142	  4139	  4128	  4142	
  4128	  4133	  4116	  4134	
  4132	  4132	  4117	  4133	
  4141	  4144	  4131	  4140	
  4164	  4160	  4137	  4158	
  4190	  4189	  4173	  4197	
  4221	  4219	  4187	  4219	
  4252	  4251	  4220	  4260	
  4293	  4286	  4252	  4295	
  4337	  4333	  4280	  4337	
  4381	  4374	  4320	  4383	
  4423	  4423	  4356	  4419	
  4485	  4476	  4395	  4482	
  4532	  4516	  4435	  4525	
  4590	  4583	  4479	  4586	
  4658	  4651	  4538	  4648	
  4712	  4704	  4582	  4718	
  4786	  4770	  4636	  4773	
  4852	  4835	  4693	  4852	
  4928	  4910	  4756	  4927	
  4995	  4980	  4809	  4994	
  5088	  5057	  4865	  5070	
  5170	  5134	  4929	  5152	
  5257	  5220	  4998	  5235	
  5335	  5303	  5060	  5319	
  5434	  5392	  5130	  5411	
  5541	  5498	  5196	  5505	
  5630	  5588	  5276	  5611	
  5749	  5692	  5367	  5715	
  5872	  5801	  5439	  5827	
  5934	  5871	  5488	  5885	
  6316	  6188	  5735	  6220	
  6142	  6030	  5609	  6058	
  5988	  5873	  5484	  5894	
  5872	  5775	  5398	  5785	
  5769	  5661	  5309	  5680	
  5646	  5560	  5241	  5578	
  5556	  5462	  5162	  5471	
  5456	  5364	  5100	  5388	
  5370	  5283	  5030	  5304	
  5273	  5205	  4962	  5211	
  5181	  5116	  4906	  5124	
  5104	  5036	  4850	  5042	
  5017	  4959	  4780	  4975	
  4930	  4885	  4725	  4893	
  4866	  4818	  4669	  4830	
  4793	  4754	  4616	  4763	
  4716	  4685	  4580	  4706	
  4663	  4634	  4520	  4643	
  4602	  4582	  4483	  4585	
  4546	  4516	  4433	  4530	
  4483	  4475	  4398	  4467	
  4441	  4420	  4362	  4428	
  4387	  4374	  4330	  4378	
  4339	  4331	  4290	  4338	
  4301	  4289	  4247	  4304	
  4272	  4260	  4237	  4271	
  4238	  4230	  4201	  4234	
  4213	  4204	  4187	  4210	
  4192	  4182	  4175	  4187	
  4173	  4165	  4151	  4176	
  4163	  4155	  4145	  4162	
  4162	  4154	  4149	  4160	
  4170	  4172	  4155	  4172	
  4187	  4194	  4164	  4198	
  4217	  4217	  4186	  4214	
  4248	  4240	  4221	  4248	
  4282	  4277	  4243	  4287	
  4312	  4309	  4264	  4316	
  4351	  4349	  4297	  4357	
  4398	  4394	  4337	  4389	
  4437	  4444	  4372	  4442	
  4499	  4495	  4417	  4488	
  4550	  4537	  4457	  4536	
  4603	  4600	  4498	  4608	
  4670	  4661	  4543	  4659	
  4731	  4722	  4616	  4726	
  4798	  4781	  4652	  4787	
  4875	  4849	  4704	  4860	
  4938	  4917	  4779	  4926	
  5016	  4998	  4819	  4999	
  5089	  5070	  4872	  5082	
  5177	  5146	  4946	  5168	
  5263	  5228	  5006	  5256	
  5354	  5317	  5067	  5335	
  5457	  5405	  5140	  5429	
  5553	  5507	  5223	  5519	
  5650	  5587	  5283	  5620	
  5772	  5699	  5369	  5725	
  5883	  5802	  5457	  5844	
  5957	  5875	  5509	  5899	
  6338	  6218	  5753	  6270	
  6176	  6057	  5633	  6091	
  5995	  5899	  5502	  5931	
  5883	  5787	  5422	  5809	
  5772	  5672	  5329	  5699	
  5672	  5573	  5254	  5599	
  5573	  5479	  5180	  5508	
  5473	  5381	  5111	  5399	
  5377	  5296	  5041	  5314	
  5287	  5218	  4978	  5226	
  5187	  5126	  4911	  5142	
  5108	  5051	  4854	  5064	
  5028	  4977	  4801	  4984	
  4947	  4903	  4723	  4903	
  4885	  4835	  4687	  4854	
  4809	  4770	  4622	  4780	
  4738	  4710	  4584	  4715	
  4674	  4647	  4547	  4660	
  4621	  4595	  4511	  4610	
  4559	  4539	  4447	  4550	
  4503	  4492	  4416	  4500	
  4461	  4442	  4387	  4458	
  4409	  4391	  4348	  4401	
  4369	  4352	  4305	  4350	
  4328	  4314	  4281	  4333	
  4288	  4295	  4241	  4291	
  4266	  4254	  4227	  4262	
  4240	  4238	  4214	  4238	
  4219	  4215	  4190	  4219	
  4205	  4204	  4180	  4203	
  4196	  4196	  4167	  4204	
  4198	  4194	  4178	  4192	
  4204	  4201	  4185	  4208	
  4226	  4224	  4204	  4228	
  4247	  4247	  4213	  4238	
  4274	  4279	  4235	  4271	
  4307	  4296	  4276	  4310	
  4340	  4343	  4289	  4341	
  4388	  4377	  4319	  4385	
  4426	  4413	  4361	  4421	
  4468	  4464	  4395	  4462	
  4521	  4512	  4433	  4509	
  4572	  4563	  4473	  4566	
  4627	  4615	  4527	  4619	
  4684	  4680	  4569	  4680	
  4751	  4736	  4619	  4743	
  4814	  4802	  4661	  4797	
  4881	  4867	  4724	  4872	
  4955	  4949	  4779	  4947	
  5028	  5007	  4833	  5018	
  5107	  5088	  4896	  5094	
  5189	  5167	  4959	  5174	
  5278	  5246	  5028	  5265	
  5371	  5331	  5086	  5344	
  5464	  5425	  5156	  5439	
  5555	  5516	  5226	  5534	
  5668	  5619	  5300	  5627	
  5769	  5720	  5394	  5750	
  5899	  5832	  5477	  5842	
  5962	  5896	  5521	  5932	
  6402	  6268	  5803	  6314	
  6222	  6104	  5671	  6136	
  6034	  5923	  5524	  5956	
  5905	  5805	  5415	  5823	
  5791	  5695	  5355	  5720	
  5692	  5592	  5279	  5616	
  5593	  5500	  5201	  5520	
  5494	  5408	  5132	  5430	
  5410	  5321	  5067	  5338	
  5299	  5232	  4988	  5244	
  5209	  5150	  4926	  5162	
  5138	  5078	  4868	  5082	
  5056	  4996	  4821	  5013	
  4976	  4923	  4756	  4936	
  4902	  4848	  4706	  4863	
  4836	  4805	  4659	  4810	
  4765	  4738	  4607	  4739	
  4711	  4672	  4551	  4678	
  4645	  4621	  4523	  4624	
  4588	  4559	  4475	  4566	
  4536	  4515	  4435	  4525	
  4480	  4472	  4405	  4473	
  4443	  4425	  4368	  4430	
  4402	  4388	  4326	  4397	
  4359	  4357	  4307	  4350	
  4327	  4323	  4269	  4326	
  4299	  4292	  4262	  4295	
  4274	  4270	  4241	  4290	
  4262	  4255	  4230	  4257	
  4240	  4236	  4213	  4241	
  4234	  4232	  4213	  4237	
  4238	  4235	  4211	  4237	
  4245	  4247	  4221	  4245	
  4263	  4259	  4226	  4265	
  4279	  4286	  4249	  4287	
  4301	  4308	  4267	  4310	
  4342	  4334	  4299	  4342	
  4364	  4370	  4321	  4374	
  4408	  4395	  4351	  4412	
  4449	  4442	  4382	  4446	
  4487	  4488	  4418	  4491	
  4542	  4533	  4461	  4540	
  4598	  4590	  4499	  4586	
  4648	  4641	  4547	  4644	
  4710	  4701	  4595	  4704	
  4761	  4758	  4637	  4770	
  4834	  4828	  4675	  4834	
  4900	  4889	  4722	  4897	
  4970	  4955	  4792	  4963	
  5052	  5027	  4856	  5042	
  5118	  5106	  4895	  5118	
  5215	  5194	  4979	  5202	
  5304	  5274	  5030	  5284	
  5393	  5364	  5107	  5371	
  5482	  5447	  5172	  5468	
  5579	  5548	  5258	  5560	
  5693	  5627	  5310	  5652	
  5803	  5757	  5399	  5767	
  5922	  5854	  5479	  5879	
  6022	  5922	  5531	  5949	
  6463	  6323	  5825	  6358	
  6267	  6154	  5697	  6179	
  6067	  5964	  5548	  5993	
  5944	  5838	  5438	  5856	
  5815	  5717	  5375	  5742	
  5711	  5623	  5289	  5636	
  5619	  5528	  5207	  5539	
  5519	  5426	  5149	  5439	
  5430	  5348	  5078	  5364	
  5342	  5260	  5010	  5277	
  5243	  5181	  4934	  5188	
  5164	  5098	  4896	  5111	
  5089	  5027	  4837	  5040	
  5003	  4942	  4776	  4954	
  4930	  4882	  4729	  4887	
  4860	  4822	  4670	  4830	
  4793	  4759	  4637	  4765	
  4735	  4698	  4583	  4711	
  4674	  4645	  4537	  4654	
  4619	  4593	  4498	  4604	
  4570	  4553	  4468	  4554	
  4517	  4507	  4428	  4502	
  4476	  4460	  4392	  4461	
  4438	  4419	  4356	  4423	
  4399	  4383	  4329	  4394	
  4376	  4359	  4307	  4359	
  4346	  4329	  4293	  4337	
  4316	  4309	  4262	  4315	
  4293	  4295	  4262	  4296	
  4282	  4281	  4254	  4285	
  4272	  4282	  4240	  4276	
  4282	  4282	  4253	  4286	
  4294	  4289	  4255	  4291	
  4304	  4298	  4258	  4306	
  4329	  4312	  4282	  4323	
  4351	  4344	  4302	  4351	
  4377	  4370	  4317	  4374	
  4409	  4401	  4345	  4408	
  4446	  4436	  4380	  4447	
  4493	  4470	  4396	  4483	
  4527	  4514	  4433	  4523	
  4585	  4567	  4487	  4566	
  4629	  4611	  4527	  4621	
  4679	  4673	  4565	  4671	
  4732	  4731	  4612	  4737	
  4797	  4782	  4657	  4796	
  4866	  4850	  4701	  4852	
  4922	  4909	  4754	  4918	
  5007	  4986	  4819	  4997	
  5084	  5057	  4870	  5065	
  5159	  5129	  4921	  5144	
  5245	  5210	  5000	  5223	
  5336	  5297	  5047	  5311	
  5415	  5379	  5134	  5396	
  5519	  5464	  5179	  5486	
  5618	  5576	  5270	  5593	
  5721	  5665	  5344	  5685	
  5817	  5778	  5427	  5796	
  5953	  5873	  5508	  5891	
  6041	  5947	  5548	  5980	
  6516	  6411	  5887	  6427	
  6318	  6210	  5746	  6244	
  6123	  6007	  5579	  6036	
  5973	  5867	  5467	  5893	
  5856	  5755	  5382	  5784	
  5751	  5654	  5317	  5668	
  5655	  5563	  5241	  5584	
  5560	  5454	  5171	  5490	
  5459	  5389	  5102	  5386	
  5370	  5290	  5033	  5296	
  5278	  5200	  4965	  5207	
  5185	  5137	  4915	  5138	
  5103	  5056	  4872	  5067	
  5033	  4985	  4808	  4988	
  4967	  4917	  4743	  4928	
  4891	  4862	  4696	  4862	
  4834	  4795	  4667	  4798	
  4772	  4735	  4611	  4744	
  4716	  4680	  4577	  4694	
  4654	  4635	  4522	  4635	
  4606	  4590	  4489	  4582	
  4559	  4534	  4460	  4543	
  4508	  4502	  4424	  4499	
  4482	  4452	  4392	  4467	
  4434	  4421	  4362	  4429	
  4411	  4395	  4348	  4405	
  4382	  4369	  4334	  4378	
  4354	  4350	  4315	  4358	
  4341	  4335	  4298	  4336	
  4331	  4322	  4292	  4330	
  4323	  4319	  4279	  4325	
  4328	  4323	  4284	  4329	
  4337	  4330	  4291	  4329	
  4350	  4339	  4302	  4342	
  4363	  4355	  4308	  4360	
  4390	  4377	  4330	  4380	
  4405	  4407	  4354	  4412	
  4442	  4434	  4371	  4438	
  4481	  4468	  4416	  4485	
  4519	  4509	  4437	  4515	
  4559	  4556	  4470	  4553	
  4614	  4598	  4511	  4599	
  4662	  4645	  4544	  4648	
  4713	  4699	  4587	  4701	
  4773	  4758	  4624	  4761	
  4828	  4815	  4678	  4827	
  4892	  4871	  4726	  4876	
  4957	  4939	  4780	  4940	
  5031	  5008	  4837	  5015	
  5107	  5083	  4892	  5096	
  5189	  5157	  4958	  5175	
  5265	  5237	  5024	  5246	
  5350	  5327	  5078	  5339	
  5447	  5409	  5150	  5419	
  5551	  5494	  5220	  5516	
  5640	  5593	  5303	  5612	
  5739	  5686	  5360	  5710	
  5862	  5806	  5448	  5811	
  5988	  5918	  5524	  5939	
  6081	  6005	  5574	  6013	
  6589	  6481	  5960	  6519	
  6392	  6284	  5805	  6318	
  6182	  6065	  5645	  6100	
  6012	  5892	  5506	  5926	
  5889	  5787	  5412	  5809	
  5789	  5692	  5331	  5704	
  5691	  5589	  5278	  5604	
  5597	  5496	  5213	  5517	
  5485	  5410	  5139	  5427	
  5406	  5328	  5081	  5342	
  5306	  5235	  4997	  5251	
  5223	  5164	  4937	  5167	
  5144	  5089	  4879	  5094	
  5069	  5008	  4826	  5026	
  5003	  4949	  4778	  4956	
  4932	  4885	  4736	  4895	
  4857	  4818	  4689	  4832	
  4808	  4767	  4651	  4773	
  4746	  4712	  4607	  4725	
  4696	  4666	  4568	  4673	
  4649	  4620	  4525	  4625	
  4595	  4581	  4494	  4586	
  4554	  4540	  4462	  4539	
  4518	  4500	  4427	  4505	
  4479	  4475	  4404	  4477	
  4444	  4439	  4376	  4440	
  4421	  4413	  4370	  4421	
  4400	  4396	  4348	  4403	
  4388	  4386	  4337	  4389	
  4377	  4374	  4334	  4378	
  4379	  4367	  4311	  4373	
  4377	  4366	  4319	  4370	
  4384	  4379	  4322	  4378	
  4394	  4398	  4332	  4395	
  4410	  4404	  4343	  4409	
  4427	  4429	  4357	  4427	
  4465	  4447	  4378	  4447	
  4486	  4478	  4413	  4482	
  4521	  4521	  4445	  4516	
  4557	  4551	  4470	  4551	
  4601	  4589	  4503	  4592	
  4655	  4640	  4540	  4639	
  4709	  4686	  4580	  4693	
  4748	  4735	  4620	  4741	
  4805	  4789	  4653	  4792	
  4873	  4848	  4703	  4856	
  4929	  4905	  4751	  4912	
  4991	  4969	  4807	  4975	
  5063	  5047	  4857	  5045	
  5145	  5120	  4921	  5123	
  5214	  5195	  4984	  5201	
  5305	  5270	  5037	  5285	
  5395	  5363	  5109	  5377	
  5484	  5449	  5170	  5448	
  5587	  5536	  5249	  5544	
  5669	  5631	  5313	  5646	
  5783	  5730	  5400	  5731	
  5893	  5830	  5474	  5853	
  6019	  5957	  5563	  5962	
  6139	  6031	  5636	  6067	
  6696	  6570	  6034	  6614	
  6481	  6352	  5861	  6409	
  6238	  6136	  5682	  6164	
  6053	  5949	  5540	  5985	
  5926	  5833	  5451	  5859	
  5820	  5722	  5374	  5745	
  5708	  5615	  5300	  5638	
  5613	  5532	  5227	  5549	
  5523	  5441	  5161	  5459	
  5443	  5363	  5097	  5375	
  5348	  5285	  5029	  5288	
  5263	  5202	  4973	  5202	
  5183	  5129	  4919	  5134	
  5108	  5050	  4850	  5061	
  5033	  4983	  4812	  4991	
  4973	  4918	  4756	  4931	
  4904	  4865	  4711	  4871	
  4839	  4803	  4660	  4820	
  4786	  4756	  4634	  4762	
  4731	  4697	  4592	  4710	
  4687	  4659	  4549	  4666	
  4643	  4614	  4521	  4625	
  4597	  4576	  4493	  4587	
  4552	  4543	  4473	  4542	
  4523	  4505	  4446	  4518	
  4497	  4482	  4415	  4488	
  4468	  4465	  4394	  4469	
  4448	  4438	  4383	  4441	
  4436	  4424	  4368	  4430	
  4425	  4423	  4360	  4421	
  4419	  4411	  4361	  4414	
  4430	  4422	  4369	  4420	
  4431	  4430	  4363	  4426	
  4437	  4439	  4376	  4440	
  4459	  4455	  4381	  4458	
  4473	  4472	  4405	  4471	
  4501	  4497	  4422	  4495	
  4527	  4521	  4446	  4519	
  4571	  4556	  4471	  4557	
  4599	  4590	  4506	  4598	
  4641	  4628	  4539	  4635	
  4690	  4678	  4572	  4682	
  4726	  4719	  4614	  4732	
  4792	  4766	  4647	  4779	
  4842	  4823	  4693	  4830	
  4905	  4881	  4743	  4896	
  4959	  4942	  4786	  4945	
  5026	  5012	  4826	  5010	
  5100	  5079	  4887	  5085	
  5172	  5140	  4943	  5159	
  5253	  5233	  5013	  5234	
  5344	  5318	  5064	  5317	
  5422	  5390	  5125	  5411	
  5510	  5477	  5191	  5487	
  5611	  5561	  5276	  5577	
  5714	  5669	  5328	  5685	
  5803	  5762	  5410	  5783	
  5934	  5872	  5506	  5880	
  6078	  6008	  5594	  6020	
  6183	  6114	  5673	  6132	
  6806	  6679	  6090	  6711	
  6571	  6464	  5948	  6495	
  6327	  6211	  5753	  6236	
  6139	  6022	  5594	  6046	
  5967	  5875	  5496	  5898	
  5870	  5762	  5409	  5785	
  5756	  5672	  5340	  5686	
  5661	  5583	  5260	  5587	
  5569	  5485	  5187	  5504	
  5479	  5407	  5138	  5417	
  5397	  5320	  5060	  5333	
  5306	  5232	  5005	  5255	
  5244	  5169	  4948	  5175	
  5158	  5096	  4890	  5102	
  5076	  5021	  4846	  5035	
  5012	  4961	  4798	  4972	
  4950	  4905	  4752	  4909	
  4885	  4853	  4707	  4862	
  4831	  4805	  4672	  4810	
  4770	  4752	  4631	  4756	
  4733	  4706	  4596	  4713	
  4687	  4658	  4557	  4668	
  4649	  4625	  4530	  4627	
  4600	  4582	  4511	  4595	
  4573	  4557	  4481	  4561	
  4547	  4540	  4465	  4539	
  4518	  4515	  4438	  4510	
  4500	  4499	  4422	  4489	
  4488	  4478	  4415	  4482	
  4476	  4471	  4413	  4472	
  4474	  4457	  4403	  4464	
  4472	  4464	  4407	  4473	
  4478	  4481	  4409	  4479	
  4499	  4483	  4420	  4491	
  4514	  4493	  4432	  4502	
  4528	  4519	  4453	  4521	
  4548	  4541	  4460	  4552	
  4581	  4568	  4479	  4568	
  4610	  4605	  4515	  4603	
  4641	  4632	  4536	  4641	
  4686	  4683	  4572	  4675	
  4737	  4718	  4603	  4723	
  4777	  4761	  4639	  4772	
  4830	  4821	  4678	  4815	
  4881	  4866	  4724	  4874	
  4942	  4930	  4768	  4934	
  5000	  4980	  4830	  4987	
  5067	  5054	  4869	  5051	
  5139	  5120	  4916	  5128	
  5209	  5196	  4972	  5196	
  5291	  5267	  5043	  5277	
  5381	  5350	  5101	  5358	
  5470	  5425	  5166	  5440	
  5548	  5512	  5218	  5535	
  5660	  5605	  5303	  5620	
  5761	  5689	  5367	  5720	
  5869	  5793	  5436	  5819	
  5987	  5916	  5515	  5941	
  6145	  6069	  5662	  6088	
  6272	  6199	  5736	  6204	
  6937	  6797	  6200	  6851	
  6691	  6583	  6037	  6617	
  6422	  6326	  5826	  6344	
  6218	  6103	  5657	  6130	
  6043	  5928	  5540	  5952	
  5917	  5811	  5452	  5826	
  5817	  5720	  5374	  5751	
  5720	  5627	  5291	  5641	
  5616	  5534	  5220	  5547	
  5524	  5453	  5167	  5465	
  5441	  5363	  5097	  5372	
  5370	  5288	  5033	  5300	
  5272	  5211	  4973	  5222	
  5206	  5141	  4936	  5152	
  5128	  5075	  4871	  5084	
  5065	  5015	  4834	  5021	
  4998	  4947	  4796	  4961	
  4937	  4901	  4751	  4905	
  4883	  4841	  4701	  4857	
  4825	  4796	  4675	  4796	
  4791	  4758	  4637	  4758	
  4740	  4712	  4597	  4714	
  4695	  4675	  4562	  4675	
  4661	  4635	  4544	  4645	
  4627	  4613	  4524	  4612	
  4603	  4591	  4505	  4588	
  4572	  4562	  4478	  4575	
  4566	  4547	  4459	  4540	
  4544	  4533	  4465	  4534	
  4542	  4532	  4460	  4534	
  4530	  4520	  4447	  4525	
  4530	  4520	  4450	  4526	
  4532	  4528	  4465	  4528	
  4550	  4529	  4463	  4554	
  4567	  4559	  4482	  4557	
  4581	  4572	  4485	  4573	
  4619	  4596	  4506	  4594	
  4627	  4619	  4523	  4627	
  4668	  4653	  4563	  4646	
  4698	  4688	  4585	  4695	
  4740	  4721	  4607	  4724	
  4786	  4771	  4648	  4770	
  4827	  4807	  4685	  4813	
  4880	  4868	  4720	  4869	
  4927	  4912	  4759	  4921	
  4994	  4978	  4806	  4980	
  5052	  5035	  4858	  5036	
  5117	  5096	  4900	  5097	
  5185	  5163	  4959	  5171	
  5269	  5235	  5013	  5244	
  5348	  5312	  5057	  5316	
  5425	  5400	  5126	  5399	
  5515	  5473	  5188	  5483	
  5597	  5565	  5265	  5570	
  5711	  5658	  5324	  5664	
  5806	  5751	  5407	  5755	
  5914	  5851	  5479	  5861	
  6050	  5985	  5585	  5987	
  6238	  6150	  5725	  6169	
  6362	  6280	  5806	  6293	
  7069	  6957	  6334	  7001	
  6813	  6699	  6146	  6746	
  6548	  6426	  5920	  6455	
  6309	  6210	  5736	  6228	
  6104	  6008	  5599	  6031	
  5962	  5868	  5498	  5887	
  5858	  5766	  5412	  5788	
  5761	  5668	  5338	  5688	
  5654	  5583	  5278	  5600	
  5572	  5498	  5199	  5513	
  5489	  5412	  5131	  5431	
  5403	  5336	  5076	  5363	
  5332	  5270	  5024	  5278	
  5247	  5198	  4968	  5202	
  5171	  5129	  4916	  5131	
  5111	  5066	  4877	  5072	
  5048	  5000	  4836	  5007	
  4987	  4949	  4789	  4960	
  4936	  4902	  4742	  4904	
  4876	  4849	  4701	  4850	
  4834	  4810	  4680	  4807	
  4794	  4763	  4643	  4771	
  4754	  4726	  4621	  4732	
  4712	  4693	  4590	  4697	
  4687	  4658	  4566	  4666	
  4657	  4653	  4539	  4640	
  4633	  4620	  4526	  4616	
  4619	  4600	  4504	  4601	
  4596	  4585	  4505	  4591	
  4587	  4585	  4497	  4584	
  4591	  4580	  4500	  4572	
  4580	  4582	  4497	  4582	
  4601	  4589	  4503	  4580	
  4599	  4596	  4511	  4600	
  4621	  4605	  4521	  4613	
  4626	  4628	  4534	  4633	
  4656	  4647	  4558	  4653	
  4681	  4680	  4574	  4682	
  4719	  4705	  4593	  4714	
  4753	  4734	  4626	  4741	
  4788	  4774	  4642	  4783	
  4840	  4824	  4695	  4819	
  4879	  4857	  4716	  4865	
  4923	  4911	  4756	  4911	
  4981	  4962	  4804	  4970	
  5045	  5025	  4857	  5026	
  5098	  5074	  4891	  5091	
  5164	  5152	  4942	  5151	
  5234	  5209	  4990	  5224	
  5308	  5285	  5056	  5282	
  5389	  5363	  5105	  5365	
  5467	  5441	  5178	  5444	
  5558	  5519	  5240	  5528	
  5651	  5612	  5298	  5618	
  5751	  5711	  5368	  5714	
  5867	  5790	  5442	  5803	
  5970	  5897	  5526	  5904	
  6137	  6055	  5631	  6078	
  6331	  6246	  5782	  6262	
  6480	  6373	  5897	  6397	
  7263	  7112	  6446	  7159	
  6963	  6860	  6256	  6875	
  6679	  6561	  6026	  6598	
  6433	  6312	  5834	  6342	
  6211	  6105	  5670	  6128	
  6029	  5931	  5539	  5951	
  5924	  5829	  5448	  5849	
  5805	  5720	  5374	  5746	
  5725	  5638	  5309	  5650	
  5632	  5551	  5240	  5560	
  5535	  5465	  5174	  5478	
  5469	  5382	  5107	  5404	
  5380	  5325	  5059	  5331	
  5285	  5245	  5001	  5249	
  5231	  5177	  4961	  5187	
  5174	  5111	  4908	  5124	
  5103	  5051	  4879	  5058	
  5044	  5007	  4821	  5012	
  5000	  4952	  4795	  4959	
  4940	  4906	  4745	  4903	
  4890	  4857	  4715	  4863	
  4858	  4833	  4684	  4822	
  4807	  4779	  4660	  4783	
  4773	  4748	  4634	  4747	
  4743	  4724	  4602	  4719	
  4716	  4696	  4598	  4696	
  4695	  4674	  4581	  4672	
  4666	  4658	  4561	  4655	
  4666	  4647	  4556	  4648	
  4641	  4643	  4547	  4647	
  4649	  4636	  4548	  4640	
  4651	  4636	  4546	  4642	
  4662	  4647	  4546	  4644	
  4669	  4664	  4557	  4652	
  4679	  4671	  4563	  4668	
  4703	  4692	  4580	  4689	
  4719	  4707	  4598	  4710	
  4738	  4730	  4617	  4728	
  4776	  4768	  4652	  4758	
  4815	  4792	  4672	  4796	
  4846	  4832	  4693	  4829	
  4889	  4873	  4728	  4882	
  4934	  4918	  4769	  4921	
  4979	  4970	  4807	  4968	
  5042	  5018	  4849	  5020	
  5093	  5072	  4883	  5079	
  5158	  5138	  4932	  5143	
  5228	  5197	  4975	  5207	
  5297	  5266	  5051	  5283	
  5373	  5342	  5082	  5343	
  5450	  5404	  5142	  5425	
  5530	  5496	  5218	  5501	
  5616	  5571	  5271	  5569	
  5707	  5647	  5328	  5674	
  5808	  5759	  5414	  5770	
  5917	  5847	  5484	  5858	
  6042	  5974	  5576	  5976	
  6230	  6146	  5724	  6159	
  6450	  6353	  5889	  6378	
  6605	  6519	  6006	  6528	
  7430	  7297	  6590	  7352	
  7134	  7019	  6384	  7057	
  6813	  6710	  6135	  6741	
  6557	  6443	  5934	  6481	
  6331	  6222	  5749	  6244	
  6129	  6024	  5607	  6044	
  5979	  5886	  5505	  5904	
  5883	  5791	  5416	  5800	
  5786	  5697	  5364	  5703	
  5694	  5607	  5291	  5619	
  5603	  5523	  5223	  5535	
  5525	  5442	  5168	  5463	
  5442	  5368	  5104	  5383	
  5366	  5305	  5044	  5317	
  5289	  5235	  5011	  5253	
  5226	  5170	  4954	  5181	
  5165	  5117	  4908	  5124	
  5106	  5063	  4877	  5073	
  5050	  5006	  4836	  5011	
  5005	  4963	  4797	  4963	
  4946	  4923	  4766	  4922	
  4918	  4875	  4720	  4879	
  4870	  4843	  4700	  4843	
  4834	  4816	  4673	  4813	
  4797	  4776	  4668	  4789	
  4780	  4758	  4640	  4761	
  4757	  4738	  4620	  4740	
  4740	  4717	  4608	  4725	
  4734	  4713	  4596	  4709	
  4714	  4704	  4595	  4703	
  4710	  4699	  4588	  4699	
  4716	  4703	  4595	  4701	
  4724	  4706	  4597	  4706	
  4728	  4708	  4608	  4720	
  4744	  4728	  4614	  4727	
  4756	  4751	  4625	  4745	
  4791	  4778	  4641	  4780	
  4814	  4799	  4670	  4796	
  4845	  4825	  4695	  4829	
  4875	  4856	  4732	  4854	
  4912	  4887	  4750	  4899	
  4950	  4942	  4774	  4940	
  4992	  4972	  4812	  4979	
  5044	  5031	  4857	  5034	
  5107	  5085	  4894	  5082	
  5160	  5130	  4936	  5141	
  5212	  5197	  4979	  5208	
  5283	  5249	  5032	  5264	
  5344	  5317	  5074	  5325	
  5424	  5393	  5126	  5396	
  5501	  5463	  5179	  5468	
  5584	  5548	  5261	  5556	
  5680	  5629	  5316	  5627	
  5762	  5715	  5378	  5720	
  5875	  5816	  5453	  5817	
  5975	  5912	  5541	  5929	
  6139	  6060	  5643	  6070	
  6334	  6258	  5806	  6267	
  6566	  6494	  5994	  6501	
  6740	  6648	  6096	  6669	
  7648	  7524	  6767	  7561	
  7330	  7215	  6519	  7251	
  7002	  6883	  6291	  6902	
  6721	  6592	  6052	  6621	
  6459	  6351	  5850	  6386	
  6241	  6128	  5694	  6152	
  6072	  5971	  5582	  5983	
  5938	  5844	  5464	  5867	
  5855	  5761	  5395	  5765	
  5756	  5671	  5340	  5679	
  5666	  5589	  5278	  5592	
  5589	  5507	  5212	  5519	
  5511	  5445	  5170	  5435	
  5431	  5357	  5114	  5376	
  5365	  5290	  5051	  5304	
  5291	  5229	  5002	  5240	
  5230	  5183	  4958	  5181	
  5174	  5128	  4923	  5129	
  5118	  5066	  4883	  5075	
  5076	  5028	  4841	  5026	
  5017	  4979	  4810	  4977	
  4974	  4945	  4777	  4942	
  4939	  4909	  4742	  4908	
  4912	  4874	  4729	  4874	
  4870	  4843	  4714	  4849	
  4854	  4820	  4688	  4814	
  4823	  4799	  4667	  4802	
  4805	  4775	  4664	  4795	
  4790	  4780	  4657	  4772	
  4780	  4768	  4634	  4770	
  4778	  4761	  4640	  4765	
  4785	  4760	  4647	  4765	
  4789	  4774	  4651	  4771	
  4794	  4783	  4659	  4779	
  4816	  4794	  4662	  4790	
  4832	  4804	  4686	  4814	
  4851	  4837	  4706	  4835	
  4879	  4859	  4717	  4861	
  4909	  4881	  4747	  4885	
  4938	  4919	  4773	  4921	
  4975	  4960	  4797	  4947	
  5024	  4996	  4847	  5002	
  5063	  5044	  4854	  5039	
  5102	  5084	  4897	  5085	
  5170	  5141	  4941	  5144	
  5227	  5195	  4983	  5203	
  5279	  5257	  5024	  5254	
  5354	  5319	  5069	  5321	
  5419	  5377	  5120	  5391	
  5483	  5465	  5179	  5460	
  5565	  5531	  5228	  5528	
  5660	  5606	  5286	  5615	
  5750	  5689	  5354	  5699	
  5841	  5790	  5425	  5785	
  5937	  5870	  5508	  5883	
  6078	  5987	  5602	  6007	
  6255	  6167	  5731	  6184	
  6473	  6389	  5897	  6394	
  6726	  6636	  6107	  6639	
  6903	  6806	  6233	  6805	
  7904	  7759	  6940	  7825	
  7568	  7451	  6711	  7485	
  7216	  7097	  6431	  7129	
  6902	  6786	  6200	  6813	
  6629	  6501	  5978	  6535	
  6395	  6267	  5808	  6304	
  6203	  6092	  5667	  6112	
  6039	  5934	  5533	  5952	
  5924	  5830	  5462	  5837	
  5841	  5742	  5393	  5754	
  5749	  5662	  5331	  5671	
  5671	  5580	  5277	  5591	
  5591	  5513	  5224	  5516	
  5509	  5431	  5165	  5439	
  5439	  5368	  5119	  5374	
  5372	  5303	  5065	  5319	
  5304	  5248	  5003	  5251	
  5248	  5189	  4986	  5202	
  5185	  5135	  4944	  5146	
  5146	  5094	  4907	  5096	
  5095	  5054	  4876	  5050	
  5050	  5002	  4841	  5016	
  5019	  4978	  4808	  4975	
  4983	  4947	  4778	  4946	
  4958	  4919	  4763	  4923	
  4927	  4889	  4745	  4889	
  4903	  4869	  4742	  4870	
  4880	  4859	  4722	  4861	
  4869	  4845	  4710	  4850	
  4866	  4840	  4712	  4837	
  4857	  4831	  4697	  4834	
  4863	  4838	  4704	  4835	
  4866	  4851	  4709	  4841	
  4874	  4855	  4717	  4847	
  4900	  4863	  4730	  4867	
  4906	  4872	  4730	  4878	
  4931	  4909	  4756	  4906	
  4961	  4936	  4786	  4924	
  4983	  4960	  4802	  4953	
  5013	  4989	  4830	  4995	
  5055	  5027	  4861	  5029	
  5095	  5074	  4882	  5061	
  5143	  5109	  4913	  5120	
  5186	  5160	  4959	  5152	
  5249	  5203	  5003	  5209	
  5305	  5262	  5039	  5278	
  5361	  5327	  5077	  5324	
  5421	  5391	  5133	  5396	
  5494	  5452	  5172	  5453	
  5569	  5525	  5240	  5540	
  5643	  5597	  5298	  5615	
  5734	  5691	  5345	  5693	
  5825	  5760	  5418	  5767	
  5924	  5865	  5484	  5854	
  6033	  5959	  5586	  5959	
  6193	  6109	  5691	  6128	
  6389	  6308	  5853	  6319	
  6641	  6554	  6044	  6572	
  6906	  6836	  6245	  6827	
  7099	  7014	  6393	  6998	
  8122	  7961	  7073	  8031	
  7757	  7635	  6825	  7676	
  7385	  7265	  6545	  7309	
  7046	  6926	  6311	  6958	
  6733	  6647	  6073	  6667	
  6518	  6390	  5885	  6426	
  6301	  6167	  5720	  6222	
  6124	  6026	  5594	  6027	
  5974	  5880	  5497	  5889	
  5898	  5811	  5424	  5801	
  5808	  5717	  5369	  5735	
  5733	  5644	  5305	  5649	
  5638	  5569	  5244	  5573	
  5554	  5476	  5193	  5499	
  5484	  5410	  5144	  5428	
  5430	  5345	  5098	  5373	
  5376	  5311	  5045	  5303	
  5312	  5243	  5011	  5234	
  5252	  5201	  4954	  5199	
  5206	  5148	  4929	  5148	
  5155	  5111	  4898	  5107	
  5106	  5053	  4865	  5069	
  5065	  5036	  4843	  5035	
  5035	  5005	  4801	  5003	
  5012	  4966	  4794	  4968	
  4990	  4951	  4783	  4962	
  4963	  4927	  4775	  4939	
  4944	  4915	  4756	  4916	
  4937	  4892	  4747	  4899	
  4927	  4890	  4730	  4894	
  4927	  4896	  4724	  4884	
  4916	  4892	  4729	  4886	
  4930	  4902	  4736	  4887	
  4943	  4895	  4743	  4901	
  4952	  4911	  4746	  4915	
  4973	  4937	  4768	  4941	
  4980	  4948	  4777	  4953	
  5020	  4982	  4805	  4988	
  5045	  5013	  4842	  5012	
  5066	  5046	  4866	  5039	
  5122	  5078	  4892	  5086	
  5166	  5142	  4915	  5132	
  5198	  5167	  4951	  5166	
  5246	  5210	  4989	  5200	
  5301	  5262	  5014	  5268	
  5350	  5319	  5082	  5327	
  5418	  5379	  5100	  5379	
  5489	  5442	  5146	  5441	
  5545	  5511	  5192	  5517	
  5628	  5584	  5263	  5581	
  5704	  5652	  5319	  5664	
  5794	  5736	  5383	  5747	
  5879	  5829	  5454	  5816	
  5981	  5932	  5530	  5921	
  6113	  6053	  5637	  6062	
  6314	  6215	  5743	  6213	
  6516	  6410	  5930	  6428	
  6778	  6697	  6133	  6691	
  7061	  6967	  6342	  6982	
  7236	  7165	  6500	  7181	
