  1.1347533e+001
  1.1347533e+001
  1.1347533e+001
  1.1347533e+001
  1.1347533e+001
  1.1347533e+001
  1.1347533e+001
  1.1347533e+001
  1.1347533e+001
  1.1347533e+001
  1.1347533e+001
  1.1579063e+001
  1.1810594e+001
  1.2042124e+001
  1.2273654e+001
  1.2505185e+001
  1.2736715e+001
  1.2968245e+001
  1.3199775e+001
  1.3431306e+001
  1.3662836e+001
  1.3894366e+001
  1.4125896e+001
  1.4357427e+001
  1.4588957e+001
  1.4820487e+001
  1.5052017e+001
  1.5283548e+001
  1.5515078e+001
  1.5746608e+001
  1.5978138e+001
  1.6209669e+001
  1.6441199e+001
  1.6672729e+001
  1.6904259e+001
  1.7135790e+001
  1.7367320e+001
  1.7598850e+001
  1.7830380e+001
  1.8061911e+001
  1.8293441e+001
  1.8524971e+001
  1.8756501e+001
  1.8988032e+001
  1.9219562e+001
  1.9451092e+001
  1.9682622e+001
  1.9914153e+001
  2.0145683e+001
  2.0377213e+001
  2.0608743e+001
  2.0840274e+001
  2.1071804e+001
  2.1303334e+001
  2.1534864e+001
  2.1766395e+001
  2.1997925e+001
  2.2229455e+001
  2.2460986e+001
  2.2692516e+001
  2.2924046e+001
  2.3155576e+001
  2.3387107e+001
  2.3618637e+001
  2.3850167e+001
  2.4081697e+001
  2.4313228e+001
  2.4544758e+001
  2.4776288e+001
  2.5007818e+001
  2.5239349e+001
  2.5470879e+001
  2.5702409e+001
  2.5933939e+001
  2.6165470e+001
  2.6397000e+001
  2.6628530e+001
  2.6860060e+001
  2.7091591e+001
  2.7323121e+001
  2.7554651e+001
  2.7786181e+001
  2.8017712e+001
  2.8249242e+001
  2.8480772e+001
  2.8712302e+001
  2.8943833e+001
  2.9175363e+001
  2.9406893e+001
  2.9638423e+001
  2.9869954e+001
  3.0101484e+001
  3.0333014e+001
  3.0564544e+001
  3.0796075e+001
  3.1027605e+001
  3.1259135e+001
  3.1490665e+001
  3.1722196e+001
  3.1953726e+001
  3.2185256e+001
  3.2416787e+001
  3.2648317e+001
  3.2879847e+001
  3.3111377e+001
  3.3342908e+001
  3.3574438e+001
  3.3805968e+001
  3.4037498e+001
  3.4269029e+001
  3.4500559e+001
  3.4732089e+001
  3.4963619e+001
  3.5195150e+001
  3.5426680e+001
  3.5658210e+001
  3.5889740e+001
  3.6121271e+001
  3.6352801e+001
  3.6584331e+001
  3.6815861e+001
  3.7047392e+001
  3.7278922e+001
  3.7510452e+001
  3.7741982e+001
  3.7973513e+001
  3.8205043e+001
  3.8436573e+001
  3.8668103e+001
  3.8899634e+001
  3.9131164e+001
  3.9362694e+001
  3.9594224e+001
  3.9825755e+001
  4.0057285e+001
  4.0288815e+001
  4.0520345e+001
  4.0751876e+001
  4.0983406e+001
  4.1214936e+001
  4.1446467e+001
  4.1677997e+001
  4.1909527e+001
  4.2141057e+001
  4.2372588e+001
  4.2604118e+001
  4.2835648e+001
  4.3067178e+001
  4.3298709e+001
  4.3530239e+001
  4.3761769e+001
  4.3993299e+001
  4.4224830e+001
  4.4456360e+001
  4.4687890e+001
  4.4919420e+001
  4.5150951e+001
  4.5382481e+001
  4.5614011e+001
  4.5394959e+001
  4.5063400e+001
  4.4731842e+001
  4.4400283e+001
  4.4068724e+001
  4.3737166e+001
  4.3405607e+001
  4.3074048e+001
  4.2742490e+001
  4.2410931e+001
  4.2079373e+001
  4.1747814e+001
  4.1416255e+001
  4.1084697e+001
  4.0753138e+001
  4.0421579e+001
  4.0090021e+001
  3.9758462e+001
  3.9426903e+001
  3.9095345e+001
  3.8763786e+001
  3.8432227e+001
  3.8100669e+001
  3.7769110e+001
  3.7437552e+001
  3.7105993e+001
  3.6774434e+001
  3.6442876e+001
  3.6111317e+001
  3.5779758e+001
  3.5448200e+001
  3.5116641e+001
  3.4785082e+001
  3.4453524e+001
  3.4121965e+001
  3.3790406e+001
  3.3458848e+001
  3.3127289e+001
  3.2795731e+001
  3.2464172e+001
  3.2132613e+001
  3.1801055e+001
  3.1469496e+001
  3.1137937e+001
  3.0806379e+001
  3.0474820e+001
  3.0143261e+001
  2.9811703e+001
  2.9480144e+001
  2.9148585e+001
  2.8817027e+001
  2.8485468e+001
  2.8153910e+001
  2.7822351e+001
  2.7490792e+001
  2.7159234e+001
  2.6827675e+001
  2.6496116e+001
  2.6164558e+001
  2.5832999e+001
  2.5501440e+001
  2.5169882e+001
  2.4838323e+001
  2.4506764e+001
  2.4175206e+001
  2.3843647e+001
  2.3512089e+001
  2.3180530e+001
  2.2848971e+001
  2.2517413e+001
  2.2185854e+001
  2.1854295e+001
  2.1522737e+001
  2.1191178e+001
  2.0859619e+001
  2.0528061e+001
  2.0196502e+001
  1.9864943e+001
  1.9533385e+001
  1.9201826e+001
  1.8870268e+001
  1.8538709e+001
  1.8207150e+001
  1.7875592e+001
  1.7544033e+001
  1.7212474e+001
  1.6880916e+001
  1.6549357e+001
  1.6217798e+001
  1.5886240e+001
  1.5554681e+001
  1.5223122e+001
  1.4891564e+001
  1.4560005e+001
  1.4228447e+001
  1.3896888e+001
  1.3565329e+001
