  2.9546054e+001
  2.9546054e+001
  2.9546054e+001
  2.9546054e+001
  2.9546054e+001
  2.9546054e+001
  2.9546054e+001
  2.9546054e+001
  2.9546054e+001
  2.9546054e+001
  2.9546054e+001
  3.0851916e+001
  3.2157777e+001
  3.3463638e+001
  3.4769499e+001
  3.6075360e+001
  3.7381221e+001
  3.8687083e+001
  3.9992944e+001
  4.1298805e+001
  4.2604666e+001
  4.3910527e+001
  4.5216389e+001
  4.6522250e+001
  4.7828111e+001
  4.9133972e+001
  5.0439833e+001
  5.1745694e+001
  5.3051556e+001
  5.4357417e+001
  5.5496869e+001
  5.5304862e+001
  5.5112856e+001
  5.4920850e+001
  5.4728844e+001
  5.4536838e+001
  5.4344832e+001
  5.4152826e+001
  5.3960820e+001
  5.3768814e+001
  5.3576808e+001
  5.3384802e+001
  5.3192796e+001
  5.3000789e+001
  5.2808783e+001
  5.2616777e+001
  5.2424771e+001
  5.2232765e+001
  5.2040759e+001
  5.1848753e+001
  5.1656747e+001
  5.1464741e+001
  5.1272735e+001
  5.1080729e+001
  5.0888723e+001
  5.0696716e+001
  5.0504710e+001
  5.0312704e+001
  5.0120698e+001
  4.9928692e+001
  4.9736686e+001
  4.9544680e+001
  4.9352674e+001
  4.9160668e+001
  4.8968662e+001
  4.8776656e+001
  4.8584650e+001
  4.8392643e+001
  4.8200637e+001
  4.8008631e+001
  4.7816625e+001
  4.7624619e+001
  4.7432613e+001
  4.7240607e+001
  4.7048601e+001
  4.6856595e+001
  4.6664589e+001
  4.6472583e+001
  4.6280577e+001
  4.6088570e+001
  4.5896564e+001
  4.5704558e+001
  4.5512552e+001
  4.5320546e+001
  4.5128540e+001
  4.4936534e+001
  4.4744528e+001
  4.4552522e+001
  4.4360516e+001
  4.4168510e+001
  4.3976504e+001
  4.3784497e+001
  4.3592491e+001
  4.3400485e+001
  4.3208479e+001
  4.3016473e+001
  4.2824467e+001
  4.2632461e+001
  4.2440455e+001
  4.2248449e+001
  4.2056443e+001
  4.1864437e+001
  4.1672431e+001
  4.1480424e+001
  4.1288418e+001
  4.1096412e+001
  4.0904406e+001
  4.0712400e+001
  4.0520394e+001
  4.0328388e+001
  4.0136382e+001
  3.9944376e+001
  3.9752370e+001
  3.9560364e+001
  3.9368358e+001
  3.9176351e+001
  3.8984345e+001
  3.8792339e+001
  3.8600333e+001
  3.8408327e+001
  3.8216321e+001
  3.8024315e+001
  3.7832309e+001
  3.7640303e+001
  3.7448297e+001
  3.7256291e+001
  3.7064285e+001
  3.6872278e+001
  3.6680272e+001
  3.6488266e+001
  3.6296260e+001
  3.6104254e+001
  3.5912248e+001
  3.5720242e+001
  3.5528236e+001
  3.5336230e+001
  3.5144224e+001
  3.4952218e+001
  3.4760212e+001
  3.4568205e+001
  3.4376199e+001
  3.4184193e+001
  3.3992187e+001
  3.3800181e+001
  3.3608175e+001
  3.3416169e+001
  3.3224163e+001
  3.3032157e+001
  3.2840151e+001
  3.2648145e+001
  3.2456139e+001
  3.2264132e+001
  3.2072126e+001
  3.1880120e+001
  3.1688114e+001
  3.1496108e+001
  3.1304102e+001
  3.1112096e+001
  3.0920090e+001
  3.0728084e+001
  3.0536078e+001
  3.0344072e+001
  3.0152066e+001
  2.9960059e+001
  2.9768053e+001
  2.9576047e+001
  2.9384041e+001
  2.9192035e+001
  2.9000029e+001
  2.8808023e+001
  2.8616017e+001
  2.8424011e+001
  2.8232005e+001
  2.8039999e+001
  2.7847993e+001
  2.7655986e+001
  2.7463980e+001
  2.7271974e+001
  2.7079968e+001
  2.6887962e+001
  2.6695956e+001
  2.6503950e+001
  2.6311944e+001
  2.6119938e+001
  2.5927932e+001
  2.5735926e+001
  2.5543920e+001
  2.5351913e+001
  2.5159907e+001
  2.4967901e+001
  2.4775895e+001
  2.4583889e+001
  2.4391883e+001
  2.4199877e+001
  2.4007871e+001
  2.3815865e+001
  2.3623859e+001
  2.3431853e+001
  2.3239847e+001
  2.3047840e+001
  2.2855834e+001
  2.2663828e+001
  2.2471822e+001
  2.2279816e+001
  2.2087810e+001
  2.1895804e+001
  2.1703798e+001
  2.1511792e+001
  2.1319786e+001
  2.1127780e+001
  2.0935774e+001
  2.0743767e+001
  2.0551761e+001
  2.0359755e+001
  2.0167749e+001
  1.9975743e+001
  1.9783737e+001
  1.9591731e+001
  1.9399725e+001
  1.9207719e+001
  1.9015713e+001
  1.8823707e+001
  1.8631701e+001
  1.8439694e+001
  1.8247688e+001
  1.8055682e+001
  1.7863676e+001
  1.7671670e+001
  1.7479664e+001
  1.7287658e+001
  1.7095652e+001
  1.6903646e+001
  1.6711640e+001
  1.6519634e+001
  1.6327628e+001
  1.6135621e+001
  1.5943615e+001
  1.5751609e+001
  1.5559603e+001
  1.5367597e+001
  1.5175591e+001
  1.4983585e+001
  1.4791579e+001
  1.4599573e+001
  1.4407567e+001
  1.4215561e+001
  1.4023555e+001
  1.3879550e+001
  1.3879550e+001
  1.3879550e+001
  1.3879550e+001
  1.3879550e+001
  1.3879550e+001
  1.3879550e+001
  1.3879550e+001
  1.3879550e+001
