  0.0000000e+000  0.0000000e+000  0.0000000e+000  0.0000000e+000  0.0000000e+000
  0.0000000e+000  0.0000000e+000  0.0000000e+000  0.0000000e+000  0.0000000e+000
  0.0000000e+000  0.0000000e+000  0.0000000e+000  0.0000000e+000  0.0000000e+000
  3.0000000e+000  3.0000000e+000  3.0000000e+000  3.0000000e+000  3.0000000e+000
  5.0000000e+000  5.0000000e+000  5.0000000e+000  5.0000000e+000  5.0000000e+000
  1.1000000e+001  1.1000000e+001  1.1000000e+001  1.1000000e+001  1.1000000e+001
  1.6000000e+001  1.6000000e+001  1.6000000e+001  1.6000000e+001  1.6000000e+001
  2.4000000e+001  2.4000000e+001  2.4000000e+001  2.4000000e+001  2.4000000e+001
  3.2000000e+001  3.2000000e+001  3.2000000e+001  3.2000000e+001  3.2000000e+001
  4.1000000e+001  4.1000000e+001  4.1000000e+001  4.1000000e+001  4.1000000e+001
  5.2000000e+001  5.2000000e+001  5.2000000e+001  5.2000000e+001  5.2000000e+001
  6.4000000e+001  6.4000000e+001  6.4000000e+001  6.4000000e+001  6.4000000e+001
  7.7000000e+001  7.7000000e+001  7.7000000e+001  7.7000000e+001  7.7000000e+001
  9.1000000e+001  9.1000000e+001  9.1000000e+001  9.1000000e+001  9.1000000e+001
  1.0400000e+002  1.0400000e+002  1.0400000e+002  1.0400000e+002  1.0400000e+002
  1.1700000e+002  1.1700000e+002  1.1700000e+002  1.1700000e+002  1.1700000e+002
  1.3200000e+002  1.3200000e+002  1.3200000e+002  1.3200000e+002  1.3200000e+002
  1.4400000e+002  1.4400000e+002  1.4400000e+002  1.4400000e+002  1.4400000e+002
  1.5800000e+002  1.5800000e+002  1.5800000e+002  1.5800000e+002  1.5800000e+002
  1.7100000e+002  1.7100000e+002  1.7100000e+002  1.7100000e+002  1.7100000e+002
  1.8300000e+002  1.8300000e+002  1.8300000e+002  1.8300000e+002  1.8300000e+002
  1.9400000e+002  1.9400000e+002  1.9400000e+002  1.9400000e+002  1.9400000e+002
  2.0400000e+002  2.0400000e+002  2.0400000e+002  2.0400000e+002  2.0400000e+002
  2.1400000e+002  2.1400000e+002  2.1400000e+002  2.1400000e+002  2.1400000e+002
  2.2300000e+002  2.2300000e+002  2.2300000e+002  2.2300000e+002  2.2300000e+002
  2.3100000e+002  2.3100000e+002  2.3100000e+002  2.3100000e+002  2.3100000e+002
  2.3600000e+002  2.3600000e+002  2.3600000e+002  2.3600000e+002  2.3600000e+002
  2.4300000e+002  2.4300000e+002  2.4300000e+002  2.4300000e+002  2.4300000e+002
  2.4800000e+002  2.4800000e+002  2.4800000e+002  2.4800000e+002  2.4800000e+002
  2.5100000e+002  2.5100000e+002  2.5100000e+002  2.5100000e+002  2.5100000e+002
  2.5400000e+002  2.5400000e+002  2.5400000e+002  2.5400000e+002  2.5400000e+002
  2.5500000e+002  2.5500000e+002  2.5500000e+002  2.5500000e+002  2.5500000e+002
  2.5500000e+002  2.5500000e+002  2.5500000e+002  2.5500000e+002  2.5500000e+002
  2.5500000e+002  2.5500000e+002  2.5500000e+002  2.5500000e+002  2.5500000e+002
  2.5500000e+002  2.5500000e+002  2.5500000e+002  2.5500000e+002  2.5500000e+002
  2.5500000e+002  2.5500000e+002  2.5500000e+002  2.5500000e+002  2.5500000e+002
  2.5500000e+002  2.5500000e+002  2.5500000e+002  2.5500000e+002  2.5500000e+002
  2.5500000e+002  2.5500000e+002  2.5500000e+002  2.5500000e+002  2.5500000e+002
  2.5500000e+002  2.5500000e+002  2.5500000e+002  2.5500000e+002  2.5500000e+002
  2.5500000e+002  2.5500000e+002  2.5500000e+002  2.5500000e+002  2.5500000e+002
  2.5500000e+002  2.5500000e+002  2.5500000e+002  2.5500000e+002  2.5500000e+002
  2.5500000e+002  2.5500000e+002  2.5500000e+002  2.5500000e+002  2.5500000e+002
  2.5500000e+002  2.5500000e+002  2.5500000e+002  2.5500000e+002  2.5500000e+002
  2.5500000e+002  2.5500000e+002  2.5500000e+002  2.5500000e+002  2.5500000e+002
  2.5500000e+002  2.5500000e+002  2.5500000e+002  2.5500000e+002  2.5500000e+002
  2.5500000e+002  2.5500000e+002  2.5500000e+002  2.5500000e+002  2.5500000e+002
  2.5500000e+002  2.5500000e+002  2.5500000e+002  2.5500000e+002  2.5500000e+002
  2.5500000e+002  2.5500000e+002  2.5500000e+002  2.5500000e+002  2.5500000e+002
  2.5500000e+002  2.5500000e+002  2.5500000e+002  2.5500000e+002  2.5500000e+002
  2.5500000e+002  2.5500000e+002  2.5500000e+002  2.5500000e+002  2.5500000e+002
  2.5500000e+002  2.5500000e+002  2.5500000e+002  2.5500000e+002  2.5500000e+002
  2.5500000e+002  2.5500000e+002  2.5500000e+002  2.5500000e+002  2.5500000e+002
  2.5500000e+002  2.5500000e+002  2.5500000e+002  2.5500000e+002  2.5500000e+002
  2.5500000e+002  2.5500000e+002  2.5500000e+002  2.5500000e+002  2.5500000e+002
  2.5500000e+002  2.5500000e+002  2.5500000e+002  2.5500000e+002  2.5500000e+002
  2.5500000e+002  2.5500000e+002  2.5500000e+002  2.5500000e+002  2.5500000e+002
  2.5500000e+002  2.5500000e+002  2.5500000e+002  2.5500000e+002  2.5500000e+002
  2.5500000e+002  2.5500000e+002  2.5500000e+002  2.5500000e+002  2.5500000e+002
  2.5500000e+002  2.5500000e+002  2.5500000e+002  2.5500000e+002  2.5500000e+002
  2.5500000e+002  2.5500000e+002  2.5500000e+002  2.5500000e+002  2.5500000e+002
  2.5500000e+002  2.5500000e+002  2.5500000e+002  2.5500000e+002  2.5500000e+002
  2.5500000e+002  2.5500000e+002  2.5500000e+002  2.5500000e+002  2.5500000e+002
  2.5500000e+002  2.5500000e+002  2.5500000e+002  2.5500000e+002  2.5500000e+002
  2.5500000e+002  2.5500000e+002  2.5500000e+002  2.5500000e+002  2.5500000e+002
