  1.4400293e+001
  1.4400293e+001
  1.4400293e+001
  1.4400293e+001
  1.4400293e+001
  1.4400293e+001
  1.4400293e+001
  1.4400293e+001
  1.4400293e+001
  1.4400293e+001
  1.4400293e+001
  1.4714231e+001
  1.5028169e+001
  1.5342107e+001
  1.5656046e+001
  1.5969984e+001
  1.6283922e+001
  1.6597860e+001
  1.6911798e+001
  1.7225736e+001
  1.7539674e+001
  1.7853612e+001
  1.8167551e+001
  1.8481489e+001
  1.8795427e+001
  1.9109365e+001
  1.9423303e+001
  1.9737241e+001
  2.0051179e+001
  2.0365118e+001
  2.0679056e+001
  2.0992994e+001
  2.1306932e+001
  2.1620870e+001
  2.1934808e+001
  2.2248746e+001
  2.2562684e+001
  2.2876623e+001
  2.3190561e+001
  2.3504499e+001
  2.3818437e+001
  2.4132375e+001
  2.4446313e+001
  2.4760251e+001
  2.5074189e+001
  2.5388128e+001
  2.5702066e+001
  2.6016004e+001
  2.6329942e+001
  2.6643880e+001
  2.6957818e+001
  2.7271756e+001
  2.7585695e+001
  2.7899633e+001
  2.8213571e+001
  2.8527509e+001
  2.8841447e+001
  2.9155385e+001
  2.9469323e+001
  2.9783261e+001
  3.0097200e+001
  3.0411138e+001
  3.0725076e+001
  3.1039014e+001
  3.1352952e+001
  3.1666890e+001
  3.1980828e+001
  3.2294766e+001
  3.2608705e+001
  3.2922643e+001
  3.3236581e+001
  3.3550519e+001
  3.3864457e+001
  3.4178395e+001
  3.4492333e+001
  3.4806272e+001
  3.5120210e+001
  3.5434148e+001
  3.5748086e+001
  3.6062024e+001
  3.6375962e+001
  3.6689900e+001
  3.7003838e+001
  3.7317777e+001
  3.7631715e+001
  3.7945653e+001
  3.8259591e+001
  3.8573529e+001
  3.8887467e+001
  3.9201405e+001
  3.9515343e+001
  3.9829282e+001
  4.0143220e+001
  4.0457158e+001
  4.0771096e+001
  4.1085034e+001
  4.1398972e+001
  4.1712910e+001
  4.2026849e+001
  4.2340787e+001
  4.2654725e+001
  4.2968663e+001
  4.3282601e+001
  4.3596539e+001
  4.3910477e+001
  4.4224415e+001
  4.4538354e+001
  4.4852292e+001
  4.5166230e+001
  4.5480168e+001
  4.5794106e+001
  4.6108044e+001
  4.6421982e+001
  4.6735921e+001
  4.7049859e+001
  4.7363797e+001
  4.7677735e+001
  4.7991673e+001
  4.8305611e+001
  4.8619549e+001
  4.8933487e+001
  4.9247426e+001
  4.9561364e+001
  4.9875302e+001
  5.0189240e+001
  5.0503178e+001
  5.0817116e+001
  5.1131054e+001
  5.1444992e+001
  5.1758931e+001
  5.2072869e+001
  5.2386807e+001
  5.2700745e+001
  5.3014683e+001
  5.3328621e+001
  5.3642559e+001
  5.3956498e+001
  5.4270436e+001
  5.4584374e+001
  5.4898312e+001
  5.5212250e+001
  5.5526188e+001
  5.5840126e+001
  5.6154064e+001
  5.6468003e+001
  5.6781941e+001
  5.7095879e+001
  5.7409817e+001
  5.7723755e+001
  5.8037693e+001
  5.8351631e+001
  5.8665569e+001
  5.8979508e+001
  5.9293446e+001
  5.9166885e+001
  5.8758327e+001
  5.8349769e+001
  5.7941211e+001
  5.7532653e+001
  5.7124095e+001
  5.6715537e+001
  5.6306979e+001
  5.5898421e+001
  5.5489863e+001
  5.5081306e+001
  5.4672748e+001
  5.4264190e+001
  5.3855632e+001
  5.3447074e+001
  5.3038516e+001
  5.2629958e+001
  5.2221400e+001
  5.1812842e+001
  5.1404284e+001
  5.0995726e+001
  5.0587168e+001
  5.0178610e+001
  4.9770052e+001
  4.9361494e+001
  4.8952936e+001
  4.8544378e+001
  4.8135821e+001
  4.7727263e+001
  4.7318705e+001
  4.6910147e+001
  4.6501589e+001
  4.6093031e+001
  4.5684473e+001
  4.5275915e+001
  4.4867357e+001
  4.4458799e+001
  4.4050241e+001
  4.3641683e+001
  4.3233125e+001
  4.2824567e+001
  4.2416009e+001
  4.2007451e+001
  4.1598894e+001
  4.1190336e+001
  4.0781778e+001
  4.0373220e+001
  3.9964662e+001
  3.9556104e+001
  3.9147546e+001
  3.8738988e+001
  3.8330430e+001
  3.7921872e+001
  3.7513314e+001
  3.7104756e+001
  3.6696198e+001
  3.6287640e+001
  3.5879082e+001
  3.5470524e+001
  3.5061966e+001
  3.4653409e+001
  3.4244851e+001
  3.3836293e+001
  3.3427735e+001
  3.3019177e+001
  3.2610619e+001
  3.2202061e+001
  3.1793503e+001
  3.1384945e+001
  3.0976387e+001
  3.0567829e+001
  3.0159271e+001
  2.9750713e+001
  2.9342155e+001
  2.8933597e+001
  2.8525039e+001
  2.8116482e+001
  2.7707924e+001
  2.7299366e+001
  2.6890808e+001
  2.6482250e+001
  2.6073692e+001
  2.5665134e+001
  2.5256576e+001
  2.4848018e+001
  2.4439460e+001
  2.4030902e+001
  2.3622344e+001
  2.3213786e+001
  2.2805228e+001
  2.2396670e+001
  2.1988112e+001
  2.1579555e+001
  2.1170997e+001
  2.0762439e+001
  2.0353881e+001
  1.9945323e+001
  1.9536765e+001
  1.9128207e+001
  1.8719649e+001
  1.8311091e+001
  1.7902533e+001
