2800	2800	2800	2800	
8572	8131	7126	8131	
7735	7283	6452	7283	
7064	6710	6015	6710	
6858	6505	5892	6505	
6744	6386	5801	6386	
6647	6280	5733	6280	
6500	6159	5626	6159	
6374	6032	5546	6032	
6254	5925	5459	5925	
6133	5819	5386	5819	
6027	5735	5331	5735	
5935	5646	5293	5646	
5837	5566	5215	5566	
5744	5484	5139	5484	
5652	5401	5107	5401	
5566	5339	5050	5339	
5478	5284	4992	5284	
5438	5232	4952	5232	
5368	5179	4917	5179	
5291	5139	4862	5139	
5239	5077	4809	5077	
5166	5022	4781	5022	
5105	4982	4721	4982	
5063	4942	4693	4942	
5032	4904	4661	4904	
4993	4874	4636	4874	
4942	4838	4612	4838	
4895	4806	4591	4806	
4855	4770	4568	4770	
4846	4753	4557	4753	
4819	4730	4530	4730	
4786	4719	4514	4719	
4768	4703	4502	4703	
4764	4695	4493	4695	
4761	4685	4495	4685	
4736	4674	4509	4674	
4746	4676	4494	4676	
4748	4686	4498	4686	
4750	4686	4510	4686	
4767	4694	4526	4694	
4789	4711	4522	4711	
4783	4720	4547	4720	
4802	4731	4544	4731	
4838	4753	4558	4753	
4868	4765	4579	4765	
4908	4801	4622	4801	
4934	4823	4635	4823	
4976	4853	4666	4853	
5016	4886	4700	4886	
5057	4927	4723	4927	
5109	4950	4763	4950	
5168	5001	4801	5001	
5230	5035	4832	5035	
5292	5074	4866	5074	
5339	5124	4913	5124	
5411	5182	4955	5182	
5485	5239	5003	5239	
5549	5308	5046	5308	
5635	5382	5106	5382	
5723	5452	5168	5452	
5807	5533	5227	5533	
5900	5619	5303	5619	
5993	5724	5375	5724	
6103	5831	5476	5831	
6237	5947	5563	5947	
6373	6055	5655	6055	
6513	6192	5760	6192	
6684	6351	5872	6351	
6881	6541	6040	6541	
7099	6685	6267	6685	
8021	7524	6633	7524	
7388	6931	6171	6931	
6945	6554	5875	6554	
6793	6399	5771	6399	
6658	6269	5690	6269	
6549	6160	5603	6160	
6422	6027	5521	6027	
6279	5918	5421	5918	
6166	5810	5358	5810	
6059	5704	5289	5704	
5954	5621	5223	5621	
5853	5536	5165	5536	
5751	5455	5099	5455	
5667	5381	5032	5381	
5582	5308	5002	5308	
5497	5247	4950	5247	
5420	5189	4899	5189	
5353	5136	4848	5136	
5290	5089	4806	5089	
5215	5039	4758	5039	
5144	4979	4708	4979	
5082	4926	4675	4926	
5025	4878	4628	4878	
4987	4844	4604	4844	
4949	4808	4565	4808	
4913	4781	4547	4781	
4868	4743	4518	4743	
4828	4708	4489	4708	
4793	4681	4468	4681	
4776	4665	4452	4665	
4743	4632	4436	4632	
4719	4621	4412	4621	
4702	4607	4415	4607	
4690	4597	4403	4597	
4679	4590	4400	4590	
4671	4580	4399	4580	
4674	4585	4392	4585	
4670	4589	4391	4589	
4677	4590	4404	4590	
4693	4596	4424	4596	
4716	4609	4433	4609	
4719	4620	4440	4620	
4740	4633	4448	4633	
4776	4657	4456	4657	
4797	4675	4479	4675	
4831	4699	4506	4699	
4863	4725	4524	4725	
4897	4749	4555	4749	
4939	4784	4584	4784	
4979	4816	4617	4816	
5046	4852	4645	4852	
5091	4904	4689	4904	
5141	4936	4719	4936	
5209	4977	4756	4977	
5264	5023	4802	5023	
5332	5083	4846	5083	
5396	5136	4894	5136	
5462	5195	4928	5195	
5539	5264	4987	5264	
5631	5350	5057	5350	
5714	5420	5117	5420	
5808	5501	5180	5501	
5897	5587	5238	5587	
6010	5692	5340	5692	
6134	5804	5421	5804	
6264	5922	5520	5922	
6397	6052	5624	6052	
6556	6202	5744	6202	
6764	6382	5899	6382	
6972	6530	6137	6530	
7498	7074	6280	7074	
7117	6713	5988	6713	
6862	6521	5866	6521	
6731	6366	5779	6366	
6586	6232	5677	6232	
6477	6112	5584	6112	
6337	5985	5500	5985	
6212	5872	5421	5872	
6106	5765	5347	5765	
5989	5672	5282	5672	
5886	5581	5222	5581	
5790	5495	5159	5495	
5687	5422	5095	5422	
5613	5354	5053	5354	
5525	5285	5000	5285	
5445	5222	4950	5222	
5369	5161	4899	5161	
5299	5110	4831	5110	
5227	5054	4787	5054	
5158	5002	4748	5002	
5095	4946	4706	4946	
5028	4897	4664	4897	
4980	4857	4626	4857	
4940	4815	4597	4815	
4892	4775	4570	4775	
4852	4747	4539	4747	
4805	4707	4512	4707	
4770	4682	4484	4682	
4739	4650	4455	4650	
4706	4623	4438	4623	
4682	4601	4427	4601	
4662	4586	4407	4586	
4638	4570	4403	4570	
4631	4564	4397	4564	
4617	4557	4385	4557	
4619	4552	4395	4552	
4620	4555	4388	4555	
4614	4555	4390	4555	
4624	4553	4390	4553	
4632	4558	4406	4558	
4640	4571	4417	4571	
4650	4582	4422	4582	
4679	4602	4439	4602	
4708	4619	4454	4619	
4732	4636	4467	4636	
4763	4658	4492	4658	
4796	4685	4511	4685	
4828	4711	4539	4711	
4860	4745	4568	4745	
4912	4779	4606	4779	
4971	4818	4641	4818	
5025	4864	4680	4864	
5082	4902	4718	4902	
5146	4947	4760	4947	
5205	5003	4797	5003	
5269	5052	4832	5052	
5334	5103	4872	5103	
5403	5159	4932	5159	
5474	5226	4972	5226	
5562	5299	5033	5299	
5651	5379	5095	5379	
5737	5467	5159	5467	
5825	5541	5216	5541	
5932	5635	5298	5635	
6039	5752	5384	5752	
6170	5863	5480	5863	
6302	5995	5584	5995	
6459	6139	5702	6139	
6644	6293	5836	6293	
6831	6431	6048	6431	
7206	6785	6089	6785	
6973	6571	5926	6571	
6807	6437	5836	6437	
6659	6288	5734	6288	
6520	6156	5640	6156	
6401	6027	5557	6027	
6281	5913	5474	5913	
6154	5800	5400	5800	
6052	5707	5329	5707	
5952	5612	5264	5612	
5832	5515	5192	5515	
5730	5426	5133	5426	
5655	5360	5085	5360	
5574	5301	5039	5301	
5493	5231	4985	5231	
5409	5177	4940	5177	
5335	5108	4877	5108	
5249	5044	4832	5044	
5171	4988	4785	4988	
5103	4937	4736	4937	
5057	4890	4695	4890	
4995	4845	4651	4845	
4942	4800	4623	4800	
4902	4760	4582	4760	
4846	4724	4558	4724	
4804	4691	4524	4691	
4762	4659	4497	4659	
4728	4629	4481	4629	
4699	4596	4457	4596	
4668	4569	4426	4569	
4641	4550	4424	4550	
4623	4531	4418	4531	
4599	4516	4390	4516	
4584	4505	4379	4505	
4575	4499	4385	4499	
4570	4499	4383	4499	
4569	4497	4385	4497	
4569	4498	4383	4498	
4578	4499	4378	4499	
4581	4504	4391	4504	
4594	4517	4402	4517	
4604	4526	4410	4526	
4629	4544	4414	4544	
4659	4566	4447	4566	
4677	4578	4463	4578	
4724	4608	4478	4608	
4739	4623	4499	4623	
4784	4651	4522	4651	
4816	4682	4559	4682	
4868	4721	4589	4721	
4927	4760	4621	4760	
4979	4802	4652	4802	
5048	4845	4702	4845	
5110	4890	4749	4890	
5168	4942	4790	4942	
5235	4997	4828	4997	
5289	5038	4859	5038	
5357	5100	4904	5100	
5421	5159	4951	5159	
5506	5220	4992	5220	
5597	5311	5066	5311	
5684	5398	5148	5398	
5771	5483	5202	5483	
5875	5569	5275	5569	
5989	5672	5357	5672	
6104	5781	5442	5781	
6230	5904	5540	5904	
6371	6044	5655	6044	
6536	6194	5782	6194	
6710	6335	5983	6335	
6996	6601	5966	6601	
6868	6481	5862	6481	
6727	6356	5777	6356	
6573	6205	5679	6205	
6446	6080	5593	6080	
6326	5950	5503	5950	
6204	5850	5440	5850	
6101	5739	5365	5739	
5988	5643	5302	5643	
5884	5549	5235	5549	
5777	5457	5167	5457	
5687	5374	5107	5374	
5608	5313	5064	5313	
5524	5254	5016	5254	
5440	5180	4967	5180	
5355	5118	4913	5118	
5278	5055	4855	5055	
5200	4992	4810	4992	
5119	4932	4752	4932	
5058	4893	4703	4893	
5003	4840	4658	4840	
4942	4789	4621	4789	
4885	4745	4591	4745	
4842	4707	4568	4707	
4796	4669	4529	4669	
4752	4644	4504	4644	
4716	4612	4479	4612	
4683	4576	4455	4576	
4647	4546	4433	4546	
4612	4522	4404	4522	
4583	4504	4397	4504	
4562	4485	4381	4485	
4551	4466	4365	4466	
4532	4451	4345	4451	
4521	4443	4350	4443	
4514	4436	4346	4436	
4508	4429	4335	4429	
4518	4444	4355	4444	
4517	4440	4350	4440	
4528	4450	4355	4450	
4544	4463	4371	4463	
4559	4473	4380	4473	
4573	4486	4393	4486	
4601	4509	4416	4509	
4627	4522	4429	4522	
4658	4545	4446	4545	
4691	4567	4469	4567	
4729	4599	4497	4599	
4758	4626	4528	4626	
4823	4666	4560	4666	
4868	4704	4589	4704	
4920	4745	4627	4745	
4988	4784	4667	4784	
5049	4837	4719	4837	
5112	4891	4759	4891	
5182	4941	4798	4941	
5245	4991	4839	4991	
5313	5041	4881	5041	
5377	5098	4910	5098	
5435	5160	4953	5160	
5523	5237	5030	5237	
5623	5334	5101	5334	
5708	5419	5161	5419	
5809	5503	5233	5503	
5907	5596	5290	5596	
6030	5707	5377	5707	
6141	5825	5490	5825	
6284	5963	5601	5963	
6449	6112	5725	6112	
6640	6242	5909	6242	
6874	6507	5884	6507	
6768	6400	5802	6400	
6646	6283	5719	6283	
6511	6147	5631	6147	
6394	6013	5535	6013	
6261	5885	5457	5885	
6154	5785	5384	5785	
6037	5679	5335	5679	
5932	5582	5262	5582	
5829	5496	5197	5496	
5725	5400	5132	5400	
5636	5325	5070	5325	
5558	5261	5028	5261	
5474	5196	4984	5196	
5392	5127	4928	5127	
5303	5068	4893	5068	
5226	5004	4831	5004	
5146	4940	4778	4940	
5070	4888	4719	4888	
5007	4833	4679	4833	
4946	4785	4632	4785	
4888	4739	4599	4739	
4832	4692	4563	4692	
4791	4658	4535	4658	
4743	4621	4500	4621	
4703	4592	4478	4592	
4665	4558	4442	4558	
4623	4526	4430	4526	
4597	4502	4403	4502	
4571	4473	4386	4473	
4538	4460	4373	4460	
4521	4440	4349	4440	
4499	4419	4338	4419	
4483	4408	4331	4408	
4479	4398	4326	4398	
4469	4388	4320	4388	
4484	4408	4335	4408	
4575	4491	4427	4491	
4469	4398	4324	4398	
4479	4396	4335	4396	
4485	4408	4340	4408	
4511	4422	4350	4422	
4522	4433	4369	4433	
4547	4454	4383	4454	
4577	4473	4396	4473	
4610	4497	4415	4497	
4643	4520	4443	4520	
4677	4543	4470	4543	
4716	4574	4496	4574	
4773	4615	4520	4615	
4818	4652	4559	4652	
4873	4690	4591	4690	
4931	4735	4628	4735	
4995	4785	4678	4785	
5062	4837	4723	4837	
5125	4890	4774	4890	
5191	4942	4804	4942	
5255	4996	4843	4996	
5325	5047	4878	5047	
5385	5109	4923	5109	
5466	5179	4983	5179	
5558	5269	5047	5269	
5657	5353	5106	5353	
5750	5446	5184	5446	
5849	5541	5257	5541	
5963	5632	5328	5632	
6090	5750	5431	5750	
6213	5878	5531	5878	
6363	6025	5650	6025	
6540	6156	5841	6156	
6805	6440	5822	6440	
6707	6340	5745	6340	
6574	6222	5674	6222	
6449	6073	5592	6073	
6301	5936	5480	5936	
6186	5816	5406	5816	
6083	5717	5345	5717	
5979	5613	5280	5613	
5868	5524	5227	5524	
5771	5434	5162	5434	
5673	5350	5104	5350	
5587	5279	5041	5279	
5502	5211	4989	5211	
5413	5144	4945	5144	
5328	5073	4896	5073	
5245	5012	4836	5012	
5163	4950	4791	4950	
5093	4885	4741	4885	
5020	4837	4686	4837	
4961	4781	4646	4781	
4890	4736	4601	4736	
4835	4691	4562	4691	
4786	4644	4527	4644	
4740	4609	4498	4609	
4689	4575	4463	4575	
4651	4541	4437	4541	
4606	4503	4412	4503	
4568	4477	4393	4477	
4540	4445	4370	4445	
4521	4426	4353	4426	
4493	4406	4338	4406	
4471	4391	4321	4391	
4444	4366	4312	4366	
4434	4361	4306	4361	
4427	4352	4297	4352	
4415	4340	4294	4340	
4414	4339	4287	4339	
4428	4351	4296	4351	
4420	4348	4300	4348	
4428	4352	4302	4352	
4440	4364	4314	4364	
4455	4372	4315	4372	
4472	4384	4337	4384	
4493	4408	4347	4408	
4525	4428	4368	4428	
4551	4447	4384	4447	
4586	4467	4407	4467	
4623	4494	4426	4494	
4661	4527	4459	4527	
4703	4559	4498	4559	
4760	4595	4530	4595	
4813	4635	4563	4635	
4875	4681	4592	4681	
4936	4725	4640	4725	
4999	4778	4684	4778	
5064	4829	4725	4829	
5128	4878	4756	4878	
5202	4941	4802	4941	
5265	4991	4846	4991	
5336	5052	4876	5052	
5400	5125	4935	5125	
5491	5202	5000	5202	
5594	5296	5063	5296	
5693	5388	5133	5388	
5797	5480	5213	5480	
5892	5575	5288	5575	
6010	5687	5380	5687	
6134	5806	5463	5806	
6297	5943	5579	5943	
6458	6073	5783	6073	
6753	6381	5784	6381	
6662	6278	5707	6278	
6520	6169	5633	6169	
6377	6003	5530	6003	
6249	5874	5438	5874	
6142	5770	5365	5770	
6036	5673	5309	5673	
5933	5571	5240	5571	
5829	5478	5186	5478	
5723	5387	5135	5387	
5634	5313	5080	5313	
5547	5245	5022	5245	
5466	5179	4982	5179	
5388	5115	4928	5115	
5301	5039	4874	5039	
5202	4972	4821	4972	
5124	4911	4766	4911	
5053	4853	4716	4853	
4984	4794	4657	4794	
4924	4749	4625	4749	
4861	4699	4583	4699	
4797	4654	4537	4654	
4750	4613	4504	4613	
4696	4573	4469	4573	
4658	4534	4439	4534	
4613	4502	4412	4502	
4570	4467	4382	4467	
4533	4441	4356	4441	
4501	4411	4345	4411	
4483	4390	4329	4390	
4449	4375	4309	4375	
4429	4357	4298	4357	
4414	4339	4283	4339	
4399	4335	4288	4335	
4396	4326	4294	4326	
4389	4316	4274	4316	
4381	4313	4272	4313	
4387	4313	4267	4313	
4390	4314	4271	4314	
4395	4320	4282	4320	
4410	4330	4295	4330	
4423	4337	4291	4337	
4434	4348	4306	4348	
4460	4371	4321	4371	
4484	4388	4333	4388	
4508	4404	4348	4404	
4543	4427	4373	4427	
4583	4453	4407	4453	
4615	4483	4432	4483	
4671	4523	4472	4523	
4728	4560	4504	4560	
4776	4599	4528	4599	
4831	4642	4567	4642	
4892	4693	4617	4693	
4956	4741	4648	4741	
5013	4790	4694	4790	
5082	4845	4727	4845	
5166	4902	4773	4902	
5228	4953	4822	4953	
5300	5019	4856	5019	
5367	5086	4912	5086	
5454	5158	4972	5158	
5552	5245	5027	5245	
5640	5341	5093	5341	
5743	5436	5176	5436	
5855	5532	5252	5532	
5956	5643	5339	5643	
6084	5761	5429	5761	
6237	5890	5552	5890	
6379	6011	5734	6011	
6656	6298	5699	6298	
6561	6193	5634	6193	
6425	6085	5573	6085	
6289	5939	5479	5939	
6180	5815	5397	5815	
6078	5712	5331	5712	
5987	5619	5276	5619	
5888	5524	5215	5524	
5780	5436	5149	5436	
5691	5351	5090	5351	
5583	5277	5048	5277	
5508	5206	4996	5206	
5421	5145	4938	5145	
5343	5075	4900	5075	
5244	5003	4838	5003	
5172	4939	4787	4939	
5089	4873	4733	4873	
5003	4812	4679	4812	
4940	4757	4624	4757	
4875	4706	4579	4706	
4814	4658	4539	4658	
4751	4616	4509	4616	
4695	4574	4476	4574	
4649	4534	4446	4534	
4608	4491	4414	4491	
4567	4461	4388	4461	
4522	4428	4363	4428	
4489	4405	4338	4405	
4460	4379	4326	4379	
4435	4360	4308	4360	
4415	4341	4288	4341	
4398	4325	4279	4325	
4380	4311	4271	4311	
4364	4303	4272	4303	
4362	4296	4264	4296	
4352	4291	4258	4291	
4355	4290	4259	4290	
4350	4290	4258	4290	
4356	4293	4265	4293	
4372	4292	4264	4292	
4373	4304	4280	4304	
4380	4308	4269	4308	
4398	4317	4283	4317	
4417	4332	4294	4332	
4440	4344	4301	4344	
4461	4364	4322	4364	
4496	4388	4344	4388	
4540	4418	4364	4418	
4579	4447	4405	4447	
4618	4480	4433	4480	
4672	4520	4461	4520	
4726	4561	4497	4561	
4786	4599	4534	4599	
4834	4645	4580	4645	
4909	4700	4625	4700	
4969	4748	4664	4748	
5037	4798	4707	4798	
5115	4855	4739	4855	
5173	4912	4783	4912	
5247	4977	4831	4977	
5322	5047	4882	5047	
5404	5113	4931	5113	
5491	5198	4984	5198	
5601	5290	5053	5290	
5701	5387	5141	5387	
5799	5485	5220	5485	
5907	5597	5298	5597	
6029	5713	5390	5713	
6177	5848	5500	5848	
6342	5958	5665	5958	
6554	6198	5613	6198	
6464	6099	5542	6099	
6329	5989	5485	5989	
6204	5847	5408	5847	
6109	5755	5344	5755	
6064	5691	5317	5691	
5954	5591	5253	5591	
5845	5478	5169	5478	
5743	5397	5113	5397	
5649	5321	5072	5321	
5549	5244	5024	5244	
5459	5173	4968	5173	
5383	5108	4925	5108	
5293	5037	4869	5037	
5207	4968	4810	4968	
5120	4897	4762	4897	
5041	4835	4704	4835	
4963	4774	4650	4774	
4896	4725	4608	4725	
4832	4672	4558	4672	
4764	4623	4515	4623	
4707	4571	4481	4571	
4652	4531	4449	4531	
4607	4493	4407	4493	
4560	4460	4388	4460	
4521	4428	4363	4428	
4481	4393	4339	4393	
4447	4368	4316	4368	
4421	4342	4300	4342	
4398	4331	4281	4331	
4377	4312	4270	4312	
4362	4300	4266	4300	
4350	4288	4259	4288	
4334	4285	4255	4285	
4341	4279	4257	4279	
4324	4271	4243	4271	
4328	4270	4241	4270	
4326	4271	4246	4271	
4331	4267	4246	4267	
4336	4273	4244	4273	
4343	4278	4262	4278	
4359	4289	4268	4289	
4371	4288	4268	4288	
4375	4300	4275	4300	
4398	4310	4288	4310	
4419	4332	4297	4332	
4455	4352	4316	4352	
4488	4380	4345	4380	
4532	4408	4373	4408	
4574	4444	4404	4444	
4626	4479	4435	4479	
4685	4523	4477	4523	
4740	4561	4506	4561	
4800	4606	4553	4606	
4861	4654	4588	4654	
4914	4708	4622	4708	
4985	4757	4658	4757	
5057	4814	4712	4814	
5122	4875	4751	4875	
5208	4944	4800	4944	
5279	5015	4849	5015	
5357	5079	4894	5079	
5442	5154	4959	5154	
5553	5254	5030	5254	
5651	5356	5100	5356	
5759	5452	5194	5452	
5855	5550	5262	5550	
5966	5671	5348	5671	
6126	5798	5451	5798	
6275	5916	5620	5916	
6464	6115	5557	6115	
6362	6018	5478	6018	
6288	5948	5446	5948	
6178	5834	5399	5834	
6061	5712	5305	5712	
6006	5659	5292	5659	
5910	5556	5224	5556	
5790	5445	5155	5445	
5701	5367	5095	5367	
5608	5289	5043	5289	
5519	5221	4991	5221	
5438	5150	4956	5150	
5346	5077	4910	5077	
5264	5011	4856	5011	
5167	4938	4799	4938	
5075	4869	4736	4869	
5008	4805	4683	4805	
4925	4747	4624	4747	
4852	4689	4587	4689	
4790	4638	4539	4638	
4726	4591	4501	4591	
4662	4539	4451	4539	
4615	4495	4415	4495	
4576	4464	4391	4464	
4515	4426	4359	4426	
4475	4392	4338	4392	
4441	4358	4309	4358	
4407	4337	4299	4337	
4377	4315	4275	4315	
4360	4299	4267	4299	
4339	4285	4261	4285	
4335	4279	4250	4279	
4325	4268	4249	4268	
4314	4259	4248	4259	
4307	4254	4229	4254	
4304	4250	4239	4250	
4291	4248	4235	4248	
4288	4245	4238	4245	
4294	4245	4235	4245	
4308	4248	4241	4248	
4318	4260	4247	4260	
4327	4269	4252	4269	
4335	4269	4257	4269	
4348	4277	4262	4277	
4363	4285	4269	4285	
4392	4304	4277	4304	
4423	4325	4297	4325	
4447	4350	4322	4350	
4485	4375	4338	4375	
4537	4409	4377	4409	
4580	4444	4406	4444	
4640	4484	4443	4484	
4702	4525	4478	4525	
4755	4571	4524	4571	
4809	4622	4558	4622	
4879	4669	4595	4669	
4947	4727	4645	4727	
5014	4780	4690	4780	
5087	4834	4731	4834	
5169	4908	4775	4908	
5249	4973	4829	4973	
5330	5047	4877	5047	
5413	5127	4939	5127	
5495	5220	5004	5220	
5605	5315	5078	5315	
5706	5414	5161	5414	
5820	5514	5228	5514	
5921	5627	5311	5627	
6058	5752	5429	5752	
6200	5861	5600	5861	
6377	6050	5506	6050	
6297	5961	5429	5961	
6187	5862	5379	5862	
6104	5758	5319	5758	
6028	5676	5280	5676	
5951	5600	5240	5600	
5846	5501	5173	5501	
5750	5418	5133	5418	
5661	5334	5071	5334	
5565	5253	5015	5253	
5480	5185	4981	5185	
5397	5110	4931	5110	
5303	5041	4881	5041	
5216	4980	4821	4980	
5128	4905	4765	4905	
5042	4834	4701	4834	
4954	4769	4658	4769	
4877	4710	4602	4710	
4817	4656	4557	4656	
4745	4604	4513	4604	
4677	4552	4471	4552	
4619	4507	4425	4507	
4563	4465	4387	4465	
4522	4427	4354	4427	
4473	4384	4325	4384	
4434	4357	4308	4357	
4389	4324	4279	4324	
4370	4307	4271	4307	
4341	4289	4254	4289	
4332	4276	4243	4276	
4324	4276	4247	4276	
4300	4253	4240	4253	
4288	4243	4236	4243	
4274	4235	4220	4235	
4270	4225	4216	4225	
4257	4220	4205	4220	
4257	4217	4208	4217	
4260	4217	4210	4217	
4261	4220	4209	4220	
4272	4219	4220	4219	
4276	4231	4221	4231	
4290	4236	4227	4236	
4305	4243	4238	4243	
4319	4252	4247	4252	
4322	4256	4242	4256	
4349	4278	4258	4278	
4376	4292	4266	4292	
4401	4312	4291	4312	
4441	4337	4314	4337	
4481	4373	4346	4373	
4533	4408	4373	4408	
4598	4453	4412	4453	
4653	4494	4459	4494	
4704	4539	4501	4539	
4772	4590	4533	4590	
4842	4641	4575	4641	
4906	4694	4623	4694	
4976	4751	4670	4751	
5045	4806	4716	4806	
5126	4873	4755	4873	
5210	4945	4801	4945	
5291	5021	4858	5021	
5364	5094	4906	5094	
5452	5177	4963	5177	
5551	5273	5031	5273	
5654	5373	5119	5373	
5766	5474	5191	5474	
5861	5582	5271	5582	
6008	5703	5381	5703	
6162	5822	5552	5822	
6326	6002	5468	6002	
6253	5917	5397	5917	
6158	5838	5349	5838	
6065	5718	5282	5718	
5995	5649	5248	5649	
5919	5573	5213	5573	
5807	5470	5146	5470	
5710	5388	5097	5388	
5627	5308	5053	5308	
5537	5233	5009	5233	
5443	5155	4955	5155	
5354	5081	4897	5081	
5255	5012	4839	5012	
5169	4943	4791	4943	
5086	4874	4727	4874	
5000	4809	4680	4809	
4920	4741	4637	4741	
4838	4681	4576	4681	
4770	4624	4531	4624	
4704	4577	4486	4577	
4641	4528	4435	4528	
4578	4477	4399	4477	
4520	4434	4364	4434	
4479	4398	4334	4398	
4436	4360	4302	4360	
4396	4330	4282	4330	
4366	4303	4259	4303	
4339	4284	4249	4284	
4316	4272	4233	4272	
4307	4257	4233	4257	
4282	4248	4232	4248	
4271	4233	4221	4233	
4265	4222	4213	4222	
4244	4216	4207	4216	
4241	4212	4202	4212	
4232	4203	4194	4203	
4234	4201	4190	4201	
4233	4200	4198	4200	
4233	4200	4197	4200	
4237	4198	4192	4198	
4247	4208	4201	4208	
4259	4217	4206	4217	
4271	4218	4217	4218	
4286	4230	4227	4230	
4301	4243	4233	4243	
4319	4256	4245	4256	
4342	4270	4243	4270	
4374	4284	4261	4284	
4404	4308	4293	4308	
4446	4346	4320	4346	
4495	4382	4344	4382	
4556	4423	4393	4423	
4612	4468	4433	4468	
4657	4509	4475	4509	
4737	4562	4523	4562	
4800	4612	4547	4612	
4865	4665	4588	4665	
4933	4722	4626	4722	
5011	4783	4671	4783	
5092	4850	4728	4850	
5169	4922	4784	4922	
5252	4989	4823	4989	
5324	5060	4871	5060	
5407	5136	4927	5136	
5508	5235	5006	5235	
5616	5337	5079	5337	
5717	5440	5167	5440	
5820	5550	5248	5550	
5954	5666	5350	5666	
6089	5773	5529	5773	
6283	5963	5436	5963	
6215	5882	5351	5882	
6126	5800	5311	5800	
6037	5697	5264	5697	
5968	5627	5232	5627	
5885	5541	5188	5541	
5775	5451	5126	5451	
5680	5356	5073	5356	
5597	5284	5030	5284	
5511	5214	4975	5214	
5413	5132	4915	5132	
5318	5054	4871	5054	
5237	4990	4823	4990	
5152	4924	4771	4924	
5060	4856	4710	4856	
4977	4787	4669	4787	
4907	4726	4623	4726	
4818	4662	4565	4662	
4739	4602	4500	4602	
4677	4549	4464	4549	
4619	4502	4424	4502	
4554	4456	4380	4456	
4496	4408	4348	4408	
4453	4369	4317	4369	
4410	4337	4281	4337	
4371	4310	4263	4310	
4344	4287	4254	4287	
4322	4271	4241	4271	
4305	4259	4232	4259	
4281	4236	4211	4236	
4254	4219	4207	4219	
4243	4213	4191	4213	
4229	4203	4194	4203	
4226	4201	4196	4201	
4214	4193	4192	4193	
4217	4192	4193	4192	
4205	4190	4182	4190	
4199	4183	4177	4183	
4207	4180	4177	4180	
4205	4178	4180	4178	
4220	4187	4191	4187	
4232	4197	4196	4197	
4243	4199	4197	4199	
4260	4214	4201	4214	
4281	4227	4215	4227	
4302	4241	4232	4241	
4322	4254	4242	4254	
4346	4267	4259	4267	
4378	4288	4276	4288	
4418	4327	4302	4327	
4463	4360	4328	4360	
4517	4393	4364	4393	
4577	4445	4401	4445	
4636	4480	4449	4480	
4698	4532	4489	4532	
4765	4578	4529	4578	
4838	4632	4571	4632	
4905	4695	4611	4695	
4977	4752	4654	4752	
5049	4822	4704	4822	
5140	4892	4762	4892	
5206	4967	4810	4967	
5285	5041	4854	5041	
5375	5120	4911	5120	
5465	5209	4975	5209	
5569	5304	5044	5304	
5671	5408	5125	5408	
5788	5522	5215	5522	
5926	5638	5316	5638	
6058	5741	5472	5741	
6249	5940	5403	5940	
6194	5855	5329	5855	
6097	5777	5302	5777	
6003	5671	5258	5671	
5936	5604	5209	5604	
5847	5509	5148	5509	
5747	5412	5098	5412	
5646	5331	5051	5331	
5568	5251	5000	5251	
5481	5184	4949	5184	
5385	5107	4893	5107	
5285	5031	4843	5031	
5208	4966	4791	4966	
5127	4903	4753	4903	
5034	4832	4691	4832	
4952	4760	4647	4760	
4874	4698	4590	4698	
4785	4637	4536	4637	
4714	4580	4485	4580	
4646	4527	4435	4527	
4583	4474	4396	4474	
4527	4432	4359	4432	
4471	4388	4333	4388	
4425	4347	4286	4347	
4382	4314	4263	4314	
4353	4296	4250	4296	
4317	4269	4234	4269	
4304	4255	4218	4255	
4273	4239	4207	4239	
4246	4215	4191	4215	
4235	4204	4190	4204	
4264	4237	4217	4237	
4250	4233	4218	4233	
4198	4183	4178	4183	
4192	4178	4172	4178	
4190	4177	4170	4177	
4183	4173	4171	4173	
4183	4170	4165	4170	
4187	4163	4157	4163	
4182	4163	4161	4163	
4197	4168	4169	4168	
4220	4186	4180	4186	
4222	4188	4188	4188	
4244	4201	4192	4201	
4260	4210	4208	4210	
4282	4224	4221	4224	
4302	4236	4228	4236	
4321	4251	4239	4251	
4348	4271	4258	4271	
4388	4297	4283	4297	
4435	4332	4305	4332	
4497	4375	4343	4375	
4549	4418	4384	4418	
4616	4462	4429	4462	
4673	4507	4469	4507	
4738	4555	4501	4555	
4810	4613	4552	4613	
4876	4672	4590	4672	
4946	4732	4629	4732	
5022	4798	4677	4798	
5112	4872	4736	4872	
5183	4944	4788	4944	
5262	5020	4840	5020	
5349	5101	4887	5101	
5445	5185	4946	5185	
5546	5280	5022	5280	
5647	5379	5105	5379	
5755	5487	5191	5487	
5902	5614	5302	5614	
6024	5716	5448	5716	
6248	5926	5391	5926	
6170	5837	5314	5837	
6076	5760	5284	5760	
5977	5652	5224	5652	
5894	5579	5183	5579	
5821	5490	5129	5490	
5713	5389	5069	5389	
5745	5417	5136	5417	
5562	5255	5007	5255	
5462	5162	4923	5162	
5359	5086	4877	5086	
5268	5008	4834	5008	
5177	4939	4776	4939	
5095	4873	4725	4873	
5008	4804	4668	4804	
4927	4741	4626	4741	
4841	4678	4572	4678	
4760	4614	4519	4614	
4695	4562	4468	4562	
4618	4504	4417	4504	
4556	4456	4375	4456	
4496	4409	4345	4409	
4442	4368	4308	4368	
4398	4330	4267	4330	
4360	4299	4243	4299	
4332	4280	4232	4280	
4305	4255	4219	4255	
4274	4237	4202	4237	
4254	4223	4187	4223	
4230	4204	4186	4204	
4212	4191	4179	4191	
4218	4198	4188	4198	
4205	4196	4186	4196	
4173	4169	4164	4169	
4170	4165	4162	4165	
4171	4165	4156	4165	
4165	4155	4163	4155	
4166	4154	4156	4154	
4152	4151	4161	4151	
4163	4148	4156	4148	
4173	4158	4157	4158	
4187	4166	4168	4166	
4196	4171	4168	4171	
4212	4182	4179	4182	
4238	4194	4187	4194	
4259	4209	4202	4209	
4276	4219	4213	4219	
4296	4236	4229	4236	
4325	4257	4247	4257	
4363	4278	4268	4278	
4410	4312	4290	4312	
4462	4352	4329	4352	
4518	4398	4369	4398	
4586	4443	4411	4443	
4652	4491	4451	4491	
4711	4541	4478	4541	
4780	4596	4528	4596	
4851	4658	4577	4658	
4927	4716	4613	4716	
5001	4784	4671	4784	
5091	4860	4719	4860	
5174	4928	4783	4928	
5240	4999	4813	4999	
5328	5076	4865	5076	
5411	5157	4923	5157	
5504	5258	5003	5258	
5618	5358	5077	5358	
5727	5467	5171	5467	
5855	5578	5267	5578	
5984	5684	5432	5684	
6254	5944	5405	5944	
6172	5851	5337	5851	
6066	5755	5274	5755	
5958	5640	5205	5640	
5892	5566	5174	5566	
5813	5481	5128	5481	
5699	5379	5063	5379	
5618	5309	5031	5309	
5522	5223	4964	5223	
5443	5145	4916	5145	
5353	5074	4871	5074	
5249	5000	4823	5000	
5169	4932	4768	4932	
5072	4862	4721	4862	
4990	4800	4672	4800	
4910	4731	4618	4731	
4822	4667	4557	4667	
4749	4598	4511	4598	
4672	4545	4457	4545	
4601	4493	4406	4493	
4539	4444	4363	4444	
4475	4397	4333	4397	
4427	4358	4294	4358	
4382	4318	4264	4318	
4350	4289	4239	4289	
4313	4269	4218	4269	
4288	4241	4212	4241	
4263	4225	4198	4225	
4241	4205	4180	4205	
4211	4192	4175	4192	
4198	4181	4169	4181	
4188	4172	4162	4172	
4170	4162	4152	4162	
4165	4157	4153	4157	
4164	4159	4162	4159	
4154	4161	4154	4161	
4148	4148	4156	4148	
4145	4143	4147	4143	
4146	4140	4150	4140	
4152	4140	4150	4140	
4155	4151	4153	4151	
4165	4156	4153	4156	
4182	4163	4156	4163	
4196	4173	4168	4173	
4225	4185	4180	4185	
4237	4198	4196	4198	
4261	4214	4209	4214	
4294	4229	4227	4229	
4317	4247	4247	4247	
4349	4263	4259	4263	
4389	4299	4288	4299	
4438	4338	4313	4338	
4506	4378	4350	4378	
4555	4423	4395	4423	
4627	4475	4435	4475	
4693	4526	4475	4526	
4762	4577	4515	4577	
4838	4642	4559	4642	
4912	4702	4609	4702	
4988	4772	4658	4772	
5072	4841	4708	4841	
5145	4914	4763	4914	
5223	4982	4812	4982	
5303	5061	4862	5061	
5380	5143	4912	5143	
5488	5236	4983	5236	
5589	5342	5069	5342	
5700	5453	5153	5453	
5836	5565	5251	5565	
5969	5665	5413	5665	
6298	5983	5424	5983	
6203	5884	5357	5884	
6093	5787	5294	5787	
5979	5653	5225	5653	
5888	5558	5160	5558	
5793	5457	5099	5457	
5683	5369	5059	5369	
5595	5288	5015	5288	
5515	5218	4957	5218	
5427	5141	4916	5141	
5340	5065	4858	5065	
5234	4987	4808	4987	
5148	4914	4758	4914	
5063	4846	4703	4846	
4974	4777	4647	4777	
4888	4711	4601	4711	
4805	4648	4543	4648	
4722	4585	4500	4585	
4661	4534	4451	4534	
4590	4483	4407	4483	
4521	4432	4357	4432	
4464	4380	4320	4380	
4412	4339	4279	4339	
4371	4305	4251	4305	
4326	4277	4220	4277	
4301	4258	4216	4258	
4284	4234	4208	4234	
4253	4215	4186	4215	
4222	4197	4169	4197	
4211	4186	4167	4186	
4184	4165	4157	4165	
4178	4158	4151	4158	
4156	4149	4144	4149	
4158	4145	4145	4145	
4157	4157	4154	4157	
4148	4147	4151	4147	
4136	4134	4143	4134	
4138	4139	4144	4139	
4137	4135	4141	4135	
4139	4133	4145	4133	
4142	4139	4150	4139	
4155	4147	4152	4147	
4167	4150	4154	4150	
4188	4164	4163	4164	
4209	4174	4173	4174	
4226	4191	4184	4191	
4253	4201	4202	4201	
4279	4221	4216	4221	
4305	4239	4235	4239	
4339	4257	4259	4257	
4372	4287	4273	4287	
4426	4324	4297	4324	
4481	4360	4333	4360	
4544	4409	4376	4409	
4609	4459	4425	4459	
4675	4510	4451	4510	
4738	4564	4499	4564	
4823	4623	4545	4623	
4894	4686	4591	4686	
4977	4759	4645	4759	
5046	4829	4704	4829	
5126	4900	4747	4900	
5203	4972	4803	4972	
5284	5045	4853	5045	
5367	5134	4916	5134	
5458	5224	4982	5224	
5579	5330	5063	5330	
5688	5443	5152	5443	
5813	5552	5234	5552	
5955	5666	5393	5666	
6302	5992	5429	5992	
6226	5896	5353	5896	
6115	5812	5320	5812	
6012	5682	5235	5682	
5896	5558	5167	5558	
5786	5449	5096	5449	
5685	5364	5039	5364	
5602	5290	4990	5290	
5519	5212	4950	5212	
5418	5135	4902	5135	
5328	5055	4844	5055	
5225	4974	4789	4974	
5147	4906	4745	4906	
5054	4838	4696	4838	
4963	4769	4637	4769	
4882	4710	4593	4710	
4795	4639	4537	4639	
4722	4583	4491	4583	
4653	4528	4442	4528	
4581	4472	4395	4472	
4510	4421	4340	4421	
4452	4373	4310	4373	
4402	4334	4263	4334	
4365	4299	4240	4299	
4327	4272	4223	4272	
4299	4253	4213	4253	
4268	4230	4186	4230	
4243	4204	4177	4204	
4212	4186	4157	4186	
4195	4171	4149	4171	
4177	4158	4149	4158	
4170	4151	4142	4151	
4145	4140	4137	4140	
4145	4142	4140	4142	
4139	4139	4139	4139	
4124	4127	4130	4127	
4124	4128	4128	4128	
4131	4128	4136	4128	
4134	4133	4132	4133	
4131	4132	4142	4132	
4136	4137	4137	4137	
4149	4136	4141	4136	
4166	4145	4156	4145	
4182	4157	4157	4157	
4199	4171	4157	4171	
4221	4181	4173	4181	
4246	4196	4197	4196	
4273	4211	4207	4211	
4298	4232	4219	4232	
4330	4250	4242	4250	
4368	4276	4264	4276	
4421	4311	4291	4311	
4473	4355	4320	4355	
4532	4400	4366	4400	
4601	4451	4411	4451	
4668	4498	4445	4498	
4732	4552	4492	4552	
4808	4616	4533	4616	
4880	4675	4580	4675	
4962	4743	4623	4743	
5035	4814	4676	4814	
5107	4890	4729	4890	
5188	4958	4773	4958	
5273	5035	4832	5035	
5365	5124	4893	5124	
5443	5212	4968	5212	
5566	5323	5049	5323	
5674	5438	5130	5438	
5812	5550	5219	5550	
5944	5655	5376	5655	
6288	5991	5430	5991	
6230	5902	5360	5902	
6108	5805	5308	5805	
5991	5671	5227	5671	
5878	5553	5149	5553	
5784	5446	5086	5446	
5690	5357	5037	5357	
5594	5280	4992	5280	
5513	5208	4953	5208	
5410	5126	4894	5126	
5314	5051	4833	5051	
5225	4974	4779	4974	
5120	4898	4736	4898	
5044	4832	4688	4832	
4959	4762	4635	4762	
4874	4700	4586	4700	
4795	4640	4528	4640	
4711	4575	4476	4575	
4643	4519	4431	4519	
4570	4464	4374	4464	
4500	4407	4330	4407	
4439	4362	4288	4362	
4396	4329	4267	4329	
4356	4295	4235	4295	
4322	4265	4210	4265	
4289	4248	4210	4248	
4259	4219	4185	4219	
4231	4201	4173	4201	
4212	4184	4164	4184	
4192	4168	4152	4168	
4166	4151	4148	4151	
4154	4144	4137	4144	
4139	4131	4124	4131	
4132	4128	4125	4128	
4121	4121	4114	4121	
4118	4116	4120	4116	
4110	4112	4113	4112	
4122	4122	4130	4122	
4127	4128	4133	4128	
4134	4130	4136	4130	
4142	4134	4138	4134	
4148	4141	4142	4141	
4163	4143	4149	4143	
4179	4156	4149	4156	
4196	4163	4161	4163	
4219	4180	4179	4180	
4251	4196	4192	4196	
4272	4209	4204	4209	
4294	4229	4225	4229	
4330	4248	4236	4248	
4370	4272	4260	4272	
4414	4301	4285	4301	
4470	4343	4318	4343	
4518	4391	4353	4391	
4590	4440	4395	4440	
4665	4498	4436	4498	
4730	4552	4489	4552	
4808	4607	4518	4607	
4865	4667	4569	4667	
4949	4737	4625	4737	
5037	4810	4669	4810	
5109	4885	4731	4885	
5181	4951	4769	4951	
5260	5033	4823	5033	
5351	5114	4884	5114	
5439	5201	4953	5201	
5555	5309	5049	5309	
5664	5424	5130	5424	
5791	5533	5214	5533	
6011	5713	5424	5713	
6229	5924	5366	5924	
6205	5865	5339	5865	
6099	5789	5293	5789	
5967	5655	5211	5655	
5872	5546	5141	5546	
5764	5436	5073	5436	
5673	5349	5024	5349	
5591	5274	4987	5274	
5496	5195	4931	5195	
5398	5121	4874	5121	
5303	5044	4831	5044	
5211	4960	4772	4960	
5117	4892	4722	4892	
5036	4827	4677	4827	
4953	4759	4630	4759	
4863	4696	4571	4696	
4783	4635	4532	4635	
4710	4566	4467	4566	
4641	4516	4426	4516	
4576	4465	4381	4465	
4493	4405	4322	4405	
4434	4356	4279	4356	
4391	4319	4252	4319	
4350	4286	4224	4286	
4310	4256	4210	4256	
4279	4237	4197	4237	
4248	4217	4178	4217	
4228	4197	4162	4197	
4202	4177	4156	4177	
4183	4159	4136	4159	
4161	4143	4132	4143	
4139	4132	4125	4132	
4130	4129	4124	4129	
4127	4121	4110	4121	
4108	4108	4099	4108	
4096	4101	4102	4101	
4101	4104	4108	4104	
4109	4114	4115	4114	
4122	4122	4127	4122	
4138	4124	4137	4124	
4138	4132	4133	4132	
4144	4137	4137	4137	
4158	4142	4145	4142	
4174	4148	4153	4148	
4186	4159	4159	4159	
4216	4180	4184	4180	
4249	4188	4196	4188	
4272	4204	4207	4204	
4291	4223	4222	4223	
4324	4245	4238	4245	
4364	4265	4256	4265	
4409	4298	4282	4298	
4462	4340	4310	4340	
4512	4385	4351	4385	
4582	4434	4393	4434	
4650	4483	4443	4483	
4724	4542	4479	4542	
4799	4604	4520	4604	
4868	4661	4564	4661	
4941	4729	4618	4729	
5016	4801	4665	4801	
5105	4878	4727	4878	
5180	4950	4772	4950	
5258	5025	4821	5025	
5340	5111	4868	5111	
5436	5196	4945	5196	
5540	5300	5032	5300	
5664	5418	5125	5418	
5776	5520	5220	5520	
5944	5646	5384	5646	
6182	5866	5339	5866	
6142	5819	5306	5819	
6080	5778	5289	5778	
5982	5657	5206	5657	
5862	5538	5128	5538	
5765	5439	5075	5439	
5668	5349	5017	5349	
5584	5268	4984	5268	
5506	5200	4937	5200	
5403	5121	4874	5121	
5306	5044	4818	5044	
5208	4960	4765	4960	
5122	4890	4716	4890	
5032	4824	4675	4824	
4952	4760	4627	4760	
4872	4695	4578	4695	
4787	4631	4520	4631	
4707	4567	4470	4567	
4637	4504	4420	4504	
4568	4454	4367	4454	
4503	4405	4331	4405	
4440	4353	4284	4353	
4388	4316	4263	4316	
4350	4284	4231	4284	
4312	4255	4210	4255	
4276	4237	4199	4237	
4245	4212	4186	4212	
4213	4192	4160	4192	
4197	4169	4143	4169	
4179	4152	4133	4152	
4160	4139	4131	4139	
4145	4136	4129	4136	
4130	4124	4122	4124	
4117	4113	4110	4113	
4100	4103	4102	4103	
4097	4096	4096	4096	
4105	4102	4099	4102	
4111	4109	4111	4109	
4119	4118	4121	4118	
4134	4122	4133	4122	
4138	4134	4140	4134	
4147	4139	4136	4139	
4160	4142	4141	4142	
4178	4153	4153	4153	
4184	4162	4159	4162	
4212	4178	4180	4178	
4242	4192	4190	4192	
4264	4207	4213	4207	
4297	4225	4216	4225	
4314	4245	4234	4245	
4356	4267	4254	4267	
4409	4303	4281	4303	
4461	4343	4315	4343	
4517	4381	4345	4381	
4580	4434	4392	4434	
4653	4486	4428	4486	
4725	4544	4476	4544	
4799	4604	4521	4604	
4866	4661	4560	4661	
4943	4726	4608	4726	
5022	4799	4654	4799	
5097	4879	4719	4879	
5174	4949	4774	4949	
5253	5028	4823	5028	
5341	5108	4890	5108	
5443	5200	4957	5200	
5540	5297	5034	5297	
5658	5414	5127	5414	
5778	5531	5223	5531	
5916	5637	5371	5637	
6182	5863	5325	5863	
6112	5784	5266	5784	
6029	5721	5216	5721	
5953	5620	5177	5620	
5852	5537	5122	5537	
5770	5446	5072	5446	
5681	5357	5024	5357	
5591	5275	4978	5275	
5516	5202	4927	5202	
5410	5121	4882	5121	
5319	5042	4826	5042	
5218	4966	4764	4966	
5135	4889	4716	4889	
5040	4827	4671	4827	
4950	4757	4614	4757	
4875	4697	4581	4697	
4789	4636	4528	4636	
4714	4572	4473	4572	
4632	4514	4420	4514	
4568	4461	4376	4461	
4510	4411	4326	4411	
4449	4363	4285	4363	
4397	4324	4263	4324	
4349	4285	4229	4285	
4311	4257	4200	4257	
4284	4236	4190	4236	
4251	4211	4175	4211	
4229	4192	4164	4192	
4196	4172	4155	4172	
4182	4158	4136	4158	
4166	4146	4134	4146	
4147	4142	4139	4142	
4129	4123	4122	4123	
4122	4121	4118	4121	
4110	4111	4111	4111	
4108	4106	4102	4106	
4108	4106	4108	4106	
4121	4117	4114	4117	
4131	4125	4124	4125	
4136	4125	4125	4125	
4146	4137	4143	4137	
4155	4141	4142	4141	
4163	4146	4145	4146	
4175	4152	4146	4152	
4189	4163	4153	4163	
4216	4178	4178	4178	
4250	4192	4190	4192	
4271	4212	4204	4212	
4302	4227	4222	4227	
4332	4253	4236	4253	
4368	4277	4261	4277	
4418	4303	4284	4303	
4466	4347	4318	4347	
4526	4388	4345	4388	
4586	4439	4390	4439	
4663	4491	4427	4491	
4738	4546	4481	4546	
4801	4610	4518	4610	
4872	4672	4554	4672	
4955	4738	4611	4738	
5029	4811	4664	4811	
5109	4883	4718	4883	
5186	4955	4766	4955	
5267	5031	4818	5031	
5354	5111	4873	5111	
5449	5205	4951	5205	
5551	5309	5023	5309	
5664	5419	5120	5419	
5791	5542	5241	5542	
5923	5641	5389	5641	
6196	5859	5322	5859	
6115	5779	5246	5779	
6016	5693	5193	5693	
5918	5588	5144	5588	
5859	5523	5122	5523	
5771	5441	5076	5441	
5674	5359	5020	5359	
5600	5276	4984	5276	
5520	5211	4940	5211	
5411	5131	4875	5131	
5314	5042	4822	5042	
5224	4967	4774	4967	
5131	4890	4707	4890	
5035	4823	4668	4823	
4960	4762	4619	4762	
4874	4700	4582	4700	
4796	4636	4523	4636	
4724	4577	4471	4577	
4645	4522	4418	4522	
4579	4465	4373	4465	
4509	4411	4329	4411	
4453	4363	4288	4363	
4399	4324	4261	4324	
4353	4285	4231	4285	
4309	4255	4199	4255	
4283	4237	4187	4237	
4249	4212	4171	4212	
4227	4193	4168	4193	
4203	4174	4148	4174	
4183	4162	4136	4162	
4162	4146	4130	4146	
4149	4137	4125	4137	
4140	4133	4121	4133	
4132	4128	4122	4128	
4125	4119	4120	4119	
4119	4116	4114	4116	
4121	4118	4117	4118	
4126	4123	4122	4123	
4129	4126	4127	4126	
4132	4128	4129	4128	
4142	4134	4127	4134	
4148	4133	4132	4133	
4154	4138	4141	4138	
4179	4151	4145	4151	
4194	4161	4154	4161	
4224	4180	4170	4180	
4244	4193	4191	4193	
4275	4214	4213	4214	
4307	4233	4217	4233	
4337	4250	4241	4250	
4371	4275	4258	4275	
4421	4311	4293	4311	
4483	4351	4312	4351	
4529	4390	4341	4390	
4595	4442	4382	4442	
4662	4491	4422	4491	
4731	4548	4473	4548	
4806	4614	4516	4614	
4879	4678	4556	4678	
4949	4740	4610	4740	
5029	4810	4668	4810	
5121	4884	4720	4884	
5199	4952	4759	4952	
5262	5035	4827	5035	
5355	5119	4889	5119	
5453	5219	4959	5219	
5571	5325	5046	5325	
5674	5436	5128	5436	
5818	5546	5252	5546	
5949	5641	5396	5641	
6190	5857	5310	5857	
6126	5779	5245	5779	
6017	5700	5208	5700	
5929	5596	5157	5596	
5872	5527	5128	5527	
5787	5451	5065	5451	
5693	5368	5031	5368	
5607	5291	4984	5291	
5525	5210	4943	5210	
5425	5132	4884	5132	
5328	5053	4823	5053	
5233	4972	4771	4972	
5134	4901	4728	4901	
5049	4840	4671	4840	
4972	4772	4626	4772	
4881	4709	4582	4709	
4804	4652	4529	4652	
4730	4586	4477	4586	
4656	4530	4424	4530	
4585	4472	4375	4472	
4529	4421	4335	4421	
4467	4377	4296	4377	
4410	4331	4265	4331	
4364	4299	4231	4299	
4322	4263	4211	4263	
4291	4244	4198	4244	
4265	4219	4176	4219	
4243	4198	4158	4198	
4209	4182	4144	4182	
4191	4165	4134	4165	
4172	4158	4135	4158	
4158	4152	4130	4152	
4151	4140	4124	4140	
4141	4131	4116	4131	
4139	4130	4118	4130	
4136	4127	4118	4127	
4136	4127	4113	4127	
4139	4129	4119	4129	
4137	4126	4122	4126	
4143	4131	4122	4131	
4152	4138	4127	4138	
4156	4140	4129	4140	
4169	4142	4134	4142	
4187	4158	4145	4158	
4209	4167	4154	4167	
4243	4190	4179	4190	
4263	4207	4187	4207	
4290	4223	4201	4223	
4318	4241	4216	4241	
4350	4264	4243	4264	
4387	4283	4260	4283	
4440	4320	4288	4320	
4497	4361	4319	4361	
4547	4404	4351	4404	
4611	4450	4386	4450	
4676	4504	4434	4504	
4743	4559	4472	4559	
4811	4620	4520	4620	
4886	4682	4558	4682	
4976	4746	4616	4746	
5052	4821	4669	4821	
5128	4891	4718	4891	
5198	4966	4768	4966	
5274	5046	4830	5046	
5371	5127	4882	5127	
5472	5217	4960	5217	
5592	5331	5052	5331	
5696	5438	5132	5438	
5820	5558	5241	5558	
5963	5639	5383	5639	
6201	5877	5314	5877	
6131	5791	5248	5791	
6026	5712	5205	5712	
5934	5605	5159	5605	
5871	5536	5115	5536	
5790	5464	5072	5464	
5709	5374	5021	5374	
5618	5296	4983	5296	
5535	5216	4930	5216	
5435	5139	4874	5139	
5332	5065	4831	5065	
5240	4993	4780	4993	
5159	4926	4723	4926	
5075	4860	4670	4860	
4986	4789	4632	4789	
4900	4722	4588	4722	
4821	4655	4528	4655	
4742	4600	4475	4600	
4666	4539	4429	4539	
4598	4490	4375	4490	
4543	4440	4337	4440	
4473	4393	4299	4393	
4422	4349	4267	4349	
4379	4312	4235	4312	
4332	4275	4210	4275	
4302	4251	4199	4251	
4276	4228	4182	4228	
4253	4209	4161	4209	
4229	4192	4152	4192	
4209	4179	4142	4179	
4192	4169	4142	4169	
4186	4166	4141	4166	
4173	4156	4131	4156	
4161	4149	4128	4149	
4153	4146	4128	4146	
4147	4136	4117	4136	
4145	4137	4112	4137	
4153	4139	4119	4139	
4146	4135	4119	4135	
4157	4141	4123	4141	
4159	4143	4127	4143	
4165	4145	4126	4145	
4181	4153	4131	4153	
4204	4163	4145	4163	
4219	4178	4159	4178	
4248	4196	4180	4196	
4271	4214	4186	4214	
4295	4228	4204	4228	
4331	4250	4222	4250	
4364	4280	4241	4280	
4401	4301	4252	4301	
4457	4334	4290	4334	
4514	4375	4324	4375	
4563	4420	4361	4420	
4629	4465	4395	4465	
4695	4518	4441	4518	
4763	4573	4488	4573	
4836	4638	4535	4638	
4903	4694	4572	4694	
4980	4759	4618	4759	
5067	4834	4671	4834	
5140	4902	4713	4902	
5220	4976	4772	4976	
5297	5052	4830	5052	
5385	5144	4896	5144	
5477	5234	4967	5234	
5603	5344	5049	5344	
5708	5452	5143	5452	
5849	5562	5231	5562	
5989	5661	5392	5661	
6220	5893	5336	5893	
6147	5804	5259	5804	
6044	5726	5229	5726	
5956	5614	5175	5614	
5882	5545	5130	5545	
5805	5472	5087	5472	
5724	5388	5025	5388	
5620	5305	4981	5305	
5533	5232	4941	5232	
5441	5158	4881	5158	
5351	5086	4839	5086	
5267	5005	4784	5005	
5175	4933	4735	4933	
5088	4869	4686	4869	
5004	4796	4633	4796	
4916	4737	4587	4737	
4838	4667	4533	4667	
4761	4611	4489	4611	
4690	4553	4436	4553	
4625	4505	4393	4505	
4562	4457	4346	4457	
4498	4407	4311	4407	
4441	4360	4267	4360	
4391	4324	4243	4324	
4355	4286	4209	4286	
4317	4265	4190	4265	
4277	4234	4175	4234	
4255	4218	4166	4218	
4235	4200	4151	4200	
4222	4186	4151	4186	
4206	4181	4156	4181	
4199	4176	4148	4176	
4189	4167	4138	4167	
4173	4159	4133	4159	
4160	4154	4132	4154	
4160	4148	4118	4148	
4161	4149	4122	4149	
4166	4150	4127	4150	
4155	4144	4129	4144	
4162	4143	4116	4143	
4162	4144	4116	4144	
4176	4148	4124	4148	
4189	4157	4134	4157	
4214	4177	4144	4177	
4238	4184	4162	4184	
4258	4203	4177	4203	
4281	4217	4192	4217	
4308	4237	4204	4237	
4335	4254	4209	4254	
4364	4280	4240	4280	
4416	4313	4266	4313	
4470	4350	4304	4350	
4520	4390	4333	4390	
4577	4432	4363	4432	
4642	4482	4402	4482	
4714	4537	4443	4537	
4776	4589	4483	4589	
4854	4648	4536	4648	
4923	4702	4567	4702	
5001	4773	4624	4773	
5083	4848	4677	4848	
5156	4921	4733	4921	
5227	4990	4772	4990	
5316	5068	4839	5068	
5403	5155	4907	5155	
5505	5246	4965	5246	
5608	5355	5060	5355	
5719	5467	5146	5467	
5867	5574	5249	5574	
6001	5679	5417	5679	
6237	5912	5339	5912	
6160	5826	5267	5826	
6073	5745	5229	5745	
5969	5630	5175	5630	
5901	5559	5133	5559	
5833	5487	5083	5487	
5741	5409	5030	5409	
5645	5324	4984	5324	
5547	5254	4941	5254	
5471	5173	4892	5173	
5367	5094	4845	5094	
5277	5021	4783	5021	
5193	4955	4746	4955	
5111	4885	4690	4885	
5009	4820	4648	4820	
4931	4759	4596	4759	
4860	4691	4544	4691	
4776	4627	4489	4627	
4707	4572	4440	4572	
4644	4526	4403	4526	
4581	4476	4359	4476	
4515	4429	4318	4429	
4464	4385	4288	4385	
4417	4347	4252	4347	
4371	4308	4221	4308	
4338	4282	4205	4282	
4299	4250	4172	4250	
4272	4231	4166	4231	
4244	4213	4159	4213	
4230	4201	4157	4201	
4223	4194	4152	4194	
4211	4186	4143	4186	
4197	4179	4139	4179	
4191	4173	4132	4173	
4189	4172	4141	4172	
4181	4167	4127	4167	
4183	4167	4127	4167	
4179	4160	4130	4160	
4168	4155	4123	4155	
4175	4156	4119	4156	
4185	4158	4124	4158	
4195	4163	4119	4163	
4206	4172	4136	4172	
4226	4185	4141	4185	
4244	4196	4156	4196	
4271	4219	4172	4219	
4293	4234	4187	4234	
4324	4250	4199	4250	
4347	4270	4223	4270	
4390	4303	4246	4303	
4430	4334	4275	4334	
4490	4371	4309	4371	
4546	4410	4340	4410	
4602	4454	4378	4454	
4662	4500	4403	4500	
4741	4554	4458	4554	
4807	4607	4497	4607	
4867	4665	4542	4665	
4939	4726	4577	4726	
5016	4793	4636	4793	
5101	4868	4696	4868	
5170	4939	4738	4939	
5246	5011	4784	5011	
5320	5087	4839	5087	
5424	5177	4914	5177	
5523	5274	4979	5274	
5643	5378	5078	5378	
5753	5484	5158	5484	
5892	5595	5251	5595	
6024	5699	5434	5699	
6277	5931	5371	5931	
6186	5850	5287	5850	
6073	5764	5232	5764	
5988	5657	5185	5657	
5923	5583	5146	5583	
5850	5510	5096	5510	
5748	5422	5047	5422	
5653	5346	4999	5346	
5574	5270	4952	5270	
5485	5191	4900	5191	
5385	5118	4859	5118	
5299	5047	4801	5047	
5210	4973	4751	4973	
5127	4908	4706	4908	
5038	4844	4649	4844	
4951	4773	4596	4773	
4884	4714	4556	4714	
4799	4650	4493	4650	
4730	4590	4457	4590	
4660	4538	4402	4538	
4606	4493	4367	4493	
4544	4452	4332	4452	
4488	4408	4293	4408	
4430	4369	4262	4369	
4392	4332	4237	4332	
4349	4299	4209	4299	
4305	4265	4184	4265	
4282	4245	4174	4245	
4261	4230	4158	4230	
4253	4219	4154	4219	
4237	4209	4150	4209	
4222	4202	4146	4202	
4216	4194	4138	4194	
4211	4189	4138	4189	
4198	4186	4143	4186	
4194	4181	4131	4181	
4189	4176	4126	4176	
4187	4170	4133	4170	
4186	4167	4124	4167	
4186	4166	4128	4166	
4193	4176	4129	4176	
4204	4177	4135	4177	
4219	4188	4138	4188	
4239	4199	4143	4199	
4258	4209	4161	4209	
4288	4230	4174	4230	
4310	4243	4196	4243	
4331	4265	4209	4265	
4366	4286	4224	4286	
4403	4319	4254	4319	
4456	4353	4279	4353	
4508	4387	4309	4387	
4566	4434	4348	4434	
4621	4477	4389	4477	
4690	4524	4423	4524	
4762	4578	4458	4578	
4823	4634	4509	4634	
4892	4693	4543	4693	
4968	4750	4595	4750	
5044	4819	4645	4819	
5118	4887	4697	4887	
5193	4955	4742	4955	
5269	5034	4795	5034	
5341	5107	4852	5107	
5441	5194	4919	5194	
5552	5295	4987	5295	
5671	5404	5075	5404	
5782	5519	5174	5519	
5933	5632	5282	5632	
6067	5733	5445	5733	
6301	5964	5397	5964	
6232	5884	5324	5884	
6108	5796	5258	5796	
6007	5683	5196	5683	
5931	5598	5150	5598	
5865	5525	5105	5525	
5770	5448	5054	5448	
5678	5367	5012	5367	
5590	5295	4974	5295	
5504	5212	4916	5212	
5414	5140	4878	5140	
5332	5065	4811	5065	
5235	4999	4765	4999	
5158	4935	4721	4935	
5064	4864	4668	4864	
4971	4800	4624	4800	
4904	4739	4575	4739	
4818	4672	4499	4672	
4752	4615	4463	4615	
4683	4564	4419	4564	
4629	4519	4379	4519	
4565	4470	4348	4470	
4514	4429	4312	4429	
4457	4388	4269	4388	
4411	4356	4241	4356	
4376	4319	4216	4319	
4335	4286	4191	4286	
4299	4264	4176	4264	
4279	4246	4167	4246	
4267	4235	4157	4235	
4248	4222	4154	4222	
4244	4215	4149	4215	
4228	4207	4153	4207	
4224	4203	4137	4203	
4209	4198	4140	4198	
4210	4193	4135	4193	
4200	4186	4129	4186	
4200	4185	4129	4185	
4204	4184	4129	4184	
4208	4183	4122	4183	
4216	4189	4132	4189	
4224	4196	4135	4196	
4242	4203	4136	4203	
4250	4208	4151	4208	
4270	4222	4162	4222	
4286	4241	4175	4241	
4327	4257	4195	4257	
4347	4280	4211	4280	
4389	4308	4234	4308	
4434	4342	4264	4342	
4483	4376	4293	4376	
4532	4412	4327	4412	
4589	4459	4355	4459	
4652	4507	4401	4507	
4715	4553	4446	4553	
4781	4604	4472	4604	
4843	4659	4527	4659	
4922	4717	4564	4717	
4988	4783	4615	4783	
5067	4849	4664	4849	
5133	4918	4714	4918	
5216	4981	4769	4981	
5289	5052	4798	5052	
5380	5133	4861	5133	
5472	5224	4937	5224	
5581	5327	5026	5327	
5692	5427	5103	5427	
5821	5548	5193	5548	
5955	5668	5308	5668	
6099	5767	5473	5767	
6329	5989	5414	5989	
6260	5914	5354	5914	
6142	5830	5294	5830	
6039	5708	5212	5708	
5943	5612	5158	5612	
5872	5551	5129	5551	
5798	5479	5081	5479	
5707	5397	5041	5397	
5629	5323	4990	5323	
5526	5245	4933	5245	
5445	5171	4883	5171	
5351	5100	4837	5100	
5267	5031	4798	5031	
5182	4957	4743	4957	
5089	4891	4683	4891	
5012	4833	4639	4833	
4923	4762	4575	4762	
4848	4697	4525	4697	
4779	4649	4471	4649	
4710	4600	4436	4600	
4659	4553	4401	4553	
4588	4501	4361	4501	
4532	4460	4327	4460	
4490	4417	4292	4417	
4444	4383	4261	4383	
4406	4352	4238	4352	
4368	4320	4205	4320	
4333	4293	4196	4293	
4299	4270	4172	4270	
4284	4252	4157	4252	
4270	4241	4164	4241	
4256	4237	4163	4237	
4247	4224	4156	4224	
4236	4220	4141	4220	
4232	4212	4143	4212	
4228	4210	4144	4210	
4217	4207	4141	4207	
4216	4205	4129	4205	
4218	4202	4133	4202	
4231	4204	4145	4204	
4240	4212	4149	4212	
4245	4213	4148	4213	
4254	4221	4146	4221	
4267	4230	4155	4230	
4287	4242	4169	4242	
4318	4259	4190	4259	
4347	4282	4207	4282	
4371	4306	4226	4306	
4415	4341	4255	4341	
4461	4372	4278	4372	
4515	4407	4310	4407	
4566	4446	4344	4446	
4620	4491	4381	4491	
4677	4538	4425	4538	
4740	4582	4464	4582	
4804	4637	4501	4637	
4871	4689	4532	4689	
4946	4751	4585	4751	
5016	4817	4632	4817	
5101	4884	4685	4884	
5171	4947	4736	4947	
5253	5009	4795	5009	
5323	5090	4829	5090	
5401	5169	4884	5169	
5507	5251	4962	5251	
5616	5353	5034	5353	
5730	5462	5121	5462	
5849	5577	5212	5577	
6003	5703	5324	5703	
6134	5813	5483	5813	
6339	6017	5434	6017	
6273	5943	5374	5943	
6166	5865	5310	5865	
6067	5746	5239	5746	
5976	5646	5171	5646	
5900	5579	5141	5579	
5830	5508	5100	5508	
5730	5426	5053	5426	
5650	5351	5015	5351	
5560	5270	4962	5270	
5468	5204	4915	5204	
5380	5132	4852	5132	
5292	5064	4811	5064	
5213	4992	4762	4992	
5117	4923	4700	4923	
5033	4858	4655	4858	
4949	4789	4601	4789	
4874	4728	4540	4728	
4802	4678	4492	4678	
4736	4625	4454	4625	
4684	4577	4418	4577	
4612	4530	4381	4530	
4563	4486	4349	4486	
4520	4451	4312	4451	
4472	4409	4277	4409	
4435	4377	4256	4377	
4389	4346	4221	4346	
4352	4313	4200	4313	
4322	4290	4184	4290	
4300	4269	4179	4269	
4279	4260	4167	4260	
4269	4248	4160	4248	
4259	4237	4154	4237	
4255	4231	4152	4231	
4242	4225	4149	4225	
4238	4220	4145	4220	
4236	4220	4142	4220	
4238	4222	4138	4222	
4239	4223	4147	4223	
4244	4219	4143	4219	
4257	4228	4149	4228	
4260	4231	4153	4231	
4276	4240	4155	4240	
4290	4250	4163	4250	
4312	4266	4179	4266	
4348	4289	4199	4289	
4372	4308	4222	4308	
4403	4337	4244	4337	
4448	4369	4280	4369	
4499	4408	4299	4408	
4542	4445	4337	4445	
4594	4479	4362	4479	
4656	4528	4397	4528	
4710	4569	4447	4569	
4771	4623	4489	4623	
4839	4676	4522	4676	
4902	4732	4563	4732	
4985	4781	4607	4781	
5050	4848	4649	4848	
5122	4909	4701	4909	
5201	4977	4753	4977	
5278	5044	4810	5044	
5347	5117	4859	5117	
5430	5198	4918	5198	
5536	5291	4989	5291	
5655	5385	5050	5385	
5758	5498	5162	5498	
5888	5619	5238	5619	
6039	5740	5350	5740	
6174	5835	5498	5835	
6390	6071	5479	6071	
6301	5979	5393	5979	
6209	5895	5341	5895	
6111	5781	5268	5781	
6007	5679	5199	5679	
5922	5606	5164	5606	
5863	5548	5134	5548	
5770	5459	5078	5459	
5676	5378	5019	5378	
5587	5305	4979	5305	
5496	5236	4933	5236	
5413	5166	4877	5166	
5316	5098	4821	5098	
5233	5025	4772	5025	
5142	4955	4713	4955	
5062	4893	4670	4893	
4980	4827	4619	4827	
4906	4762	4564	4762	
4835	4708	4527	4708	
4769	4658	4467	4658	
4707	4610	4428	4610	
4654	4565	4397	4565	
4602	4521	4358	4521	
4553	4484	4333	4484	
4503	4444	4304	4444	
4461	4411	4272	4411	
4417	4378	4248	4378	
4387	4354	4222	4354	
4351	4320	4198	4320	
4329	4297	4183	4297	
4306	4281	4171	4281	
4285	4267	4157	4267	
4269	4250	4159	4250	
4264	4246	4156	4246	
4255	4241	4146	4241	
4249	4238	4150	4238	
4258	4234	4154	4234	
4260	4241	4148	4241	
4253	4238	4148	4238	
4262	4241	4147	4241	
4271	4247	4152	4247	
4274	4250	4154	4250	
4299	4259	4167	4259	
4310	4274	4175	4274	
4339	4293	4188	4293	
4372	4318	4213	4318	
4406	4343	4234	4343	
4443	4374	4261	4374	
4482	4404	4281	4404	
4529	4442	4322	4442	
4575	4476	4354	4476	
4636	4517	4386	4517	
4695	4560	4419	4560	
4747	4608	4462	4608	
4809	4663	4503	4663	
4872	4711	4552	4711	
4939	4761	4591	4761	
5025	4833	4646	4833	
5085	4889	4683	4889	
5157	4949	4726	4949	
5230	5013	4783	5013	
5304	5082	4837	5082	
5379	5151	4883	5151	
5479	5233	4943	5233	
5577	5334	5021	5334	
5686	5431	5087	5431	
5795	5539	5176	5539	
5926	5655	5276	5655	
6095	5787	5388	5787	
6232	5888	5549	5888	
6446	6116	5501	6116	
6363	6027	5420	6027	
6245	5931	5368	5931	
6148	5811	5287	5811	
6038	5706	5219	5706	
5943	5625	5175	5625	
5885	5571	5156	5571	
5791	5489	5092	5489	
5690	5412	5039	5412	
5604	5333	4992	5333	
5512	5263	4953	5263	
5437	5193	4895	5193	
5358	5130	4837	5130	
5261	5064	4795	5064	
5176	4990	4738	4990	
5093	4930	4689	4930	
5017	4860	4645	4860	
4937	4796	4595	4796	
4874	4748	4547	4748	
4801	4692	4499	4692	
4742	4644	4447	4644	
4679	4598	4418	4598	
4627	4554	4382	4554	
4589	4519	4356	4519	
4538	4483	4329	4483	
4499	4447	4291	4447	
4450	4414	4266	4414	
4420	4389	4246	4389	
4382	4355	4220	4355	
4362	4330	4195	4330	
4335	4315	4192	4315	
4314	4293	4180	4293	
4297	4276	4164	4276	
4283	4271	4162	4271	
4275	4262	4159	4262	
4273	4258	4147	4258	
4274	4258	4150	4258	
4277	4258	4154	4258	
4276	4262	4148	4262	
4278	4260	4149	4260	
4293	4271	4157	4271	
4311	4278	4168	4278	
4330	4289	4171	4289	
4350	4307	4194	4307	
4374	4328	4211	4328	
4409	4350	4227	4350	
4445	4382	4253	4382	
4486	4412	4283	4412	
4518	4442	4306	4442	
4565	4480	4351	4480	
4622	4515	4372	4515	
4671	4553	4406	4553	
4728	4597	4444	4597	
4783	4642	4487	4642	
4837	4696	4531	4696	
4905	4751	4568	4751	
4972	4808	4613	4808	
5048	4872	4661	4872	
5105	4925	4704	4925	
5188	4983	4756	4983	
5272	5047	4808	5047	
5343	5110	4855	5110	
5419	5195	4897	5195	
5519	5283	4968	5283	
5625	5378	5054	5378	
5741	5481	5131	5481	
5849	5583	5214	5583	
5976	5701	5317	5701	
6132	5830	5415	5830	
6284	5937	5577	5937	
6518	6176	5543	6176	
6423	6069	5450	6069	
6281	5980	5389	5980	
6170	5851	5316	5851	
6071	5744	5245	5744	
5973	5656	5187	5656	
5921	5611	5171	5611	
5832	5536	5130	5536	
5733	5450	5076	5450	
5646	5373	5021	5373	
5553	5300	4972	5300	
5465	5229	4915	5229	
5384	5166	4877	5166	
5296	5100	4827	5100	
5214	5028	4760	5028	
5136	4964	4717	4964	
5051	4903	4665	4903	
4978	4842	4622	4842	
4906	4787	4570	4787	
4840	4738	4525	4738	
4782	4687	4479	4687	
4721	4640	4438	4640	
4670	4598	4413	4598	
4628	4563	4384	4563	
4585	4522	4352	4522	
4535	4489	4325	4489	
4495	4459	4303	4459	
4457	4428	4276	4428	
4425	4401	4250	4401	
4400	4373	4221	4373	
4373	4351	4212	4351	
4347	4330	4199	4330	
4332	4318	4185	4318	
4320	4304	4175	4304	
4310	4296	4164	4296	
4303	4292	4162	4292	
4299	4285	4161	4285	
4304	4289	4157	4289	
4303	4289	4169	4289	
4316	4290	4168	4290	
4322	4303	4183	4303	
4330	4311	4187	4311	
4359	4327	4192	4327	
4388	4345	4213	4345	
4406	4369	4230	4369	
4445	4393	4255	4393	
4487	4419	4286	4419	
4523	4450	4316	4450	
4565	4484	4334	4484	
4608	4522	4374	4522	
4659	4557	4396	4557	
4704	4597	4431	4597	
4762	4643	4476	4643	
4816	4687	4510	4687	
4875	4733	4550	4733	
4944	4788	4597	4788	
5006	4845	4637	4845	
5081	4916	4685	4916	
5156	4971	4728	4971	
5233	5036	4787	5036	
5305	5097	4828	5097	
5388	5169	4882	5169	
5475	5254	4944	5254	
5577	5337	5016	5337	
5682	5440	5093	5440	
5781	5530	5177	5530	
5892	5638	5256	5638	
6042	5764	5348	5764	
6198	5894	5467	5894	
6352	6009	5632	6009	
6592	6249	5616	6249	
6472	6138	5508	6138	
6340	6029	5444	6029	
6218	5902	5357	5902	
6085	5774	5265	5774	
5999	5680	5211	5680	
5946	5632	5192	5632	
5862	5580	5167	5580	
5776	5491	5099	5491	
5670	5406	5049	5406	
5586	5343	5007	5343	
5503	5269	4953	5269	
5419	5209	4904	5209	
5334	5142	4855	5142	
5254	5072	4792	5072	
5169	5006	4746	5006	
5082	4949	4695	4949	
5016	4886	4643	4886	
4947	4831	4595	4831	
4882	4784	4556	4784	
4816	4730	4512	4730	
4762	4690	4471	4690	
4714	4648	4449	4648	
4667	4605	4416	4605	
4620	4565	4378	4565	
4574	4533	4354	4533	
4533	4496	4327	4496	
4506	4470	4294	4470	
4464	4445	4275	4445	
4433	4415	4248	4415	
4407	4389	4234	4389	
4384	4375	4220	4375	
4365	4359	4208	4359	
4357	4349	4202	4349	
4353	4334	4196	4334	
4343	4329	4185	4329	
4334	4325	4184	4325	
4340	4329	4187	4329	
4341	4330	4189	4330	
4349	4335	4196	4335	
4365	4345	4207	4345	
4378	4356	4220	4356	
4400	4375	4229	4375	
4425	4391	4251	4391	
4444	4412	4265	4412	
4486	4438	4284	4438	
4521	4462	4308	4462	
4564	4496	4346	4496	
4608	4527	4366	4527	
4645	4568	4395	4568	
4692	4602	4429	4602	
4750	4647	4466	4647	
4799	4687	4502	4687	
4860	4728	4538	4728	
4918	4781	4587	4781	
4982	4833	4623	4833	
5048	4891	4664	4891	
5123	4960	4723	4960	
5195	5022	4773	5022	
5277	5090	4818	5090	
5362	5159	4876	5159	
5453	5235	4922	5235	
5523	5309	4990	5309	
5632	5398	5072	5398	
5749	5498	5143	5498	
5831	5590	5212	5590	
5954	5695	5296	5695	
6095	5812	5403	5812	
6263	5954	5517	5954	
6423	6067	5698	6067	
6649	6303	5657	6303	
6526	6188	5556	6188	
6405	6087	5475	6087	
6279	5945	5398	5945	
6130	5828	5311	5828	
6027	5719	5226	5719	
5955	5657	5202	5657	
5909	5616	5190	5616	
5815	5537	5131	5537	
5710	5447	5078	5447	
5620	5372	5015	5372	
5532	5302	4966	5302	
5454	5236	4920	5236	
5359	5178	4867	5178	
5279	5111	4814	5111	
5199	5046	4775	5046	
5119	4986	4715	4986	
5047	4925	4669	4925	
4981	4867	4624	4867	
4914	4826	4587	4826	
4851	4774	4534	4774	
4797	4723	4504	4723	
4754	4689	4474	4689	
4703	4649	4438	4649	
4654	4609	4401	4609	
4611	4578	4371	4578	
4578	4541	4347	4541	
4536	4513	4326	4513	
4503	4483	4305	4483	
4474	4460	4286	4460	
4459	4443	4274	4443	
4435	4429	4254	4429	
4416	4408	4237	4408	
4402	4397	4231	4397	
4395	4388	4230	4388	
4380	4372	4223	4372	
4375	4374	4213	4374	
4387	4376	4211	4376	
4378	4371	4217	4371	
4389	4378	4227	4378	
4403	4392	4233	4392	
4421	4403	4252	4403	
4439	4420	4254	4420	
4467	4441	4276	4441	
4487	4460	4290	4460	
4538	4492	4320	4492	
4570	4513	4345	4513	
4601	4537	4365	4537	
4644	4571	4403	4571	
4693	4608	4426	4608	
4739	4642	4458	4642	
4786	4686	4498	4686	
4833	4725	4522	4725	
4888	4775	4579	4775	
4959	4829	4618	4829	
5021	4878	4656	4878	
5084	4937	4705	4937	
5173	5003	4759	5003	
5245	5077	4810	5077	
5322	5136	4853	5136	
5408	5200	4906	5200	
5488	5280	4967	5280	
5590	5367	5020	5367	
5683	5451	5103	5451	
5798	5545	5175	5545	
5887	5632	5251	5632	
6010	5748	5340	5748	
6150	5877	5441	5877	
6329	6016	5567	6016	
6495	6126	5741	6126	
6783	6405	5744	6405	
6638	6274	5634	6274	
6479	6158	5532	6158	
6336	6001	5429	6001	
6203	5878	5342	5878	
6083	5775	5270	5775	
5995	5689	5227	5689	
5948	5660	5215	5660	
5862	5589	5171	5589	
5755	5495	5099	5495	
5644	5416	5034	5416	
5554	5337	4988	5337	
5483	5280	4941	5280	
5401	5222	4902	5222	
5334	5159	4840	5159	
5240	5092	4802	5092	
5159	5035	4744	5035	
5089	4972	4689	4972	
5022	4916	4646	4916	
4951	4870	4610	4870	
4901	4818	4570	4818	
4845	4777	4535	4777	
4800	4742	4500	4742	
4752	4702	4466	4702	
4707	4655	4434	4655	
4659	4629	4405	4629	
4621	4592	4380	4592	
4585	4561	4350	4561	
4548	4533	4330	4533	
4518	4506	4308	4506	
4501	4490	4301	4490	
4483	4473	4282	4473	
4459	4459	4271	4459	
4451	4450	4259	4450	
4446	4440	4264	4440	
4438	4431	4254	4431	
4421	4427	4245	4427	
4429	4429	4251	4429	
4431	4422	4244	4422	
4439	4429	4250	4429	
4453	4442	4265	4442	
4471	4453	4272	4453	
4483	4467	4282	4467	
4509	4486	4298	4486	
4540	4504	4320	4504	
4581	4535	4342	4535	
4612	4557	4368	4557	
4646	4584	4392	4584	
4688	4623	4422	4623	
4734	4657	4456	4657	
4778	4691	4488	4691	
4826	4737	4529	4737	
4875	4781	4561	4781	
4945	4827	4604	4827	
5007	4879	4651	4879	
5061	4934	4684	4934	
5141	5000	4745	5000	
5228	5066	4804	5066	
5296	5131	4851	5131	
5370	5194	4887	5194	
5452	5263	4939	5263	
5546	5342	5007	5342	
5652	5428	5071	5428	
5746	5515	5147	5515	
5861	5616	5217	5616	
5976	5705	5300	5705	
6087	5811	5390	5811	
6222	5938	5486	5938	
6402	6094	5631	6094	
6563	6213	5808	6213	
7012	6584	5847	6584	
6767	6365	5693	6365	
6563	6209	5579	6209	
6405	6051	5466	6051	
6259	5929	5376	5929	
6148	5818	5311	5818	
6050	5729	5259	5729	
5992	5691	5222	5691	
5935	5644	5196	5644	
5822	5554	5141	5554	
5728	5472	5078	5472	
5615	5391	5010	5391	
5532	5324	4968	5324	
5459	5269	4922	5269	
5384	5202	4882	5202	
5302	5141	4824	5141	
5215	5073	4774	5073	
5146	5016	4718	5016	
5077	4957	4668	4957	
5008	4908	4630	4908	
4950	4865	4591	4865	
4908	4825	4567	4825	
4863	4787	4527	4787	
4812	4750	4499	4750	
4762	4710	4481	4710	
4725	4676	4434	4676	
4685	4640	4409	4640	
4650	4608	4388	4608	
4614	4581	4363	4581	
4582	4560	4339	4560	
4564	4541	4331	4541	
4540	4524	4315	4524	
4528	4514	4298	4514	
4506	4502	4293	4502	
4504	4492	4292	4492	
4500	4490	4288	4490	
4492	4482	4279	4482	
4491	4482	4276	4482	
4491	4479	4282	4479	
4501	4483	4288	4483	
4520	4500	4302	4500	
4531	4504	4297	4504	
4549	4517	4306	4517	
4578	4545	4327	4545	
4609	4560	4345	4560	
4631	4584	4376	4584	
4669	4610	4404	4610	
4704	4639	4432	4639	
4755	4675	4455	4675	
4789	4708	4482	4708	
4836	4739	4519	4739	
4892	4789	4557	4789	
4950	4838	4596	4838	
5009	4876	4638	4876	
5069	4931	4692	4931	
5135	4986	4721	4986	
5217	5051	4773	5051	
5289	5118	4826	5118	
5358	5176	4867	5176	
5447	5246	4921	5246	
5587	5377	5032	5377	
5625	5411	5047	5411	
5731	5491	5108	5491	
5824	5582	5183	5582	
5945	5678	5254	5678	
6054	5776	5326	5776	
6179	5886	5421	5886	
6317	6016	5545	6016	
6480	6161	5669	6161	
6644	6303	5858	6303	
7245	6784	6002	6784	
6907	6474	5792	6474	
6660	6272	5638	6272	
6490	6106	5517	6106	
6300	5969	5441	5969	
6208	5854	5361	5854	
6115	5777	5296	5777	
6035	5722	5274	5722	
5991	5687	5261	5687	
5881	5602	5194	5602	
5783	5508	5142	5508	
5679	5434	5067	5434	
5595	5365	5020	5365	
5510	5299	4965	5299	
5437	5240	4928	5240	
5361	5180	4874	5180	
5277	5114	4823	5114	
5202	5054	4765	5054	
5130	5006	4716	5006	
5070	4953	4677	4953	
5012	4907	4642	4907	
4956	4865	4621	4865	
4910	4830	4578	4830	
4864	4795	4546	4795	
4828	4762	4526	4762	
4780	4724	4494	4724	
4742	4684	4459	4684	
4712	4654	4442	4654	
4666	4625	4412	4625	
4635	4601	4391	4601	
4606	4583	4377	4583	
4593	4571	4366	4571	
4594	4558	4360	4558	
4576	4551	4344	4551	
4563	4533	4337	4533	
4558	4533	4336	4533	
4550	4533	4330	4533	
4551	4526	4336	4526	
4555	4521	4338	4521	
4560	4538	4337	4538	
4574	4545	4350	4545	
4583	4554	4357	4554	
4611	4569	4360	4569	
4628	4590	4384	4590	
4665	4609	4392	4609	
4691	4628	4418	4628	
4728	4661	4454	4661	
4753	4682	4498	4682	
4802	4718	4515	4718	
4844	4753	4543	4753	
4896	4783	4562	4783	
4946	4837	4615	4837	
4996	4883	4639	4883	
5060	4929	4692	4929	
5119	4978	4744	4978	
5194	5036	4775	5036	
5275	5102	4835	5102	
5352	5167	4886	5167	
5411	5221	4916	5221	
5504	5290	4972	5290	
5626	5399	5064	5399	
5681	5453	5094	5453	
5779	5537	5174	5537	
5899	5631	5233	5631	
6016	5733	5312	5733	
6117	5842	5388	5842	
6249	5959	5485	5959	
6412	6089	5605	6089	
6571	6231	5749	6231	
6722	6377	5951	6377	
                                                                                                                                                                                                                                                                                                                                                                                                                                                                                                                                                                                                                                                                                                                                                                                                                                                                                                                                                                                                                                                                                                                                                                                                                                                                                                                                                                                                                                                                                                                                                                                                                                                                                                                                                                                                                                                                                                                                                                                                                                                                                                                                                                                                                                                                                                                                                                                                                                                                                                                                                                                                                                                                                                                                                                                                                                                                                                                                                                                                                                                                                                                                                                                                                                                                                                                                                                                                                                                                                                                                                                                                                                                                                                                                                                                                                                                                                                                                                                                                                                                                                                                                                                                                                                                                                                                                                                                                                                                                                                                                                                                                                                                                                                                                                                                                                                                                                                                                                                                                                                                                                                                                                                                                                                                                                                                                                                                                                                                                                                                                                                                                                                                                                                                                                                                                                                                                                                                                                                                                                                                                                                                                                                                                                                                                                                                                                                                                                                                                                                                                                                                                                                                                                                                                                                                                                                                                                                                                                                                                                                                                                                                                                                                                                                                                                                                                                                                                                                                                                                                                                                                                                                                                                                                                                                                                                                                                                                                                                                                                                                                                                                                                                                                                                                                                                                                                                                                                                                                                                                                                                                                                                                                                                                                                                                                                                                                                                                                                                                                                                                                                                                                                                                                                                                                                                                                                                                                                                                                                                                                                                                                                                                                                                                                                                                                                                                                                                                                                                                                                                                                                                                                                                                                                                                                                                                                                                                                                                                                                                                                                                                                                                                                                                                                                                                                                                                                                                                                                                                                                                                                                                                                                                                                                                                                                                                                                                                                                                                                                                                                                                                                                                                                                    