2800	2800	2800	2800	
8251	7432	6641	7432	
7540	6824	6170	6824	
6983	6338	5804	6338	
6733	6124	5625	6124	
6537	5951	5521	5951	
6379	5807	5410	5807	
6241	5690	5324	5690	
6124	5595	5243	5595	
5987	5476	5158	5476	
5867	5381	5093	5381	
5769	5298	5036	5298	
5669	5227	4962	5227	
5582	5174	4931	5174	
5518	5110	4908	5110	
5425	5056	4846	5056	
5342	4998	4806	4998	
5244	4939	4754	4939	
5195	4885	4707	4885	
5129	4845	4665	4845	
5056	4807	4641	4807	
5012	4766	4577	4766	
4935	4722	4566	4722	
4873	4675	4522	4675	
4850	4647	4482	4647	
4805	4609	4465	4609	
4741	4583	4437	4583	
4697	4552	4398	4552	
4677	4534	4393	4534	
4653	4509	4386	4509	
4638	4488	4363	4488	
4595	4475	4341	4475	
4574	4457	4329	4457	
4561	4438	4327	4438	
4533	4430	4308	4430	
4536	4428	4315	4428	
4531	4430	4316	4430	
4518	4427	4299	4427	
4549	4431	4319	4431	
4540	4440	4316	4440	
4552	4446	4346	4446	
4573	4463	4348	4463	
4582	4464	4356	4464	
4596	4479	4370	4479	
4610	4489	4390	4489	
4631	4493	4382	4493	
4675	4513	4399	4513	
4683	4531	4411	4531	
4741	4565	4439	4565	
4787	4593	4477	4593	
4835	4621	4520	4621	
4880	4659	4537	4659	
4943	4687	4580	4687	
5006	4736	4602	4736	
5042	4768	4642	4768	
5089	4799	4672	4799	
5149	4831	4691	4831	
5215	4873	4730	4873	
5267	4924	4749	4924	
5345	4981	4786	4981	
5426	5040	4838	5040	
5531	5138	4931	5138	
5658	5256	5006	5256	
5766	5341	5112	5341	
5905	5441	5192	5441	
5968	5480	5218	5480	
6042	5555	5257	5555	
6195	5660	5353	5660	
6335	5801	5459	5801	
6523	5941	5604	5941	
6709	6064	5790	6064	
7789	6997	6323	6997	
7237	6523	5936	6523	
6814	6198	5660	6198	
6620	5997	5519	5997	
6422	5836	5401	5836	
6287	5698	5295	5698	
6149	5580	5206	5580	
6028	5483	5131	5483	
5903	5381	5062	5381	
5791	5289	4985	5289	
5680	5208	4932	5208	
5608	5141	4874	5141	
5494	5078	4842	5078	
5434	5023	4802	5023	
5345	4969	4753	4969	
5264	4909	4705	4909	
5190	4854	4656	4854	
5114	4810	4618	4810	
5056	4773	4584	4773	
4987	4729	4541	4729	
4928	4682	4500	4682	
4871	4639	4464	4639	
4811	4596	4429	4596	
4777	4571	4392	4571	
4722	4530	4369	4530	
4687	4507	4360	4507	
4651	4479	4321	4479	
4608	4454	4305	4454	
4584	4435	4292	4435	
4573	4420	4278	4420	
4530	4396	4258	4396	
4515	4380	4240	4380	
4496	4367	4235	4367	
4475	4364	4231	4364	
4469	4357	4229	4357	
4464	4352	4229	4352	
4457	4353	4230	4353	
4471	4358	4233	4358	
4469	4360	4239	4360	
4483	4372	4254	4372	
4499	4383	4253	4383	
4506	4389	4256	4389	
4531	4399	4270	4399	
4544	4408	4285	4408	
4564	4414	4288	4414	
4587	4428	4302	4428	
4620	4448	4326	4448	
4664	4475	4356	4475	
4708	4504	4383	4504	
4751	4543	4405	4543	
4818	4584	4449	4584	
4877	4622	4497	4622	
4928	4656	4525	4656	
4969	4692	4548	4692	
5020	4719	4566	4719	
5077	4748	4604	4748	
5139	4788	4635	4788	
5197	4835	4656	4835	
5266	4890	4699	4890	
5339	4945	4744	4945	
5437	5022	4805	5022	
5562	5139	4904	5139	
5681	5238	4981	5238	
5804	5327	5068	5327	
5869	5386	5110	5386	
5934	5452	5167	5452	
6084	5547	5236	5547	
6235	5675	5319	5675	
6426	5809	5462	5809	
6630	5941	5655	5941	
7363	6678	6041	6678	
6991	6329	5766	6329	
6717	6129	5615	6129	
6539	5946	5509	5946	
6371	5789	5382	5789	
6221	5650	5296	5650	
6093	5556	5210	5556	
5962	5449	5132	5449	
5834	5354	5071	5354	
5731	5261	4995	5261	
5648	5190	4946	5190	
5563	5119	4892	5119	
5464	5064	4849	5064	
5382	5002	4806	5002	
5303	4936	4748	4936	
5213	4888	4723	4888	
5134	4838	4669	4838	
5067	4790	4615	4790	
5009	4746	4581	4746	
4946	4705	4551	4705	
4885	4663	4512	4663	
4824	4624	4477	4624	
4783	4588	4441	4588	
4734	4560	4408	4560	
4674	4519	4373	4519	
4636	4491	4357	4491	
4607	4469	4323	4469	
4568	4442	4319	4442	
4536	4415	4292	4415	
4509	4393	4265	4393	
4478	4379	4266	4379	
4461	4365	4251	4365	
4453	4355	4240	4355	
4447	4348	4234	4348	
4432	4339	4231	4339	
4428	4338	4239	4338	
4431	4348	4250	4348	
4441	4356	4259	4356	
4434	4355	4253	4355	
4440	4354	4253	4354	
4453	4357	4269	4357	
4459	4363	4265	4363	
4474	4371	4266	4371	
4497	4381	4274	4381	
4500	4390	4289	4390	
4537	4402	4312	4402	
4576	4424	4318	4424	
4615	4456	4353	4456	
4655	4488	4374	4488	
4721	4530	4428	4530	
4787	4580	4471	4580	
4824	4617	4508	4617	
4892	4640	4525	4640	
4928	4666	4559	4666	
4982	4693	4575	4693	
5030	4730	4581	4730	
5079	4772	4620	4772	
5148	4817	4661	4817	
5213	4867	4694	4867	
5277	4916	4733	4916	
5377	4989	4778	4989	
5515	5097	4880	5097	
5625	5197	4970	5197	
5741	5297	5054	5297	
5814	5373	5116	5373	
5891	5418	5158	5418	
6006	5509	5212	5509	
6150	5632	5277	5632	
6325	5753	5409	5753	
6498	5874	5624	5874	
7072	6393	5850	6393	
6813	6182	5692	6182	
6611	6039	5569	6039	
6446	5870	5478	5870	
6306	5724	5368	5724	
6169	5597	5266	5597	
6025	5489	5184	5489	
5906	5390	5108	5390	
5805	5301	5045	5301	
5702	5223	5001	5223	
5622	5146	4955	5146	
5503	5080	4896	5080	
5430	5021	4860	5021	
5339	4956	4802	4956	
5256	4899	4749	4899	
5181	4841	4709	4841	
5102	4792	4649	4792	
5025	4739	4608	4739	
4957	4692	4562	4692	
4889	4656	4536	4656	
4845	4615	4507	4615	
4790	4581	4470	4581	
4737	4547	4444	4547	
4691	4517	4413	4517	
4638	4483	4377	4483	
4607	4456	4348	4456	
4569	4424	4335	4424	
4532	4395	4305	4395	
4508	4376	4291	4376	
4472	4352	4271	4352	
4450	4341	4273	4341	
4429	4329	4262	4329	
4410	4315	4238	4315	
4404	4306	4236	4306	
4395	4304	4236	4304	
4401	4306	4253	4306	
4401	4320	4255	4320	
4399	4317	4267	4317	
4413	4320	4260	4320	
4412	4314	4254	4314	
4419	4321	4264	4321	
4430	4318	4252	4318	
4430	4321	4255	4321	
4441	4321	4256	4321	
4465	4334	4271	4334	
4494	4361	4283	4361	
4531	4380	4315	4380	
4565	4402	4338	4402	
4608	4442	4378	4442	
4683	4491	4427	4491	
4744	4533	4475	4533	
4803	4571	4512	4571	
4852	4609	4543	4609	
4883	4629	4561	4629	
4947	4659	4570	4659	
4979	4695	4590	4695	
5046	4724	4624	4724	
5118	4767	4656	4767	
5177	4816	4691	4816	
5247	4869	4735	4869	
5345	4936	4784	4936	
5440	5035	4866	5035	
5563	5137	4949	5137	
5688	5246	5054	5246	
5780	5321	5099	5321	
5864	5371	5135	5371	
5944	5450	5188	5450	
6072	5557	5268	5557	
6233	5688	5383	5688	
6401	5797	5554	5797	
6884	6232	5744	6232	
6714	6095	5628	6095	
6549	5964	5527	5964	
6377	5799	5423	5799	
6235	5672	5323	5672	
6111	5539	5232	5539	
5980	5445	5171	5445	
5864	5344	5109	5344	
5779	5259	5056	5259	
5667	5193	4999	5193	
5580	5116	4936	5116	
5491	5039	4882	5039	
5401	4983	4847	4983	
5301	4926	4784	4926	
5224	4864	4732	4864	
5144	4811	4691	4811	
5065	4759	4647	4759	
4991	4708	4608	4708	
4925	4661	4556	4661	
4851	4627	4528	4627	
4813	4590	4492	4590	
4761	4548	4463	4548	
4706	4512	4429	4512	
4664	4486	4402	4486	
4611	4451	4374	4451	
4579	4431	4358	4431	
4542	4394	4326	4394	
4501	4374	4298	4374	
4481	4346	4294	4346	
4453	4334	4276	4334	
4428	4318	4275	4318	
4403	4299	4252	4299	
4388	4291	4239	4291	
4374	4283	4230	4283	
4368	4283	4242	4283	
4375	4281	4241	4281	
4363	4276	4230	4276	
4375	4291	4253	4291	
4367	4281	4247	4281	
4367	4285	4250	4285	
4373	4290	4247	4290	
4373	4284	4241	4284	
4379	4285	4240	4285	
4405	4294	4242	4294	
4427	4300	4260	4300	
4451	4317	4269	4317	
4484	4336	4295	4336	
4523	4367	4320	4367	
4584	4415	4374	4415	
4656	4458	4416	4458	
4721	4506	4459	4506	
4772	4540	4504	4540	
4821	4570	4525	4570	
4876	4601	4555	4601	
4916	4627	4574	4627	
4966	4659	4584	4659	
5029	4688	4608	4688	
5078	4733	4643	4733	
5145	4782	4681	4782	
5222	4829	4713	4829	
5299	4891	4768	4891	
5387	4977	4836	4977	
5502	5071	4901	5071	
5615	5179	4990	5179	
5716	5267	5067	5267	
5808	5337	5115	5337	
5899	5407	5168	5407	
6014	5501	5246	5501	
6161	5611	5357	5611	
6323	5733	5524	5733	
6768	6137	5655	6137	
6617	6008	5568	6008	
6462	5878	5473	5878	
6316	5739	5349	5739	
6179	5607	5269	5607	
6048	5486	5196	5486	
5931	5389	5127	5389	
5816	5294	5056	5294	
5715	5216	5021	5216	
5642	5150	4971	5150	
5532	5072	4909	5072	
5448	5005	4857	5005	
5343	4938	4812	4938	
5256	4879	4766	4879	
5171	4816	4718	4816	
5098	4767	4675	4767	
5022	4720	4619	4720	
4957	4671	4587	4671	
4884	4625	4549	4625	
4818	4592	4498	4592	
4779	4552	4466	4552	
4716	4512	4442	4512	
4665	4483	4405	4483	
4625	4452	4384	4452	
4581	4418	4359	4418	
4541	4395	4330	4395	
4503	4364	4311	4364	
4470	4346	4287	4346	
4443	4321	4268	4321	
4418	4302	4258	4302	
4389	4293	4252	4293	
4374	4275	4236	4275	
4365	4264	4227	4264	
4352	4258	4225	4258	
4335	4254	4216	4254	
4337	4246	4215	4246	
4355	4265	4233	4265	
4437	4353	4330	4353	
4337	4249	4224	4249	
4332	4243	4209	4243	
4331	4248	4225	4248	
4346	4254	4217	4254	
4349	4253	4212	4253	
4366	4256	4221	4256	
4394	4271	4238	4271	
4430	4288	4252	4288	
4457	4309	4273	4309	
4489	4336	4300	4336	
4556	4382	4344	4382	
4622	4431	4394	4431	
4674	4470	4436	4470	
4715	4498	4471	4498	
4777	4530	4495	4530	
4836	4559	4529	4559	
4881	4589	4545	4589	
4932	4625	4559	4625	
4984	4652	4573	4652	
5041	4696	4616	4696	
5109	4737	4653	4737	
5175	4793	4690	4793	
5243	4851	4732	4851	
5335	4926	4788	4926	
5441	5007	4848	5007	
5558	5117	4931	5117	
5678	5215	5021	5215	
5761	5284	5070	5284	
5845	5353	5133	5353	
5954	5438	5194	5438	
6099	5549	5283	5549	
6267	5656	5458	5656	
6646	6050	5611	6050	
6545	5952	5499	5952	
6394	5827	5432	5827	
6262	5679	5335	5679	
6121	5547	5240	5547	
6006	5435	5157	5435	
5872	5333	5088	5333	
5753	5240	5028	5240	
5672	5176	4986	5176	
5577	5108	4945	5108	
5489	5041	4887	5041	
5398	4967	4834	4967	
5317	4907	4789	4907	
5212	4843	4736	4843	
5128	4781	4695	4781	
5045	4728	4647	4728	
4982	4679	4599	4679	
4909	4635	4564	4635	
4844	4597	4528	4597	
4781	4557	4481	4557	
4735	4514	4452	4514	
4678	4481	4430	4481	
4639	4450	4390	4450	
4594	4422	4370	4422	
4546	4393	4331	4393	
4502	4360	4310	4360	
4472	4334	4287	4334	
4427	4318	4269	4318	
4413	4297	4256	4297	
4385	4280	4252	4280	
4367	4263	4242	4263	
4344	4254	4221	4254	
4326	4236	4213	4236	
4318	4232	4215	4232	
4306	4226	4203	4226	
4297	4220	4195	4220	
4292	4218	4189	4218	
4297	4228	4210	4228	
4293	4223	4213	4223	
4295	4218	4197	4218	
4296	4219	4208	4219	
4303	4213	4202	4213	
4312	4214	4195	4214	
4335	4232	4208	4232	
4354	4242	4220	4242	
4376	4260	4230	4260	
4415	4284	4259	4284	
4457	4305	4285	4305	
4502	4342	4311	4342	
4562	4383	4356	4383	
4626	4422	4413	4422	
4683	4461	4438	4461	
4733	4493	4464	4493	
4787	4521	4494	4521	
4828	4541	4507	4541	
4889	4576	4527	4576	
4941	4617	4561	4617	
5008	4663	4596	4663	
5054	4701	4631	4701	
5130	4757	4660	4757	
5203	4824	4705	4824	
5275	4879	4759	4879	
5366	4958	4805	4958	
5497	5045	4874	5045	
5617	5152	4979	5152	
5703	5231	5038	5231	
5806	5316	5096	5316	
5891	5399	5158	5399	
6041	5497	5243	5497	
6171	5611	5431	5611	
6616	6003	5552	6003	
6477	5899	5461	5899	
6350	5778	5388	5778	
6187	5627	5299	5627	
6073	5514	5210	5514	
5948	5390	5124	5390	
5820	5290	5058	5290	
5713	5199	5002	5199	
5619	5144	4967	5144	
5546	5081	4926	5081	
5452	5012	4872	5012	
5370	4948	4827	4948	
5272	4880	4774	4880	
5198	4817	4725	4817	
5110	4756	4678	4756	
5023	4700	4620	4700	
4947	4650	4579	4650	
4877	4609	4544	4609	
4813	4568	4516	4568	
4756	4529	4480	4529	
4695	4493	4437	4493	
4648	4457	4401	4457	
4597	4425	4370	4425	
4563	4395	4354	4395	
4514	4370	4318	4370	
4478	4344	4282	4344	
4445	4315	4274	4315	
4415	4294	4253	4294	
4382	4274	4242	4274	
4362	4266	4237	4266	
4338	4254	4238	4254	
4325	4240	4215	4240	
4318	4226	4204	4226	
4290	4217	4199	4217	
4275	4206	4192	4206	
4265	4199	4186	4199	
4266	4196	4183	4196	
4268	4195	4181	4195	
4270	4191	4185	4191	
4264	4195	4183	4195	
4270	4195	4195	4195	
4269	4190	4174	4190	
4290	4194	4179	4194	
4311	4213	4188	4213	
4324	4221	4215	4221	
4348	4231	4206	4231	
4390	4255	4240	4255	
4439	4282	4264	4282	
4467	4308	4289	4308	
4527	4348	4337	4348	
4578	4386	4367	4386	
4632	4422	4395	4422	
4685	4455	4435	4455	
4722	4475	4459	4475	
4780	4506	4476	4506	
4848	4542	4507	4542	
4904	4591	4545	4591	
4961	4632	4576	4632	
5029	4678	4603	4678	
5093	4724	4633	4724	
5169	4786	4674	4786	
5245	4841	4727	4841	
5313	4912	4769	4912	
5421	4995	4826	4995	
5536	5093	4915	5093	
5674	5197	5001	5197	
5766	5290	5078	5290	
5874	5376	5133	5376	
5992	5474	5221	5474	
6137	5567	5359	5567	
6527	5951	5508	5951	
6427	5839	5432	5839	
6300	5725	5370	5725	
6156	5590	5271	5590	
6016	5470	5188	5470	
5874	5341	5099	5341	
5757	5245	5017	5245	
5675	5170	4968	5170	
5589	5111	4940	5111	
5493	5049	4893	5049	
5400	4979	4860	4979	
5315	4915	4809	4915	
5230	4845	4751	4845	
5155	4792	4708	4792	
5057	4733	4650	4733	
4994	4679	4608	4679	
4910	4622	4567	4622	
4842	4576	4521	4576	
4779	4534	4479	4534	
4712	4494	4446	4494	
4663	4466	4411	4466	
4606	4428	4377	4428	
4559	4399	4349	4399	
4523	4365	4329	4365	
4486	4339	4302	4339	
4442	4316	4280	4316	
4404	4295	4259	4295	
4394	4280	4247	4280	
4359	4263	4230	4263	
4336	4248	4234	4248	
4323	4234	4228	4234	
4302	4226	4202	4226	
4278	4209	4198	4209	
4260	4197	4188	4197	
4252	4181	4176	4181	
4241	4181	4172	4181	
4233	4178	4175	4178	
4241	4178	4170	4178	
4227	4169	4170	4169	
4232	4169	4158	4169	
4238	4165	4156	4165	
4234	4164	4155	4164	
4254	4170	4170	4170	
4282	4189	4183	4189	
4293	4194	4187	4194	
4317	4213	4199	4213	
4344	4226	4213	4226	
4389	4257	4243	4257	
4434	4283	4276	4283	
4476	4310	4306	4310	
4522	4342	4332	4342	
4579	4376	4366	4376	
4619	4405	4386	4405	
4671	4436	4418	4436	
4732	4471	4442	4471	
4791	4506	4479	4506	
4860	4549	4511	4549	
4924	4597	4548	4597	
4982	4647	4580	4647	
5045	4693	4610	4693	
5124	4752	4650	4752	
5196	4806	4701	4806	
5272	4879	4742	4879	
5381	4952	4791	4952	
5471	5050	4874	5050	
5595	5148	4972	5148	
5700	5258	5048	5258	
5823	5343	5111	5343	
5940	5439	5196	5439	
6085	5530	5332	5530	
6453	5896	5465	5896	
6370	5795	5381	5795	
6236	5699	5318	5699	
6088	5559	5230	5559	
5974	5436	5153	5436	
5859	5327	5080	5327	
5736	5230	5001	5230	
5648	5138	4946	5138	
5546	5082	4908	5082	
5446	5017	4861	5017	
5367	4946	4825	4946	
5277	4885	4779	4885	
5205	4823	4727	4823	
5116	4772	4685	4772	
5031	4707	4636	4707	
4949	4651	4592	4651	
4861	4590	4537	4590	
4803	4550	4500	4550	
4742	4521	4465	4521	
4681	4476	4423	4476	
4625	4436	4387	4436	
4571	4406	4356	4406	
4525	4372	4326	4372	
4485	4339	4298	4339	
4446	4318	4279	4318	
4410	4297	4256	4297	
4386	4271	4246	4271	
4352	4259	4241	4259	
4322	4246	4226	4246	
4319	4233	4221	4233	
4296	4227	4206	4227	
4270	4212	4201	4212	
4257	4202	4189	4202	
4244	4193	4190	4193	
4236	4182	4184	4182	
4224	4166	4171	4166	
4209	4169	4167	4169	
4209	4156	4158	4156	
4194	4143	4140	4143	
4203	4148	4137	4148	
4206	4149	4144	4149	
4219	4156	4148	4156	
4226	4154	4156	4154	
4244	4168	4166	4168	
4269	4178	4180	4178	
4289	4198	4189	4198	
4316	4210	4214	4210	
4362	4233	4220	4233	
4398	4253	4241	4253	
4442	4288	4282	4288	
4491	4317	4315	4317	
4530	4345	4343	4345	
4587	4373	4359	4373	
4635	4401	4395	4401	
4684	4435	4420	4435	
4747	4473	4440	4473	
4809	4516	4476	4516	
4873	4559	4516	4559	
4941	4606	4560	4606	
5005	4662	4583	4662	
5086	4717	4632	4717	
5153	4775	4665	4775	
5241	4844	4716	4844	
5340	4921	4760	4921	
5422	5006	4834	5006	
5559	5107	4924	5107	
5672	5218	5016	5218	
5770	5318	5097	5318	
5901	5421	5170	5421	
6038	5504	5303	5504	
6393	5844	5431	5844	
6309	5760	5359	5760	
6216	5705	5339	5705	
6096	5566	5268	5566	
5925	5401	5136	5401	
5806	5304	5049	5304	
5708	5198	4990	5198	
5600	5113	4938	5113	
5509	5054	4899	5054	
5403	4984	4849	4984	
5339	4927	4809	4927	
5234	4863	4756	4863	
5157	4793	4706	4793	
5075	4738	4659	4738	
4994	4682	4612	4682	
4913	4626	4562	4626	
4842	4578	4526	4578	
4769	4532	4484	4532	
4698	4490	4438	4490	
4638	4450	4404	4450	
4585	4414	4366	4414	
4541	4374	4335	4374	
4492	4350	4321	4350	
4459	4326	4295	4326	
4411	4298	4267	4298	
4380	4280	4253	4280	
4351	4253	4231	4253	
4321	4246	4230	4246	
4297	4228	4218	4228	
4279	4217	4208	4217	
4261	4205	4205	4205	
4247	4201	4202	4201	
4236	4187	4182	4187	
4223	4174	4172	4174	
4207	4167	4168	4167	
4192	4155	4158	4155	
4185	4150	4151	4150	
4181	4139	4145	4139	
4178	4130	4137	4130	
4174	4130	4135	4130	
4188	4138	4142	4138	
4195	4147	4145	4147	
4207	4149	4153	4149	
4214	4155	4163	4155	
4239	4163	4167	4163	
4265	4181	4171	4181	
4297	4199	4192	4199	
4333	4215	4218	4215	
4362	4231	4225	4231	
4407	4266	4268	4266	
4459	4294	4290	4294	
4497	4319	4327	4319	
4544	4345	4344	4345	
4593	4372	4369	4372	
4650	4411	4382	4411	
4711	4454	4422	4454	
4785	4492	4462	4492	
4829	4540	4502	4540	
4895	4578	4539	4578	
4979	4630	4565	4630	
5046	4690	4600	4690	
5116	4746	4634	4746	
5185	4820	4684	4820	
5282	4892	4742	4892	
5381	4976	4810	4976	
5494	5071	4894	5071	
5612	5186	4987	5186	
5729	5283	5064	5283	
5873	5395	5154	5395	
6001	5471	5311	5471	
6360	5810	5412	5810	
6300	5742	5361	5742	
6181	5654	5297	5654	
6028	5513	5216	5513	
5878	5370	5104	5370	
5747	5252	5013	5252	
5648	5157	4947	5157	
5555	5095	4919	5095	
5474	5030	4877	5030	
5377	4955	4827	4955	
5297	4886	4788	4886	
5211	4826	4721	4826	
5120	4765	4675	4765	
5039	4712	4643	4712	
4949	4651	4578	4651	
4862	4593	4540	4593	
4792	4545	4500	4545	
4731	4496	4453	4496	
4668	4455	4426	4455	
4606	4427	4392	4427	
4557	4386	4344	4386	
4500	4353	4311	4353	
4452	4324	4289	4324	
4416	4304	4267	4304	
4370	4277	4246	4277	
4348	4262	4244	4262	
4323	4241	4227	4241	
4304	4236	4211	4236	
4282	4217	4204	4217	
4255	4208	4205	4208	
4242	4199	4198	4199	
4217	4182	4173	4182	
4205	4165	4165	4165	
4180	4147	4152	4147	
4157	4133	4128	4133	
4153	4123	4126	4123	
4158	4122	4121	4122	
4155	4135	4136	4135	
4162	4128	4131	4128	
4160	4119	4121	4119	
4169	4121	4129	4121	
4172	4125	4134	4125	
4183	4131	4149	4131	
4195	4139	4142	4139	
4212	4143	4147	4143	
4236	4156	4152	4156	
4259	4172	4169	4172	
4287	4190	4189	4190	
4322	4208	4199	4208	
4356	4236	4236	4236	
4407	4265	4256	4265	
4457	4296	4297	4296	
4523	4325	4320	4325	
4566	4351	4354	4351	
4616	4387	4374	4387	
4670	4429	4400	4429	
4735	4469	4436	4469	
4798	4515	4479	4515	
4860	4558	4512	4558	
4938	4606	4542	4606	
5014	4669	4578	4669	
5084	4731	4626	4731	
5158	4799	4671	4799	
5243	4864	4704	4864	
5340	4949	4782	4949	
5440	5028	4858	5028	
5576	5145	4943	5145	
5696	5257	5023	5257	
5831	5368	5131	5368	
5941	5452	5298	5452	
6344	5821	5399	5821	
6272	5733	5334	5733	
6162	5638	5280	5638	
6012	5492	5196	5492	
5853	5356	5092	5356	
5727	5230	5004	5230	
5627	5142	4938	5142	
5533	5080	4897	5080	
5443	5007	4857	5007	
5359	4944	4817	4944	
5268	4872	4763	4872	
5181	4805	4695	4805	
5077	4745	4645	4745	
5003	4686	4610	4686	
4920	4627	4564	4627	
4844	4576	4531	4576	
4765	4535	4478	4535	
4696	4479	4437	4479	
4640	4439	4402	4439	
4575	4405	4368	4405	
4532	4371	4333	4371	
4477	4339	4305	4339	
4425	4305	4273	4305	
4399	4284	4255	4284	
4362	4267	4244	4267	
4340	4261	4242	4261	
4321	4247	4227	4247	
4296	4235	4216	4235	
4282	4235	4223	4235	
4256	4217	4214	4217	
4225	4187	4193	4187	
4200	4163	4170	4163	
4176	4143	4140	4143	
4144	4126	4116	4126	
4129	4116	4120	4116	
4129	4111	4111	4111	
4135	4120	4110	4120	
4147	4124	4134	4124	
4135	4122	4138	4122	
4155	4115	4125	4115	
4143	4118	4133	4118	
4155	4118	4126	4118	
4164	4123	4126	4123	
4184	4131	4138	4131	
4200	4142	4144	4142	
4219	4152	4150	4152	
4238	4165	4164	4165	
4264	4180	4177	4180	
4305	4199	4197	4199	
4345	4221	4219	4221	
4382	4244	4247	4244	
4435	4280	4277	4280	
4481	4308	4300	4308	
4541	4332	4337	4332	
4589	4370	4359	4370	
4640	4407	4384	4407	
4714	4448	4426	4448	
4767	4488	4453	4488	
4828	4536	4479	4536	
4904	4589	4528	4589	
4977	4651	4564	4651	
5055	4714	4608	4714	
5140	4777	4656	4777	
5222	4844	4700	4844	
5315	4923	4753	4923	
5415	5003	4823	5003	
5527	5113	4910	5113	
5664	5234	5005	5234	
5803	5354	5121	5354	
5926	5444	5295	5444	
6281	5773	5378	5773	
6225	5703	5315	5703	
6109	5604	5236	5604	
5974	5463	5160	5463	
5829	5324	5057	5324	
5700	5210	4978	5210	
5603	5129	4938	5129	
5516	5055	4878	5055	
5433	4988	4840	4988	
5335	4920	4800	4920	
5234	4845	4724	4845	
5146	4785	4675	4785	
5057	4723	4642	4723	
4983	4671	4607	4671	
4907	4623	4565	4623	
4818	4567	4509	4567	
4746	4515	4473	4515	
4678	4464	4408	4464	
4615	4424	4381	4424	
4551	4388	4353	4388	
4497	4352	4311	4352	
4446	4319	4283	4319	
4403	4287	4252	4287	
4369	4260	4246	4260	
4346	4257	4237	4257	
4327	4254	4230	4254	
4311	4244	4228	4244	
4287	4234	4236	4234	
4285	4231	4229	4231	
4259	4213	4219	4213	
4210	4175	4177	4175	
4174	4146	4146	4146	
4141	4125	4123	4125	
4117	4114	4116	4114	
4117	4107	4107	4107	
4119	4104	4108	4104	
4117	4105	4098	4105	
4130	4115	4116	4115	
4125	4117	4127	4117	
4140	4114	4124	4114	
4136	4114	4120	4114	
4142	4118	4122	4118	
4147	4117	4120	4117	
4166	4126	4118	4126	
4190	4133	4129	4133	
4201	4145	4145	4145	
4222	4160	4159	4160	
4252	4163	4177	4163	
4282	4185	4192	4185	
4320	4206	4210	4206	
4357	4232	4231	4232	
4409	4260	4253	4260	
4465	4293	4293	4293	
4510	4319	4320	4319	
4564	4353	4348	4353	
4623	4391	4367	4391	
4679	4430	4393	4430	
4748	4473	4436	4473	
4816	4515	4459	4515	
4876	4573	4504	4573	
4954	4634	4544	4634	
5029	4697	4597	4697	
5114	4755	4635	4755	
5195	4831	4691	4831	
5285	4908	4732	4908	
5388	4983	4802	4983	
5506	5095	4879	5095	
5643	5212	4981	5212	
5790	5338	5102	5338	
5930	5431	5266	5431	
6280	5746	5341	5746	
6199	5664	5269	5664	
6061	5572	5208	5572	
5928	5432	5119	5432	
5794	5297	5018	5297	
5664	5187	4959	5187	
5564	5096	4897	5096	
5485	5036	4859	5036	
5396	4962	4811	4962	
5303	4900	4764	4900	
5209	4831	4714	4831	
5123	4765	4674	4765	
5030	4707	4629	4707	
4962	4654	4582	4654	
4874	4598	4542	4598	
4803	4544	4483	4544	
4729	4499	4457	4499	
4657	4444	4401	4444	
4588	4407	4368	4407	
4526	4368	4328	4368	
4473	4334	4302	4334	
4426	4302	4270	4302	
4380	4272	4240	4272	
4341	4250	4222	4250	
4326	4246	4234	4246	
4309	4247	4233	4247	
4291	4229	4218	4229	
4277	4225	4223	4225	
4257	4220	4217	4220	
4236	4206	4199	4206	
4203	4173	4176	4173	
4199	4185	4181	4185	
4184	4175	4181	4175	
4126	4124	4119	4124	
4115	4103	4109	4103	
4096	4096	4097	4096	
4111	4101	4096	4101	
4110	4102	4108	4102	
4113	4111	4124	4111	
4121	4111	4117	4111	
4119	4114	4120	4114	
4141	4115	4126	4115	
4151	4119	4120	4119	
4163	4126	4124	4126	
4180	4129	4135	4129	
4198	4138	4133	4138	
4201	4140	4135	4140	
4219	4151	4152	4151	
4252	4165	4173	4165	
4294	4184	4190	4184	
4333	4211	4210	4211	
4385	4245	4239	4245	
4437	4275	4273	4275	
4485	4306	4287	4306	
4537	4337	4329	4337	
4605	4372	4351	4372	
4663	4418	4392	4418	
4714	4459	4420	4459	
4795	4501	4446	4501	
4848	4559	4484	4559	
4934	4626	4535	4626	
5016	4685	4591	4685	
5094	4753	4642	4753	
5172	4820	4681	4820	
5268	4888	4721	4888	
5349	4973	4781	4973	
5488	5077	4869	5077	
5615	5192	4965	5192	
5755	5319	5090	5319	
5911	5419	5252	5419	
6229	5718	5302	5718	
6147	5632	5243	5632	
6036	5532	5171	5532	
5910	5397	5091	5397	
5774	5280	5010	5280	
5653	5170	4936	5170	
5545	5082	4871	5082	
5573	5117	4933	5117	
5394	4972	4812	4972	
5298	4883	4750	4883	
5188	4821	4710	4821	
5100	4756	4666	4756	
5031	4692	4619	4692	
4942	4641	4562	4641	
4852	4585	4516	4585	
4776	4539	4486	4539	
4707	4490	4434	4490	
4645	4438	4397	4438	
4571	4400	4351	4400	
4505	4356	4314	4356	
4463	4320	4274	4320	
4409	4287	4250	4287	
4368	4257	4226	4257	
4332	4236	4210	4236	
4320	4241	4218	4241	
4292	4236	4215	4236	
4273	4225	4205	4225	
4267	4220	4205	4220	
4248	4211	4201	4211	
4229	4203	4201	4203	
4189	4173	4182	4173	
4174	4166	4171	4166	
4166	4165	4179	4165	
4133	4146	4148	4146	
4136	4134	4135	4134	
4113	4117	4125	4117	
4096	4098	4104	4098	
4101	4104	4113	4104	
4105	4108	4116	4108	
4104	4110	4110	4110	
4125	4128	4130	4128	
4141	4135	4145	4135	
4148	4135	4131	4135	
4152	4135	4137	4135	
4169	4131	4144	4131	
4178	4136	4132	4136	
4185	4134	4136	4134	
4222	4143	4142	4143	
4248	4159	4157	4159	
4283	4177	4177	4177	
4324	4203	4205	4203	
4370	4231	4239	4231	
4420	4263	4268	4263	
4475	4297	4291	4297	
4533	4331	4315	4331	
4583	4364	4348	4364	
4644	4409	4375	4409	
4707	4449	4419	4449	
4775	4496	4442	4496	
4839	4549	4473	4549	
4924	4615	4531	4615	
5006	4677	4590	4677	
5083	4743	4622	4743	
5162	4812	4685	4812	
5252	4879	4712	4879	
5327	4958	4769	4958	
5453	5054	4850	5054	
5582	5177	4950	5177	
5750	5307	5076	5307	
5897	5407	5242	5407	
6201	5705	5275	5705	
6130	5610	5205	5610	
6000	5510	5144	5510	
5859	5380	5069	5380	
5768	5279	5003	5279	
5640	5169	4925	5169	
5543	5084	4867	5084	
5464	5021	4832	5021	
5372	4938	4783	4938	
5294	4877	4744	4877	
5200	4815	4708	4815	
5094	4751	4658	4751	
5021	4694	4602	4694	
4933	4634	4553	4634	
4853	4590	4524	4590	
4773	4531	4479	4531	
4698	4483	4424	4483	
4625	4435	4387	4435	
4557	4393	4350	4393	
4507	4352	4300	4352	
4444	4316	4276	4316	
4397	4285	4235	4285	
4351	4250	4220	4250	
4312	4231	4192	4231	
4305	4231	4198	4231	
4289	4228	4198	4228	
4266	4220	4203	4220	
4250	4213	4200	4213	
4239	4208	4189	4208	
4217	4201	4188	4201	
4198	4184	4190	4184	
4180	4174	4171	4174	
4162	4167	4169	4167	
4152	4168	4166	4168	
4149	4166	4178	4166	
4144	4167	4177	4167	
4131	4148	4149	4148	
4102	4123	4133	4123	
4102	4117	4131	4117	
4114	4126	4131	4126	
4140	4146	4156	4146	
4151	4147	4156	4147	
4156	4147	4155	4147	
4163	4149	4153	4149	
4165	4142	4141	4142	
4176	4138	4141	4138	
4189	4140	4149	4140	
4214	4144	4154	4144	
4250	4162	4157	4162	
4282	4181	4181	4181	
4308	4198	4197	4198	
4356	4224	4223	4224	
4408	4253	4256	4253	
4451	4283	4288	4283	
4519	4319	4296	4319	
4560	4354	4321	4354	
4624	4397	4359	4397	
4700	4444	4401	4444	
4762	4493	4432	4493	
4830	4545	4467	4545	
4900	4610	4517	4610	
4977	4673	4569	4673	
5065	4738	4601	4738	
5159	4803	4647	4803	
5239	4869	4704	4869	
5320	4945	4760	4945	
5435	5045	4842	5045	
5554	5171	4947	5171	
5716	5289	5057	5289	
5873	5395	5232	5395	
6190	5682	5252	5682	
6109	5596	5184	5596	
5984	5501	5136	5501	
5860	5382	5050	5382	
5759	5263	4973	5263	
5642	5153	4926	5153	
5534	5074	4861	5074	
5441	5010	4811	5010	
5355	4938	4774	4938	
5274	4871	4741	4871	
5173	4816	4695	4816	
5083	4741	4640	4741	
5003	4685	4596	4685	
4920	4634	4556	4634	
4847	4581	4520	4581	
4776	4534	4485	4534	
4697	4484	4431	4484	
4617	4429	4377	4429	
4567	4393	4351	4393	
4499	4355	4308	4355	
4447	4318	4269	4318	
4391	4276	4237	4276	
4341	4243	4211	4243	
4305	4222	4181	4222	
4281	4214	4173	4214	
4270	4214	4192	4214	
4257	4210	4187	4210	
4246	4205	4194	4205	
4228	4202	4182	4202	
4214	4202	4191	4202	
4198	4191	4185	4191	
4192	4190	4190	4190	
4184	4190	4193	4190	
4175	4190	4192	4190	
4176	4196	4201	4196	
4172	4192	4195	4192	
4167	4187	4195	4187	
4167	4179	4196	4179	
4134	4155	4158	4155	
4126	4149	4145	4149	
4144	4148	4157	4148	
4155	4152	4160	4152	
4155	4152	4159	4152	
4160	4155	4154	4155	
4180	4148	4149	4148	
4178	4141	4136	4141	
4188	4136	4141	4136	
4207	4140	4146	4140	
4236	4154	4158	4154	
4277	4171	4182	4171	
4297	4187	4193	4187	
4339	4216	4210	4216	
4389	4248	4233	4248	
4442	4268	4267	4268	
4500	4309	4298	4309	
4566	4344	4316	4344	
4618	4386	4355	4386	
4690	4434	4385	4434	
4741	4484	4419	4484	
4825	4539	4465	4539	
4894	4596	4508	4596	
4981	4663	4553	4663	
5055	4728	4602	4728	
5136	4791	4641	4791	
5209	4863	4699	4863	
5306	4946	4758	4946	
5432	5045	4835	5045	
5552	5151	4919	5151	
5697	5280	5024	5280	
5830	5386	5205	5386	
6191	5679	5255	5679	
6108	5594	5178	5594	
5975	5498	5139	5498	
5858	5381	5062	5381	
5748	5263	4987	5263	
5633	5164	4916	5164	
5548	5081	4865	5081	
5447	5011	4809	5011	
5376	4950	4778	4950	
5268	4885	4740	4885	
5165	4813	4684	4813	
5073	4739	4637	4739	
5005	4684	4604	4684	
4925	4637	4564	4637	
4845	4582	4515	4582	
4774	4541	4485	4541	
4700	4487	4441	4487	
4619	4437	4388	4437	
4562	4395	4349	4395	
4497	4351	4305	4351	
4439	4309	4269	4309	
4383	4277	4236	4277	
4333	4249	4201	4249	
4296	4221	4177	4221	
4269	4205	4172	4205	
4253	4200	4174	4200	
4227	4192	4174	4192	
4213	4185	4175	4185	
4206	4181	4166	4181	
4199	4185	4173	4185	
4198	4193	4191	4193	
4197	4204	4204	4204	
4198	4211	4214	4211	
4194	4217	4222	4217	
4196	4219	4221	4219	
4181	4211	4220	4211	
4183	4211	4228	4211	
4179	4209	4218	4209	
4173	4196	4208	4196	
4160	4179	4179	4179	
4144	4154	4158	4154	
4145	4151	4147	4151	
4150	4154	4159	4154	
4167	4153	4156	4153	
4177	4156	4156	4156	
4175	4139	4139	4139	
4185	4134	4133	4134	
4200	4140	4139	4140	
4233	4158	4167	4158	
4265	4172	4178	4172	
4295	4185	4181	4185	
4332	4210	4208	4210	
4385	4241	4238	4241	
4435	4268	4252	4268	
4495	4306	4286	4306	
4550	4347	4315	4347	
4601	4382	4347	4382	
4677	4429	4379	4429	
4743	4475	4407	4475	
4808	4529	4451	4529	
4888	4591	4489	4591	
4967	4653	4536	4653	
5040	4714	4587	4714	
5121	4782	4645	4782	
5206	4858	4695	4858	
5286	4933	4749	4933	
5417	5033	4836	5033	
5531	5150	4926	5150	
5686	5264	5015	5264	
5796	5368	5189	5368	
6210	5692	5282	5692	
6123	5594	5191	5594	
6001	5501	5136	5501	
5853	5378	5065	5378	
5753	5263	4977	5263	
5648	5165	4913	5165	
5538	5081	4848	5081	
5452	5006	4817	5006	
5362	4944	4776	4944	
5260	4875	4735	4875	
5180	4815	4679	4815	
5100	4748	4628	4748	
5011	4690	4601	4690	
4929	4640	4564	4640	
4845	4587	4512	4587	
4782	4544	4475	4544	
4716	4493	4441	4493	
4631	4444	4392	4444	
4566	4387	4341	4387	
4507	4353	4305	4353	
4442	4311	4267	4311	
4386	4273	4232	4273	
4336	4242	4206	4242	
4300	4216	4184	4216	
4279	4206	4171	4206	
4246	4190	4169	4190	
4221	4178	4149	4178	
4207	4169	4149	4169	
4198	4163	4145	4163	
4188	4169	4146	4169	
4188	4183	4171	4183	
4205	4208	4205	4208	
4210	4215	4228	4215	
4212	4225	4227	4225	
4203	4230	4234	4230	
4194	4222	4228	4222	
4186	4217	4229	4217	
4181	4204	4204	4204	
4186	4200	4202	4200	
4182	4190	4203	4190	
4164	4163	4177	4163	
4147	4153	4160	4153	
4151	4148	4159	4148	
4167	4152	4158	4152	
4164	4146	4148	4146	
4174	4136	4137	4136	
4189	4142	4129	4142	
4207	4144	4143	4144	
4232	4153	4162	4153	
4263	4167	4164	4167	
4294	4183	4181	4183	
4340	4210	4207	4210	
4382	4238	4238	4238	
4430	4268	4244	4268	
4484	4296	4287	4296	
4545	4340	4310	4340	
4613	4382	4345	4382	
4673	4424	4378	4424	
4737	4474	4413	4474	
4806	4520	4460	4520	
4893	4579	4485	4579	
4957	4649	4531	4649	
5036	4708	4583	4708	
5113	4771	4634	4771	
5193	4843	4687	4843	
5282	4927	4752	4927	
5393	5021	4814	5021	
5508	5122	4896	5122	
5657	5234	4997	5234	
5881	5414	5246	5414	
6215	5689	5295	5689	
6124	5593	5192	5593	
5996	5502	5138	5502	
5869	5388	5067	5388	
5749	5273	4970	5273	
5632	5158	4904	5158	
5546	5073	4852	5073	
5439	5008	4819	5008	
5350	4943	4783	4943	
5262	4878	4727	4878	
5177	4818	4676	4818	
5083	4743	4631	4743	
5003	4694	4604	4694	
4928	4643	4566	4643	
4860	4586	4522	4586	
4786	4545	4476	4545	
4707	4499	4442	4499	
4645	4448	4393	4448	
4575	4403	4361	4403	
4517	4364	4318	4364	
4437	4314	4259	4314	
4388	4272	4222	4272	
4339	4239	4210	4239	
4307	4220	4191	4220	
4281	4205	4182	4205	
4258	4195	4171	4195	
4226	4185	4158	4185	
4212	4174	4155	4174	
4192	4160	4149	4160	
4185	4154	4133	4154	
4164	4154	4141	4154	
4173	4182	4178	4182	
4200	4214	4214	4214	
4212	4230	4234	4230	
4212	4239	4234	4239	
4197	4229	4232	4229	
4200	4224	4232	4224	
4187	4207	4205	4207	
4184	4195	4209	4195	
4182	4191	4202	4191	
4162	4164	4170	4164	
4151	4154	4160	4154	
4154	4148	4155	4148	
4169	4151	4159	4151	
4167	4144	4156	4144	
4164	4127	4130	4127	
4183	4136	4136	4136	
4209	4144	4143	4144	
4241	4157	4158	4157	
4259	4169	4168	4169	
4294	4183	4179	4183	
4339	4205	4210	4205	
4380	4237	4227	4237	
4421	4262	4252	4262	
4479	4291	4273	4291	
4547	4338	4309	4338	
4619	4383	4343	4383	
4679	4430	4378	4430	
4732	4476	4410	4476	
4798	4520	4454	4520	
4880	4575	4486	4575	
4962	4643	4528	4643	
5025	4706	4576	4706	
5104	4772	4618	4772	
5190	4841	4665	4841	
5284	4918	4734	4918	
5391	5015	4803	5015	
5505	5112	4887	5112	
5625	5226	4986	5226	
5803	5352	5186	5352	
6236	5717	5283	5717	
6142	5616	5217	5616	
6010	5510	5148	5510	
5880	5388	5073	5388	
5757	5270	4970	5270	
5632	5168	4914	5168	
5530	5080	4845	5080	
5434	5011	4812	5011	
5377	4952	4779	4952	
5279	4879	4739	4879	
5181	4815	4685	4815	
5090	4752	4641	4752	
5024	4695	4616	4695	
4943	4648	4577	4648	
4874	4602	4511	4602	
4798	4555	4491	4555	
4719	4507	4457	4507	
4644	4455	4408	4455	
4581	4405	4358	4405	
4509	4361	4308	4361	
4443	4315	4273	4315	
4389	4278	4236	4278	
4348	4252	4216	4252	
4316	4227	4197	4227	
4294	4214	4183	4214	
4267	4206	4178	4206	
4246	4191	4167	4191	
4211	4177	4159	4177	
4196	4168	4142	4168	
4192	4163	4138	4163	
4178	4160	4146	4160	
4169	4164	4147	4164	
4183	4186	4187	4186	
4204	4222	4228	4222	
4212	4232	4239	4232	
4201	4231	4241	4231	
4205	4219	4231	4219	
4181	4207	4221	4207	
4171	4184	4196	4184	
4163	4180	4188	4180	
4147	4166	4162	4166	
4155	4154	4149	4154	
4161	4151	4148	4151	
4163	4140	4147	4140	
4151	4130	4136	4130	
4171	4132	4133	4132	
4193	4142	4138	4142	
4223	4154	4153	4154	
4233	4162	4166	4162	
4254	4171	4162	4171	
4294	4182	4173	4182	
4339	4210	4202	4210	
4395	4236	4223	4236	
4428	4267	4255	4267	
4500	4303	4282	4303	
4552	4344	4315	4344	
4622	4390	4351	4390	
4685	4436	4383	4436	
4741	4480	4414	4480	
4810	4531	4449	4531	
4874	4584	4482	4584	
4959	4650	4527	4650	
5023	4710	4572	4710	
5115	4774	4618	4774	
5198	4845	4665	4845	
5294	4922	4734	4922	
5391	5014	4811	5014	
5503	5109	4890	5109	
5630	5224	4977	5224	
5799	5323	5140	5323	
6256	5726	5302	5726	
6151	5631	5217	5631	
6042	5526	5151	5526	
5902	5399	5079	5399	
5773	5281	5000	5281	
5646	5174	4921	5174	
5543	5086	4858	5086	
5455	5018	4815	5018	
5375	4952	4777	4952	
5291	4889	4742	4889	
5197	4818	4697	4818	
5100	4754	4642	4754	
5027	4700	4608	4700	
4955	4660	4573	4660	
4872	4610	4525	4610	
4799	4566	4506	4566	
4726	4513	4446	4513	
4659	4459	4403	4459	
4592	4413	4365	4413	
4522	4371	4318	4371	
4467	4328	4276	4328	
4406	4293	4248	4293	
4365	4259	4220	4259	
4323	4239	4199	4239	
4296	4217	4182	4217	
4269	4207	4179	4207	
4245	4195	4169	4195	
4234	4180	4150	4180	
4210	4172	4159	4172	
4209	4184	4163	4184	
4202	4184	4176	4184	
4203	4187	4184	4187	
4188	4174	4172	4174	
4175	4178	4169	4178	
4196	4209	4210	4209	
4210	4224	4229	4224	
4190	4212	4219	4212	
4187	4203	4208	4203	
4176	4191	4188	4191	
4164	4164	4168	4164	
4141	4142	4132	4142	
4142	4137	4133	4137	
4145	4132	4121	4132	
4146	4126	4118	4126	
4153	4131	4120	4131	
4187	4138	4138	4138	
4207	4151	4140	4151	
4237	4157	4150	4157	
4247	4164	4153	4164	
4270	4178	4172	4178	
4306	4191	4177	4191	
4348	4213	4201	4213	
4396	4244	4229	4244	
4441	4271	4262	4271	
4500	4307	4280	4307	
4562	4351	4317	4351	
4625	4394	4346	4394	
4695	4442	4378	4442	
4762	4484	4407	4484	
4823	4535	4459	4535	
4890	4596	4488	4596	
4971	4651	4522	4651	
5037	4709	4567	4709	
5119	4775	4612	4775	
5203	4845	4670	4845	
5295	4927	4732	4927	
5391	5023	4805	5023	
5505	5113	4873	5113	
5650	5226	4991	5226	
5778	5324	5156	5324	
6301	5741	5315	5741	
6201	5661	5236	5661	
6056	5542	5178	5542	
5929	5420	5089	5420	
5797	5297	5007	5297	
5682	5189	4927	5189	
5567	5101	4855	5101	
5484	5029	4818	5029	
5407	4969	4793	4969	
5307	4904	4726	4904	
5214	4832	4689	4832	
5120	4771	4653	4771	
5039	4712	4607	4712	
4971	4669	4575	4669	
4900	4619	4529	4619	
4827	4568	4504	4568	
4749	4519	4452	4519	
4683	4475	4415	4475	
4606	4426	4365	4426	
4538	4378	4312	4378	
4478	4343	4275	4343	
4419	4296	4253	4296	
4383	4273	4224	4273	
4341	4246	4209	4246	
4305	4221	4186	4221	
4274	4216	4181	4216	
4258	4204	4172	4204	
4244	4195	4164	4195	
4234	4199	4176	4199	
4222	4202	4182	4202	
4210	4201	4184	4201	
4213	4196	4182	4196	
4200	4194	4186	4194	
4188	4187	4184	4187	
4174	4187	4163	4187	
4187	4195	4194	4195	
4193	4200	4194	4200	
4200	4196	4191	4196	
4171	4175	4169	4175	
4165	4156	4142	4156	
4152	4137	4127	4137	
4144	4127	4117	4127	
4148	4125	4112	4125	
4162	4131	4119	4131	
4174	4134	4119	4134	
4198	4150	4134	4150	
4220	4153	4143	4153	
4250	4163	4148	4163	
4267	4174	4167	4174	
4293	4184	4179	4184	
4326	4197	4182	4197	
4367	4223	4206	4223	
4405	4245	4219	4245	
4464	4277	4250	4277	
4512	4314	4282	4314	
4578	4354	4305	4354	
4632	4400	4345	4400	
4706	4449	4387	4449	
4766	4496	4424	4496	
4831	4541	4453	4541	
4904	4602	4502	4602	
4974	4660	4545	4660	
5050	4722	4575	4722	
5117	4778	4612	4778	
5214	4852	4673	4852	
5325	4948	4748	4948	
5439	5043	4822	5043	
5541	5136	4891	5136	
5674	5240	5006	5240	
5805	5329	5168	5329	
6336	5761	5323	5761	
6214	5665	5240	5665	
6079	5564	5177	5564	
5950	5443	5112	5443	
5814	5321	5020	5321	
5702	5200	4939	5200	
5584	5118	4874	5118	
5500	5038	4834	5038	
5413	4976	4783	4976	
5320	4906	4742	4906	
5228	4842	4706	4842	
5124	4781	4655	4781	
5060	4731	4615	4731	
4993	4682	4580	4682	
4903	4625	4551	4625	
4822	4579	4513	4579	
4755	4530	4469	4530	
4682	4481	4412	4481	
4616	4437	4374	4437	
4558	4393	4326	4393	
4494	4348	4290	4348	
4429	4313	4254	4313	
4384	4283	4232	4283	
4354	4261	4213	4261	
4324	4232	4183	4232	
4296	4227	4197	4227	
4274	4214	4191	4214	
4262	4203	4172	4203	
4255	4211	4185	4211	
4248	4212	4183	4212	
4226	4209	4193	4209	
4220	4210	4184	4210	
4217	4210	4195	4210	
4207	4203	4189	4203	
4200	4195	4185	4195	
4184	4179	4176	4179	
4177	4178	4164	4178	
4183	4171	4162	4171	
4165	4159	4145	4159	
4158	4149	4132	4149	
4151	4142	4120	4142	
4154	4135	4120	4135	
4163	4134	4112	4134	
4173	4141	4124	4141	
4204	4144	4128	4144	
4216	4155	4140	4155	
4239	4169	4158	4169	
4260	4181	4156	4181	
4277	4181	4171	4181	
4298	4198	4171	4198	
4331	4206	4191	4206	
4379	4233	4208	4233	
4429	4259	4231	4259	
4478	4294	4260	4294	
4532	4324	4286	4324	
4585	4362	4311	4362	
4657	4411	4355	4411	
4702	4462	4401	4462	
4784	4500	4422	4500	
4852	4551	4452	4551	
4925	4609	4497	4609	
4988	4663	4534	4663	
5061	4728	4581	4728	
5146	4793	4627	4793	
5232	4872	4687	4872	
5347	4965	4766	4965	
5456	5054	4833	5054	
5548	5147	4904	5147	
5691	5253	5004	5253	
5824	5340	5161	5340	
6348	5795	5372	5795	
6227	5685	5267	5685	
6114	5580	5171	5580	
5967	5453	5119	5453	
5827	5337	5044	5337	
5730	5228	4953	5228	
5603	5135	4888	5135	
5516	5057	4841	5057	
5425	4987	4798	4987	
5327	4917	4758	4917	
5247	4864	4706	4864	
5158	4800	4665	4800	
5086	4749	4640	4749	
5010	4700	4595	4700	
4927	4645	4560	4645	
4852	4596	4513	4596	
4772	4546	4465	4546	
4711	4498	4418	4498	
4637	4452	4387	4452	
4573	4409	4352	4409	
4516	4365	4307	4365	
4457	4326	4273	4326	
4406	4297	4241	4297	
4372	4273	4212	4273	
4336	4248	4199	4248	
4311	4232	4188	4232	
4295	4220	4181	4220	
4278	4227	4189	4227	
4283	4227	4202	4227	
4271	4224	4201	4224	
4270	4226	4200	4226	
4257	4233	4208	4233	
4255	4226	4214	4226	
4239	4223	4206	4223	
4234	4212	4194	4212	
4214	4195	4177	4195	
4197	4185	4171	4185	
4193	4187	4161	4187	
4182	4164	4141	4164	
4172	4158	4147	4158	
4166	4156	4118	4156	
4182	4149	4120	4149	
4185	4154	4124	4154	
4206	4158	4133	4158	
4219	4163	4138	4163	
4237	4176	4161	4176	
4251	4183	4163	4183	
4279	4189	4160	4189	
4296	4195	4181	4195	
4321	4212	4189	4212	
4347	4218	4190	4218	
4399	4248	4216	4248	
4454	4277	4242	4277	
4501	4312	4266	4312	
4549	4344	4297	4344	
4616	4387	4331	4387	
4683	4431	4367	4431	
4753	4484	4405	4484	
4805	4523	4435	4523	
4875	4569	4467	4569	
4938	4627	4500	4627	
5012	4684	4542	4684	
5069	4744	4589	4744	
5159	4813	4641	4813	
5257	4898	4705	4898	
5355	4985	4782	4985	
5470	5068	4850	5068	
5576	5163	4929	5163	
5722	5273	5018	5273	
5873	5375	5188	5375	
6358	5816	5352	5816	
6265	5711	5272	5711	
6140	5607	5190	5607	
5978	5471	5119	5471	
5857	5361	5052	5361	
5750	5243	4959	5243	
5630	5148	4893	5148	
5528	5075	4839	5075	
5435	5005	4800	5005	
5360	4946	4764	4946	
5269	4882	4726	4882	
5195	4826	4682	4826	
5112	4771	4642	4771	
5023	4719	4609	4719	
4945	4665	4557	4665	
4866	4615	4513	4615	
4799	4560	4477	4560	
4717	4506	4426	4506	
4644	4467	4379	4467	
4601	4425	4348	4425	
4537	4385	4321	4385	
4487	4351	4279	4351	
4438	4313	4240	4313	
4388	4283	4215	4283	
4345	4257	4204	4257	
4319	4240	4193	4240	
4302	4224	4178	4224	
4290	4231	4182	4231	
4287	4237	4190	4237	
4282	4230	4187	4230	
4277	4236	4212	4236	
4277	4239	4216	4239	
4268	4241	4212	4241	
4263	4235	4207	4235	
4239	4214	4187	4214	
4220	4205	4183	4205	
4206	4194	4167	4194	
4201	4191	4158	4191	
4196	4177	4139	4177	
4183	4166	4132	4166	
4187	4159	4115	4159	
4191	4157	4118	4157	
4197	4161	4128	4161	
4208	4170	4133	4170	
4231	4177	4143	4177	
4256	4186	4153	4186	
4269	4192	4168	4192	
4290	4199	4168	4199	
4307	4204	4163	4204	
4331	4218	4186	4218	
4377	4239	4200	4239	
4423	4274	4228	4274	
4466	4298	4254	4298	
4526	4330	4281	4330	
4580	4361	4302	4361	
4630	4402	4339	4402	
4700	4451	4365	4451	
4768	4493	4400	4493	
4812	4532	4441	4532	
4894	4587	4478	4587	
4965	4644	4510	4644	
5041	4703	4552	4703	
5102	4760	4594	4760	
5195	4827	4645	4827	
5294	4915	4712	4915	
5386	4999	4792	4999	
5489	5086	4854	5086	
5605	5185	4929	5185	
5749	5303	5040	5303	
5927	5393	5206	5393	
6404	5840	5370	5840	
6298	5734	5293	5734	
6166	5631	5238	5631	
6028	5500	5138	5500	
5905	5393	5073	5393	
5769	5283	4973	5283	
5667	5179	4919	5179	
5554	5096	4862	5096	
5475	5032	4810	5032	
5396	4966	4777	4966	
5303	4901	4738	4901	
5225	4842	4690	4842	
5134	4801	4651	4801	
5052	4741	4621	4741	
4974	4690	4588	4690	
4894	4636	4533	4636	
4830	4584	4480	4584	
4748	4525	4434	4525	
4672	4479	4396	4479	
4613	4442	4362	4442	
4564	4405	4335	4405	
4502	4369	4301	4369	
4453	4335	4257	4335	
4415	4305	4230	4305	
4372	4276	4210	4276	
4352	4254	4196	4254	
4318	4237	4182	4237	
4302	4237	4185	4237	
4305	4246	4199	4246	
4306	4248	4206	4248	
4296	4249	4213	4249	
4298	4256	4215	4256	
4291	4249	4217	4249	
4276	4242	4201	4242	
4252	4229	4180	4229	
4231	4220	4182	4220	
4227	4207	4177	4207	
4218	4202	4160	4202	
4210	4188	4141	4188	
4204	4177	4131	4177	
4204	4170	4123	4170	
4213	4169	4128	4169	
4217	4174	4130	4174	
4246	4186	4138	4186	
4254	4190	4140	4190	
4282	4199	4154	4199	
4293	4210	4164	4210	
4313	4215	4168	4215	
4329	4221	4180	4221	
4360	4241	4191	4241	
4398	4264	4215	4264	
4456	4291	4237	4291	
4498	4318	4269	4318	
4552	4354	4294	4354	
4606	4384	4317	4384	
4672	4424	4350	4424	
4734	4469	4373	4469	
4800	4513	4424	4513	
4835	4551	4452	4551	
4910	4604	4495	4604	
4977	4659	4527	4659	
5047	4721	4567	4721	
5133	4782	4609	4782	
5217	4847	4663	4847	
5309	4937	4720	4937	
5423	5022	4796	5022	
5541	5112	4864	5112	
5633	5213	4952	5213	
5791	5334	5045	5334	
5950	5439	5229	5439	
6484	5871	5410	5871	
6357	5771	5332	5771	
6191	5663	5250	5663	
6067	5536	5180	5536	
5943	5433	5102	5433	
5820	5324	5033	5324	
5689	5211	4943	5211	
5574	5124	4873	5124	
5492	5059	4840	5059	
5413	4989	4791	4989	
5344	4937	4756	4937	
5251	4873	4716	4873	
5165	4826	4685	4826	
5084	4781	4645	4781	
5007	4717	4600	4717	
4925	4660	4562	4660	
4861	4612	4511	4612	
4778	4553	4460	4553	
4697	4498	4400	4498	
4639	4467	4364	4467	
4584	4426	4335	4426	
4526	4389	4301	4389	
4492	4356	4271	4356	
4444	4331	4250	4331	
4404	4296	4224	4296	
4359	4277	4202	4277	
4321	4254	4185	4254	
4319	4249	4199	4249	
4311	4256	4195	4256	
4317	4266	4215	4266	
4318	4270	4222	4270	
4300	4266	4221	4266	
4294	4256	4207	4256	
4281	4249	4196	4249	
4271	4243	4193	4243	
4248	4230	4175	4230	
4242	4221	4167	4221	
4228	4207	4158	4207	
4228	4198	4150	4198	
4213	4185	4141	4185	
4227	4185	4142	4185	
4230	4187	4137	4187	
4238	4191	4137	4191	
4260	4202	4155	4202	
4277	4203	4154	4203	
4298	4213	4157	4213	
4309	4224	4163	4224	
4328	4230	4182	4230	
4351	4235	4189	4235	
4377	4264	4204	4264	
4422	4291	4226	4291	
4482	4319	4252	4319	
4537	4354	4295	4354	
4581	4385	4319	4385	
4643	4419	4352	4419	
4700	4456	4358	4456	
4750	4499	4399	4499	
4809	4542	4435	4542	
4864	4583	4466	4583	
4946	4635	4514	4635	
5010	4686	4547	4686	
5086	4749	4589	4749	
5154	4812	4629	4812	
5244	4881	4686	4881	
5346	4965	4741	4965	
5446	5052	4808	5052	
5568	5148	4897	5148	
5691	5257	4994	5257	
5855	5378	5096	5378	
6007	5475	5263	5475	
6488	5927	5438	5927	
6387	5822	5366	5822	
6232	5709	5276	5709	
6089	5569	5192	5569	
5985	5465	5115	5465	
5865	5353	5045	5353	
5732	5253	4974	5253	
5614	5162	4914	5162	
5535	5093	4870	5093	
5430	5018	4810	5018	
5369	4963	4778	4963	
5269	4896	4725	4896	
5197	4847	4694	4847	
5111	4804	4652	4804	
5027	4735	4614	4735	
4946	4681	4560	4681	
4879	4633	4526	4633	
4791	4573	4465	4573	
4721	4526	4424	4526	
4660	4482	4389	4482	
4603	4447	4350	4447	
4548	4410	4317	4410	
4510	4374	4286	4374	
4464	4342	4250	4342	
4415	4315	4225	4315	
4380	4288	4211	4288	
4357	4264	4197	4264	
4334	4259	4194	4259	
4324	4261	4200	4261	
4319	4268	4196	4268	
4320	4266	4204	4266	
4314	4264	4202	4264	
4307	4261	4198	4261	
4286	4257	4187	4257	
4276	4247	4184	4247	
4263	4235	4172	4235	
4250	4224	4159	4224	
4246	4216	4156	4216	
4240	4207	4157	4207	
4241	4199	4137	4199	
4238	4199	4136	4199	
4248	4195	4138	4195	
4259	4200	4133	4200	
4277	4209	4150	4209	
4293	4216	4150	4216	
4308	4227	4163	4227	
4328	4233	4167	4233	
4349	4243	4186	4243	
4374	4253	4189	4253	
4398	4279	4215	4279	
4444	4310	4232	4310	
4508	4342	4265	4342	
4559	4377	4295	4377	
4616	4414	4316	4414	
4670	4448	4358	4448	
4736	4485	4384	4485	
4786	4530	4423	4530	
4848	4561	4457	4561	
4906	4606	4475	4606	
4972	4666	4518	4666	
5033	4710	4560	4710	
5089	4771	4590	4771	
5188	4829	4641	4829	
5291	4909	4699	4909	
5397	4999	4776	4999	
5473	5079	4836	5079	
5588	5169	4907	5169	
5731	5291	5011	5291	
5892	5409	5126	5409	
6018	5503	5291	5503	
6579	5985	5509	5985	
6447	5873	5419	5873	
6297	5749	5335	5749	
6154	5624	5237	5624	
6044	5523	5175	5523	
5920	5410	5101	5410	
5797	5308	5026	5308	
5688	5224	4963	5224	
5574	5135	4896	5135	
5474	5056	4846	5056	
5396	4998	4800	4998	
5298	4942	4762	4942	
5231	4881	4718	4881	
5138	4821	4677	4821	
5052	4759	4627	4759	
4972	4712	4581	4712	
4892	4655	4543	4655	
4824	4600	4478	4600	
4749	4552	4445	4552	
4691	4512	4404	4512	
4638	4482	4370	4482	
4577	4434	4335	4434	
4532	4407	4301	4407	
4490	4371	4270	4371	
4451	4345	4248	4345	
4406	4319	4223	4319	
4379	4296	4212	4296	
4349	4285	4204	4285	
4338	4273	4196	4273	
4335	4269	4204	4269	
4336	4273	4216	4273	
4339	4280	4217	4280	
4324	4276	4214	4276	
4303	4261	4200	4261	
4299	4253	4190	4253	
4284	4251	4185	4251	
4274	4236	4175	4236	
4265	4226	4165	4226	
4260	4216	4160	4216	
4262	4215	4150	4215	
4261	4218	4154	4218	
4270	4211	4142	4211	
4278	4216	4146	4216	
4284	4227	4158	4227	
4307	4229	4158	4229	
4331	4245	4165	4245	
4343	4251	4183	4251	
4367	4259	4202	4259	
4396	4285	4209	4285	
4443	4313	4235	4313	
4489	4338	4258	4338	
4542	4371	4295	4371	
4602	4415	4323	4415	
4646	4444	4355	4444	
4711	4482	4380	4482	
4761	4523	4420	4523	
4811	4555	4448	4555	
4888	4599	4480	4599	
4942	4637	4509	4637	
5011	4692	4543	4692	
5085	4746	4574	4746	
5137	4801	4614	4801	
5226	4870	4670	4870	
5331	4948	4729	4948	
5418	5034	4804	5034	
5517	5115	4863	5115	
5646	5212	4948	5212	
5778	5332	5047	5332	
5932	5454	5147	5454	
6084	5530	5312	5530	
6634	6039	5555	6039	
6526	5927	5452	5927	
6371	5812	5365	5812	
6226	5679	5285	5679	
6107	5579	5232	5579	
5977	5469	5159	5469	
5844	5361	5079	5361	
5738	5271	5010	5271	
5623	5176	4936	5176	
5523	5095	4878	5095	
5421	5029	4823	5029	
5333	4964	4780	4964	
5252	4908	4738	4908	
5168	4845	4698	4845	
5087	4781	4654	4781	
5010	4735	4610	4735	
4919	4682	4553	4682	
4853	4629	4509	4629	
4781	4583	4462	4583	
4724	4539	4427	4539	
4664	4502	4391	4502	
4608	4465	4359	4465	
4566	4437	4326	4437	
4524	4402	4293	4402	
4473	4362	4261	4362	
4435	4334	4240	4334	
4401	4319	4231	4319	
4380	4301	4215	4301	
4358	4288	4199	4288	
4353	4285	4205	4285	
4348	4282	4213	4282	
4325	4285	4219	4285	
4321	4273	4219	4273	
4309	4260	4199	4260	
4300	4249	4183	4249	
4292	4246	4180	4246	
4285	4240	4169	4240	
4274	4235	4164	4235	
4271	4228	4163	4228	
4262	4223	4149	4223	
4271	4230	4154	4230	
4276	4224	4147	4224	
4283	4226	4143	4226	
4301	4232	4161	4232	
4331	4242	4166	4242	
4350	4254	4178	4254	
4369	4271	4189	4271	
4393	4289	4213	4289	
4443	4312	4228	4312	
4479	4335	4245	4335	
4519	4367	4281	4367	
4575	4396	4308	4396	
4629	4442	4346	4442	
4679	4472	4384	4472	
4730	4515	4410	4515	
4791	4553	4440	4553	
4846	4596	4466	4596	
4919	4633	4498	4633	
4987	4678	4529	4678	
5052	4724	4565	4724	
5101	4775	4608	4775	
5178	4835	4659	4835	
5256	4901	4705	4901	
5374	4977	4749	4977	
5459	5061	4819	5061	
5568	5148	4881	5148	
5686	5249	4965	5249	
5832	5379	5074	5379	
5960	5488	5181	5488	
6100	5567	5332	5567	
6716	6119	5615	6119	
6580	5993	5506	5993	
6424	5870	5415	5870	
6291	5736	5337	5736	
6154	5620	5262	5620	
6032	5520	5199	5520	
5896	5415	5120	5415	
5767	5307	5038	5307	
5667	5221	4972	5221	
5576	5133	4917	5133	
5455	5070	4854	5070	
5376	4998	4800	4998	
5272	4939	4754	4939	
5190	4875	4723	4875	
5116	4814	4667	4814	
5039	4762	4620	4762	
4952	4706	4572	4706	
4881	4655	4530	4655	
4820	4613	4471	4613	
4744	4571	4447	4571	
4703	4529	4409	4529	
4649	4495	4378	4495	
4593	4467	4355	4467	
4557	4440	4329	4440	
4505	4403	4291	4403	
4467	4375	4266	4375	
4441	4348	4243	4348	
4416	4337	4225	4337	
4383	4315	4219	4315	
4363	4304	4218	4304	
4344	4296	4213	4296	
4333	4288	4195	4288	
4311	4271	4180	4271	
4304	4261	4189	4261	
4302	4256	4164	4256	
4296	4254	4169	4254	
4299	4249	4171	4249	
4295	4248	4169	4248	
4284	4235	4153	4235	
4282	4233	4150	4233	
4286	4234	4159	4234	
4288	4229	4146	4229	
4302	4238	4155	4238	
4327	4252	4166	4252	
4341	4265	4177	4265	
4376	4280	4195	4280	
4400	4297	4203	4297	
4429	4318	4232	4318	
4467	4340	4249	4340	
4513	4368	4265	4368	
4541	4389	4293	4389	
4599	4428	4328	4428	
4655	4465	4366	4465	
4716	4505	4384	4505	
4765	4549	4433	4549	
4825	4588	4465	4588	
4881	4627	4496	4627	
4953	4669	4525	4669	
5016	4710	4557	4710	
5076	4756	4596	4756	
5146	4808	4632	4808	
5212	4870	4674	4870	
5305	4942	4728	4942	
5421	5017	4788	5017	
5499	5100	4850	5100	
5614	5192	4927	5192	
5757	5306	5031	5306	
5893	5402	5107	5402	
6029	5528	5203	5528	
6182	5614	5373	5614	
6809	6194	5648	6194	
6656	6069	5552	6069	
6491	5922	5466	5922	
6340	5783	5370	5783	
6205	5673	5296	5673	
6081	5559	5232	5559	
5941	5450	5145	5450	
5818	5352	5062	5352	
5711	5263	4993	5263	
5602	5177	4939	5177	
5489	5097	4880	5097	
5402	5031	4823	5031	
5308	4972	4769	4972	
5222	4908	4730	4908	
5145	4850	4692	4850	
5061	4787	4637	4787	
4985	4740	4592	4740	
4908	4692	4534	4692	
4855	4654	4502	4654	
4794	4614	4477	4614	
4755	4577	4426	4577	
4681	4534	4405	4534	
4629	4498	4379	4498	
4597	4470	4346	4470	
4553	4435	4313	4435	
4506	4415	4290	4415	
4466	4386	4265	4386	
4445	4368	4259	4368	
4417	4343	4236	4343	
4404	4333	4224	4333	
4381	4318	4211	4318	
4359	4301	4206	4301	
4341	4284	4193	4284	
4325	4274	4177	4274	
4305	4266	4171	4266	
4311	4265	4166	4265	
4308	4259	4164	4259	
4307	4255	4157	4255	
4303	4245	4161	4245	
4296	4240	4143	4240	
4293	4248	4153	4248	
4319	4250	4155	4250	
4328	4260	4161	4260	
4352	4273	4175	4273	
4369	4286	4186	4286	
4407	4303	4210	4303	
4436	4322	4224	4322	
4463	4345	4235	4345	
4495	4368	4259	4368	
4547	4395	4279	4395	
4576	4422	4314	4422	
4635	4454	4338	4454	
4687	4496	4383	4496	
4735	4537	4411	4537	
4801	4579	4449	4579	
4862	4621	4486	4621	
4925	4662	4514	4662	
4993	4711	4556	4711	
5040	4743	4590	4743	
5108	4797	4610	4797	
5182	4846	4650	4846	
5260	4916	4703	4916	
5360	4989	4766	4989	
5454	5067	4824	5067	
5560	5157	4905	5157	
5677	5246	4977	5246	
5794	5353	5051	5353	
5927	5464	5139	5464	
6090	5573	5230	5573	
6233	5661	5383	5661	
6897	6278	5754	6278	
6756	6144	5627	6144	
6559	5988	5515	5988	
6398	5836	5408	5836	
6263	5723	5330	5723	
6127	5610	5272	5610	
6006	5506	5189	5506	
5875	5402	5112	5402	
5760	5303	5027	5303	
5640	5212	4967	5212	
5543	5148	4920	5148	
5441	5076	4852	5076	
5355	5007	4814	5007	
5259	4941	4752	4941	
5180	4874	4704	4874	
5109	4826	4660	4826	
5031	4776	4618	4776	
4944	4727	4578	4727	
4894	4685	4532	4685	
4829	4650	4503	4650	
4785	4611	4460	4611	
4715	4570	4429	4570	
4672	4537	4400	4537	
4632	4506	4375	4506	
4585	4476	4336	4476	
4546	4444	4319	4444	
4516	4415	4291	4415	
4483	4400	4279	4400	
4445	4372	4252	4372	
4416	4356	4230	4356	
4394	4338	4224	4338	
4374	4321	4210	4321	
4364	4309	4199	4309	
4345	4297	4192	4297	
4339	4288	4179	4288	
4322	4280	4179	4280	
4313	4275	4170	4275	
4315	4277	4168	4277	
4319	4268	4167	4268	
4322	4266	4161	4266	
4329	4272	4166	4272	
4330	4278	4172	4278	
4362	4285	4178	4285	
4381	4302	4192	4302	
4407	4317	4196	4317	
4440	4337	4219	4337	
4477	4353	4250	4353	
4494	4375	4251	4375	
4535	4398	4275	4398	
4576	4429	4298	4429	
4615	4459	4323	4459	
4661	4493	4361	4493	
4716	4525	4399	4525	
4777	4569	4443	4569	
4837	4612	4466	4612	
4887	4654	4521	4654	
4961	4694	4548	4694	
5025	4747	4577	4747	
5077	4785	4612	4785	
5157	4837	4648	4837	
5240	4901	4691	4901	
5343	4979	4756	4979	
5419	5050	4818	5050	
5518	5126	4875	5126	
5633	5215	4942	5215	
5730	5293	5008	5293	
5834	5395	5110	5395	
5968	5505	5192	5505	
6145	5624	5286	5624	
6311	5722	5451	5722	
7001	6374	5853	6374	
6848	6240	5718	6240	
6640	6075	5594	6075	
6474	5915	5484	5915	
6311	5770	5370	5770	
6179	5663	5313	5663	
6056	5556	5230	5556	
5919	5439	5140	5439	
5786	5344	5056	5344	
5693	5261	5014	5261	
5612	5195	4965	5195	
5504	5127	4910	5127	
5406	5060	4845	5060	
5306	4994	4796	4994	
5212	4921	4741	4921	
5131	4869	4683	4869	
5078	4818	4642	4818	
4989	4767	4596	4767	
4931	4728	4553	4728	
4879	4689	4529	4689	
4828	4653	4501	4653	
4775	4616	4469	4616	
4717	4579	4434	4579	
4672	4546	4403	4546	
4623	4509	4364	4509	
4587	4479	4336	4479	
4537	4446	4313	4446	
4512	4432	4298	4432	
4479	4407	4277	4407	
4458	4382	4251	4382	
4429	4365	4241	4365	
4406	4344	4223	4344	
4387	4335	4206	4335	
4375	4330	4213	4330	
4371	4318	4208	4318	
4354	4312	4193	4312	
4358	4309	4194	4309	
4358	4304	4192	4304	
4368	4306	4198	4306	
4371	4307	4197	4307	
4375	4314	4193	4314	
4377	4311	4202	4311	
4401	4325	4201	4325	
4422	4339	4217	4339	
4446	4355	4225	4355	
4468	4374	4240	4374	
4507	4389	4263	4389	
4541	4414	4289	4414	
4578	4434	4309	4434	
4615	4467	4332	4467	
4651	4493	4361	4493	
4707	4530	4395	4530	
4749	4562	4429	4562	
4813	4603	4465	4603	
4883	4653	4504	4653	
4942	4690	4544	4690	
5003	4739	4575	4739	
5076	4788	4610	4788	
5137	4830	4637	4830	
5219	4889	4681	4889	
5313	4967	4743	4967	
5401	5031	4803	5031	
5493	5106	4854	5106	
5605	5191	4919	5191	
5701	5271	4997	5271	
5786	5356	5069	5356	
5907	5446	5137	5446	
6041	5556	5224	5556	
6234	5687	5335	5687	
6406	5800	5490	5800	
7149	6495	5920	6495	
6959	6327	5796	6327	
6755	6173	5680	6173	
6567	6004	5552	6004	
6390	5841	5434	5841	
6251	5715	5340	5715	
6097	5604	5267	5604	
5977	5501	5184	5501	
5846	5395	5105	5395	
5742	5315	5050	5315	
5651	5257	5014	5257	
5544	5181	4950	5181	
5455	5108	4891	5108	
5363	5038	4833	5038	
5249	4960	4762	4960	
5164	4910	4717	4910	
5104	4855	4664	4855	
5019	4805	4624	4805	
4968	4763	4581	4763	
4910	4724	4551	4724	
4860	4684	4521	4684	
4807	4648	4488	4648	
4751	4614	4456	4614	
4703	4578	4416	4578	
4652	4540	4384	4540	
4619	4514	4359	4514	
4570	4481	4338	4481	
4544	4457	4312	4457	
4515	4435	4294	4435	
4492	4417	4276	4417	
4474	4401	4269	4401	
4446	4388	4258	4388	
4424	4370	4233	4370	
4416	4360	4232	4360	
4414	4355	4218	4355	
4398	4344	4216	4344	
4396	4345	4213	4345	
4415	4359	4243	4359	
4412	4361	4256	4361	
4410	4359	4233	4359	
4405	4357	4230	4357	
4419	4356	4226	4356	
4433	4358	4228	4358	
4444	4378	4240	4378	
4476	4391	4248	4391	
4512	4416	4269	4416	
4553	4430	4308	4430	
4577	4448	4308	4448	
4618	4473	4348	4473	
4651	4496	4364	4496	
4695	4528	4377	4528	
4754	4566	4411	4566	
4801	4606	4454	4606	
4860	4648	4493	4648	
4923	4693	4533	4693	
4970	4729	4554	4729	
5038	4778	4605	4778	
5114	4821	4632	4821	
5171	4877	4684	4877	
5261	4945	4725	4945	
5350	5008	4768	5008	
5454	5073	4825	5073	
5537	5152	4881	5152	
5641	5234	4964	5234	
5744	5317	5025	5317	
5835	5404	5090	5404	
5991	5500	5176	5500	
6130	5630	5281	5630	
6310	5765	5403	5765	
6484	5869	5578	5869	
7338	6628	6033	6628	
7103	6452	5904	6452	
6866	6261	5756	6261	
6687	6095	5628	6095	
6494	5934	5509	5934	
6341	5796	5400	5796	
6180	5680	5321	5680	
6061	5572	5242	5572	
5925	5466	5144	5466	
5806	5375	5081	5375	
5723	5308	5039	5308	
5600	5238	4996	5238	
5510	5175	4933	5175	
5417	5095	4862	5095	
5309	5016	4805	5016	
5224	4952	4751	4952	
5139	4902	4699	4902	
5079	4843	4641	4843	
5020	4808	4609	4808	
4960	4772	4582	4772	
4909	4724	4555	4724	
4845	4690	4509	4690	
4807	4661	4481	4661	
4752	4625	4446	4625	
4708	4590	4412	4590	
4656	4556	4394	4556	
4625	4524	4364	4524	
4594	4495	4334	4495	
4553	4470	4306	4470	
4538	4452	4299	4452	
4508	4437	4284	4437	
4491	4423	4273	4423	
4467	4409	4252	4409	
4460	4401	4259	4401	
4451	4396	4251	4396	
4459	4393	4250	4393	
4466	4411	4263	4411	
4481	4425	4286	4425	
4475	4418	4280	4418	
4475	4417	4279	4417	
4478	4420	4274	4420	
4477	4410	4270	4410	
4486	4407	4258	4407	
4498	4411	4275	4411	
4530	4434	4280	4434	
4550	4451	4294	4451	
4583	4472	4319	4472	
4615	4494	4333	4494	
4657	4521	4372	4521	
4702	4550	4388	4550	
4744	4581	4416	4581	
4792	4617	4446	4617	
4842	4653	4493	4653	
4902	4692	4525	4692	
4966	4735	4562	4735	
5027	4774	4596	4774	
5094	4829	4642	4829	
5162	4876	4677	4876	
5237	4934	4719	4934	
5325	4998	4760	4998	
5412	5066	4799	5066	
5505	5137	4860	5137	
5591	5210	4939	5210	
5701	5290	4998	5290	
5816	5380	5058	5380	
5933	5463	5142	5463	
6082	5576	5236	5576	
6220	5704	5344	5704	
6414	5855	5458	5855	
6570	5951	5646	5951	
7601	6880	6242	6880	
7304	6612	6021	6612	
7021	6392	5849	6392	
6815	6199	5711	6199	
6629	6028	5581	6028	
6465	5885	5468	5885	
6300	5758	5374	5758	
6163	5639	5291	5639	
6025	5528	5196	5528	
5880	5428	5133	5428	
5770	5364	5078	5364	
5683	5299	5031	5299	
5585	5226	4984	5226	
5496	5154	4914	5154	
5368	5066	4833	5066	
5276	4992	4777	4992	
5197	4943	4721	4943	
5124	4879	4672	4879	
5069	4843	4638	4843	
5013	4810	4608	4810	
4958	4775	4577	4775	
4919	4736	4541	4736	
4867	4709	4518	4709	
4826	4671	4489	4671	
4766	4636	4447	4636	
4715	4595	4427	4595	
4685	4560	4398	4560	
4647	4539	4371	4539	
4603	4510	4336	4510	
4582	4489	4328	4489	
4557	4473	4303	4473	
4535	4463	4285	4463	
4514	4448	4284	4448	
4515	4448	4283	4448	
4514	4447	4287	4447	
4522	4455	4299	4455	
4544	4478	4323	4478	
4550	4479	4324	4479	
4536	4475	4324	4475	
4541	4468	4320	4468	
4551	4477	4325	4477	
4550	4466	4303	4466	
4538	4453	4290	4453	
4557	4460	4301	4460	
4592	4474	4311	4474	
4612	4490	4331	4490	
4650	4512	4345	4512	
4678	4536	4370	4536	
4721	4564	4393	4564	
4770	4590	4421	4590	
4809	4627	4452	4627	
4860	4664	4480	4664	
4921	4704	4525	4704	
4964	4732	4556	4732	
5019	4773	4591	4773	
5083	4821	4623	4821	
5142	4863	4658	4863	
5217	4922	4711	4922	
5297	4978	4747	4978	
5393	5052	4783	5052	
5532	5173	4897	5173	
5573	5195	4911	5195	
5676	5269	4971	5269	
5795	5352	5033	5352	
5915	5455	5107	5455	
6044	5546	5204	5546	
6191	5668	5308	5668	
6320	5791	5405	5791	
6498	5938	5539	5938	
6653	6058	5705	6058	
7908	7132	6421	7132	
7531	6761	6153	6761	
7164	6502	5958	6502	
6918	6279	5810	6279	
6710	6107	5681	6107	
6540	5946	5569	5946	
6402	5826	5468	5826	
6250	5703	5372	5703	
6103	5579	5283	5579	
5961	5478	5199	5478	
5851	5400	5129	5400	
5754	5340	5091	5340	
5658	5273	5051	5273	
5550	5199	4980	5199	
5431	5106	4894	5106	
5314	5023	4826	5023	
5255	4967	4771	4967	
5174	4914	4726	4914	
5113	4878	4692	4878	
5062	4846	4650	4846	
5023	4816	4630	4816	
4970	4774	4596	4774	
4929	4745	4552	4745	
4901	4721	4550	4721	
4837	4684	4511	4684	
4787	4651	4476	4651	
4737	4603	4438	4603	
4699	4575	4416	4575	
4653	4546	4379	4546	
4624	4524	4363	4524	
4604	4514	4358	4514	
4595	4500	4339	4500	
4570	4490	4340	4490	
4569	4490	4342	4490	
4578	4484	4331	4484	
4576	4492	4346	4492	
4589	4512	4379	4512	
4604	4521	4382	4521	
4605	4519	4378	4519	
4601	4512	4368	4512	
4613	4515	4374	4515	
4604	4512	4364	4512	
4605	4498	4333	4498	
4606	4500	4344	4500	
4648	4519	4352	4519	
4671	4535	4382	4535	
4720	4554	4394	4554	
4744	4579	4437	4579	
4783	4611	4461	4611	
4820	4635	4483	4635	
4856	4664	4510	4664	
4918	4713	4534	4713	
4980	4739	4582	4739	
5016	4769	4614	4769	
5072	4813	4641	4813	
5153	4855	4680	4855	
5216	4906	4721	4906	
5296	4967	4753	4967	
5380	5029	4797	5029	
5465	5091	4856	5091	
5566	5188	4930	5188	
5633	5219	4970	5219	
5743	5319	5032	5319	
5855	5412	5090	5412	
5987	5510	5173	5510	
6127	5609	5272	5609	
6301	5727	5383	5727	
6440	5861	5504	5861	
6615	6006	5644	6006	
6754	6137	5828	6137	
                                                                                                                                                                                                                                                                                                                                                                                                                                                                                                                                                                                                                                                                                                                                                                                                                                                                                                                                                                                                                                                                                                                                                                                                                                                                                                                                                                                                                                                                                                                                                                                                                                                                                                                                                                                                                                                                                                                                                                                                                                                                                                                                                                                                                                                                                                                                                                                                                                                                                                                                                                                                                                                                                                                                                                                                                                                                                                                                                                                                                                                                                                                                                                                                                                                                                                                                                                                                                                                                                                                                                                                                                                                                                                                                                                                                                                                                                                                                                                                                                                                                                                                                                                                                                                                                                                                                                                                                                                                                                                                                                                                                                                                                                                                                                                                                                                                                                                                                                                                                                                                                                                                                                                                                                                                                                                                                                                                                                                                                                                                                                                                                                                                                                                                                                                                                                                                                                                                                                                                                                                                                                                                                                                                                                                                                                                                                                                                                                                                                                                                                                                                                                                                                                                                                                                                                                                                                                                                                                                                                                                                                                                                                                                                                                                                                                                                                                                                                                                                                                                                                                                                                                                                                                                                                                                                                                                                                                                                                                                                                                                                                                                                                                                                                                                                                                                                                                                                                                                                                                                                                                                                                                                                                                                                                                                                                                                                                                                                                                                                                                                                                                                                                                                                                                                                                                                                                                                                                                                                                                                                                                                                                                                                                                                                                                                                                                                                                                                                                                                                                                                                                                                                                                                                                                                                                                                                                                                                                                                                                                                                                                                                                                                                                                                                                                                                                                                                                                                                                                                                                                                                                                                                                                                                                                                                                                                                                                                                                                                                                                                                                                                                                                                                                    