  0.0000000e+000
 -0.0000000e+000
  3.7500000e-001
  7.5000000e-001
  1.1875000e+000
  1.5625000e+000
  2.0000000e+000
  2.3750000e+000
  2.7500000e+000
  3.1250000e+000
  3.5000000e+000
  3.8750000e+000
  4.2500000e+000
  4.6250000e+000
  5.0000000e+000
  5.3750000e+000
  5.6875000e+000
  6.0625000e+000
  6.4375000e+000
  6.7500000e+000
  7.1250000e+000
  7.4375000e+000
  7.7500000e+000
  8.1250000e+000
  8.4375000e+000
  8.7500000e+000
  9.0625000e+000
  9.3750000e+000
  9.6875000e+000
  1.0000000e+001
  1.0312500e+001
  1.0562500e+001
  1.0875000e+001
  1.1187500e+001
  1.1437500e+001
  1.1750000e+001
  1.2000000e+001
  1.2312500e+001
  1.2562500e+001
  1.2812500e+001
  1.3125000e+001
  1.3375000e+001
  1.3625000e+001
  1.3875000e+001
  1.4125000e+001
  1.4375000e+001
  1.4625000e+001
  1.4812500e+001
  1.5062500e+001
  1.5312500e+001
  1.5500000e+001
  1.5750000e+001
  1.5937500e+001
  1.6187500e+001
  1.6375000e+001
  1.6562500e+001
  1.6750000e+001
  1.7000000e+001
  1.7187500e+001
  1.7375000e+001
  1.7562500e+001
  1.7750000e+001
  1.7875000e+001
  1.8062500e+001
  1.8250000e+001
  1.8437500e+001
  1.8562500e+001
  1.8750000e+001
  1.8875000e+001
  1.9062500e+001
  1.9187500e+001
  1.9312500e+001
  1.9437500e+001
  1.9625000e+001
  1.9750000e+001
  1.9875000e+001
  2.0000000e+001
  2.0125000e+001
  2.0187500e+001
  2.0312500e+001
  2.0437500e+001
  2.0562500e+001
  2.0625000e+001
  2.0750000e+001
  2.0812500e+001
  2.0937500e+001
  2.1000000e+001
  2.1062500e+001
  2.1187500e+001
  2.1250000e+001
  2.1312500e+001
  2.1375000e+001
  2.1437500e+001
  2.1500000e+001
  2.1562500e+001
  2.1562500e+001
  2.1625000e+001
  2.1687500e+001
  2.1687500e+001
  2.1750000e+001
  2.1750000e+001
  2.1812500e+001
  2.1812500e+001
  2.1812500e+001
  2.1875000e+001
  2.1875000e+001
  2.1875000e+001
  2.1875000e+001
  2.1875000e+001
  2.1875000e+001
  2.1875000e+001
  2.1875000e+001
  2.1875000e+001
  2.1875000e+001
  2.1875000e+001
  2.1875000e+001
  2.1875000e+001
  2.1875000e+001
  2.1875000e+001
  2.1875000e+001
  2.1875000e+001
  2.1875000e+001
  2.1875000e+001
  2.1875000e+001
  2.1875000e+001
  2.1875000e+001
  2.1875000e+001
  2.1875000e+001
  2.1875000e+001
  2.1875000e+001
  2.1875000e+001
  2.1875000e+001
  2.1875000e+001
  2.1875000e+001
  2.1875000e+001
  2.1875000e+001
  2.1875000e+001
  2.1875000e+001
  2.1875000e+001
  2.1875000e+001
  2.1875000e+001
  2.1875000e+001
  2.1875000e+001
  2.1875000e+001
  2.1875000e+001
  2.1875000e+001
  2.1875000e+001
  2.1875000e+001
  2.1875000e+001
  2.1875000e+001
  2.1875000e+001
  2.1875000e+001
  2.1875000e+001
  2.1875000e+001
  2.1875000e+001
  2.1875000e+001
  2.1875000e+001
  2.1875000e+001
  2.1875000e+001
  2.1875000e+001
  2.1875000e+001
  2.1875000e+001
  2.1875000e+001
  2.1875000e+001
  2.1875000e+001
  2.1875000e+001
  2.1875000e+001
  2.1875000e+001
  2.1875000e+001
  2.1875000e+001
  2.1875000e+001
  2.1875000e+001
  2.1875000e+001
  2.1875000e+001
  2.1875000e+001
  2.1875000e+001
  2.1875000e+001
  2.1875000e+001
  2.1875000e+001
  2.1875000e+001
  2.1875000e+001
  2.1875000e+001
  2.1875000e+001
  2.1875000e+001
  2.1875000e+001
  2.1875000e+001
  2.1875000e+001
  2.1875000e+001
  2.1875000e+001
  2.1875000e+001
  2.1875000e+001
  2.1875000e+001
  2.1875000e+001
  2.1875000e+001
  2.1875000e+001
  2.1875000e+001
  2.1875000e+001
  2.1875000e+001
  2.1875000e+001
  2.1875000e+001
  2.1875000e+001
  2.1875000e+001
  2.1875000e+001
  2.1875000e+001
  2.1875000e+001
  2.1875000e+001
  2.1875000e+001
  2.1875000e+001
  2.1875000e+001
  2.1875000e+001
  2.1875000e+001
  2.1875000e+001
  2.1875000e+001
  2.1875000e+001
  2.1875000e+001
  2.1875000e+001
  2.1875000e+001
  2.1875000e+001
  2.1875000e+001
  2.1875000e+001
  2.1875000e+001
  2.1875000e+001
  2.1875000e+001
  2.1875000e+001
  2.1875000e+001
  2.1875000e+001
  2.1875000e+001
  2.1875000e+001
  2.1875000e+001
  2.1875000e+001
  2.1875000e+001
  2.1875000e+001
  2.1875000e+001
  2.1875000e+001
  2.1875000e+001
  2.1875000e+001
  2.1875000e+001
  2.1875000e+001
  2.1875000e+001
  2.1875000e+001
  2.1875000e+001
  2.1875000e+001
  2.1875000e+001
  2.1875000e+001
  2.1875000e+001
  2.1875000e+001
  2.1875000e+001
  2.1875000e+001
  2.1875000e+001
  2.1875000e+001
  2.1875000e+001
  2.1875000e+001
  2.1875000e+001
  2.1875000e+001
  2.1875000e+001
  2.1875000e+001
