2 /*n_tbl*/
2 /*nreg*/
/*loop2 for n_tbl*/
177 /*n_entry*/
0    /*tblidx_min*/
0x30 /*sensorMode of this tbl*/
80  /*(SINT8)exp_tblidx0_unit*/
16 /*exp_tblidx_unit*/
1 /*n_burst_sec*/
/*template*/ /*nreg*/
0x75
0
0
0
0
/*template*/
0x78
0xB0
0x07
0
0
/*loop1 for n_burst_sec*/ /*long exp*/
177  /*n_burstidx*/
3  /*nbyte_entry*/
0  /*burstidx_min*/
2  /*n_op*/
/*loop0 for n_op*/
0   /*tmpl_reg: reg# in template, 0-based*/
0   /*entry_lsb: right shift table entry contain*/
26  /*reg_lsb: left shift to reg*/
8   /*nbit_mask*/ /*NOTE! LSB12->8*/
/*loop0 ends*/
/*loop1 for n_op*/
1   /*tmpl_reg: reg# in template, 0-based*/
8   /*entry_lsb: right shift table entry contain*/
26  /*reg_lsb: left shift to reg*/
14  /*nbit_mask*/ /*NOTE! LSB12->8*/
/*loop1 ends*/
/*contains for n_burstidx * nbyte_entry*/
116
123
0
193
123
0
27
123
0
96
123
0
163
123
0
227
123
0
50
123
0
108
123
0
165
123
0
219
123
0
31
123
0
81
123
0
128
123
0
173
123
0
217
123
0
19
123
0
59
123
0
97
123
0
133
123
0
168
123
0
202
123
0
234
123
0
25
123
0
55
123
0
83
123
0
110
123
0
136
123
0
160
123
0
184
123
0
207
123
0
228
123
0
10
123
0
30
123
0
49
123
0
67
123
0
85
123
0
101
123
0
117
123
0
133
123
0
148
123
0
162
123
0
175
123
0
188
123
0
200
123
0
212
123
0
223
123
0
234
123
0
6
123
0
16
123
0
25
123
0
34
123
0
43
123
0
51
123
0
59
123
0
67
123
0
74
123
0
81
123
0
88
123
0
95
123
0
101
123
0
107
123
0
112
123
0
118
123
0
123
123
0
128
123
0
133
123
0
137
123
0
142
123
0
146
123
0
150
123
0
154
123
0
157
123
0
161
123
0
164
123
0
167
123
0
170
123
0
173
123
0
176
123
0
179
123
0
182
123
0
183
123
0
186
123
0
189
123
0
191
123
0
193
123
0
195
123
0
197
123
0
199
123
0
200
123
0
202
123
0
204
123
0
205
123
0
207
123
0
208
123
0
210
123
0
211
123
0
212
123
0
213
123
0
214
123
0
216
123
0
217
123
0
218
123
0
219
123
0
219
123
0
220
123
0
221
123
0
222
123
0
223
123
0
223
123
0
224
123
0
225
123
0
226
123
0
226
225
6
227
123
0
227
232
9
228
147
1
228
41
11
229
255
1
229
202
10
230
221
0
230
236
8
231
123
0
231
177
5
231
197
12
232
52
1
232
178
7
232
48
14
233
133
1
233
56
7
233
174
12
234
123
0
234
145
4
234
92
9
234
39
14
235
123
0
235
54
4
235
62
8
235
26
12
235
246
15
236
254
0
236
98
4
236
161
7
236
188
10
236
215
13
236
27
16
237
243
0
237
144
3
237
16
6
237
118
8
237
193
10
237
244
12
237
39
15
237
89
17
238
169
0
238
130
2
238
71
4
238
249
5
238
152
7
238
38
9
238
163
10
238
32
12
238
157
13
239
223
0
239
65
1
239
222
1
239
3
3
239
29
4
239
42
5
239
44
6
239
35
7
239
16
8
239
242
8
239
203
9
239
155
10
239
98
11
239
32
12
239
214
12
/*end contains*/
/*loop1 ends*/
/*vtable partition: n_vtblsec,def_vtype(0:no used,1:vcount,0xff:100us timer)*/
1
1
/*loop3 for n_vtblsec*/
177  /*n_vidx*/
1   /*nbyte_entry*/
0   /*vmin*/
1   /*vtype*/
/*contains n_vidx * nbyte_entry*/
8
8
7
7
7
7
6
6
6
6
5
5
5
5
5
4
4
4
4
4
4
4
3
3
3
3
3
3
3
3
3
2
2
2
2
2
2
2
2
2
2
2
2
2
2
2
2
1
1
1
1
1
1
1
1
1
1
1
1
1
1
1
1
1
1
1
1
1
1
1
1
1
1
1
1
1
1
1
1
1
1
1
1
1
1
1
1
1
1
1
1
1
1
1
1
1
1
1
1
1
1
1
1
1
1
1
1
1
1
1
1
1
1
1
1
1
1
1
1
1
1
1
1
1
1
1
1
1
1
1
1
1
1
1
1
1
1
1
1
1
1
1
1
1
1
1
1
1
1
1
1
1
1
1
1
1
1
1
1
1
1
1
1
1
1
1
1
1
1
1
1
1
1
1
1
1
1
/*end contains*/
/*end loop3*/
/*error table: n_erridx, emin, err unit in "N"-th ev*/
0
0
64
/*contains, for n_erridx (SINT8)*/
/*end contains*/
/*loop2 ends*/
/*loop2 for n_tbl*/
177 /*n_entry*/
0    /*tblidx_min*/
0x40 /*sensorMode of this tbl*/
48  /*(SINT8)exp_tblidx0_unit*/
16 /*exp_tblidx_unit*/
1 /*n_burst_sec*/
/*template*/ /*nreg*/
0x75
0
0
0
0x80
/*template*/
0x78
0xB0
0x07
0
0
/*loop1 for n_burst_sec*/ /*long exp*/
177  /*n_burstidx*/
3  /*nbyte_entry*/
0  /*burstidx_min*/
2  /*n_op*/
/*loop0 for n_op*/
0   /*tmpl_reg: reg# in template, 0-based*/
0   /*entry_lsb: right shift table entry contain*/
26  /*reg_lsb: left shift to reg*/
8   /*nbit_mask*/ /*NOTE! LSB12->8*/
/*loop0 ends*/
/*loop1 for n_op*/
1   /*tmpl_reg: reg# in template, 0-based*/
8   /*entry_lsb: right shift table entry contain*/
26  /*reg_lsb: left shift to reg*/
14  /*nbit_mask*/ /*NOTE! LSB12->8*/
/*loop1 ends*/
/*contains for n_burstidx * nbyte_entry*/
217
232
7
44
121
2
97
123
0
137
37
6
166
123
0
183
88
2
189
248
8
185
55
8
171
42
8
148
123
0
115
40
4
74
123
0
24
123
0
205
78
3
139
106
12
67
123
0
226
123
0
139
229
4
46
237
2
186
123
0
80
241
11
209
123
0
92
36
8
210
123
0
83
189
7
191
197
2
55
188
5
154
217
1
9
217
12
100
79
5
187
177
0
31
252
1
110
12
12
187
123
0
21
123
0
90
155
11
157
160
9
221
168
10
44
123
0
102
32
12
159
123
0
213
123
0
25
134
6
75
123
0
122
232
0
167
79
6
210
44
13
13
166
4
53
130
0
91
31
2
127
205
10
162
118
9
196
123
0
228
123
0
19
27
12
49
140
0
77
213
2
104
151
1
130
123
0
154
136
10
178
28
4
201
123
0
222
62
10
4
251
5
24
233
3
43
184
4
61
15
9
79
123
0
95
122
12
111
188
12
127
137
0
141
26
13
156
123
0
169
116
4
182
135
2
194
236
8
206
182
5
217
166
11
228
199
8
239
123
0
13
62
7
23
123
0
32
165
0
41
123
0
49
91
2
57
123
2
65
123
0
72
170
2
79
61
3
86
123
0
92
141
6
98
191
9
104
37
8
110
240
1
115
173
9
120
50
13
125
174
12
130
75
8
135
123
0
139
235
6
143
60
10
147
76
10
151
64
7
155
56
1
158
173
10
162
123
0
165
41
3
168
194
4
171
245
3
174
219
0
177
123
0
179
124
6
181
123
0
184
8
4
186
41
9
188
132
12
191
123
0
193
123
0
194
175
12
196
171
9
198
57
5
200
123
0
201
163
10
203
68
2
204
9
11
206
123
0
207
213
6
208
77
12
210
123
0
211
231
1
212
119
4
213
37
6
214
249
6
215
253
6
216
58
6
217
184
4
218
127
2
219
123
0
220
123
0
220
49
10
221
103
5
222
123
0
222
121
12
223
9
6
224
123
0
224
2
10
225
30
2
225
33
12
226
95
3
226
141
12
227
0
3
227
107
11
228
34
1
228
219
8
228
171
17
229
251
4
229
194
11
230
123
0
230
31
6
230
19
12
230
171
17
231
228
4
231
30
10
231
50
15
232
146
1
232
41
6
232
143
10
232
239
14
233
123
0
233
80
4
233
2
8
233
84
12
233
239
14
234
123
0
234
242
2
234
236
5
234
198
8
/*end contains*/
/*loop1 ends*/
/*vtable partition: n_vtblsec,def_vtype(0:no used,1:vcount,0xff:100us timer)*/
1
1
/*loop3 for n_vtblsec*/
177  /*n_vidx*/
1   /*nbyte_entry*/
0   /*vmin*/
1   /*vtype*/
/*contains n_vidx * nbyte_entry*/
31
29
28
27
26
25
24
23
22
21
20
19
18
18
17
16
16
15
14
14
13
13
12
12
11
11
10
10
9
9
9
8
8
8
7
7
7
7
6
6
6
6
5
5
5
5
5
4
4
4
4
4
4
4
3
3
3
3
3
3
3
3
3
2
2
2
2
2
2
2
2
2
2
2
2
2
2
2
2
2
1
1
1
1
1
1
1
1
1
1
1
1
1
1
1
1
1
1
1
1
1
1
1
1
1
1
1
1
1
1
1
1
1
1
1
1
1
1
1
1
1
1
1
1
1
1
1
1
1
1
1
1
1
1
1
1
1
1
1
1
1
1
1
1
1
1
1
1
1
1
1
1
1
1
1
1
1
1
1
1
1
1
1
1
1
1
1
1
1
1
1
1
1
1
1
1
1
/*end contains*/
/*end loop3*/
/*error table: n_erridx, emin, err unit in "N"-th ev*/
0
0
64
/*contains, for n_erridx (SINT8)*/
/*end contains*/
/*loop2 ends*/
