  1.0975475e+002
  1.0975475e+002
  1.0975475e+002
  1.0975475e+002
  1.0975475e+002
  1.0975475e+002
  1.0975475e+002
  1.0975475e+002
  1.0975475e+002
  1.0975475e+002
  1.0975475e+002
  1.1074433e+002
  1.1173392e+002
  1.1272350e+002
  1.1371308e+002
  1.1470266e+002
  1.1569225e+002
  1.1668183e+002
  1.1767141e+002
  1.1866100e+002
  1.1965058e+002
  1.2064016e+002
  1.2162975e+002
  1.2261933e+002
  1.2360891e+002
  1.2459850e+002
  1.2558808e+002
  1.2657766e+002
  1.2756725e+002
  1.2855683e+002
  1.2954641e+002
  1.3053600e+002
  1.3152558e+002
  1.3251516e+002
  1.3350475e+002
  1.3449433e+002
  1.3548391e+002
  1.3647349e+002
  1.3746308e+002
  1.3845266e+002
  1.3944224e+002
  1.4043183e+002
  1.4142141e+002
  1.4241099e+002
  1.4340058e+002
  1.4439016e+002
  1.4537974e+002
  1.4636933e+002
  1.4735891e+002
  1.4834849e+002
  1.4933808e+002
  1.5032766e+002
  1.5131724e+002
  1.5230683e+002
  1.5329641e+002
  1.5428599e+002
  1.5527557e+002
  1.5626516e+002
  1.5725474e+002
  1.5824432e+002
  1.5923391e+002
  1.6022349e+002
  1.6121307e+002
  1.6220266e+002
  1.6319224e+002
  1.6418182e+002
  1.6517141e+002
  1.6616099e+002
  1.6715057e+002
  1.6814016e+002
  1.6912974e+002
  1.7011932e+002
  1.7110891e+002
  1.7209849e+002
  1.7308807e+002
  1.7407765e+002
  1.7506724e+002
  1.7605682e+002
  1.7704640e+002
  1.7803599e+002
  1.7902557e+002
  1.8001515e+002
  1.8100474e+002
  1.8199432e+002
  1.8298390e+002
  1.8397349e+002
  1.8496307e+002
  1.8595265e+002
  1.8694224e+002
  1.8793182e+002
  1.8892140e+002
  1.8991099e+002
  1.9090057e+002
  1.9189015e+002
  1.9287973e+002
  1.9386932e+002
  1.9485890e+002
  1.9584848e+002
  1.9683807e+002
  1.9782765e+002
  1.9881723e+002
  1.9980682e+002
  2.0079640e+002
  2.0178598e+002
  2.0277557e+002
  2.0376515e+002
  2.0475473e+002
  2.0574432e+002
  2.0673390e+002
  2.0772348e+002
  2.0871307e+002
  2.0970265e+002
  2.1069223e+002
  2.1168182e+002
  2.1138549e+002
  2.1026975e+002
  2.0915400e+002
  2.0803826e+002
  2.0692251e+002
  2.0580677e+002
  2.0469102e+002
  2.0357528e+002
  2.0245954e+002
  2.0134379e+002
  2.0022805e+002
  1.9911230e+002
  1.9799656e+002
  1.9688081e+002
  1.9576507e+002
  1.9464932e+002
  1.9353358e+002
  1.9241783e+002
  1.9130209e+002
  1.9018634e+002
  1.8907060e+002
  1.8795486e+002
  1.8683911e+002
  1.8572337e+002
  1.8460762e+002
  1.8349188e+002
  1.8237613e+002
  1.8126039e+002
  1.8014464e+002
  1.7902890e+002
  1.7791315e+002
  1.7679741e+002
  1.7568166e+002
  1.7456592e+002
  1.7345018e+002
  1.7233443e+002
  1.7121869e+002
  1.7010294e+002
  1.6898720e+002
  1.6787145e+002
  1.6675571e+002
  1.6563996e+002
  1.6452422e+002
  1.6340847e+002
  1.6229273e+002
  1.6117698e+002
  1.6006124e+002
  1.5894550e+002
  1.5782975e+002
  1.5671401e+002
  1.5559826e+002
  1.5448252e+002
  1.5336677e+002
  1.5225103e+002
  1.5113528e+002
  1.5001954e+002
  1.4890379e+002
  1.4778805e+002
  1.4667231e+002
  1.4555656e+002
  1.4444082e+002
  1.4332507e+002
  1.4220933e+002
  1.4109358e+002
  1.3997784e+002
  1.3886209e+002
  1.3774635e+002
  1.3663060e+002
  1.3551486e+002
  1.3439911e+002
  1.3328337e+002
  1.3216763e+002
  1.3105188e+002
  1.2993614e+002
  1.2882039e+002
  1.2770465e+002
  1.2658890e+002
  1.2547316e+002
  1.2435741e+002
  1.2324167e+002
  1.2212592e+002
  1.2101018e+002
  1.1989443e+002
  1.1877869e+002
  1.1766295e+002
  1.1654720e+002
  1.1543146e+002
  1.1431571e+002
  1.1319997e+002
  1.1208422e+002
  1.1096848e+002
  1.0985273e+002
  1.0873699e+002
  1.0762124e+002
  1.0650550e+002
  1.0538975e+002
  1.0427401e+002
  1.0315827e+002
  1.0204252e+002
  1.0092678e+002
  9.9811032e+001
  9.8695287e+001
  9.7579543e+001
  9.6463798e+001
  9.5348053e+001
  9.4232309e+001
  9.3116564e+001
  9.2000820e+001
  9.0885075e+001
  8.9769330e+001
  8.8653586e+001
  8.7537841e+001
  8.6422097e+001
  8.5306352e+001
  8.4190607e+001
  8.3074863e+001
  8.1959118e+001
  8.0843374e+001
  7.9727629e+001
  7.8611884e+001
  7.7496140e+001
  7.6380395e+001
  7.5264651e+001
  7.4148906e+001
  7.3033161e+001
  7.1917417e+001
  7.0801672e+001
  6.9685928e+001
  6.8570183e+001
  6.7454438e+001
  6.6338694e+001
  6.5222949e+001
  6.4107204e+001
  6.2991460e+001
  6.1875715e+001
  6.0759971e+001
  5.9644226e+001
  5.8528481e+001
  5.7412737e+001
  5.6296992e+001
  5.5181248e+001
  5.4065503e+001
