  9.7085444e+001
  9.7085444e+001
  9.7085444e+001
  9.7085444e+001
  9.7085444e+001
  9.7085444e+001
  9.7085444e+001
  9.7085444e+001
  9.7085444e+001
  9.7085444e+001
  9.7085444e+001
  9.9001145e+001
  1.0091685e+002
  1.0283255e+002
  1.0474825e+002
  1.0666395e+002
  1.0857965e+002
  1.1049535e+002
  1.1241106e+002
  1.1432676e+002
  1.1624246e+002
  1.1815816e+002
  1.2007386e+002
  1.2198956e+002
  1.2390526e+002
  1.2582097e+002
  1.2773667e+002
  1.2965237e+002
  1.3156807e+002
  1.3348377e+002
  1.3539947e+002
  1.3731518e+002
  1.3923088e+002
  1.4114658e+002
  1.4306228e+002
  1.4497798e+002
  1.4689368e+002
  1.4880938e+002
  1.5072509e+002
  1.5264079e+002
  1.5455649e+002
  1.5647219e+002
  1.5838789e+002
  1.6030359e+002
  1.6221929e+002
  1.6413500e+002
  1.6605070e+002
  1.6796640e+002
  1.6988210e+002
  1.7179780e+002
  1.7371350e+002
  1.7562920e+002
  1.7754491e+002
  1.7946061e+002
  1.8137631e+002
  1.8329201e+002
  1.8520771e+002
  1.8712341e+002
  1.8903911e+002
  1.9095482e+002
  1.9287052e+002
  1.9478622e+002
  1.9670192e+002
  1.9861762e+002
  2.0053332e+002
  2.0244903e+002
  2.0436473e+002
  2.0628043e+002
  2.0819613e+002
  2.1011183e+002
  2.1168523e+002
  2.1083152e+002
  2.0997780e+002
  2.0912409e+002
  2.0827038e+002
  2.0741666e+002
  2.0656295e+002
  2.0570923e+002
  2.0485552e+002
  2.0400181e+002
  2.0314809e+002
  2.0229438e+002
  2.0144067e+002
  2.0058695e+002
  1.9973324e+002
  1.9887953e+002
  1.9802581e+002
  1.9717210e+002
  1.9631839e+002
  1.9546467e+002
  1.9461096e+002
  1.9375725e+002
  1.9290353e+002
  1.9204982e+002
  1.9119611e+002
  1.9034239e+002
  1.8948868e+002
  1.8863497e+002
  1.8778125e+002
  1.8692754e+002
  1.8607383e+002
  1.8522011e+002
  1.8436640e+002
  1.8351269e+002
  1.8265897e+002
  1.8180526e+002
  1.8095155e+002
  1.8009783e+002
  1.7924412e+002
  1.7839041e+002
  1.7753669e+002
  1.7668298e+002
  1.7582927e+002
  1.7497555e+002
  1.7412184e+002
  1.7326813e+002
  1.7241441e+002
  1.7156070e+002
  1.7070699e+002
  1.6985327e+002
  1.6899956e+002
  1.6814585e+002
  1.6729213e+002
  1.6643842e+002
  1.6558471e+002
  1.6473099e+002
  1.6387728e+002
  1.6302357e+002
  1.6216985e+002
  1.6131614e+002
  1.6046243e+002
  1.5960871e+002
  1.5875500e+002
  1.5790129e+002
  1.5704757e+002
  1.5619386e+002
  1.5534015e+002
  1.5448643e+002
  1.5363272e+002
  1.5277901e+002
  1.5192529e+002
  1.5107158e+002
  1.5021787e+002
  1.4936415e+002
  1.4851044e+002
  1.4765673e+002
  1.4680301e+002
  1.4594930e+002
  1.4509559e+002
  1.4424187e+002
  1.4338816e+002
  1.4253445e+002
  1.4168073e+002
  1.4082702e+002
  1.3997330e+002
  1.3911959e+002
  1.3826588e+002
  1.3741216e+002
  1.3655845e+002
  1.3570474e+002
  1.3485102e+002
  1.3399731e+002
  1.3314360e+002
  1.3228988e+002
  1.3143617e+002
  1.3058246e+002
  1.2972874e+002
  1.2887503e+002
  1.2802132e+002
  1.2716760e+002
  1.2631389e+002
  1.2546018e+002
  1.2460646e+002
  1.2375275e+002
  1.2289904e+002
  1.2204532e+002
  1.2119161e+002
  1.2033790e+002
  1.1948418e+002
  1.1863047e+002
  1.1777676e+002
  1.1692304e+002
  1.1606933e+002
  1.1521562e+002
  1.1436190e+002
  1.1350819e+002
  1.1265448e+002
  1.1180076e+002
  1.1094705e+002
  1.1009334e+002
  1.0923962e+002
  1.0838591e+002
  1.0753220e+002
  1.0667848e+002
  1.0582477e+002
  1.0497106e+002
  1.0411734e+002
  1.0326363e+002
  1.0240992e+002
  1.0155620e+002
  1.0070249e+002
  9.9848776e+001
  9.8995063e+001
  9.8141349e+001
  9.7287636e+001
  9.6433923e+001
  9.5580209e+001
  9.4726496e+001
  9.3872783e+001
  9.3019069e+001
  9.2165356e+001
  9.1311642e+001
  9.0457929e+001
  8.9604216e+001
  8.8750502e+001
  8.7896789e+001
  8.7043076e+001
  8.6189362e+001
  8.5335649e+001
  8.4481935e+001
  8.3628222e+001
  8.2774509e+001
  8.1920795e+001
  8.1067082e+001
  8.0213368e+001
  7.9359655e+001
  7.8505942e+001
  7.7652228e+001
  7.6798515e+001
  7.5944802e+001
  7.5091088e+001
  7.4237375e+001
  7.3383661e+001
  7.2529948e+001
  7.1676235e+001
  7.0822521e+001
  6.9968808e+001
  6.9115095e+001
  6.8261381e+001
  6.7407668e+001
  6.6553954e+001
  6.5700241e+001
  6.4846528e+001
  6.3992814e+001
  6.3139101e+001
  6.2285388e+001
  6.1431674e+001
  6.0577961e+001
  5.9724247e+001
  5.8870534e+001
  5.8016821e+001
  5.7163107e+001
  5.6309394e+001
  5.5455681e+001
  5.4601967e+001
  5.3748254e+001
