  3.4415181e+001
  3.4415181e+001
  3.4415181e+001
  3.4415181e+001
  3.4415181e+001
  3.4415181e+001
  3.4415181e+001
  3.4415181e+001
  3.4415181e+001
  3.4415181e+001
  3.4415181e+001
  3.8904816e+001
  4.3394452e+001
  4.7884088e+001
  5.2373723e+001
  5.6863359e+001
  6.1352995e+001
  6.5842630e+001
  7.0332266e+001
  7.4821901e+001
  7.9311537e+001
  8.3801173e+001
  8.8290808e+001
  9.2780444e+001
  9.7270080e+001
  1.0175972e+002
  1.0624935e+002
  1.1073899e+002
  1.1522862e+002
  1.1971826e+002
  1.2420789e+002
  1.2869753e+002
  1.3318716e+002
  1.3767680e+002
  1.4216644e+002
  1.4665607e+002
  1.5114571e+002
  1.5563534e+002
  1.6012498e+002
  1.6461461e+002
  1.6910425e+002
  1.7359389e+002
  1.7808352e+002
  1.8257316e+002
  1.8706279e+002
  1.9155243e+002
  1.9604206e+002
  2.0053170e+002
  2.0502133e+002
  2.0951097e+002
  2.1400061e+002
  2.1849024e+002
  2.2297988e+002
  2.2746951e+002
  2.3195915e+002
  2.3644878e+002
  2.4093842e+002
  2.4542806e+002
  2.4991769e+002
  2.5440733e+002
  2.5889696e+002
  2.6338660e+002
  2.6787623e+002
  2.7236587e+002
  2.7685550e+002
  2.8134514e+002
  2.8583478e+002
  2.9032441e+002
  2.9481405e+002
  2.9930368e+002
  3.0379332e+002
  3.0828295e+002
  3.1277259e+002
  3.1726223e+002
  3.2015484e+002
  3.1883553e+002
  3.1751622e+002
  3.1619691e+002
  3.1487760e+002
  3.1355829e+002
  3.1223898e+002
  3.1091967e+002
  3.0960035e+002
  3.0828104e+002
  3.0696173e+002
  3.0564242e+002
  3.0432311e+002
  3.0300380e+002
  3.0168449e+002
  3.0036518e+002
  2.9904586e+002
  2.9772655e+002
  2.9640724e+002
  2.9508793e+002
  2.9376862e+002
  2.9244931e+002
  2.9113000e+002
  2.8981069e+002
  2.8849137e+002
  2.8717206e+002
  2.8585275e+002
  2.8453344e+002
  2.8321413e+002
  2.8189482e+002
  2.8057551e+002
  2.7925620e+002
  2.7793688e+002
  2.7661757e+002
  2.7529826e+002
  2.7397895e+002
  2.7265964e+002
  2.7134033e+002
  2.7002102e+002
  2.6870171e+002
  2.6738239e+002
  2.6606308e+002
  2.6474377e+002
  2.6342446e+002
  2.6210515e+002
  2.6078584e+002
  2.5946653e+002
  2.5814722e+002
  2.5682790e+002
  2.5550859e+002
  2.5418928e+002
  2.5286997e+002
  2.5155066e+002
  2.5023135e+002
  2.4891204e+002
  2.4759273e+002
  2.4627341e+002
  2.4495410e+002
  2.4363479e+002
  2.4231548e+002
  2.4099617e+002
  2.3967686e+002
  2.3835755e+002
  2.3703824e+002
  2.3571892e+002
  2.3439961e+002
  2.3308030e+002
  2.3176099e+002
  2.3044168e+002
  2.2912237e+002
  2.2780306e+002
  2.2648375e+002
  2.2516443e+002
  2.2384512e+002
  2.2252581e+002
  2.2120650e+002
  2.1988719e+002
  2.1856788e+002
  2.1724857e+002
  2.1592926e+002
  2.1460994e+002
  2.1329063e+002
  2.1197132e+002
  2.1065201e+002
  2.0933270e+002
  2.0801339e+002
  2.0669408e+002
  2.0537477e+002
  2.0405545e+002
  2.0273614e+002
  2.0141683e+002
  2.0009752e+002
  1.9877821e+002
  1.9745890e+002
  1.9613959e+002
  1.9482028e+002
  1.9350096e+002
  1.9218165e+002
  1.9086234e+002
  1.8954303e+002
  1.8822372e+002
  1.8690441e+002
  1.8558510e+002
  1.8426578e+002
  1.8294647e+002
  1.8162716e+002
  1.8030785e+002
  1.7898854e+002
  1.7766923e+002
  1.7634992e+002
  1.7503061e+002
  1.7371129e+002
  1.7239198e+002
  1.7107267e+002
  1.6975336e+002
  1.6843405e+002
  1.6711474e+002
  1.6579543e+002
  1.6447612e+002
  1.6315680e+002
  1.6183749e+002
  1.6051818e+002
  1.5919887e+002
  1.5787956e+002
  1.5656025e+002
  1.5524094e+002
  1.5392163e+002
  1.5260231e+002
  1.5128300e+002
  1.4996369e+002
  1.4864438e+002
  1.4732507e+002
  1.4600576e+002
  1.4468645e+002
  1.4336714e+002
  1.4204782e+002
  1.4072851e+002
  1.3940920e+002
  1.3808989e+002
  1.3677058e+002
  1.3545127e+002
  1.3413196e+002
  1.3281265e+002
  1.3149333e+002
  1.3017402e+002
  1.2885471e+002
  1.2753540e+002
  1.2621609e+002
  1.2489678e+002
  1.2357747e+002
  1.2225816e+002
  1.2093884e+002
  1.1961953e+002
  1.1830022e+002
  1.1698091e+002
  1.1566160e+002
  1.1434229e+002
  1.1302298e+002
  1.1170367e+002
  1.1038435e+002
  1.0906504e+002
  1.0774573e+002
  1.0642642e+002
  1.0510711e+002
  1.0378780e+002
  1.0246849e+002
  1.0114918e+002
  9.9829864e+001
  9.8510553e+001
  9.7191242e+001
  9.5871931e+001
  9.4552619e+001
  9.3233308e+001
  9.1913997e+001
  9.0594686e+001
  8.9275374e+001
  8.7956063e+001
  8.6636752e+001
  8.5317441e+001
  8.3998129e+001
  8.2678818e+001
  8.1359507e+001
