  3.0792924e+001
  3.0792924e+001
  3.0792924e+001
  3.0792924e+001
  3.0792924e+001
  3.0792924e+001
  3.0792924e+001
  3.0792924e+001
  3.0792924e+001
  3.0792924e+001
  3.0792924e+001
  3.0792924e+001
  3.0792924e+001
  3.0792924e+001
  3.0792924e+001
  3.0792924e+001
  3.0792924e+001
  3.0988112e+001
  3.2549615e+001
  3.4111118e+001
  3.5672621e+001
  3.7234123e+001
  3.8795626e+001
  4.0357129e+001
  4.1918632e+001
  4.3480135e+001
  4.5041638e+001
  4.6603141e+001
  4.8164644e+001
  4.9726147e+001
  5.1287650e+001
  5.2849152e+001
  5.4410655e+001
  5.5972158e+001
  5.7533661e+001
  5.9095164e+001
  6.0656667e+001
  6.2218170e+001
  6.3779673e+001
  6.5341176e+001
  6.6902679e+001
  6.8464181e+001
  7.0025684e+001
  7.1587187e+001
  7.3148690e+001
  7.4710193e+001
  7.6271696e+001
  7.7833199e+001
  7.9394702e+001
  8.0956205e+001
  8.2517708e+001
  8.4079211e+001
  8.5640713e+001
  8.7202216e+001
  8.8763719e+001
  9.0325222e+001
  9.1886725e+001
  9.3448228e+001
  9.5009731e+001
  9.6571234e+001
  9.8132737e+001
  9.9694240e+001
  1.0125574e+002
  1.0281725e+002
  1.0437875e+002
  1.0594025e+002
  1.0750175e+002
  1.0906326e+002
  1.0884791e+002
  1.0841404e+002
  1.0798017e+002
  1.0754631e+002
  1.0711244e+002
  1.0667857e+002
  1.0624470e+002
  1.0581083e+002
  1.0537696e+002
  1.0494309e+002
  1.0450923e+002
  1.0407536e+002
  1.0364149e+002
  1.0320762e+002
  1.0277375e+002
  1.0233988e+002
  1.0190601e+002
  1.0147214e+002
  1.0103828e+002
  1.0060441e+002
  1.0017054e+002
  9.9736671e+001
  9.9302802e+001
  9.8868933e+001
  9.8435065e+001
  9.8001196e+001
  9.7567328e+001
  9.7133459e+001
  9.6699590e+001
  9.6265722e+001
  9.5831853e+001
  9.5397985e+001
  9.4964116e+001
  9.4530247e+001
  9.4096379e+001
  9.3662510e+001
  9.3228642e+001
  9.2794773e+001
  9.2360904e+001
  9.1927036e+001
  9.1493167e+001
  9.1059299e+001
  9.0625430e+001
  9.0191562e+001
  8.9757693e+001
  8.9323824e+001
  8.8889956e+001
  8.8456087e+001
  8.8022219e+001
  8.7588350e+001
  8.7154481e+001
  8.6720613e+001
  8.6286744e+001
  8.5852876e+001
  8.5419007e+001
  8.4985138e+001
  8.4551270e+001
  8.4117401e+001
  8.3683533e+001
  8.3249664e+001
  8.2815795e+001
  8.2381927e+001
  8.1948058e+001
  8.1514190e+001
  8.1080321e+001
  8.0646453e+001
  8.0212584e+001
  7.9778715e+001
  7.9344847e+001
  7.8910978e+001
  7.8477110e+001
  7.8043241e+001
  7.7609372e+001
  7.7175504e+001
  7.6741635e+001
  7.6307767e+001
  7.5873898e+001
  7.5440029e+001
  7.5006161e+001
  7.4572292e+001
  7.4138424e+001
  7.3704555e+001
  7.3270686e+001
  7.2836818e+001
  7.2402949e+001
  7.1969081e+001
  7.1535212e+001
  7.1101343e+001
  7.0667475e+001
  7.0233606e+001
  6.9799738e+001
  6.9365869e+001
  6.8932001e+001
  6.8498132e+001
  6.8064263e+001
  6.7630395e+001
  6.7196526e+001
  6.6762658e+001
  6.6328789e+001
  6.5894920e+001
  6.5461052e+001
  6.5027183e+001
  6.4593315e+001
  6.4159446e+001
  6.3725577e+001
  6.3291709e+001
  6.2857840e+001
  6.2423972e+001
  6.1990103e+001
  6.1556234e+001
  6.1122366e+001
  6.0688497e+001
  6.0254629e+001
  5.9820760e+001
  5.9386892e+001
  5.8953023e+001
  5.8519154e+001
  5.8085286e+001
  5.7651417e+001
  5.7217549e+001
  5.6783680e+001
  5.6349811e+001
  5.5915943e+001
  5.5482074e+001
  5.5048206e+001
  5.4614337e+001
  5.4180468e+001
  5.3746600e+001
  5.3312731e+001
  5.2878863e+001
  5.2444994e+001
  5.2011125e+001
  5.1577257e+001
  5.1143388e+001
  5.0709520e+001
  5.0275651e+001
  4.9841782e+001
  4.9407914e+001
  4.8974045e+001
  4.8540177e+001
  4.8106308e+001
  4.7672440e+001
  4.7238571e+001
  4.6804702e+001
  4.6370834e+001
  4.5936965e+001
  4.5503097e+001
  4.5069228e+001
  4.4635359e+001
  4.4201491e+001
  4.3767622e+001
  4.3333754e+001
  4.2899885e+001
  4.2466016e+001
  4.2032148e+001
  4.1598279e+001
  4.1164411e+001
  4.0730542e+001
  4.0296673e+001
  3.9862805e+001
  3.9428936e+001
  3.8995068e+001
  3.8561199e+001
  3.8127331e+001
  3.7693462e+001
  3.7259593e+001
  3.6825725e+001
  3.6391856e+001
  3.5957988e+001
  3.5524119e+001
  3.5090250e+001
  3.4656382e+001
  3.4222513e+001
  3.3788645e+001
  3.3354776e+001
  3.2920907e+001
  3.2487039e+001
  3.2053170e+001
  3.1619302e+001
  3.1185433e+001
  3.0751564e+001
  3.0317696e+001
  2.9883827e+001
  2.9449959e+001
  2.9016090e+001
  2.8582221e+001
  2.8148353e+001
  2.7714484e+001
