  1.1938110e+002
  1.1938110e+002
  1.1938110e+002
  1.1938110e+002
  1.1938110e+002
  1.1938110e+002
  1.1938110e+002
  1.1938110e+002
  1.1938110e+002
  1.1938110e+002
  1.1938110e+002
  1.2137807e+002
  1.2337504e+002
  1.2537202e+002
  1.2736899e+002
  1.2936596e+002
  1.3136293e+002
  1.3335991e+002
  1.3535688e+002
  1.3735385e+002
  1.3935082e+002
  1.4134780e+002
  1.4334477e+002
  1.4534174e+002
  1.4733872e+002
  1.4933569e+002
  1.5133266e+002
  1.5332963e+002
  1.5532661e+002
  1.5732358e+002
  1.5932055e+002
  1.6131752e+002
  1.6331450e+002
  1.6531147e+002
  1.6730844e+002
  1.6930542e+002
  1.7130239e+002
  1.7329936e+002
  1.7529633e+002
  1.7729331e+002
  1.7929028e+002
  1.8128725e+002
  1.8328422e+002
  1.8528120e+002
  1.8727817e+002
  1.8927514e+002
  1.9127212e+002
  1.9326909e+002
  1.9526606e+002
  1.9726303e+002
  1.9926001e+002
  2.0125698e+002
  2.0325395e+002
  2.0525092e+002
  2.0724790e+002
  2.0924487e+002
  2.1124184e+002
  2.1323882e+002
  2.1523579e+002
  2.1723276e+002
  2.1922973e+002
  2.2122671e+002
  2.2322368e+002
  2.2522065e+002
  2.2721762e+002
  2.2921460e+002
  2.3121157e+002
  2.3320854e+002
  2.3520551e+002
  2.3720249e+002
  2.3919946e+002
  2.4119643e+002
  2.4319341e+002
  2.4519038e+002
  2.4718735e+002
  2.4918432e+002
  2.5118130e+002
  2.5317827e+002
  2.5517524e+002
  2.5717221e+002
  2.5916919e+002
  2.6116616e+002
  2.6316313e+002
  2.6516011e+002
  2.6715708e+002
  2.6915405e+002
  2.7115102e+002
  2.7314800e+002
  2.7399856e+002
  2.7277557e+002
  2.7155258e+002
  2.7032959e+002
  2.6910660e+002
  2.6788361e+002
  2.6666063e+002
  2.6543764e+002
  2.6421465e+002
  2.6299166e+002
  2.6176867e+002
  2.6054568e+002
  2.5932270e+002
  2.5809971e+002
  2.5687672e+002
  2.5565373e+002
  2.5443074e+002
  2.5320775e+002
  2.5198477e+002
  2.5076178e+002
  2.4953879e+002
  2.4831580e+002
  2.4709281e+002
  2.4586982e+002
  2.4464684e+002
  2.4342385e+002
  2.4220086e+002
  2.4097787e+002
  2.3975488e+002
  2.3853189e+002
  2.3730891e+002
  2.3608592e+002
  2.3486293e+002
  2.3363994e+002
  2.3241695e+002
  2.3119396e+002
  2.2997098e+002
  2.2874799e+002
  2.2752500e+002
  2.2630201e+002
  2.2507902e+002
  2.2385604e+002
  2.2263305e+002
  2.2141006e+002
  2.2018707e+002
  2.1896408e+002
  2.1774109e+002
  2.1651811e+002
  2.1529512e+002
  2.1407213e+002
  2.1284914e+002
  2.1162615e+002
  2.1040316e+002
  2.0918018e+002
  2.0795719e+002
  2.0673420e+002
  2.0551121e+002
  2.0428822e+002
  2.0306523e+002
  2.0184225e+002
  2.0061926e+002
  1.9939627e+002
  1.9817328e+002
  1.9695029e+002
  1.9572730e+002
  1.9450432e+002
  1.9328133e+002
  1.9205834e+002
  1.9083535e+002
  1.8961236e+002
  1.8838937e+002
  1.8716639e+002
  1.8594340e+002
  1.8472041e+002
  1.8349742e+002
  1.8227443e+002
  1.8105144e+002
  1.7982846e+002
  1.7860547e+002
  1.7738248e+002
  1.7615949e+002
  1.7493650e+002
  1.7371351e+002
  1.7249053e+002
  1.7126754e+002
  1.7004455e+002
  1.6882156e+002
  1.6759857e+002
  1.6637558e+002
  1.6515260e+002
  1.6392961e+002
  1.6270662e+002
  1.6148363e+002
  1.6026064e+002
  1.5903765e+002
  1.5781467e+002
  1.5659168e+002
  1.5536869e+002
  1.5414570e+002
  1.5292271e+002
  1.5169972e+002
  1.5047674e+002
  1.4925375e+002
  1.4803076e+002
  1.4680777e+002
  1.4558478e+002
  1.4436179e+002
  1.4313881e+002
  1.4191582e+002
  1.4069283e+002
  1.3946984e+002
  1.3824685e+002
  1.3702386e+002
  1.3580088e+002
  1.3457789e+002
  1.3335490e+002
  1.3213191e+002
  1.3090892e+002
  1.2968593e+002
  1.2846295e+002
  1.2723996e+002
  1.2601697e+002
  1.2479398e+002
  1.2357099e+002
  1.2234800e+002
  1.2112502e+002
  1.1990203e+002
  1.1867904e+002
  1.1745605e+002
  1.1623306e+002
  1.1501007e+002
  1.1378709e+002
  1.1256410e+002
  1.1134111e+002
  1.1011812e+002
  1.0889513e+002
  1.0767214e+002
  1.0644916e+002
  1.0522617e+002
  1.0400318e+002
  1.0278019e+002
  1.0155720e+002
  1.0033421e+002
  9.9111226e+001
  9.7888238e+001
  9.6665250e+001
  9.5442261e+001
  9.4219273e+001
  9.2996285e+001
  9.1773296e+001
  9.0550308e+001
  8.9327320e+001
  8.8104331e+001
  8.6881343e+001
  8.5658355e+001
  8.4435366e+001
  8.3212378e+001
  8.1989390e+001
  8.0766401e+001
  7.9543413e+001
  7.8320425e+001
  7.7097436e+001
  7.5874448e+001
  7.4651460e+001
  7.3428472e+001
  7.2205483e+001
  7.0982495e+001
  6.9759507e+001
