2704	2704	2704	2704	
34603	30047	24878	30047	
16968	15256	13223	15256	
10228	9564	8684	9564	
7285	7000	6435	7000	
6041	5946	5672	5946	
5627	5541	5270	5541	
5336	5248	4984	5248	
5111	5033	4800	5033	
4957	4884	4685	4884	
4878	4790	4587	4790	
4758	4714	4511	4714	
4735	4675	4490	4675	
4691	4645	4443	4645	
4698	4600	4436	4600	
4668	4594	4436	4594	
4646	4562	4417	4562	
4628	4541	4420	4541	
4629	4531	4410	4531	
4632	4533	4414	4533	
4604	4531	4412	4531	
4619	4511	4413	4511	
4627	4527	4438	4527	
4634	4519	4447	4519	
4592	4505	4447	4505	
4581	4494	4419	4494	
4606	4502	4415	4502	
4621	4496	4408	4496	
4587	4509	4417	4509	
4587	4488	4416	4488	
4604	4488	4419	4488	
4605	4504	4433	4504	
4610	4514	4455	4514	
4577	4512	4445	4512	
4613	4525	4435	4525	
4604	4528	4455	4528	
4629	4544	4437	4544	
4641	4558	4465	4558	
4660	4581	4471	4581	
4679	4625	4521	4625	
4734	4695	4594	4695	
4801	4771	4649	4771	
4872	4842	4764	4842	
4998	4991	4896	4991	
5122	5142	5056	5142	
5428	5467	5354	5467	
5823	5928	5823	5928	
6375	6579	6538	6579	
7999	8481	8540	8481	
11430	11675	11426	11675	
18355	18445	17353	18445	
40538	38766	34647	38766	
   0	   0	   0	   0	
21035	18765	15894	18765	
12019	11051	9960	11051	
7932	7539	6940	7539	
6230	6081	5758	6081	
5708	5608	5333	5608	
5383	5308	5058	5308	
5135	5059	4818	5059	
4969	4916	4684	4916	
4861	4806	4594	4806	
4774	4710	4514	4710	
4733	4671	4472	4671	
4717	4619	4454	4619	
4680	4597	4438	4597	
4673	4578	4437	4578	
4627	4552	4415	4552	
4619	4547	4424	4547	
4633	4534	4433	4534	
4606	4532	4419	4532	
4600	4512	4397	4512	
4603	4512	4421	4512	
4613	4523	4439	4523	
4613	4521	4456	4521	
4594	4518	4431	4518	
4611	4509	4442	4509	
4589	4494	4429	4494	
4584	4496	4415	4496	
4581	4496	4444	4496	
4602	4502	4445	4502	
4570	4492	4443	4492	
4595	4491	4428	4491	
4566	4489	4453	4489	
4570	4506	4444	4506	
4581	4504	4444	4504	
4584	4502	4439	4502	
4589	4509	4426	4509	
4578	4496	4428	4496	
4582	4531	4454	4531	
4615	4541	4467	4541	
4637	4576	4485	4576	
4672	4610	4532	4610	
4716	4686	4585	4686	
4787	4750	4649	4750	
4875	4849	4753	4849	
4982	4971	4890	4971	
5149	5175	5081	5175	
5520	5603	5500	5603	
5925	6035	5995	6035	
6441	6701	6703	6701	
8875	9423	9479	9423	
13076	13363	12978	13363	
23069	22588	21013	22588	
   0	60481	50127	60481	
13646	12696	11289	12696	
8708	8239	7505	8239	
6471	6288	5946	6288	
5760	5679	5385	5679	
5411	5351	5085	5351	
5176	5092	4863	5092	
4973	4891	4677	4891	
4849	4789	4563	4789	
4737	4701	4496	4701	
4705	4651	4448	4651	
4665	4608	4434	4608	
4640	4570	4407	4570	
4625	4552	4398	4552	
4605	4540	4409	4540	
4604	4516	4392	4516	
4601	4516	4397	4516	
4573	4502	4408	4502	
4575	4497	4407	4497	
4574	4492	4409	4492	
4581	4502	4411	4502	
4588	4489	4429	4489	
4568	4489	4431	4489	
4575	4491	4432	4491	
4601	4492	4438	4492	
4575	4489	4434	4489	
4559	4473	4432	4473	
4544	4472	4408	4472	
4558	4461	4429	4461	
4549	4463	4422	4463	
4557	4457	4430	4457	
4522	4456	4419	4456	
4546	4472	4418	4472	
4553	4460	4426	4460	
4533	4466	4397	4466	
4527	4458	4419	4458	
4555	4486	4422	4486	
4552	4485	4420	4485	
4581	4508	4441	4508	
4595	4525	4461	4525	
4641	4552	4483	4552	
4651	4598	4500	4598	
4707	4657	4558	4657	
4760	4721	4632	4721	
4851	4828	4744	4828	
4971	4955	4884	4955	
5259	5266	5179	5266	
5604	5681	5589	5681	
5970	6151	6082	6151	
6706	6995	7045	6995	
9782	10312	10294	10312	
15472	15673	15100	15673	
29633	28763	26065	28763	
9766	9066	8207	9066	
6954	6662	6206	6662	
5887	5776	5509	5776	
5478	5390	5114	5390	
5150	5102	4870	5102	
4963	4912	4686	4912	
4843	4776	4563	4776	
4737	4680	4478	4680	
4662	4624	4424	4624	
4640	4583	4407	4583	
4593	4533	4384	4533	
4576	4521	4378	4521	
4574	4503	4369	4503	
4563	4493	4384	4493	
4534	4484	4362	4484	
4551	4483	4386	4483	
4544	4489	4411	4489	
4542	4466	4381	4466	
4556	4474	4400	4474	
4549	4467	4398	4467	
4544	4469	4413	4469	
4559	4475	4430	4475	
4543	4468	4430	4468	
4547	4462	4408	4462	
4528	4457	4416	4457	
4526	4458	4419	4458	
4534	4437	4426	4437	
4517	4439	4402	4439	
4501	4438	4406	4438	
4515	4449	4408	4449	
4505	4431	4395	4431	
4510	4435	4386	4435	
4493	4429	4400	4429	
4511	4434	4390	4434	
4519	4433	4393	4433	
4511	4434	4388	4434	
4521	4451	4380	4451	
4517	4459	4382	4459	
4544	4472	4406	4472	
4583	4488	4415	4488	
4571	4533	4443	4533	
4629	4583	4490	4583	
4683	4638	4545	4638	
4759	4724	4629	4724	
4825	4811	4731	4811	
5029	4997	4921	4997	
5333	5356	5281	5356	
5637	5751	5695	5751	
6081	6270	6263	6270	
7468	7818	7891	7818	
11201	11728	11459	11728	
19095	19098	18161	19098	
7681	7305	6727	7305	
6098	5966	5658	5966	
5585	5505	5232	5505	
5219	5168	4914	5168	
5016	4963	4726	4963	
4821	4797	4581	4797	
4744	4679	4486	4679	
4672	4614	4411	4614	
4627	4578	4373	4578	
4593	4533	4368	4533	
4564	4506	4364	4506	
4570	4487	4361	4487	
4536	4482	4365	4482	
4541	4476	4363	4476	
4549	4487	4371	4487	
4524	4456	4384	4456	
4538	4463	4394	4463	
4518	4445	4392	4445	
4528	4452	4392	4452	
4516	4448	4408	4448	
4508	4458	4416	4458	
4514	4456	4428	4456	
4500	4436	4436	4436	
4516	4445	4413	4445	
4514	4445	4438	4445	
4513	4442	4418	4442	
4514	4440	4420	4440	
4507	4439	4425	4439	
4487	4417	4403	4417	
4489	4419	4401	4419	
4497	4415	4403	4415	
4476	4402	4391	4402	
4490	4405	4389	4405	
4484	4408	4390	4408	
4475	4403	4371	4403	
4493	4418	4378	4418	
4511	4425	4377	4425	
4504	4428	4373	4428	
4496	4442	4371	4442	
4517	4447	4380	4447	
4571	4482	4429	4482	
4582	4513	4445	4513	
4633	4550	4481	4550	
4660	4623	4528	4623	
4732	4699	4619	4699	
4853	4829	4742	4829	
5118	5130	5015	5130	
5394	5438	5367	5438	
5738	5857	5811	5857	
6317	6496	6557	6496	
8837	9236	9300	9236	
13460	13724	13356	13724	
6439	6277	5946	6277	
5734	5663	5351	5663	
5317	5265	5008	5265	
5060	4995	4772	4995	
4867	4829	4601	4829	
4749	4708	4501	4708	
4653	4608	4409	4608	
4614	4572	4379	4572	
4571	4520	4342	4520	
4570	4510	4361	4510	
4536	4487	4355	4487	
4535	4476	4356	4476	
4523	4473	4361	4473	
4524	4459	4370	4459	
4514	4451	4373	4451	
4519	4444	4385	4444	
4504	4440	4390	4440	
4524	4432	4416	4432	
4515	4440	4411	4440	
4495	4430	4403	4430	
4511	4437	4425	4437	
4520	4445	4446	4445	
4515	4430	4428	4430	
4493	4439	4434	4439	
4492	4423	4441	4423	
4487	4423	4436	4423	
4480	4414	4438	4414	
4471	4424	4413	4424	
4464	4408	4415	4408	
4488	4407	4416	4407	
4449	4404	4395	4404	
4463	4403	4412	4403	
4466	4406	4395	4406	
4466	4396	4395	4396	
4458	4401	4389	4401	
4471	4401	4389	4401	
4466	4402	4380	4402	
4492	4409	4388	4409	
4488	4427	4372	4427	
4501	4430	4386	4430	
4516	4446	4389	4446	
4550	4481	4405	4481	
4567	4509	4430	4509	
4606	4562	4477	4562	
4670	4624	4547	4624	
4751	4705	4646	4705	
4959	4938	4862	4938	
5172	5180	5112	5180	
5496	5564	5497	5564	
5925	6053	6021	6053	
7185	7370	7300	7370	
10245	10508	10467	10508	
5890	5816	5520	5816	
5454	5396	5119	5396	
5134	5082	4837	5082	
4903	4867	4639	4867	
4784	4747	4519	4747	
4686	4638	4437	4638	
4611	4579	4385	4579	
4574	4541	4366	4541	
4545	4496	4329	4496	
4530	4480	4356	4480	
4540	4478	4357	4478	
4525	4462	4363	4462	
4511	4451	4358	4451	
4505	4441	4379	4441	
4509	4445	4384	4445	
4504	4437	4367	4437	
4510	4436	4393	4436	
4478	4440	4399	4440	
4480	4433	4400	4433	
4493	4429	4424	4429	
4496	4440	4426	4440	
4498	4420	4424	4420	
4472	4419	4438	4419	
4488	4430	4426	4430	
4484	4419	4409	4419	
4482	4423	4446	4423	
4469	4416	4412	4416	
4488	4415	4432	4415	
4472	4410	4423	4410	
4465	4408	4424	4408	
4474	4416	4424	4416	
4448	4398	4411	4398	
4441	4400	4395	4400	
4451	4385	4404	4385	
4440	4381	4390	4381	
4455	4390	4372	4390	
4438	4381	4381	4381	
4456	4381	4355	4381	
4465	4391	4361	4391	
4467	4386	4358	4386	
4494	4403	4357	4403	
4488	4420	4376	4420	
4536	4452	4392	4452	
4570	4505	4426	4505	
4620	4560	4471	4560	
4680	4632	4557	4632	
4830	4788	4717	4788	
5048	5021	4949	5021	
5288	5300	5238	5300	
5623	5705	5671	5705	
6226	6377	6336	6377	
9339	9610	9448	9610	
5629	5555	5281	5555	
5248	5191	4936	5191	
4988	4930	4701	4930	
4786	4751	4540	4751	
4680	4643	4436	4643	
4595	4584	4375	4584	
4575	4541	4353	4541	
4555	4522	4361	4522	
4496	4472	4317	4472	
4509	4472	4331	4472	
4504	4459	4357	4459	
4503	4447	4356	4447	
4472	4429	4357	4429	
4467	4428	4374	4428	
4507	4436	4379	4436	
4470	4420	4372	4420	
4483	4425	4398	4425	
4477	4423	4402	4423	
4462	4415	4402	4415	
4466	4418	4407	4418	
4456	4410	4417	4410	
4478	4416	4427	4416	
4466	4414	4432	4414	
4467	4400	4425	4400	
4450	4407	4434	4407	
4442	4391	4438	4391	
4435	4391	4420	4391	
4437	4390	4425	4390	
4450	4392	4423	4392	
4439	4394	4418	4394	
4430	4381	4409	4381	
4428	4372	4402	4372	
4429	4379	4399	4379	
4422	4372	4385	4372	
4409	4362	4380	4362	
4428	4364	4364	4364	
4417	4364	4348	4364	
4420	4360	4357	4360	
4423	4361	4339	4361	
4438	4376	4350	4376	
4439	4380	4334	4380	
4464	4400	4344	4400	
4469	4408	4361	4408	
4531	4458	4400	4458	
4563	4502	4420	4502	
4605	4562	4474	4562	
4710	4658	4587	4658	
4898	4871	4780	4871	
5097	5106	5032	5106	
5393	5440	5367	5440	
5853	5914	5885	5914	
7124	7282	7186	7282	
5368	5305	5068	5305	
5083	5019	4772	5019	
4858	4820	4607	4820	
4724	4673	4468	4673	
4605	4574	4373	4574	
4547	4519	4344	4519	
4503	4468	4304	4468	
4479	4459	4285	4459	
4479	4436	4308	4436	
4470	4424	4327	4424	
4453	4407	4321	4407	
4467	4419	4342	4419	
4450	4406	4337	4406	
4447	4407	4350	4407	
4428	4390	4351	4390	
4439	4391	4364	4391	
4440	4395	4378	4395	
4446	4396	4382	4396	
4446	4390	4393	4390	
4432	4387	4392	4387	
4431	4382	4398	4382	
4456	4388	4425	4388	
4431	4392	4433	4392	
4418	4379	4406	4379	
4422	4389	4419	4389	
4430	4373	4411	4373	
4427	4380	4412	4380	
4424	4372	4404	4372	
4402	4365	4411	4365	
4404	4366	4424	4366	
4417	4380	4405	4380	
4398	4362	4394	4362	
4380	4355	4370	4355	
4409	4343	4379	4343	
4401	4345	4365	4345	
4387	4342	4368	4342	
4416	4351	4355	4351	
4392	4336	4347	4336	
4390	4341	4326	4341	
4395	4332	4327	4332	
4420	4348	4325	4348	
4410	4349	4305	4349	
4445	4360	4327	4360	
4490	4399	4349	4399	
4517	4442	4376	4442	
4551	4494	4421	4494	
4625	4570	4510	4570	
4804	4757	4664	4757	
4970	4940	4859	4940	
5213	5200	5130	5200	
5529	5562	5546	5562	
6388	6403	6340	6403	
5193	5184	4918	5184	
4959	4927	4686	4927	
4789	4761	4528	4761	
4646	4622	4424	4622	
4579	4545	4352	4545	
4557	4506	4323	4506	
4473	4449	4290	4449	
4481	4456	4313	4456	
4461	4433	4311	4433	
4454	4412	4314	4412	
4461	4403	4338	4403	
4444	4419	4339	4419	
4440	4409	4341	4409	
4442	4404	4352	4404	
4447	4402	4381	4402	
4444	4388	4384	4388	
4445	4403	4395	4403	
4439	4409	4415	4409	
4435	4389	4405	4389	
4423	4388	4410	4388	
4438	4381	4407	4381	
4432	4396	4435	4396	
4413	4387	4425	4387	
4424	4391	4434	4391	
4433	4370	4423	4370	
4419	4393	4433	4393	
4408	4384	4434	4384	
4418	4377	4425	4377	
4409	4360	4437	4360	
4401	4359	4416	4359	
4402	4373	4411	4373	
4393	4358	4396	4358	
4393	4356	4379	4356	
4384	4332	4379	4332	
4386	4330	4376	4330	
4384	4327	4358	4327	
4375	4332	4325	4332	
4390	4334	4335	4334	
4383	4340	4334	4340	
4398	4329	4351	4329	
4391	4328	4325	4328	
4392	4339	4330	4339	
4435	4354	4321	4354	
4432	4369	4342	4369	
4478	4422	4363	4422	
4532	4461	4403	4461	
4568	4519	4454	4519	
4722	4655	4582	4655	
4870	4819	4751	4819	
5034	5015	4941	5015	
5330	5345	5283	5345	
5844	5850	5798	5850	
5078	5027	4811	5027	
4862	4828	4591	4828	
4708	4680	4462	4680	
4587	4568	4388	4568	
4551	4521	4331	4521	
4472	4448	4297	4448	
4467	4441	4314	4441	
4474	4437	4303	4437	
4456	4420	4304	4420	
4455	4412	4321	4412	
4450	4408	4333	4408	
4434	4400	4346	4400	
4430	4396	4363	4396	
4425	4378	4388	4378	
4444	4390	4379	4390	
4425	4391	4376	4391	
4435	4370	4384	4370	
4417	4377	4389	4377	
4420	4376	4400	4376	
4421	4376	4415	4376	
4426	4382	4424	4382	
4406	4376	4424	4376	
4431	4379	4443	4379	
4422	4369	4431	4369	
4413	4368	4434	4368	
4412	4365	4419	4365	
4410	4376	4423	4376	
4398	4369	4414	4369	
4395	4371	4409	4371	
4368	4354	4414	4354	
4391	4352	4415	4352	
4375	4347	4397	4347	
4388	4357	4399	4357	
4381	4332	4374	4332	
4371	4324	4380	4324	
4390	4320	4366	4320	
4373	4318	4351	4318	
4382	4315	4353	4315	
4363	4319	4353	4319	
4386	4322	4329	4322	
4386	4318	4328	4318	
4377	4329	4310	4329	
4397	4343	4312	4343	
4416	4352	4322	4352	
4449	4393	4354	4393	
4499	4428	4375	4428	
4545	4463	4402	4463	
4653	4594	4530	4594	
4766	4710	4631	4710	
4930	4906	4827	4906	
5184	5160	5112	5160	
5458	5509	5462	5509	
4929	4911	4704	4911	
4795	4747	4524	4747	
4651	4625	4422	4625	
4549	4526	4337	4526	
4536	4492	4314	4492	
4464	4434	4269	4434	
4447	4422	4287	4422	
4442	4429	4315	4429	
4435	4400	4314	4400	
4432	4404	4310	4404	
4403	4389	4337	4389	
4419	4386	4331	4386	
4395	4381	4353	4381	
4416	4394	4370	4394	
4426	4374	4376	4374	
4419	4384	4380	4384	
4399	4376	4380	4376	
4413	4374	4418	4374	
4403	4373	4393	4373	
4402	4361	4417	4361	
4390	4370	4418	4370	
4386	4369	4434	4369	
4390	4367	4423	4367	
4398	4364	4424	4364	
4401	4377	4445	4377	
4378	4342	4418	4342	
4389	4362	4425	4362	
4368	4348	4420	4348	
4377	4347	4412	4347	
4368	4346	4409	4346	
4367	4340	4411	4340	
4363	4327	4407	4327	
4352	4324	4390	4324	
4357	4324	4382	4324	
4363	4310	4374	4310	
4356	4311	4360	4311	
4356	4302	4361	4302	
4353	4312	4343	4312	
4357	4311	4328	4311	
4341	4301	4323	4301	
4340	4309	4317	4309	
4382	4321	4315	4321	
4397	4330	4322	4330	
4387	4342	4305	4342	
4411	4357	4328	4357	
4458	4382	4345	4382	
4503	4427	4382	4427	
4581	4522	4445	4522	
4669	4617	4547	4617	
4811	4767	4691	4767	
4995	4992	4931	4992	
5295	5305	5244	5305	
4887	4848	4621	4848	
4714	4676	4470	4676	
4597	4557	4369	4557	
4515	4492	4312	4492	
4484	4458	4289	4458	
4448	4408	4281	4408	
4426	4391	4267	4391	
4420	4396	4277	4396	
4404	4375	4300	4375	
4412	4398	4318	4398	
4405	4382	4314	4382	
4402	4367	4340	4367	
4386	4362	4344	4362	
4385	4363	4369	4363	
4366	4358	4349	4358	
4382	4368	4393	4368	
4384	4348	4378	4348	
4387	4360	4403	4360	
4376	4348	4400	4348	
4384	4357	4402	4357	
4390	4353	4425	4353	
4367	4361	4415	4361	
4385	4352	4423	4352	
4368	4337	4426	4337	
4371	4356	4432	4356	
4342	4329	4417	4329	
4359	4345	4417	4345	
4361	4354	4419	4354	
4360	4324	4407	4324	
4338	4327	4401	4327	
4347	4325	4413	4325	
4332	4321	4391	4321	
4328	4304	4385	4304	
4346	4319	4376	4319	
4329	4303	4365	4303	
4319	4283	4340	4283	
4312	4294	4350	4294	
4331	4277	4325	4277	
4309	4278	4314	4278	
4317	4284	4293	4284	
4331	4287	4319	4287	
4351	4292	4309	4292	
4364	4302	4304	4302	
4376	4310	4296	4310	
4391	4336	4302	4336	
4425	4351	4324	4351	
4427	4370	4334	4370	
4527	4456	4393	4456	
4596	4545	4477	4545	
4680	4660	4602	4660	
4873	4852	4790	4852	
5137	5110	5082	5110	
4765	4760	4535	4760	
4631	4620	4426	4620	
4530	4514	4304	4514	
4478	4461	4285	4461	
4447	4415	4251	4415	
4434	4401	4252	4401	
4411	4388	4269	4388	
4418	4388	4299	4388	
4393	4368	4303	4368	
4398	4375	4312	4375	
4409	4369	4317	4369	
4391	4360	4339	4360	
4376	4360	4345	4360	
4378	4350	4367	4350	
4372	4353	4369	4353	
4362	4354	4360	4354	
4357	4347	4374	4347	
4387	4348	4398	4348	
4375	4343	4421	4343	
4370	4360	4426	4360	
4380	4347	4409	4347	
4377	4348	4425	4348	
4357	4335	4433	4335	
4370	4327	4431	4327	
4352	4327	4424	4327	
4332	4342	4429	4342	
4343	4325	4416	4325	
4343	4326	4409	4326	
4328	4322	4415	4322	
4333	4326	4400	4326	
4331	4317	4399	4317	
4307	4305	4392	4305	
4315	4292	4378	4292	
4306	4303	4367	4303	
4302	4296	4352	4296	
4296	4273	4336	4273	
4296	4273	4339	4273	
4326	4277	4338	4277	
4313	4287	4312	4287	
4313	4267	4306	4267	
4319	4281	4297	4281	
4332	4277	4296	4277	
4339	4299	4293	4299	
4349	4302	4295	4302	
4381	4315	4307	4315	
4396	4336	4291	4336	
4424	4356	4315	4356	
4473	4421	4364	4421	
4548	4486	4428	4486	
4613	4580	4525	4580	
4787	4739	4685	4739	
5007	4971	4905	4971	
4710	4714	4499	4714	
4592	4581	4383	4581	
4513	4496	4317	4496	
4453	4440	4272	4440	
4414	4397	4266	4397	
4412	4400	4292	4400	
4402	4391	4278	4391	
4395	4381	4293	4381	
4385	4375	4297	4375	
4392	4368	4335	4368	
4376	4355	4343	4355	
4368	4350	4334	4350	
4376	4361	4362	4361	
4372	4352	4363	4352	
4379	4367	4385	4367	
4358	4350	4388	4350	
4376	4361	4400	4361	
4377	4361	4421	4361	
4392	4354	4426	4354	
4376	4353	4433	4353	
4378	4351	4442	4351	
4344	4345	4438	4345	
4359	4338	4431	4338	
4358	4345	4440	4345	
4363	4349	4445	4349	
4339	4341	4437	4341	
4342	4340	4443	4340	
4329	4319	4413	4319	
4320	4310	4411	4310	
4324	4331	4407	4331	
4329	4318	4402	4318	
4322	4324	4415	4324	
4312	4323	4406	4323	
4305	4294	4384	4294	
4302	4300	4379	4300	
4300	4281	4352	4281	
4282	4283	4345	4283	
4304	4272	4347	4272	
4320	4282	4329	4282	
4308	4266	4314	4266	
4309	4281	4322	4281	
4331	4277	4309	4277	
4329	4281	4308	4281	
4344	4297	4293	4297	
4364	4310	4279	4310	
4392	4317	4299	4317	
4385	4340	4311	4340	
4468	4391	4361	4391	
4515	4460	4411	4460	
4585	4540	4487	4540	
4713	4670	4620	4670	
4912	4867	4816	4867	
4641	4622	4419	4622	
4540	4542	4355	4542	
4490	4463	4306	4463	
4433	4411	4248	4411	
4416	4393	4265	4393	
4396	4390	4269	4390	
4390	4391	4275	4391	
4388	4378	4304	4378	
4374	4378	4299	4378	
4373	4367	4317	4367	
4353	4345	4314	4345	
4350	4348	4354	4348	
4354	4351	4355	4351	
4363	4357	4364	4357	
4359	4355	4387	4355	
4368	4354	4409	4354	
4375	4349	4411	4349	
4365	4359	4425	4359	
4366	4352	4432	4352	
4378	4349	4423	4349	
4347	4349	4438	4349	
4351	4352	4451	4352	
4356	4348	4439	4348	
4327	4327	4443	4327	
4336	4341	4437	4341	
4331	4337	4434	4337	
4318	4318	4430	4318	
4310	4311	4425	4311	
4323	4319	4438	4319	
4292	4326	4421	4326	
4306	4308	4408	4308	
4312	4309	4405	4309	
4302	4317	4407	4317	
4297	4290	4368	4290	
4279	4276	4384	4276	
4266	4280	4359	4280	
4269	4261	4354	4261	
4282	4272	4346	4272	
4278	4264	4316	4264	
4303	4275	4317	4275	
4314	4278	4326	4278	
4295	4274	4297	4274	
4310	4278	4302	4278	
4334	4266	4289	4266	
4338	4302	4289	4302	
4360	4308	4288	4308	
4393	4328	4306	4328	
4426	4365	4336	4365	
4503	4425	4381	4425	
4539	4501	4452	4501	
4661	4605	4540	4605	
4806	4776	4707	4776	
4554	4560	4363	4560	
4480	4481	4307	4481	
4447	4434	4262	4434	
4395	4374	4237	4374	
4363	4366	4246	4366	
4382	4381	4270	4381	
4358	4359	4282	4359	
4355	4351	4289	4351	
4359	4357	4292	4357	
4337	4352	4316	4352	
4303	4332	4329	4332	
4332	4341	4336	4341	
4343	4336	4354	4336	
4338	4344	4371	4344	
4338	4332	4378	4332	
4353	4351	4419	4351	
4362	4350	4409	4350	
4348	4337	4423	4337	
4342	4333	4436	4333	
4350	4340	4437	4340	
4335	4332	4431	4332	
4326	4346	4442	4346	
4322	4318	4434	4318	
4323	4309	4433	4309	
4316	4315	4440	4315	
4305	4309	4419	4309	
4305	4303	4413	4303	
4304	4302	4409	4302	
4293	4287	4406	4287	
4266	4296	4404	4296	
4288	4283	4401	4283	
4285	4289	4390	4289	
4284	4277	4382	4277	
4273	4281	4376	4281	
4252	4261	4352	4261	
4263	4259	4360	4259	
4254	4262	4345	4262	
4257	4270	4332	4270	
4268	4241	4326	4241	
4263	4243	4307	4243	
4276	4255	4297	4255	
4291	4261	4299	4261	
4292	4258	4300	4258	
4320	4265	4281	4265	
4335	4266	4287	4266	
4353	4293	4297	4293	
4340	4309	4279	4309	
4406	4348	4311	4348	
4446	4399	4363	4399	
4507	4449	4397	4449	
4606	4541	4493	4541	
4775	4708	4648	4708	
4484	4511	4311	4511	
4447	4458	4276	4458	
4384	4385	4222	4385	
4381	4378	4234	4378	
4378	4377	4242	4377	
4367	4350	4266	4350	
4341	4338	4257	4338	
4335	4342	4276	4342	
4339	4335	4292	4335	
4324	4327	4302	4327	
4314	4326	4314	4326	
4307	4319	4343	4319	
4340	4330	4346	4330	
4330	4332	4373	4332	
4336	4344	4398	4344	
4340	4332	4402	4332	
4341	4332	4419	4332	
4315	4314	4397	4314	
4326	4328	4428	4328	
4334	4315	4442	4315	
4329	4323	4433	4323	
4337	4321	4435	4321	
4327	4308	4439	4308	
4310	4314	4435	4314	
4300	4297	4431	4297	
4294	4297	4415	4297	
4287	4288	4430	4288	
4287	4288	4405	4288	
4280	4274	4405	4274	
4273	4284	4400	4284	
4262	4264	4395	4264	
4273	4281	4395	4281	
4250	4276	4385	4276	
4258	4258	4384	4258	
4247	4268	4364	4268	
4254	4238	4338	4238	
4245	4238	4327	4238	
4254	4256	4326	4256	
4259	4235	4327	4235	
4241	4233	4303	4233	
4261	4237	4299	4237	
4269	4233	4284	4233	
4293	4258	4309	4258	
4280	4247	4280	4247	
4315	4262	4280	4262	
4339	4265	4265	4265	
4328	4287	4277	4287	
4402	4328	4294	4328	
4439	4369	4337	4369	
4487	4422	4376	4422	
4544	4491	4449	4491	
4702	4643	4573	4643	
4473	4480	4302	4480	
4439	4442	4275	4442	
4376	4377	4231	4377	
4354	4367	4244	4367	
4363	4360	4240	4360	
4359	4354	4269	4354	
4349	4341	4271	4341	
4330	4340	4303	4340	
4322	4328	4294	4328	
4325	4320	4318	4320	
4315	4323	4317	4323	
4315	4316	4350	4316	
4337	4333	4353	4333	
4334	4327	4373	4327	
4333	4329	4396	4329	
4332	4339	4413	4339	
4329	4340	4420	4340	
4326	4326	4443	4326	
4331	4329	4446	4329	
4316	4313	4443	4313	
4320	4339	4437	4339	
4336	4328	4461	4328	
4308	4305	4458	4305	
4296	4311	4440	4311	
4309	4313	4438	4313	
4287	4297	4453	4297	
4287	4300	4441	4300	
4281	4303	4436	4303	
4268	4275	4415	4275	
4277	4282	4400	4282	
4275	4279	4410	4279	
4251	4280	4378	4280	
4258	4272	4400	4272	
4254	4274	4386	4274	
4238	4247	4370	4247	
4236	4254	4343	4254	
4232	4239	4339	4239	
4238	4245	4337	4245	
4262	4244	4330	4244	
4253	4222	4319	4222	
4252	4232	4316	4232	
4272	4240	4292	4240	
4285	4257	4304	4257	
4288	4259	4294	4259	
4309	4281	4286	4281	
4318	4274	4288	4274	
4333	4271	4273	4271	
4370	4317	4271	4317	
4427	4360	4333	4360	
4474	4398	4366	4398	
4528	4484	4435	4484	
4651	4578	4523	4578	
4470	4480	4296	4480	
4422	4433	4268	4433	
4361	4355	4226	4355	
4376	4363	4265	4363	
4348	4374	4256	4374	
4345	4363	4273	4363	
4343	4343	4273	4343	
4337	4343	4299	4343	
4334	4329	4306	4329	
4320	4328	4342	4328	
4320	4326	4366	4326	
4321	4323	4361	4323	
4318	4326	4381	4326	
4335	4339	4417	4339	
4338	4338	4414	4338	
4334	4351	4424	4351	
4346	4348	4441	4348	
4334	4331	4451	4331	
4332	4326	4454	4326	
4312	4322	4439	4322	
4312	4328	4436	4328	
4320	4319	4465	4319	
4310	4300	4449	4300	
4294	4312	4460	4312	
4298	4314	4459	4314	
4291	4302	4455	4302	
4267	4308	4425	4308	
4286	4299	4435	4299	
4267	4282	4435	4282	
4268	4281	4423	4281	
4257	4286	4408	4286	
4252	4271	4415	4271	
4237	4263	4396	4263	
4242	4271	4396	4271	
4225	4253	4368	4253	
4218	4241	4360	4241	
4218	4237	4344	4237	
4230	4253	4343	4253	
4244	4239	4316	4239	
4228	4240	4309	4240	
4274	4253	4303	4253	
4254	4239	4307	4239	
4282	4253	4313	4253	
4273	4248	4291	4248	
4299	4265	4296	4265	
4307	4263	4289	4263	
4326	4272	4267	4272	
4357	4321	4288	4321	
4424	4363	4321	4363	
4438	4405	4352	4405	
4523	4468	4403	4468	
4642	4571	4488	4571	
4420	4451	4263	4451	
4403	4405	4238	4405	
4359	4353	4233	4353	
4349	4348	4243	4348	
4316	4341	4244	4341	
4344	4338	4263	4338	
4331	4338	4269	4338	
4316	4312	4290	4312	
4305	4304	4294	4304	
4307	4321	4341	4321	
4303	4321	4344	4321	
4294	4345	4355	4345	
4317	4340	4382	4340	
4324	4339	4411	4339	
4333	4347	4431	4347	
4324	4341	4437	4341	
4301	4320	4446	4320	
4303	4331	4463	4331	
4323	4319	4455	4319	
4303	4310	4441	4310	
4297	4302	4430	4302	
4294	4308	4447	4308	
4298	4310	4455	4310	
4286	4305	4441	4305	
4282	4308	4464	4308	
4266	4280	4452	4280	
4258	4275	4442	4275	
4261	4272	4432	4272	
4255	4286	4419	4286	
4234	4282	4419	4282	
4233	4255	4390	4255	
4220	4264	4405	4264	
4222	4241	4390	4241	
4221	4234	4379	4234	
4213	4250	4356	4250	
4212	4222	4347	4222	
4201	4241	4336	4241	
4220	4219	4328	4219	
4218	4224	4307	4224	
4215	4224	4306	4224	
4246	4230	4303	4230	
4244	4245	4305	4245	
4271	4238	4298	4238	
4266	4245	4290	4245	
4289	4240	4275	4240	
4292	4254	4293	4254	
4303	4264	4273	4264	
4353	4293	4286	4293	
4385	4346	4316	4346	
4420	4383	4351	4383	
4502	4422	4379	4422	
4609	4530	4459	4530	
4414	4438	4278	4438	
4386	4395	4240	4395	
4328	4340	4206	4340	
4330	4341	4231	4341	
4324	4331	4223	4331	
4313	4321	4251	4321	
4305	4301	4267	4301	
4301	4316	4282	4316	
4299	4314	4298	4314	
4302	4317	4330	4317	
4305	4309	4334	4309	
4309	4317	4377	4317	
4312	4329	4396	4329	
4327	4343	4417	4343	
4317	4341	4445	4341	
4299	4318	4414	4318	
4321	4322	4465	4322	
4317	4306	4442	4306	
4296	4308	4453	4308	
4288	4301	4447	4301	
4281	4298	4445	4298	
4266	4295	4440	4295	
4282	4294	4454	4294	
4258	4278	4445	4278	
4276	4297	4461	4297	
4278	4281	4474	4281	
4256	4281	4458	4281	
4243	4277	4448	4277	
4228	4266	4419	4266	
4224	4266	4403	4266	
4222	4236	4404	4236	
4207	4244	4383	4244	
4201	4245	4374	4245	
4200	4229	4353	4229	
4198	4227	4329	4227	
4212	4208	4337	4208	
4197	4208	4326	4208	
4187	4188	4305	4188	
4204	4206	4316	4206	
4212	4212	4308	4212	
4226	4221	4291	4221	
4243	4212	4291	4212	
4244	4233	4292	4233	
4248	4230	4297	4230	
4260	4225	4264	4225	
4285	4236	4269	4236	
4285	4250	4242	4250	
4320	4267	4266	4267	
4361	4311	4279	4311	
4407	4360	4320	4360	
4467	4418	4355	4418	
4545	4480	4428	4480	
4408	4430	4272	4430	
4345	4365	4217	4365	
4334	4336	4214	4336	
4325	4341	4235	4341	
4326	4322	4244	4322	
4310	4327	4258	4327	
4301	4324	4280	4324	
4307	4317	4284	4317	
4284	4308	4308	4308	
4294	4307	4311	4307	
4302	4308	4353	4308	
4302	4319	4389	4319	
4297	4323	4405	4323	
4311	4335	4437	4335	
4303	4321	4449	4321	
4332	4342	4469	4342	
4322	4347	4489	4347	
4300	4326	4473	4326	
4302	4309	4477	4309	
4283	4307	4438	4307	
4277	4274	4460	4274	
4278	4291	4457	4291	
4268	4286	4458	4286	
4267	4285	4458	4285	
4275	4293	4476	4293	
4263	4285	4469	4285	
4261	4295	4467	4295	
4222	4283	4453	4283	
4233	4253	4445	4253	
4218	4245	4433	4245	
4213	4238	4409	4238	
4198	4241	4381	4241	
4214	4225	4381	4225	
4191	4205	4354	4205	
4186	4218	4348	4218	
4170	4203	4341	4203	
4170	4211	4330	4211	
4170	4213	4313	4213	
4188	4221	4318	4221	
4198	4216	4302	4216	
4222	4215	4317	4215	
4232	4226	4308	4226	
4236	4224	4294	4224	
4241	4222	4278	4222	
4254	4241	4278	4241	
4266	4227	4282	4227	
4272	4240	4262	4240	
4311	4250	4259	4250	
4365	4296	4279	4296	
4391	4325	4309	4325	
4451	4404	4353	4404	
4508	4475	4409	4475	
4415	4424	4230	4424	
4340	4342	4220	4342	
4328	4345	4234	4345	
4339	4345	4252	4345	
4310	4324	4258	4324	
4312	4323	4259	4323	
4290	4317	4285	4317	
4295	4317	4299	4317	
4299	4308	4313	4308	
4278	4314	4328	4314	
4286	4312	4358	4312	
4284	4313	4380	4313	
4307	4333	4419	4333	
4315	4334	4439	4334	
4327	4356	4493	4356	
4331	4346	4490	4346	
4333	4352	4498	4352	
4315	4329	4501	4329	
4286	4309	4490	4309	
4285	4304	4474	4304	
4268	4311	4463	4311	
4267	4315	4485	4315	
4272	4289	4476	4289	
4256	4303	4489	4303	
4264	4288	4498	4288	
4262	4293	4502	4293	
4269	4285	4486	4285	
4247	4269	4461	4269	
4223	4275	4455	4275	
4223	4262	4428	4262	
4213	4270	4407	4270	
4199	4249	4410	4249	
4195	4227	4395	4227	
4184	4235	4387	4235	
4178	4205	4351	4205	
4186	4211	4356	4211	
4180	4204	4343	4204	
4185	4223	4340	4223	
4194	4206	4327	4206	
4196	4198	4325	4198	
4205	4221	4313	4221	
4231	4218	4304	4218	
4235	4221	4308	4221	
4228	4239	4287	4239	
4240	4232	4278	4232	
4254	4219	4259	4219	
4266	4236	4260	4236	
4301	4256	4258	4256	
4336	4294	4279	4294	
4362	4327	4301	4327	
4423	4386	4340	4386	
4497	4428	4368	4428	
4396	4413	4243	4413	
4339	4354	4233	4354	
4324	4337	4223	4337	
4315	4337	4225	4337	
4302	4319	4241	4319	
4303	4317	4269	4317	
4294	4304	4275	4304	
4283	4301	4281	4301	
4279	4303	4293	4303	
4274	4304	4339	4304	
4287	4309	4363	4309	
4279	4317	4397	4317	
4321	4325	4414	4325	
4330	4347	4474	4347	
4320	4352	4486	4352	
4314	4333	4497	4333	
4333	4347	4491	4347	
4323	4362	4508	4362	
4306	4324	4504	4324	
4293	4308	4483	4308	
4277	4306	4476	4306	
4276	4311	4484	4311	
4274	4308	4494	4308	
4280	4306	4508	4306	
4287	4301	4509	4301	
4266	4295	4502	4295	
4255	4289	4511	4289	
4230	4282	4480	4282	
4240	4273	4478	4273	
4206	4265	4448	4265	
4211	4267	4428	4267	
4199	4261	4414	4261	
4197	4249	4374	4249	
4177	4205	4360	4205	
4171	4220	4357	4220	
4172	4216	4343	4216	
4178	4211	4329	4211	
4180	4195	4342	4195	
4173	4204	4315	4204	
4180	4217	4313	4217	
4189	4205	4324	4205	
4219	4208	4296	4208	
4225	4211	4287	4211	
4229	4201	4260	4201	
4236	4207	4267	4207	
4243	4211	4256	4211	
4267	4224	4251	4224	
4268	4230	4241	4230	
4326	4284	4268	4284	
4356	4310	4280	4310	
4411	4356	4322	4356	
4477	4414	4347	4414	
4382	4391	4225	4391	
4322	4333	4197	4333	
4290	4318	4208	4318	
4275	4306	4221	4306	
4278	4284	4230	4284	
4290	4309	4253	4309	
4270	4287	4257	4287	
4270	4285	4272	4285	
4244	4278	4293	4278	
4248	4277	4304	4277	
4248	4279	4331	4279	
4255	4288	4369	4288	
4265	4296	4382	4296	
4283	4319	4432	4319	
4314	4327	4456	4327	
4295	4328	4484	4328	
4302	4324	4489	4324	
4289	4313	4514	4313	
4274	4306	4497	4306	
4267	4290	4466	4290	
4268	4296	4476	4296	
4272	4279	4489	4279	
4267	4305	4495	4305	
4264	4282	4493	4282	
4260	4297	4507	4297	
4244	4275	4502	4275	
4245	4272	4481	4272	
4228	4256	4489	4256	
4215	4257	4459	4257	
4198	4234	4424	4234	
4183	4230	4415	4230	
4167	4231	4385	4231	
4171	4236	4379	4236	
4151	4187	4350	4187	
4162	4201	4340	4201	
4150	4202	4340	4202	
4151	4185	4318	4185	
4153	4194	4316	4194	
4160	4178	4311	4178	
4164	4186	4284	4186	
4184	4185	4306	4185	
4193	4190	4272	4190	
4213	4202	4286	4202	
4215	4188	4267	4188	
4228	4178	4251	4178	
4230	4196	4238	4196	
4243	4193	4215	4193	
4248	4208	4228	4208	
4289	4255	4236	4255	
4339	4288	4262	4288	
4396	4334	4293	4334	
4441	4395	4352	4395	
4366	4377	4218	4377	
4304	4324	4197	4324	
4286	4314	4208	4314	
4280	4308	4221	4308	
4266	4289	4216	4289	
4260	4300	4256	4300	
4263	4289	4258	4289	
4269	4280	4288	4280	
4245	4288	4297	4288	
4247	4276	4311	4276	
4255	4278	4330	4278	
4243	4271	4346	4271	
4257	4281	4383	4281	
4281	4294	4433	4294	
4287	4312	4464	4312	
4303	4333	4484	4333	
4298	4313	4498	4313	
4299	4316	4528	4316	
4283	4297	4497	4297	
4261	4278	4483	4278	
4257	4273	4482	4273	
4244	4266	4476	4266	
4261	4299	4510	4299	
4308	4330	4551	4330	
4298	4306	4562	4306	
4264	4305	4522	4305	
4244	4279	4502	4279	
4215	4259	4493	4259	
4204	4243	4464	4243	
4184	4226	4430	4226	
4175	4228	4415	4228	
4158	4209	4398	4209	
4148	4213	4373	4213	
4141	4201	4356	4201	
4139	4195	4354	4195	
4145	4183	4329	4183	
4139	4191	4319	4191	
4132	4175	4313	4175	
4155	4186	4313	4186	
4159	4173	4288	4173	
4174	4185	4300	4185	
4178	4178	4277	4178	
4191	4189	4266	4189	
4192	4184	4258	4184	
4201	4175	4249	4175	
4213	4179	4233	4179	
4219	4181	4209	4181	
4221	4188	4209	4188	
4298	4236	4238	4236	
4320	4277	4273	4277	
4383	4330	4293	4330	
4462	4394	4358	4394	
4360	4377	4227	4377	
4297	4329	4192	4329	
4302	4325	4217	4325	
4277	4304	4237	4304	
4259	4292	4223	4292	
4256	4270	4238	4270	
4267	4293	4261	4293	
4247	4279	4262	4279	
4244	4275	4289	4275	
4242	4267	4311	4267	
4249	4271	4337	4271	
4256	4288	4360	4288	
4260	4276	4397	4276	
4277	4309	4428	4309	
4286	4302	4447	4302	
4278	4321	4474	4321	
4303	4315	4485	4315	
4296	4305	4496	4305	
4279	4297	4509	4297	
4273	4269	4488	4269	
4252	4280	4490	4280	
4264	4270	4485	4270	
4269	4296	4516	4296	
4321	4322	4566	4322	
4313	4315	4577	4315	
4256	4295	4526	4295	
4234	4267	4515	4267	
4224	4268	4506	4268	
4202	4239	4465	4239	
4173	4246	4427	4246	
4160	4208	4412	4208	
4165	4218	4391	4218	
4148	4203	4391	4203	
4160	4201	4376	4201	
4139	4180	4360	4180	
4137	4181	4357	4181	
4143	4171	4338	4171	
4153	4179	4313	4179	
4153	4184	4320	4184	
4155	4173	4305	4173	
4168	4190	4287	4190	
4173	4190	4280	4190	
4182	4183	4274	4183	
4202	4178	4258	4178	
4212	4195	4244	4195	
4197	4171	4228	4171	
4226	4183	4222	4183	
4213	4179	4193	4179	
4290	4258	4250	4258	
4308	4273	4251	4273	
4384	4331	4296	4331	
4443	4372	4334	4372	
4349	4367	4206	4367	
4286	4323	4181	4323	
4284	4308	4201	4308	
4269	4302	4205	4302	
4256	4293	4213	4293	
4248	4274	4236	4274	
4241	4269	4250	4269	
4237	4272	4280	4272	
4236	4258	4287	4258	
4233	4255	4291	4255	
4214	4248	4291	4248	
4244	4264	4339	4264	
4228	4257	4368	4257	
4254	4282	4411	4282	
4259	4287	4445	4287	
4298	4293	4459	4293	
4272	4287	4469	4287	
4271	4293	4476	4293	
4258	4276	4483	4276	
4234	4261	4478	4261	
4248	4281	4473	4281	
4265	4281	4503	4281	
4248	4283	4513	4283	
4309	4318	4557	4318	
4305	4333	4581	4333	
4251	4271	4528	4271	
4219	4254	4502	4254	
4210	4241	4482	4241	
4190	4254	4459	4254	
4162	4225	4445	4225	
4166	4217	4424	4217	
4170	4200	4417	4200	
4148	4206	4392	4206	
4138	4190	4376	4190	
4145	4194	4358	4194	
4152	4194	4349	4194	
4146	4181	4337	4181	
4140	4188	4310	4188	
4138	4170	4319	4170	
4148	4165	4289	4165	
4144	4175	4279	4175	
4171	4166	4272	4166	
4184	4174	4268	4174	
4182	4172	4248	4172	
4191	4180	4253	4180	
4186	4169	4227	4169	
4199	4179	4203	4179	
4189	4163	4182	4163	
4274	4234	4223	4234	
4309	4269	4244	4269	
4361	4300	4277	4300	
4424	4372	4321	4372	
4311	4347	4185	4347	
4277	4320	4180	4320	
4286	4304	4202	4304	
4264	4284	4215	4284	
4245	4277	4210	4277	
4240	4276	4241	4276	
4237	4260	4242	4260	
4239	4252	4260	4252	
4221	4255	4288	4255	
4200	4247	4275	4247	
4206	4243	4306	4243	
4220	4239	4307	4239	
4220	4248	4332	4248	
4227	4256	4356	4256	
4244	4263	4404	4263	
4267	4267	4438	4267	
4253	4275	4444	4275	
4252	4272	4468	4272	
4255	4267	4460	4267	
4228	4255	4455	4255	
4244	4245	4487	4245	
4235	4264	4482	4264	
4243	4262	4499	4262	
4240	4255	4502	4255	
4227	4247	4503	4247	
4230	4257	4491	4257	
4204	4253	4486	4253	
4199	4245	4469	4245	
4186	4219	4457	4219	
4167	4225	4439	4225	
4144	4231	4420	4231	
4141	4190	4399	4190	
4139	4194	4382	4194	
4151	4185	4380	4185	
4138	4161	4351	4161	
4143	4181	4350	4181	
4140	4183	4330	4183	
4142	4179	4306	4179	
4142	4182	4312	4182	
4137	4168	4287	4168	
4150	4171	4272	4171	
4154	4165	4258	4165	
4157	4158	4246	4158	
4183	4164	4244	4164	
4179	4163	4224	4163	
4191	4155	4229	4155	
4190	4161	4187	4161	
4162	4150	4165	4150	
4258	4223	4215	4223	
4284	4243	4241	4243	
4367	4298	4271	4298	
4404	4345	4311	4345	
4329	4359	4190	4359	
4265	4297	4166	4297	
4256	4290	4183	4290	
4242	4273	4197	4273	
4223	4257	4193	4257	
4225	4247	4196	4247	
4217	4245	4230	4245	
4218	4241	4252	4241	
4226	4241	4255	4241	
4209	4242	4275	4242	
4193	4226	4273	4226	
4212	4238	4301	4238	
4207	4229	4321	4229	
4204	4242	4352	4242	
4228	4253	4386	4253	
4219	4262	4408	4262	
4231	4266	4422	4266	
4229	4258	4437	4258	
4224	4238	4434	4238	
4221	4249	4441	4249	
4195	4237	4456	4237	
4218	4242	4459	4242	
4211	4250	4481	4250	
4207	4250	4489	4250	
4207	4254	4493	4254	
4203	4249	4503	4249	
4194	4253	4492	4253	
4188	4229	4464	4229	
4159	4231	4438	4231	
4165	4214	4418	4214	
4137	4186	4405	4186	
4135	4186	4397	4186	
4134	4189	4388	4189	
4121	4189	4367	4189	
4116	4175	4348	4175	
4129	4171	4369	4171	
4127	4172	4319	4172	
4131	4172	4319	4172	
4126	4173	4298	4173	
4137	4160	4296	4160	
4137	4168	4282	4168	
4137	4155	4245	4155	
4156	4146	4253	4146	
4152	4147	4219	4147	
4150	4164	4219	4164	
4163	4159	4192	4159	
4178	4147	4179	4147	
4153	4135	4157	4135	
4243	4216	4208	4216	
4289	4241	4226	4241	
4347	4294	4262	4294	
4426	4342	4294	4342	
4325	4362	4204	4362	
4256	4307	4180	4307	
4247	4303	4193	4303	
4244	4278	4191	4278	
4220	4265	4193	4265	
4230	4261	4223	4261	
4226	4266	4252	4266	
4203	4244	4234	4244	
4204	4245	4258	4245	
4197	4237	4293	4237	
4189	4230	4278	4230	
4193	4240	4308	4240	
4198	4235	4331	4235	
4217	4253	4350	4253	
4225	4275	4378	4275	
4223	4273	4388	4273	
4219	4269	4411	4269	
4228	4263	4419	4263	
4224	4266	4445	4266	
4218	4243	4454	4243	
4199	4240	4439	4240	
4212	4253	4468	4253	
4212	4232	4478	4232	
4230	4258	4480	4258	
4213	4258	4493	4258	
4207	4267	4508	4267	
4204	4252	4493	4252	
4194	4248	4475	4248	
4175	4224	4465	4224	
4148	4215	4430	4215	
4151	4202	4409	4202	
4137	4184	4405	4184	
4139	4178	4390	4178	
4122	4190	4381	4190	
4130	4181	4365	4181	
4133	4181	4361	4181	
4119	4178	4324	4178	
4128	4165	4306	4165	
4136	4176	4310	4176	
4135	4164	4281	4164	
4151	4171	4284	4171	
4151	4153	4251	4153	
4146	4151	4245	4151	
4170	4157	4233	4157	
4165	4159	4206	4159	
4162	4146	4188	4146	
4167	4137	4180	4137	
4172	4132	4155	4132	
4244	4210	4198	4210	
4275	4246	4224	4246	
4319	4279	4270	4279	
4385	4324	4294	4324	
4318	4339	4207	4339	
4272	4314	4210	4314	
4269	4314	4198	4314	
4258	4283	4202	4283	
4227	4286	4215	4286	
4212	4261	4210	4261	
4201	4248	4230	4248	
4204	4251	4257	4251	
4206	4252	4266	4252	
4204	4257	4276	4257	
4187	4229	4293	4229	
4202	4237	4310	4237	
4195	4241	4325	4241	
4206	4255	4357	4255	
4219	4257	4383	4257	
4216	4262	4391	4262	
4219	4254	4397	4254	
4224	4258	4415	4258	
4219	4254	4428	4254	
4211	4238	4425	4238	
4189	4239	4446	4239	
4199	4228	4453	4228	
4218	4247	4499	4247	
4226	4245	4518	4245	
4232	4265	4507	4265	
4212	4242	4494	4242	
4207	4253	4500	4253	
4206	4245	4491	4245	
4172	4243	4465	4243	
4167	4208	4445	4208	
4147	4205	4418	4205	
4157	4200	4416	4200	
4149	4210	4403	4210	
4139	4180	4382	4180	
4136	4166	4365	4166	
4129	4189	4357	4189	
4130	4183	4345	4183	
4137	4184	4335	4184	
4131	4172	4305	4172	
4147	4162	4295	4162	
4140	4159	4294	4159	
4150	4163	4266	4163	
4164	4161	4248	4161	
4172	4171	4226	4171	
4161	4149	4221	4149	
4174	4156	4201	4156	
4159	4134	4173	4134	
4185	4147	4169	4147	
4255	4214	4198	4214	
4290	4243	4215	4243	
4338	4281	4245	4281	
4373	4326	4273	4326	
4293	4344	4192	4344	
4273	4304	4166	4304	
4255	4298	4194	4298	
4238	4278	4190	4278	
4211	4259	4185	4259	
4201	4243	4190	4243	
4176	4231	4204	4231	
4191	4246	4242	4246	
4181	4230	4254	4230	
4189	4225	4269	4225	
4164	4238	4256	4238	
4189	4238	4298	4238	
4181	4233	4320	4233	
4179	4215	4328	4215	
4197	4236	4354	4236	
4210	4237	4395	4237	
4213	4225	4389	4225	
4217	4231	4407	4231	
4194	4230	4407	4230	
4199	4238	4422	4238	
4186	4223	4419	4223	
4194	4241	4463	4241	
4206	4244	4459	4244	
4213	4258	4491	4258	
4218	4262	4508	4262	
4222	4277	4517	4277	
4212	4237	4479	4237	
4189	4232	4486	4232	
4179	4232	4476	4232	
4157	4218	4430	4218	
4150	4198	4419	4198	
4129	4193	4407	4193	
4143	4201	4406	4201	
4126	4168	4377	4168	
4121	4177	4345	4177	
4116	4178	4334	4178	
4119	4166	4312	4166	
4128	4179	4306	4179	
4137	4164	4290	4164	
4122	4157	4280	4157	
4126	4170	4276	4170	
4130	4153	4261	4153	
4153	4162	4242	4162	
4154	4155	4217	4155	
4160	4161	4210	4161	
4147	4131	4178	4131	
4146	4136	4173	4136	
4196	4162	4179	4162	
4253	4214	4210	4214	
4264	4238	4224	4238	
4314	4261	4221	4261	
4319	4284	4246	4284	
4314	4337	4189	4337	
4268	4308	4180	4308	
4251	4289	4190	4289	
4226	4278	4187	4278	
4214	4247	4183	4247	
4197	4242	4190	4242	
4190	4239	4219	4239	
4180	4235	4225	4235	
4175	4233	4225	4233	
4175	4210	4253	4210	
4171	4213	4258	4213	
4179	4226	4287	4226	
4174	4220	4295	4220	
4197	4223	4315	4223	
4187	4219	4344	4219	
4182	4233	4350	4233	
4189	4230	4375	4230	
4209	4241	4377	4241	
4185	4228	4396	4228	
4191	4230	4400	4230	
4201	4225	4411	4225	
4187	4233	4435	4233	
4195	4239	4460	4239	
4210	4249	4483	4249	
4206	4247	4503	4247	
4210	4241	4502	4241	
4200	4246	4496	4246	
4191	4230	4487	4230	
4164	4229	4450	4229	
4148	4210	4419	4210	
4136	4201	4424	4201	
4147	4204	4403	4204	
4131	4189	4396	4189	
4126	4179	4360	4179	
4108	4171	4345	4171	
4120	4165	4324	4165	
4116	4148	4313	4148	
4122	4145	4293	4145	
4118	4164	4293	4164	
4127	4147	4262	4147	
4131	4148	4271	4148	
4130	4159	4238	4159	
4118	4141	4239	4141	
4148	4136	4199	4136	
4141	4140	4192	4140	
4148	4126	4175	4126	
4163	4124	4163	4124	
4221	4187	4188	4187	
4249	4209	4194	4209	
4257	4212	4197	4212	
4270	4230	4213	4230	
4359	4313	4262	4313	
4280	4327	4173	4327	
4225	4292	4165	4292	
4257	4287	4177	4287	
4229	4271	4169	4271	
4211	4259	4183	4259	
4191	4238	4200	4238	
4190	4239	4208	4239	
4181	4240	4228	4240	
4190	4233	4236	4233	
4159	4211	4244	4211	
4155	4210	4261	4210	
4167	4233	4290	4233	
4159	4218	4299	4218	
4188	4227	4329	4227	
4175	4227	4340	4227	
4192	4231	4345	4231	
4191	4229	4372	4229	
4189	4228	4378	4228	
4186	4202	4377	4202	
4189	4212	4382	4212	
4190	4225	4409	4225	
4174	4218	4429	4218	
4195	4241	4456	4241	
4210	4236	4490	4236	
4223	4264	4501	4264	
4203	4239	4484	4239	
4202	4237	4493	4237	
4190	4245	4467	4245	
4168	4223	4443	4223	
4134	4194	4422	4194	
4129	4186	4409	4186	
4128	4180	4398	4180	
4125	4185	4390	4185	
4120	4191	4355	4191	
4123	4180	4340	4180	
4107	4165	4308	4165	
4107	4157	4316	4157	
4111	4156	4290	4156	
4112	4140	4293	4140	
4118	4152	4260	4152	
4135	4141	4249	4141	
4134	4142	4244	4142	
4144	4158	4208	4158	
4141	4139	4203	4139	
4165	4156	4206	4156	
4140	4138	4169	4138	
4169	4146	4159	4146	
4222	4191	4183	4191	
4250	4198	4189	4198	
4261	4206	4183	4206	
4230	4207	4176	4207	
4425	4365	4316	4365	
4301	4351	4185	4351	
4255	4292	4169	4292	
4226	4283	4172	4283	
4240	4286	4191	4286	
4215	4267	4185	4267	
4211	4250	4204	4250	
4185	4236	4201	4236	
4187	4234	4225	4234	
4183	4228	4239	4228	
4171	4221	4241	4221	
4169	4228	4255	4228	
4165	4209	4282	4209	
4174	4215	4306	4215	
4171	4223	4314	4223	
4183	4226	4352	4226	
4184	4223	4352	4223	
4184	4230	4376	4230	
4194	4231	4381	4231	
4186	4212	4388	4212	
4186	4222	4385	4222	
4192	4228	4415	4228	
4204	4223	4439	4223	
4204	4240	4452	4240	
4231	4236	4484	4236	
4209	4238	4488	4238	
4208	4237	4483	4237	
4196	4246	4485	4246	
4190	4222	4456	4222	
4156	4217	4432	4217	
4159	4208	4449	4208	
4139	4185	4426	4185	
4138	4184	4394	4184	
4122	4167	4372	4167	
4114	4165	4352	4165	
4107	4169	4338	4169	
4112	4150	4317	4150	
4108	4146	4292	4146	
4106	4148	4297	4148	
4123	4156	4291	4156	
4126	4158	4283	4158	
4137	4149	4266	4149	
4150	4135	4250	4135	
4135	4143	4228	4143	
4154	4142	4195	4142	
4153	4148	4198	4148	
4149	4135	4168	4135	
4204	4177	4186	4177	
4187	4163	4185	4163	
4206	4175	4142	4175	
4217	4184	4169	4184	
4239	4217	4187	4217	
4411	4350	4304	4350	
4321	4349	4182	4349	
4256	4278	4145	4278	
4252	4282	4176	4282	
4227	4279	4175	4279	
4209	4263	4193	4263	
4202	4260	4187	4260	
4198	4232	4201	4232	
4186	4236	4220	4236	
4189	4229	4247	4229	
4175	4229	4238	4229	
4163	4216	4242	4216	
4174	4226	4284	4226	
4177	4209	4294	4209	
4181	4229	4318	4229	
4184	4228	4350	4228	
4189	4233	4372	4233	
4196	4246	4378	4246	
4195	4229	4383	4229	
4203	4226	4401	4226	
4209	4234	4385	4234	
4174	4236	4411	4236	
4197	4224	4433	4224	
4209	4233	4437	4233	
4218	4234	4461	4234	
4211	4239	4476	4239	
4213	4240	4477	4240	
4192	4222	4451	4222	
4161	4204	4441	4204	
4157	4206	4441	4206	
4149	4195	4405	4195	
4137	4189	4400	4189	
4137	4180	4390	4180	
4126	4171	4355	4171	
4122	4176	4357	4176	
4126	4170	4323	4170	
4117	4152	4311	4152	
4110	4149	4289	4149	
4116	4153	4287	4153	
4123	4144	4267	4144	
4127	4145	4251	4145	
4140	4142	4261	4142	
4138	4139	4233	4139	
4139	4139	4220	4139	
4155	4140	4211	4140	
4148	4136	4174	4136	
4171	4154	4182	4154	
4182	4164	4177	4164	
4183	4155	4174	4155	
4171	4157	4164	4157	
4222	4196	4176	4196	
4340	4304	4261	4304	
4384	4318	4257	4318	
4325	4382	4213	4382	
4232	4259	4123	4259	
4254	4289	4172	4289	
4225	4246	4164	4246	
4201	4242	4166	4242	
4193	4243	4182	4243	
4181	4226	4184	4226	
4173	4214	4208	4214	
4160	4231	4232	4231	
4170	4207	4243	4207	
4150	4221	4246	4221	
4146	4199	4262	4199	
4162	4199	4276	4199	
4160	4205	4300	4205	
4178	4220	4320	4220	
4175	4201	4330	4201	
4186	4207	4347	4207	
4178	4209	4361	4209	
4180	4219	4372	4219	
4183	4213	4383	4213	
4192	4200	4379	4200	
4192	4220	4418	4220	
4190	4221	4431	4221	
4192	4227	4435	4227	
4188	4222	4435	4222	
4177	4213	4444	4213	
4180	4207	4417	4207	
4158	4186	4392	4186	
4139	4181	4380	4181	
4131	4171	4372	4171	
4127	4173	4370	4173	
4118	4152	4356	4152	
4115	4150	4351	4150	
4111	4148	4338	4148	
4119	4150	4308	4150	
4107	4151	4297	4151	
4116	4140	4289	4140	
4115	4138	4275	4138	
4121	4149	4260	4149	
4102	4116	4230	4116	
4120	4123	4231	4123	
4126	4132	4218	4132	
4132	4136	4212	4136	
4149	4127	4193	4127	
4156	4130	4167	4130	
4161	4131	4162	4131	
4168	4132	4147	4132	
4209	4163	4169	4163	
4212	4186	4159	4186	
4273	4228	4196	4228	
4334	4281	4257	4281	
4356	4321	4254	4321	
4368	4399	4226	4399	
4283	4335	4185	4335	
4248	4288	4162	4288	
4206	4258	4149	4258	
4183	4239	4160	4239	
4193	4236	4170	4236	
4177	4236	4188	4236	
4177	4215	4195	4215	
4179	4227	4219	4227	
4165	4223	4232	4223	
4164	4213	4233	4213	
4167	4204	4254	4204	
4159	4217	4267	4217	
4163	4210	4295	4210	
4173	4224	4323	4224	
4173	4208	4320	4208	
4168	4201	4331	4201	
4172	4204	4357	4204	
4165	4198	4358	4198	
4188	4214	4374	4214	
4193	4220	4371	4220	
4181	4203	4404	4203	
4188	4233	4407	4233	
4192	4212	4407	4212	
4182	4206	4404	4206	
4175	4196	4401	4196	
4151	4199	4386	4199	
4138	4167	4357	4167	
4130	4175	4368	4175	
4112	4165	4356	4165	
4134	4173	4346	4173	
4116	4174	4340	4174	
4130	4160	4323	4160	
4122	4156	4319	4156	
4116	4151	4317	4151	
4119	4166	4293	4166	
4133	4160	4299	4160	
4116	4155	4272	4155	
4119	4140	4239	4140	
4114	4128	4229	4128	
4133	4133	4218	4133	
4140	4131	4189	4131	
4145	4142	4194	4142	
4138	4137	4170	4137	
4164	4126	4170	4126	
4162	4134	4157	4134	
4171	4130	4139	4130	
4210	4177	4152	4177	
4246	4191	4166	4191	
4276	4247	4200	4247	
4316	4276	4227	4276	
4369	4324	4249	4324	
4370	4412	4227	4412	
4305	4338	4185	4338	
4249	4301	4162	4301	
4216	4271	4152	4271	
4218	4271	4162	4271	
4214	4255	4185	4255	
4193	4250	4196	4250	
4206	4222	4204	4222	
4190	4228	4216	4228	
4185	4229	4233	4229	
4155	4217	4258	4217	
4169	4213	4252	4213	
4179	4227	4267	4227	
4173	4218	4289	4218	
4180	4212	4308	4212	
4189	4203	4321	4203	
4182	4210	4337	4210	
4198	4217	4356	4217	
4182	4215	4350	4215	
4191	4218	4354	4218	
4182	4210	4375	4210	
4187	4223	4398	4223	
4196	4223	4404	4223	
4171	4197	4383	4197	
4188	4201	4396	4201	
4176	4194	4370	4194	
4145	4170	4366	4170	
4135	4171	4355	4171	
4138	4179	4354	4179	
4121	4163	4336	4163	
4122	4154	4337	4154	
4127	4174	4338	4174	
4132	4172	4332	4172	
4113	4161	4338	4161	
4134	4166	4322	4166	
4135	4162	4305	4162	
4138	4144	4275	4144	
4116	4146	4274	4146	
4145	4158	4273	4158	
4125	4139	4226	4139	
4120	4149	4223	4149	
4140	4139	4208	4139	
4155	4136	4193	4136	
4162	4141	4156	4141	
4168	4140	4181	4140	
4189	4152	4151	4152	
4207	4154	4163	4154	
4227	4178	4169	4178	
4252	4210	4178	4210	
4280	4239	4190	4239	
4344	4288	4246	4288	
4395	4355	4286	4355	
4344	4417	4225	4417	
4303	4353	4184	4353	
4255	4292	4159	4292	
4231	4288	4154	4288	
4202	4271	4171	4271	
4198	4245	4184	4245	
4192	4243	4199	4243	
4195	4241	4218	4241	
4189	4240	4225	4240	
4189	4227	4230	4227	
4178	4225	4242	4225	
4159	4203	4252	4203	
4166	4232	4277	4232	
4178	4215	4289	4215	
4178	4223	4293	4223	
4173	4214	4330	4214	
4181	4215	4326	4215	
4207	4228	4367	4228	
4198	4218	4355	4218	
4200	4227	4357	4227	
4192	4220	4369	4220	
4199	4214	4404	4214	
4185	4222	4377	4222	
4188	4210	4377	4210	
4174	4204	4377	4204	
4154	4182	4347	4182	
4138	4182	4353	4182	
4128	4158	4312	4158	
4137	4166	4317	4166	
4117	4161	4329	4161	
4109	4141	4326	4141	
4123	4142	4319	4142	
4116	4147	4312	4147	
4128	4156	4305	4156	
4115	4147	4290	4147	
4119	4153	4297	4153	
4121	4143	4284	4143	
4133	4149	4265	4149	
4147	4149	4250	4149	
4139	4144	4235	4144	
4140	4130	4203	4130	
4151	4127	4177	4127	
4146	4131	4185	4131	
4160	4132	4173	4132	
4185	4158	4165	4158	
4194	4166	4164	4166	
4212	4180	4182	4180	
4246	4199	4169	4199	
4286	4227	4203	4227	
4287	4270	4216	4270	
4323	4294	4245	4294	
4462	4417	4347	4417	
4403	4424	4246	4424	
4333	4358	4182	4358	
4279	4311	4172	4311	
4233	4288	4157	4288	
4222	4262	4156	4262	
4197	4256	4169	4256	
4192	4244	4186	4244	
4187	4236	4186	4236	
4181	4238	4238	4238	
4185	4229	4234	4229	
4180	4217	4231	4217	
4164	4215	4238	4215	
4176	4213	4270	4213	
4165	4224	4267	4224	
4157	4213	4278	4213	
4189	4218	4300	4218	
4170	4227	4314	4227	
4185	4215	4328	4215	
4183	4213	4339	4213	
4182	4219	4339	4219	
4183	4212	4351	4212	
4171	4199	4345	4199	
4172	4201	4344	4201	
4174	4198	4348	4198	
4173	4179	4338	4179	
4154	4174	4323	4174	
4150	4160	4327	4160	
4131	4163	4315	4163	
4137	4155	4300	4155	
4121	4139	4290	4139	
4115	4143	4280	4143	
4125	4142	4292	4142	
4112	4150	4298	4150	
4142	4158	4291	4158	
4127	4145	4296	4145	
4112	4156	4272	4156	
4127	4150	4269	4150	
4112	4133	4262	4133	
4133	4129	4250	4129	
4145	4134	4229	4134	
4137	4141	4195	4141	
4148	4131	4187	4131	
4162	4131	4172	4131	
4176	4152	4165	4152	
4154	4139	4149	4139	
4175	4139	4144	4139	
4226	4175	4162	4175	
4241	4202	4168	4202	
4293	4235	4190	4235	
4300	4254	4222	4254	
4375	4335	4275	4335	
4523	4451	4389	4451	
4386	4423	4230	4423	
4297	4344	4190	4344	
4271	4305	4161	4305	
4236	4272	4141	4272	
4206	4251	4150	4251	
4210	4243	4150	4243	
4183	4229	4164	4229	
4178	4221	4169	4221	
4163	4217	4192	4217	
4177	4222	4199	4222	
4166	4213	4222	4213	
4170	4212	4234	4212	
4173	4204	4235	4204	
4162	4204	4254	4204	
4150	4194	4263	4194	
4154	4200	4266	4200	
4185	4207	4306	4207	
4162	4194	4297	4194	
4171	4188	4319	4188	
4175	4202	4331	4202	
4174	4192	4316	4192	
4156	4178	4327	4178	
4164	4168	4312	4168	
4152	4172	4322	4172	
4138	4152	4308	4152	
4136	4166	4300	4166	
4125	4123	4274	4123	
4132	4124	4273	4124	
4112	4148	4295	4148	
4116	4141	4289	4141	
4096	4135	4267	4135	
4110	4129	4261	4129	
4096	4130	4263	4130	
4119	4133	4269	4133	
4102	4126	4260	4126	
4108	4139	4254	4139	
4126	4127	4241	4127	
4117	4138	4216	4138	
4131	4127	4207	4127	
4115	4117	4198	4117	
4125	4119	4189	4119	
4139	4124	4169	4124	
4151	4130	4148	4130	
4166	4124	4147	4124	
4151	4126	4123	4126	
4179	4146	4121	4146	
4205	4155	4124	4155	
4244	4206	4166	4206	
4291	4250	4197	4250	
4341	4292	4246	4292	
4425	4367	4306	4367	
4572	4524	4460	4524	
4380	4436	4229	4436	
4297	4341	4179	4341	
4273	4327	4170	4327	
4225	4275	4153	4275	
4219	4266	4144	4266	
4195	4254	4145	4254	
4196	4235	4148	4235	
4184	4233	4167	4233	
4192	4228	4187	4228	
4183	4226	4202	4226	
4166	4213	4217	4213	
4178	4208	4232	4208	
4168	4219	4234	4219	
4184	4196	4244	4196	
4153	4203	4264	4203	
4165	4194	4276	4194	
4179	4205	4289	4205	
4180	4201	4284	4201	
4164	4192	4295	4192	
4170	4198	4303	4198	
4159	4178	4297	4178	
4173	4185	4318	4185	
4152	4164	4314	4164	
4157	4172	4292	4172	
4153	4148	4293	4148	
4127	4151	4272	4151	
4123	4156	4283	4156	
4122	4131	4275	4131	
4125	4139	4261	4139	
4111	4126	4267	4126	
4129	4129	4257	4129	
4127	4133	4263	4133	
4124	4136	4262	4136	
4105	4111	4246	4111	
4120	4134	4248	4134	
4125	4140	4257	4140	
4127	4125	4235	4125	
4132	4118	4220	4118	
4133	4122	4222	4122	
4129	4126	4188	4126	
4142	4118	4184	4118	
4154	4127	4163	4127	
4159	4118	4142	4118	
4164	4136	4145	4136	
4169	4125	4117	4125	
4192	4134	4111	4134	
4196	4154	4119	4154	
4273	4215	4170	4215	
4311	4257	4197	4257	
4375	4319	4263	4319	
4507	4436	4371	4436	
4650	4578	4514	4578	
4451	4485	4286	4485	
4304	4354	4173	4354	
4291	4340	4179	4340	
4254	4299	4144	4299	
4219	4268	4153	4268	
4221	4253	4170	4253	
4184	4234	4141	4234	
4198	4233	4153	4233	
4174	4231	4186	4231	
4185	4219	4187	4219	
4162	4220	4205	4220	
4172	4216	4217	4216	
4164	4203	4224	4203	
4174	4212	4235	4212	
4157	4209	4242	4209	
4169	4215	4271	4215	
4178	4215	4268	4215	
4154	4198	4272	4198	
4172	4197	4278	4197	
4166	4191	4287	4191	
4168	4195	4279	4195	
4170	4185	4296	4185	
4164	4162	4283	4162	
4154	4153	4279	4153	
4144	4147	4270	4147	
4130	4145	4268	4145	
4132	4145	4274	4145	
4129	4138	4267	4138	
4132	4151	4263	4151	
4139	4144	4265	4144	
4118	4136	4255	4136	
4121	4146	4261	4146	
4107	4133	4246	4133	
4114	4133	4234	4133	
4120	4127	4238	4127	
4131	4142	4254	4142	
4131	4122	4225	4122	
4153	4134	4223	4134	
4121	4129	4205	4129	
4146	4122	4180	4122	
4138	4127	4183	4127	
4155	4126	4174	4126	
4167	4137	4152	4137	
4183	4142	4148	4142	
4180	4139	4123	4139	
4205	4146	4123	4146	
4237	4190	4152	4190	
4279	4242	4182	4242	
4342	4292	4227	4292	
4411	4357	4295	4357	
4532	4474	4404	4474	
4682	4631	4551	4631	
4497	4540	4345	4540	
4386	4415	4215	4415	
4289	4347	4164	4347	
4271	4305	4158	4305	
4230	4291	4139	4291	
4208	4252	4134	4252	
4185	4229	4138	4229	
4185	4229	4160	4229	
4174	4228	4158	4228	
4178	4222	4188	4222	
4160	4228	4188	4228	
4163	4216	4184	4216	
4169	4210	4210	4210	
4152	4196	4238	4196	
4163	4199	4235	4199	
4166	4204	4233	4204	
4182	4190	4247	4190	
4147	4180	4245	4180	
4144	4187	4253	4187	
4156	4196	4258	4196	
4153	4188	4262	4188	
4152	4173	4270	4173	
4151	4157	4266	4157	
4139	4150	4249	4150	
4151	4148	4243	4148	
4121	4140	4251	4140	
4124	4145	4252	4145	
4126	4138	4240	4138	
4129	4136	4256	4136	
4117	4125	4236	4125	
4114	4128	4224	4128	
4122	4134	4223	4134	
4110	4122	4225	4122	
4135	4131	4221	4131	
4121	4129	4213	4129	
4117	4127	4204	4127	
4114	4119	4202	4119	
4151	4129	4187	4129	
4137	4122	4186	4122	
4147	4118	4168	4118	
4160	4122	4160	4122	
4146	4137	4155	4137	
4155	4145	4147	4145	
4190	4138	4145	4138	
4167	4143	4125	4143	
4195	4168	4122	4168	
4255	4208	4163	4208	
4306	4253	4187	4253	
4359	4297	4239	4297	
4426	4381	4316	4381	
4535	4501	4442	4501	
4767	4714	4632	4714	
4524	4571	4356	4571	
4393	4442	4239	4442	
4321	4370	4183	4370	
4282	4318	4160	4318	
4241	4280	4152	4280	
4206	4258	4136	4258	
4198	4228	4131	4228	
4164	4212	4130	4212	
4168	4198	4142	4198	
4155	4208	4149	4208	
4152	4203	4161	4203	
4158	4191	4183	4191	
4141	4192	4186	4192	
4155	4195	4202	4195	
4159	4189	4219	4189	
4160	4189	4231	4189	
4164	4180	4232	4180	
4157	4171	4244	4171	
4148	4174	4245	4174	
4143	4159	4226	4159	
4150	4177	4260	4177	
4137	4162	4249	4162	
4130	4150	4245	4150	
4132	4148	4236	4148	
4122	4128	4234	4128	
4121	4121	4219	4121	
4124	4134	4235	4134	
4116	4138	4249	4138	
4120	4132	4225	4132	
4121	4131	4237	4131	
4107	4127	4217	4127	
4126	4132	4216	4132	
4122	4122	4230	4122	
4143	4128	4214	4128	
4114	4120	4197	4120	
4123	4121	4199	4121	
4116	4113	4192	4113	
4129	4118	4179	4118	
4138	4120	4160	4120	
4129	4112	4157	4112	
4153	4120	4158	4120	
4147	4127	4131	4127	
4187	4136	4137	4136	
4163	4130	4115	4130	
4191	4145	4113	4145	
4221	4172	4121	4172	
4271	4229	4154	4229	
4310	4260	4201	4260	
4395	4325	4254	4325	
4452	4413	4331	4413	
4601	4556	4475	4556	
4847	4823	4754	4823	
4570	4623	4428	4623	
4430	4484	4273	4484	
4344	4386	4192	4386	
4279	4324	4160	4324	
4242	4287	4131	4287	
4226	4259	4122	4259	
4201	4224	4116	4224	
4168	4226	4126	4226	
4164	4208	4120	4208	
4174	4216	4149	4216	
4154	4200	4146	4200	
4154	4193	4142	4193	
4151	4183	4165	4183	
4159	4192	4164	4192	
4156	4186	4204	4186	
4144	4172	4210	4172	
4134	4168	4201	4168	
4124	4159	4215	4159	
4122	4158	4208	4158	
4126	4143	4192	4143	
4138	4155	4225	4155	
4141	4154	4228	4154	
4133	4151	4235	4151	
4129	4143	4224	4143	
4115	4139	4227	4139	
4107	4128	4221	4128	
4113	4138	4219	4138	
4123	4135	4223	4135	
4124	4133	4235	4133	
4116	4114	4220	4114	
4121	4115	4215	4115	
4125	4130	4214	4130	
4140	4136	4221	4136	
4146	4134	4226	4134	
4139	4124	4212	4124	
4127	4114	4170	4114	
4124	4124	4168	4124	
4131	4116	4166	4116	
4137	4107	4148	4107	
4138	4110	4140	4110	
4162	4120	4141	4120	
4156	4121	4146	4121	
4189	4154	4135	4154	
4194	4160	4118	4160	
4205	4154	4110	4154	
4220	4183	4126	4183	
4301	4233	4165	4233	
4335	4295	4213	4295	
4405	4364	4288	4364	
4490	4441	4373	4441	
4710	4672	4592	4672	
4753	4746	4716	4746	
4642	4721	4505	4721	
4482	4534	4331	4534	
4371	4421	4238	4421	
4284	4354	4170	4354	
4249	4320	4160	4320	
4233	4286	4137	4286	
4200	4239	4109	4239	
4201	4237	4130	4237	
4166	4215	4118	4215	
4174	4214	4140	4214	
4160	4209	4144	4209	
4154	4203	4160	4203	
4136	4177	4143	4177	
4151	4187	4184	4187	
4147	4204	4195	4204	
4160	4192	4195	4192	
4143	4180	4216	4180	
4157	4190	4231	4190	
4128	4171	4212	4171	
4137	4158	4201	4158	
4123	4147	4199	4147	
4126	4155	4222	4155	
4128	4156	4219	4156	
4147	4161	4241	4161	
4143	4169	4233	4169	
4125	4144	4220	4144	
4124	4150	4195	4150	
4114	4131	4209	4131	
4135	4134	4218	4134	
4116	4127	4214	4127	
4118	4130	4216	4130	
4120	4125	4201	4125	
4150	4144	4219	4144	
4129	4144	4200	4144	
4125	4134	4181	4134	
4146	4141	4185	4141	
4127	4133	4189	4133	
4136	4124	4164	4124	
4140	4125	4155	4125	
4143	4121	4136	4121	
4165	4139	4146	4139	
4180	4144	4140	4144	
4195	4161	4128	4161	
4194	4161	4128	4161	
4209	4168	4104	4168	
4248	4205	4144	4205	
4303	4258	4182	4258	
4391	4336	4267	4336	
4451	4410	4323	4410	
4582	4552	4484	4552	
4757	4740	4680	4740	
4927	4854	4774	4854	
4798	4828	4597	4828	
4531	4595	4379	4595	
4409	4481	4261	4481	
4316	4380	4192	4380	
4246	4323	4130	4323	
4244	4286	4121	4286	
4195	4248	4117	4248	
4170	4222	4099	4222	
4162	4212	4111	4212	
4160	4186	4125	4186	
4137	4184	4111	4184	
4145	4179	4138	4179	
4127	4170	4151	4170	
4139	4198	4183	4198	
4139	4191	4167	4191	
4119	4170	4180	4170	
4137	4172	4189	4172	
4134	4160	4190	4160	
4116	4152	4189	4152	
4114	4141	4177	4141	
4113	4138	4197	4138	
4129	4136	4192	4136	
4135	4147	4201	4147	
4125	4158	4218	4158	
4122	4141	4210	4141	
4109	4129	4201	4129	
4097	4112	4193	4112	
4106	4115	4188	4115	
4110	4122	4190	4122	
4113	4119	4181	4119	
4116	4127	4191	4127	
4110	4116	4190	4116	
4136	4133	4195	4133	
4156	4148	4206	4148	
4142	4127	4184	4127	
4152	4156	4183	4156	
4145	4138	4164	4138	
4127	4111	4153	4111	
4150	4129	4139	4129	
4139	4123	4115	4123	
4155	4126	4129	4126	
4185	4147	4121	4147	
4208	4152	4133	4152	
4201	4164	4114	4164	
4204	4177	4103	4177	
4262	4223	4157	4223	
4351	4287	4199	4287	
4399	4366	4275	4366	
4486	4446	4361	4446	
4626	4608	4555	4608	
4593	4620	4586	4620	
5405	5260	5127	5260	
4963	4982	4715	4982	
4667	4684	4466	4684	
4467	4524	4331	4524	
4358	4398	4221	4398	
4303	4330	4137	4330	
4262	4287	4132	4287	
4238	4258	4115	4258	
4198	4231	4111	4231	
4179	4203	4101	4203	
4162	4192	4096	4192	
4147	4184	4123	4184	
4138	4185	4106	4185	
4140	4168	4146	4168	
4175	4196	4166	4196	
4134	4172	4162	4172	
4134	4171	4168	4171	
4141	4163	4173	4163	
4146	4170	4180	4170	
4135	4142	4179	4142	
4112	4145	4177	4145	
4124	4146	4166	4146	
4111	4129	4157	4129	
4142	4149	4180	4149	
4116	4140	4167	4140	
4139	4144	4194	4144	
4128	4132	4197	4132	
4123	4101	4178	4101	
4124	4136	4187	4136	
4106	4111	4174	4111	
4125	4122	4171	4122	
4115	4117	4187	4117	
4152	4144	4182	4144	
4160	4128	4197	4128	
4153	4138	4184	4138	
4130	4131	4191	4131	
4138	4144	4176	4144	
4170	4132	4154	4132	
4139	4113	4127	4113	
4139	4123	4136	4123	
4151	4122	4103	4122	
4175	4128	4111	4128	
4219	4175	4138	4175	
4234	4164	4128	4164	
4217	4163	4117	4163	
4254	4195	4135	4195	
4305	4223	4177	4223	
4363	4313	4249	4313	
4413	4360	4287	4360	
4577	4524	4442	4524	
4660	4652	4591	4652	
4774	4762	4702	4762	
5556	5446	5317	5446	
                                                                                                                                                                                                                                                                                                                                                                                                                                                                                                                                                                                                                                                                                                                                                                                                                                                                                                                                                                                                                                                                                                                                                                                                                                                                                                                                                                                                                                                                                                                                                                                                                                                                                                                                                                                                                                                                                                                                                                                                                                                                                                                                                                                                                                                                                                                                                                                                                                                                                                                                                                                                                                                                                                                                                                                                                                                                                                                                                                                                                                                                                                                                                                                                                                                                                                                                                                                                                                                                                                                                                                                                                                                                                                                                                                                                                                                                                                                                                                                                                                                                                                                                                                                                                                                                                                                                                                                                                                                                                                                                                                                                                                                                                                                                                                                                                                                                                                                                                                                                                                                                                                                                                                                                                                                                                                                                                                                                                                                                                                                                                                                                                                                                                                                                                                                                                                                                                                                                                                                                                                                                                                                                                                                                                                                                                                                                                                                                                                                                                                                                                                                                                                                                                                                                                                                                                                                                                                                                                                                                                                                                                                                                                                                                                                                                                                                                                                                                                                                                                                                                                                                                                                                                                                                                                                                                                                                                                                                                                                                                                                                                                                                                                                                                                                                                                                                                                                                                                                                                                                                                                                                                                                                                                                                                                                                                                                                                                                                                                                                                                                                                                                                                                                                                                                                                                                                                                                                                                                                                                                                                                                                                                                                                                                                                                                                                                                                                                                                                                                                                                                                                                                                                                                                                                                                                                                                                                                                                                                                                                                                                                                                                                                                                                                                                                                                                                                                                                                                                                                                                                                                                                                                                                                                              