  1.1686700e+001
  1.1686700e+001
  1.1686700e+001
  1.1686700e+001
  1.1686700e+001
  1.1686700e+001
  1.1686700e+001
  1.1686700e+001
  1.1686700e+001
  1.1686700e+001
  1.1686700e+001
  1.1686700e+001
  1.1686700e+001
  1.1686700e+001
  1.1686700e+001
  1.1686700e+001
  1.1949212e+001
  1.2369230e+001
  1.2789249e+001
  1.3209267e+001
  1.3629285e+001
  1.4049304e+001
  1.4469322e+001
  1.4889341e+001
  1.5309359e+001
  1.5729378e+001
  1.6149396e+001
  1.6569415e+001
  1.6989433e+001
  1.7409452e+001
  1.7829470e+001
  1.8249489e+001
  1.8669507e+001
  1.9089526e+001
  1.9509544e+001
  1.9929563e+001
  2.0349581e+001
  2.0769600e+001
  2.1189618e+001
  2.1609637e+001
  2.2029655e+001
  2.2449674e+001
  2.2869692e+001
  2.3289711e+001
  2.3709729e+001
  2.4129748e+001
  2.4549766e+001
  2.4969784e+001
  2.5389803e+001
  2.5809821e+001
  2.6229840e+001
  2.6649858e+001
  2.7069877e+001
  2.7489895e+001
  2.7909914e+001
  2.8329932e+001
  2.8749951e+001
  2.9169969e+001
  2.9589988e+001
  3.0010006e+001
  3.0430025e+001
  3.0850043e+001
  3.1270062e+001
  3.1690080e+001
  3.2110099e+001
  3.2530117e+001
  3.2950136e+001
  3.3370154e+001
  3.3790173e+001
  3.4210191e+001
  3.4630210e+001
  3.5050228e+001
  3.5470247e+001
  3.5890265e+001
  3.6310283e+001
  3.6730302e+001
  3.7150320e+001
  3.7570339e+001
  3.7990357e+001
  3.8410376e+001
  3.8830394e+001
  3.9250413e+001
  3.9670431e+001
  4.0090450e+001
  4.0510468e+001
  4.0930487e+001
  4.1350505e+001
  4.1770524e+001
  4.2190542e+001
  4.2610561e+001
  4.3030579e+001
  4.3450598e+001
  4.3318530e+001
  4.3120620e+001
  4.2922711e+001
  4.2724802e+001
  4.2526893e+001
  4.2328984e+001
  4.2131075e+001
  4.1933166e+001
  4.1735256e+001
  4.1537347e+001
  4.1339438e+001
  4.1141529e+001
  4.0943620e+001
  4.0745711e+001
  4.0547802e+001
  4.0349892e+001
  4.0151983e+001
  3.9954074e+001
  3.9756165e+001
  3.9558256e+001
  3.9360347e+001
  3.9162438e+001
  3.8964528e+001
  3.8766619e+001
  3.8568710e+001
  3.8370801e+001
  3.8172892e+001
  3.7974983e+001
  3.7777074e+001
  3.7579164e+001
  3.7381255e+001
  3.7183346e+001
  3.6985437e+001
  3.6787528e+001
  3.6589619e+001
  3.6391710e+001
  3.6193800e+001
  3.5995891e+001
  3.5797982e+001
  3.5600073e+001
  3.5402164e+001
  3.5204255e+001
  3.5006346e+001
  3.4808437e+001
  3.4610527e+001
  3.4412618e+001
  3.4214709e+001
  3.4016800e+001
  3.3818891e+001
  3.3620982e+001
  3.3423073e+001
  3.3225163e+001
  3.3027254e+001
  3.2829345e+001
  3.2631436e+001
  3.2433527e+001
  3.2235618e+001
  3.2037709e+001
  3.1839799e+001
  3.1641890e+001
  3.1443981e+001
  3.1246072e+001
  3.1048163e+001
  3.0850254e+001
  3.0652345e+001
  3.0454435e+001
  3.0256526e+001
  3.0058617e+001
  2.9860708e+001
  2.9662799e+001
  2.9464890e+001
  2.9266981e+001
  2.9069071e+001
  2.8871162e+001
  2.8673253e+001
  2.8475344e+001
  2.8277435e+001
  2.8079526e+001
  2.7881617e+001
  2.7683708e+001
  2.7485798e+001
  2.7287889e+001
  2.7089980e+001
  2.6892071e+001
  2.6694162e+001
  2.6496253e+001
  2.6298344e+001
  2.6100434e+001
  2.5902525e+001
  2.5704616e+001
  2.5506707e+001
  2.5308798e+001
  2.5110889e+001
  2.4912980e+001
  2.4715070e+001
  2.4517161e+001
  2.4319252e+001
  2.4121343e+001
  2.3923434e+001
  2.3725525e+001
  2.3527616e+001
  2.3329706e+001
  2.3131797e+001
  2.2933888e+001
  2.2735979e+001
  2.2538070e+001
  2.2340161e+001
  2.2142252e+001
  2.1944342e+001
  2.1746433e+001
  2.1548524e+001
  2.1350615e+001
  2.1152706e+001
  2.0954797e+001
  2.0756888e+001
  2.0558978e+001
  2.0361069e+001
  2.0163160e+001
  1.9965251e+001
  1.9767342e+001
  1.9569433e+001
  1.9371524e+001
  1.9173615e+001
  1.8975705e+001
  1.8777796e+001
  1.8579887e+001
  1.8381978e+001
  1.8184069e+001
  1.7986160e+001
  1.7788251e+001
  1.7590341e+001
  1.7392432e+001
  1.7194523e+001
  1.6996614e+001
  1.6798705e+001
  1.6600796e+001
  1.6402887e+001
  1.6204977e+001
  1.6007068e+001
  1.5809159e+001
  1.5611250e+001
  1.5413341e+001
  1.5215432e+001
  1.5017523e+001
  1.4819613e+001
  1.4621704e+001
  1.4423795e+001
  1.4225886e+001
  1.4027977e+001
  1.3830068e+001
  1.3632159e+001
  1.3434249e+001
  1.3236340e+001
  1.3038431e+001
  1.2840522e+001
  1.2642613e+001
  1.2444704e+001
  1.2246795e+001
  1.2048886e+001
  1.1850976e+001
  1.1653067e+001
  1.1455158e+001
  1.1257249e+001
  1.1059340e+001
