  2.8374368e+001
  2.8374368e+001
  2.8374368e+001
  2.8374368e+001
  2.8374368e+001
  2.8374368e+001
  2.8374368e+001
  2.8374368e+001
  2.8374368e+001
  2.8374368e+001
  2.8374368e+001
  2.9078654e+001
  2.9782940e+001
  3.0487227e+001
  3.1191513e+001
  3.1895800e+001
  3.2600086e+001
  3.3304372e+001
  3.4008659e+001
  3.4712945e+001
  3.5417231e+001
  3.6121518e+001
  3.6825804e+001
  3.7530091e+001
  3.8234377e+001
  3.8938663e+001
  3.9642950e+001
  4.0347236e+001
  4.1051522e+001
  4.1755809e+001
  4.2460095e+001
  4.3164382e+001
  4.3868668e+001
  4.4572954e+001
  4.5277241e+001
  4.5981527e+001
  4.6685813e+001
  4.7390100e+001
  4.8094386e+001
  4.8798673e+001
  4.9502959e+001
  5.0207245e+001
  5.0911532e+001
  5.1615818e+001
  5.2320104e+001
  5.3024391e+001
  5.3728677e+001
  5.4432964e+001
  5.5137250e+001
  5.5841536e+001
  5.6545823e+001
  5.7250109e+001
  5.7954395e+001
  5.8658682e+001
  5.9362968e+001
  6.0067255e+001
  6.0771541e+001
  6.1475827e+001
  6.2180114e+001
  6.2884400e+001
  6.3588686e+001
  6.4292973e+001
  6.4997259e+001
  6.5701546e+001
  6.6405832e+001
  6.7110118e+001
  6.7814405e+001
  6.8518691e+001
  6.9222977e+001
  6.9927264e+001
  7.0631550e+001
  7.1335837e+001
  7.2040123e+001
  7.2744409e+001
  7.3448696e+001
  7.4152982e+001
  7.4857268e+001
  7.5561555e+001
  7.6265841e+001
  7.6970128e+001
  7.7674414e+001
  7.8378700e+001
  7.9082987e+001
  7.9787273e+001
  8.0491559e+001
  8.1195846e+001
  8.1900132e+001
  8.2604419e+001
  8.3308705e+001
  8.4012991e+001
  8.4717278e+001
  8.5421564e+001
  8.6125850e+001
  8.6830137e+001
  8.7534423e+001
  8.8238710e+001
  8.8942996e+001
  8.9647282e+001
  9.0351569e+001
  9.1055855e+001
  9.1760141e+001
  9.2464428e+001
  9.3168714e+001
  9.3873001e+001
  9.4577287e+001
  9.5281573e+001
  9.5985860e+001
  9.6690146e+001
  9.7394432e+001
  9.8098719e+001
  9.8803005e+001
  9.9507292e+001
  1.0021158e+002
  1.0091586e+002
  1.0162015e+002
  1.0232444e+002
  1.0302872e+002
  1.0373301e+002
  1.0443730e+002
  1.0514158e+002
  1.0584587e+002
  1.0568270e+002
  1.0509604e+002
  1.0450938e+002
  1.0392273e+002
  1.0333607e+002
  1.0274941e+002
  1.0216275e+002
  1.0157609e+002
  1.0098943e+002
  1.0040277e+002
  9.9816114e+001
  9.9229455e+001
  9.8642796e+001
  9.8056138e+001
  9.7469479e+001
  9.6882820e+001
  9.6296161e+001
  9.5709502e+001
  9.5122844e+001
  9.4536185e+001
  9.3949526e+001
  9.3362867e+001
  9.2776209e+001
  9.2189550e+001
  9.1602891e+001
  9.1016232e+001
  9.0429573e+001
  8.9842915e+001
  8.9256256e+001
  8.8669597e+001
  8.8082938e+001
  8.7496279e+001
  8.6909621e+001
  8.6322962e+001
  8.5736303e+001
  8.5149644e+001
  8.4562986e+001
  8.3976327e+001
  8.3389668e+001
  8.2803009e+001
  8.2216350e+001
  8.1629692e+001
  8.1043033e+001
  8.0456374e+001
  7.9869715e+001
  7.9283057e+001
  7.8696398e+001
  7.8109739e+001
  7.7523080e+001
  7.6936421e+001
  7.6349763e+001
  7.5763104e+001
  7.5176445e+001
  7.4589786e+001
  7.4003128e+001
  7.3416469e+001
  7.2829810e+001
  7.2243151e+001
  7.1656492e+001
  7.1069834e+001
  7.0483175e+001
  6.9896516e+001
  6.9309857e+001
  6.8723199e+001
  6.8136540e+001
  6.7549881e+001
  6.6963222e+001
  6.6376563e+001
  6.5789905e+001
  6.5203246e+001
  6.4616587e+001
  6.4029928e+001
  6.3443269e+001
  6.2856611e+001
  6.2269952e+001
  6.1683293e+001
  6.1096634e+001
  6.0509976e+001
  5.9923317e+001
  5.9336658e+001
  5.8749999e+001
  5.8163340e+001
  5.7576682e+001
  5.6990023e+001
  5.6403364e+001
  5.5816705e+001
  5.5230047e+001
  5.4643388e+001
  5.4056729e+001
  5.3470070e+001
  5.2883411e+001
  5.2296753e+001
  5.1710094e+001
  5.1123435e+001
  5.0536776e+001
  4.9950118e+001
  4.9363459e+001
  4.8776800e+001
  4.8190141e+001
  4.7603482e+001
  4.7016824e+001
  4.6430165e+001
  4.5843506e+001
  4.5256847e+001
  4.4670189e+001
  4.4083530e+001
  4.3496871e+001
  4.2910212e+001
  4.2323553e+001
  4.1736895e+001
  4.1150236e+001
  4.0563577e+001
  3.9976918e+001
  3.9390259e+001
  3.8803601e+001
  3.8216942e+001
  3.7630283e+001
  3.7043624e+001
  3.6456966e+001
  3.5870307e+001
  3.5283648e+001
  3.4696989e+001
  3.4110330e+001
  3.3523672e+001
  3.2937013e+001
  3.2350354e+001
  3.1763695e+001
  3.1177037e+001
  3.0590378e+001
  3.0003719e+001
  2.9417060e+001
  2.8830401e+001
  2.8243743e+001
  2.7657084e+001
  2.7070425e+001
