  5.6528000e+000
  5.6528000e+000
  5.6528000e+000
  5.6528000e+000
  5.6528000e+000
  5.6528000e+000
  5.6528000e+000
  5.6528000e+000
  5.6528000e+000
  5.6528000e+000
  5.6528000e+000
  5.6528000e+000
  5.6528000e+000
  5.6528000e+000
  5.6528000e+000
  5.6528000e+000
  5.8140100e+000
  6.0484973e+000
  6.2829846e+000
  6.5174719e+000
  6.7519592e+000
  6.9864465e+000
  7.2209338e+000
  7.4554211e+000
  7.6899084e+000
  7.9243957e+000
  8.1588830e+000
  8.3933703e+000
  8.6278576e+000
  8.8623449e+000
  9.0968322e+000
  9.3313195e+000
  9.5658068e+000
  9.8002941e+000
  1.0034781e+001
  1.0269269e+001
  1.0503756e+001
  1.0738243e+001
  1.0972731e+001
  1.1207218e+001
  1.1441705e+001
  1.1676193e+001
  1.1910680e+001
  1.2145167e+001
  1.2379654e+001
  1.2614142e+001
  1.2848629e+001
  1.3083116e+001
  1.3317604e+001
  1.3552091e+001
  1.3786578e+001
  1.4021066e+001
  1.4255553e+001
  1.4490040e+001
  1.4724527e+001
  1.4959015e+001
  1.5193502e+001
  1.5427989e+001
  1.5662477e+001
  1.5896964e+001
  1.6131451e+001
  1.6365939e+001
  1.6600426e+001
  1.6834913e+001
  1.7069400e+001
  1.7303888e+001
  1.7538375e+001
  1.7772862e+001
  1.8007350e+001
  1.8241837e+001
  1.8476324e+001
  1.8710812e+001
  1.8945299e+001
  1.9179786e+001
  1.9414274e+001
  1.9648761e+001
  1.9883248e+001
  2.0117735e+001
  2.0352223e+001
  2.0296817e+001
  2.0104842e+001
  1.9912867e+001
  1.9720892e+001
  1.9528917e+001
  1.9336943e+001
  1.9144968e+001
  1.8952993e+001
  1.8761018e+001
  1.8569043e+001
  1.8377068e+001
  1.8185093e+001
  1.7993118e+001
  1.7801143e+001
  1.7609168e+001
  1.7417193e+001
  1.7225218e+001
  1.7033243e+001
  1.6841268e+001
  1.6649293e+001
  1.6457318e+001
  1.6265343e+001
  1.6073369e+001
  1.5881394e+001
  1.5689419e+001
  1.5497444e+001
  1.5305469e+001
  1.5113494e+001
  1.4921519e+001
  1.4729544e+001
  1.4537569e+001
  1.4345594e+001
  1.4153619e+001
  1.3961644e+001
  1.3769669e+001
  1.3577694e+001
  1.3385719e+001
  1.3193744e+001
  1.3001769e+001
  1.2809795e+001
  1.2617820e+001
  1.2425845e+001
  1.2233870e+001
  1.2041895e+001
  1.1849920e+001
  1.1657945e+001
  1.1465970e+001
  1.1273995e+001
  1.1082020e+001
  1.0890045e+001
  1.0698070e+001
  1.0506095e+001
  1.0314120e+001
  1.0122145e+001
  9.9301704e+000
  9.7381955e+000
  9.5462205e+000
  9.3542456e+000
  9.1622706e+000
  8.9702957e+000
  8.7783208e+000
  8.5863458e+000
  8.3943709e+000
  8.2023959e+000
  8.0104210e+000
  7.8184460e+000
  7.6264711e+000
  7.4344962e+000
  7.2425212e+000
  7.0505463e+000
  6.8585713e+000
  6.6665964e+000
  6.4746215e+000
  6.2826465e+000
  6.0906716e+000
  5.8986966e+000
  5.7067217e+000
  5.5147468e+000
  5.3227718e+000
  5.1307969e+000
  5.1068000e+000
  5.1068000e+000
  5.1068000e+000
  5.1068000e+000
  5.1068000e+000
  5.1068000e+000
  5.1068000e+000
  5.1068000e+000
  5.1068000e+000
  5.1068000e+000
  5.1068000e+000
  5.1068000e+000
  5.1068000e+000
  5.1068000e+000
  5.1068000e+000
  5.1068000e+000
  5.1068000e+000
  5.1068000e+000
  5.1068000e+000
  5.1068000e+000
  5.1068000e+000
  5.1068000e+000
  5.1068000e+000
  5.1068000e+000
  5.1068000e+000
  5.1068000e+000
  5.1068000e+000
  5.1068000e+000
  5.1068000e+000
  5.1068000e+000
  5.1068000e+000
  5.1068000e+000
  5.1068000e+000
  5.1068000e+000
  5.1068000e+000
  5.1068000e+000
  5.1068000e+000
  5.1068000e+000
  5.1068000e+000
  5.1068000e+000
  5.1068000e+000
  5.1068000e+000
  5.1068000e+000
  5.1068000e+000
  5.1068000e+000
  5.1068000e+000
  5.1068000e+000
  5.1068000e+000
  5.1068000e+000
  5.1068000e+000
  5.1068000e+000
  5.1068000e+000
  5.1068000e+000
  5.1068000e+000
  5.1068000e+000
  5.1068000e+000
  5.1068000e+000
  5.1068000e+000
  5.1068000e+000
  5.1068000e+000
  5.1068000e+000
  5.1068000e+000
  5.1068000e+000
  5.1068000e+000
  5.1068000e+000
  5.1068000e+000
  5.1068000e+000
  5.1068000e+000
  5.1068000e+000
  5.1068000e+000
  5.1068000e+000
  5.1068000e+000
  5.1068000e+000
  5.1068000e+000
  5.1068000e+000
  5.1068000e+000
  5.1068000e+000
  5.1068000e+000
  5.1068000e+000
  5.1068000e+000
  5.1068000e+000
  5.1068000e+000
  5.1068000e+000
  5.1068000e+000
  5.1068000e+000
  5.1068000e+000
  5.1068000e+000
  5.1068000e+000
  5.1068000e+000
  5.1068000e+000
  5.1068000e+000
  5.1068000e+000
  5.1068000e+000
  5.1068000e+000
  5.1068000e+000
  5.1068000e+000
  5.1068000e+000
