  1.7745400e+001
  1.7745400e+001
  1.7745400e+001
  1.7745400e+001
  1.7745400e+001
  1.7745400e+001
  1.7745400e+001
  1.7745400e+001
  1.7745400e+001
  1.7745400e+001
  1.7745400e+001
  1.7745400e+001
  1.7745400e+001
  1.7745400e+001
  1.7745400e+001
  1.7745400e+001
  1.7745400e+001
  1.7745400e+001
  1.7745400e+001
  1.7745400e+001
  1.7745400e+001
  1.7745400e+001
  1.8116647e+001
  1.8776641e+001
  1.9436635e+001
  2.0096629e+001
  2.0756623e+001
  2.1416617e+001
  2.2076611e+001
  2.2736605e+001
  2.3396599e+001
  2.4056593e+001
  2.4716587e+001
  2.5376581e+001
  2.6036575e+001
  2.6696569e+001
  2.7356563e+001
  2.8016557e+001
  2.8676551e+001
  2.9336545e+001
  2.9996539e+001
  3.0656533e+001
  3.1316527e+001
  3.1976521e+001
  3.2636515e+001
  3.3296509e+001
  3.3956503e+001
  3.4616497e+001
  3.5276491e+001
  3.5936485e+001
  3.6596479e+001
  3.7256473e+001
  3.7916467e+001
  3.8576461e+001
  3.9236455e+001
  3.9896449e+001
  4.0556443e+001
  4.1216437e+001
  4.1876431e+001
  4.2536425e+001
  4.3196419e+001
  4.3856413e+001
  4.4516407e+001
  4.5176401e+001
  4.5836395e+001
  4.6496389e+001
  4.7156383e+001
  4.7816377e+001
  4.8476371e+001
  4.9136365e+001
  4.9796359e+001
  5.0456353e+001
  5.1116347e+001
  5.1776341e+001
  5.2436335e+001
  5.3096329e+001
  5.3756323e+001
  5.4416317e+001
  5.5076311e+001
  5.5736305e+001
  5.6292809e+001
  5.6052879e+001
  5.5812950e+001
  5.5573020e+001
  5.5333091e+001
  5.5093161e+001
  5.4853231e+001
  5.4613302e+001
  5.4373372e+001
  5.4133443e+001
  5.3893513e+001
  5.3653584e+001
  5.3413654e+001
  5.3173724e+001
  5.2933795e+001
  5.2693865e+001
  5.2453936e+001
  5.2214006e+001
  5.1974077e+001
  5.1734147e+001
  5.1494217e+001
  5.1254288e+001
  5.1014358e+001
  5.0774429e+001
  5.0534499e+001
  5.0294570e+001
  5.0054640e+001
  4.9814710e+001
  4.9574781e+001
  4.9334851e+001
  4.9094922e+001
  4.8854992e+001
  4.8615063e+001
  4.8375133e+001
  4.8135203e+001
  4.7895274e+001
  4.7655344e+001
  4.7415415e+001
  4.7175485e+001
  4.6935556e+001
  4.6695626e+001
  4.6455696e+001
  4.6215767e+001
  4.5975837e+001
  4.5735908e+001
  4.5495978e+001
  4.5256049e+001
  4.5016119e+001
  4.4776189e+001
  4.4536260e+001
  4.4296330e+001
  4.4056401e+001
  4.3816471e+001
  4.3576542e+001
  4.3336612e+001
  4.3096682e+001
  4.2856753e+001
  4.2616823e+001
  4.2376894e+001
  4.2136964e+001
  4.1897035e+001
  4.1657105e+001
  4.1417175e+001
  4.1177246e+001
  4.0937316e+001
  4.0697387e+001
  4.0457457e+001
  4.0217528e+001
  3.9977598e+001
  3.9737668e+001
  3.9497739e+001
  3.9257809e+001
  3.9017880e+001
  3.8777950e+001
  3.8538021e+001
  3.8298091e+001
  3.8058161e+001
  3.7818232e+001
  3.7578302e+001
  3.7338373e+001
  3.7098443e+001
  3.6858514e+001
  3.6618584e+001
  3.6378654e+001
  3.6138725e+001
  3.5898795e+001
  3.5658866e+001
  3.5418936e+001
  3.5179007e+001
  3.4939077e+001
  3.4699147e+001
  3.4459218e+001
  3.4219288e+001
  3.3979359e+001
  3.3739429e+001
  3.3499500e+001
  3.3259570e+001
  3.3019640e+001
  3.2779711e+001
  3.2539781e+001
  3.2299852e+001
  3.2059922e+001
  3.1819993e+001
  3.1580063e+001
  3.1340133e+001
  3.1100204e+001
  3.0860274e+001
  3.0620345e+001
  3.0380415e+001
  3.0140486e+001
  2.9900556e+001
  2.9660626e+001
  2.9420697e+001
  2.9180767e+001
  2.8940838e+001
  2.8700908e+001
  2.8460979e+001
  2.8221049e+001
  2.7981119e+001
  2.7741190e+001
  2.7501260e+001
  2.7261331e+001
  2.7021401e+001
  2.6781472e+001
  2.6541542e+001
  2.6301612e+001
  2.6061683e+001
  2.5821753e+001
  2.5581824e+001
  2.5341894e+001
  2.5101965e+001
  2.4862035e+001
  2.4622106e+001
  2.4382176e+001
  2.4142246e+001
  2.3902317e+001
  2.3662387e+001
  2.3422458e+001
  2.3182528e+001
  2.2942599e+001
  2.2702669e+001
  2.2462739e+001
  2.2222810e+001
  2.1982880e+001
  2.1742951e+001
  2.1503021e+001
  2.1263092e+001
  2.1023162e+001
  2.0783232e+001
  2.0543303e+001
  2.0303373e+001
  2.0063444e+001
  1.9823514e+001
  1.9583585e+001
  1.9343655e+001
  1.9103725e+001
  1.8863796e+001
  1.8623866e+001
  1.8383937e+001
  1.8144007e+001
  1.7904078e+001
  1.7664148e+001
  1.7424218e+001
  1.7184289e+001
  1.6944359e+001
  1.6704430e+001
  1.6464500e+001
  1.6224571e+001
  1.5984641e+001
  1.5744711e+001
  1.5504782e+001
  1.5264852e+001
  1.5024923e+001
  1.4784993e+001
  1.4545064e+001
  1.4305134e+001
