  1.3940004e+001
  1.3940004e+001
  1.3940004e+001
  1.3940004e+001
  1.3940004e+001
  1.3940004e+001
  1.3940004e+001
  1.3940004e+001
  1.3940004e+001
  1.3940004e+001
  1.3940004e+001
  1.4248861e+001
  1.4557718e+001
  1.4866574e+001
  1.5175431e+001
  1.5484288e+001
  1.5793144e+001
  1.6102001e+001
  1.6410857e+001
  1.6719714e+001
  1.7028571e+001
  1.7337427e+001
  1.7646284e+001
  1.7955141e+001
  1.8263997e+001
  1.8572854e+001
  1.8881711e+001
  1.9190567e+001
  1.9499424e+001
  1.9808280e+001
  2.0117137e+001
  2.0425994e+001
  2.0734850e+001
  2.1043707e+001
  2.1352564e+001
  2.1661420e+001
  2.1970277e+001
  2.2279133e+001
  2.2587990e+001
  2.2896847e+001
  2.3205703e+001
  2.3514560e+001
  2.3823417e+001
  2.4132273e+001
  2.4441130e+001
  2.4749987e+001
  2.5058843e+001
  2.5367700e+001
  2.5676556e+001
  2.5985413e+001
  2.6294270e+001
  2.6603126e+001
  2.6911983e+001
  2.7220840e+001
  2.7529696e+001
  2.7838553e+001
  2.8147410e+001
  2.8456266e+001
  2.8765123e+001
  2.9073979e+001
  2.9382836e+001
  2.9691693e+001
  3.0000549e+001
  3.0309406e+001
  3.0618263e+001
  3.0927119e+001
  3.1235976e+001
  3.1544833e+001
  3.1853689e+001
  3.2162546e+001
  3.2471402e+001
  3.2780259e+001
  3.3089116e+001
  3.3397972e+001
  3.3706829e+001
  3.4015686e+001
  3.4324542e+001
  3.4633399e+001
  3.4942255e+001
  3.5251112e+001
  3.5559969e+001
  3.5868825e+001
  3.6177682e+001
  3.6486539e+001
  3.6795395e+001
  3.7104252e+001
  3.7413109e+001
  3.7721965e+001
  3.8030822e+001
  3.8339678e+001
  3.8648535e+001
  3.8957392e+001
  3.9266248e+001
  3.9575105e+001
  3.9883962e+001
  4.0192818e+001
  4.0501675e+001
  4.0810532e+001
  4.1119388e+001
  4.1428245e+001
  4.1737101e+001
  4.2045958e+001
  4.2354815e+001
  4.2663671e+001
  4.2972528e+001
  4.3281385e+001
  4.3590241e+001
  4.3899098e+001
  4.4207955e+001
  4.4516811e+001
  4.4825668e+001
  4.5134524e+001
  4.5443381e+001
  4.5752238e+001
  4.6061094e+001
  4.6369951e+001
  4.6678808e+001
  4.6987664e+001
  4.7296521e+001
  4.7605377e+001
  4.7914234e+001
  4.8223091e+001
  4.8531947e+001
  4.8840804e+001
  4.9149661e+001
  4.9458517e+001
  4.9767374e+001
  5.0076231e+001
  5.0385087e+001
  5.0693944e+001
  5.1002800e+001
  5.1311657e+001
  5.1620514e+001
  5.1929370e+001
  5.2238227e+001
  5.2547084e+001
  5.2855940e+001
  5.3164797e+001
  5.3473654e+001
  5.3782510e+001
  5.4091367e+001
  5.4400223e+001
  5.4709080e+001
  5.5017937e+001
  5.5326793e+001
  5.5635650e+001
  5.5944507e+001
  5.6253363e+001
  5.6562220e+001
  5.6871077e+001
  5.7179933e+001
  5.7488790e+001
  5.7797646e+001
  5.7930488e+001
  5.7538004e+001
  5.7145520e+001
  5.6753035e+001
  5.6360551e+001
  5.5968066e+001
  5.5575582e+001
  5.5183097e+001
  5.4790613e+001
  5.4398128e+001
  5.4005644e+001
  5.3613160e+001
  5.3220675e+001
  5.2828191e+001
  5.2435706e+001
  5.2043222e+001
  5.1650737e+001
  5.1258253e+001
  5.0865768e+001
  5.0473284e+001
  5.0080799e+001
  4.9688315e+001
  4.9295831e+001
  4.8903346e+001
  4.8510862e+001
  4.8118377e+001
  4.7725893e+001
  4.7333408e+001
  4.6940924e+001
  4.6548439e+001
  4.6155955e+001
  4.5763470e+001
  4.5370986e+001
  4.4978502e+001
  4.4586017e+001
  4.4193533e+001
  4.3801048e+001
  4.3408564e+001
  4.3016079e+001
  4.2623595e+001
  4.2231110e+001
  4.1838626e+001
  4.1446142e+001
  4.1053657e+001
  4.0661173e+001
  4.0268688e+001
  3.9876204e+001
  3.9483719e+001
  3.9091235e+001
  3.8698750e+001
  3.8306266e+001
  3.7913781e+001
  3.7521297e+001
  3.7128813e+001
  3.6736328e+001
  3.6343844e+001
  3.5951359e+001
  3.5558875e+001
  3.5166390e+001
  3.4773906e+001
  3.4381421e+001
  3.3988937e+001
  3.3596452e+001
  3.3203968e+001
  3.2811484e+001
  3.2418999e+001
  3.2026515e+001
  3.1634030e+001
  3.1241546e+001
  3.0849061e+001
  3.0456577e+001
  3.0064092e+001
  2.9671608e+001
  2.9279124e+001
  2.8886639e+001
  2.8494155e+001
  2.8101670e+001
  2.7709186e+001
  2.7316701e+001
  2.6924217e+001
  2.6531732e+001
  2.6139248e+001
  2.5746763e+001
  2.5354279e+001
  2.4961795e+001
  2.4569310e+001
  2.4176826e+001
  2.3784341e+001
  2.3391857e+001
  2.2999372e+001
  2.2606888e+001
  2.2214403e+001
  2.1821919e+001
  2.1429434e+001
  2.1036950e+001
  2.0644466e+001
  2.0251981e+001
  1.9859497e+001
  1.9467012e+001
  1.9074528e+001
  1.8682043e+001
  1.8289559e+001
  1.7897074e+001
