   480	   480	   480	   480	
  6134	  5668	  5124	  5694	
  5791	  5440	  5012	  5431	
  5588	  5277	  4926	  5290	
  5446	  5182	  4862	  5160	
  5354	  5083	  4789	  5078	
  5264	  4990	  4753	  4998	
  5170	  4956	  4707	  4918	
  5056	  4862	  4627	  4851	
  4944	  4769	  4601	  4763	
  4848	  4704	  4549	  4669	
  4748	  4630	  4477	  4604	
  4690	  4570	  4420	  4534	
  4616	  4499	  4406	  4489	
  4555	  4475	  4386	  4458	
  4492	  4422	  4343	  4392	
  4451	  4379	  4300	  4351	
  4424	  4354	  4317	  4336	
  4398	  4326	  4270	  4305	
  4379	  4308	  4262	  4286	
  4366	  4297	  4264	  4286	
  4386	  4308	  4254	  4282	
  4409	  4343	  4265	  4310	
  4472	  4352	  4269	  4343	
  4536	  4378	  4282	  4367	
  4551	  4398	  4296	  4385	
  4596	  4439	  4320	  4407	
  4699	  4490	  4370	  4478	
  4775	  4541	  4376	  4525	
  4829	  4590	  4398	  4566	
  4796	  4566	  4393	  4562	
  5946	  5493	  5026	  5538	
  5722	  5388	  4998	  5395	
  5612	  5294	  4940	  5288	
  5480	  5197	  4899	  5194	
  5368	  5109	  4855	  5107	
  5269	  5025	  4789	  5022	
  5163	  4954	  4737	  4939	
  5045	  4846	  4680	  4854	
  4923	  4769	  4600	  4747	
  4829	  4673	  4539	  4657	
  4732	  4600	  4484	  4579	
  4633	  4529	  4436	  4515	
  4567	  4473	  4401	  4449	
  4506	  4421	  4347	  4400	
  4440	  4374	  4326	  4360	
  4421	  4347	  4294	  4329	
  4380	  4327	  4281	  4308	
  4354	  4292	  4282	  4283	
  4343	  4276	  4255	  4270	
  4348	  4281	  4253	  4257	
  4358	  4276	  4250	  4273	
  4391	  4307	  4292	  4300	
  4442	  4325	  4297	  4326	
  4515	  4374	  4312	  4364	
  4558	  4391	  4342	  4391	
  4623	  4444	  4367	  4424	
  4686	  4507	  4403	  4481	
  4779	  4557	  4447	  4554	
  4853	  4608	  4487	  4608	
  4834	  4584	  4470	  4597	
  5812	  5405	  4907	  5420	
  5749	  5413	  5049	  5429	
  5619	  5309	  4959	  5328	
  5492	  5193	  4928	  5204	
  5388	  5124	  4878	  5130	
  5276	  5037	  4831	  5036	
  5151	  4945	  4759	  4945	
  5052	  4849	  4681	  4846	
  4904	  4742	  4614	  4748	
  4799	  4670	  4552	  4654	
  4691	  4580	  4480	  4569	
  4594	  4495	  4409	  4475	
  4523	  4437	  4387	  4423	
  4445	  4380	  4330	  4375	
  4407	  4347	  4298	  4336	
  4359	  4323	  4284	  4299	
  4337	  4283	  4272	  4284	
  4311	  4266	  4268	  4256	
  4314	  4264	  4257	  4258	
  4321	  4270	  4262	  4250	
  4341	  4280	  4261	  4268	
  4399	  4305	  4278	  4289	
  4436	  4332	  4314	  4330	
  4498	  4381	  4313	  4371	
  4561	  4411	  4354	  4419	
  4610	  4473	  4393	  4457	
  4693	  4532	  4434	  4522	
  4759	  4567	  4457	  4569	
  4844	  4630	  4511	  4628	
  4835	  4596	  4470	  4606	
  5765	  5363	  4908	  5366	
  5747	  5394	  5028	  5407	
  5604	  5308	  4963	  5302	
  5488	  5186	  4907	  5193	
  5378	  5128	  4858	  5125	
  5245	  5020	  4805	  5030	
  5139	  4940	  4742	  4943	
  5002	  4829	  4671	  4829	
  4883	  4728	  4584	  4728	
  4745	  4633	  4506	  4624	
  4640	  4549	  4450	  4534	
  4527	  4455	  4386	  4436	
  4446	  4376	  4340	  4370	
  4390	  4338	  4289	  4320	
  4327	  4300	  4258	  4282	
  4293	  4268	  4245	  4251	
  4271	  4246	  4231	  4230	
  4257	  4239	  4212	  4219	
  4276	  4237	  4232	  4226	
  4288	  4244	  4238	  4229	
  4321	  4255	  4249	  4256	
  4350	  4282	  4249	  4280	
  4397	  4318	  4294	  4307	
  4478	  4364	  4299	  4367	
  4539	  4425	  4369	  4411	
  4592	  4469	  4404	  4454	
  4669	  4499	  4427	  4502	
  4762	  4568	  4469	  4557	
  4838	  4629	  4495	  4613	
  4842	  4596	  4489	  4606	
  5732	  5321	  4912	  5353	
  5703	  5385	  4993	  5399	
  5566	  5289	  4970	  5315	
  5465	  5181	  4898	  5205	
  5369	  5123	  4859	  5119	
  5238	  5025	  4781	  5015	
  5125	  4917	  4726	  4915	
  4972	  4812	  4638	  4811	
  4838	  4697	  4566	  4704	
  4706	  4597	  4486	  4594	
  4588	  4497	  4421	  4496	
  4496	  4410	  4332	  4417	
  4386	  4341	  4277	  4331	
  4325	  4286	  4258	  4264	
  4268	  4237	  4210	  4231	
  4242	  4210	  4192	  4206	
  4215	  4208	  4183	  4194	
  4212	  4203	  4176	  4190	
  4232	  4217	  4209	  4207	
  4255	  4227	  4192	  4213	
  4292	  4243	  4230	  4243	
  4317	  4266	  4254	  4260	
  4376	  4311	  4283	  4308	
  4449	  4342	  4312	  4353	
  4504	  4392	  4342	  4393	
  4562	  4437	  4381	  4433	
  4655	  4484	  4415	  4480	
  4744	  4544	  4445	  4539	
  4811	  4598	  4470	  4611	
  4807	  4599	  4450	  4610	
  5675	  5324	  4898	  5342	
  5660	  5358	  4981	  5359	
  5543	  5256	  4951	  5281	
  5446	  5174	  4893	  5187	
  5329	  5098	  4839	  5112	
  5202	  5002	  4785	  5013	
  5085	  4895	  4712	  4901	
  4937	  4782	  4613	  4782	
  4809	  4662	  4545	  4686	
  4654	  4572	  4447	  4558	
  4535	  4471	  4376	  4462	
  4430	  4384	  4324	  4381	
  4347	  4318	  4245	  4302	
  4279	  4247	  4209	  4242	
  4218	  4199	  4173	  4192	
  4188	  4167	  4156	  4154	
  4159	  4163	  4150	  4152	
  4155	  4162	  4156	  4156	
  4190	  4168	  4167	  4168	
  4214	  4192	  4185	  4182	
  4255	  4220	  4215	  4210	
  4293	  4248	  4230	  4242	
  4349	  4277	  4267	  4286	
  4413	  4321	  4291	  4336	
  4483	  4373	  4334	  4368	
  4541	  4414	  4352	  4415	
  4619	  4475	  4399	  4462	
  4688	  4507	  4415	  4515	
  4784	  4575	  4452	  4588	
  4791	  4570	  4421	  4579	
  5657	  5294	  4885	  5320	
  5613	  5314	  4984	  5343	
  5497	  5242	  4930	  5259	
  5415	  5172	  4873	  5188	
  5311	  5081	  4814	  5109	
  5178	  4974	  4746	  4997	
  5024	  4877	  4672	  4880	
  4919	  4766	  4585	  4764	
  4771	  4641	  4509	  4646	
  4636	  4543	  4431	  4531	
  4493	  4448	  4359	  4435	
  4405	  4364	  4281	  4359	
  4306	  4273	  4224	  4277	
  4230	  4217	  4186	  4214	
  4171	  4168	  4138	  4156	
  4153	  4139	  4125	  4128	
  4122	  4125	  4112	  4120	
  4132	  4111	  4120	  4116	
  4160	  4141	  4149	  4142	
  4197	  4167	  4159	  4158	
  4230	  4204	  4201	  4195	
  4262	  4227	  4211	  4226	
  4320	  4265	  4239	  4261	
  4376	  4314	  4275	  4312	
  4459	  4369	  4315	  4363	
  4520	  4401	  4338	  4413	
  4597	  4445	  4379	  4451	
  4650	  4496	  4402	  4499	
  4749	  4543	  4422	  4560	
  4788	  4567	  4442	  4567	
  5615	  5279	  4886	  5276	
  5602	  5310	  4968	  5332	
  5495	  5234	  4961	  5236	
  5392	  5161	  4883	  5173	
  5296	  5072	  4840	  5078	
  5162	  4979	  4754	  4973	
  5037	  4859	  4687	  4862	
  4896	  4755	  4587	  4766	
  4736	  4627	  4493	  4635	
  4606	  4526	  4433	  4528	
  4481	  4427	  4351	  4418	
  4385	  4341	  4290	  4341	
  4294	  4260	  4219	  4258	
  4233	  4192	  4173	  4199	
  4144	  4146	  4143	  4140	
  4105	  4120	  4117	  4098	
  4101	  4100	  4107	  4097	
  4096	  4096	  4096	  4096	
  4140	  4129	  4139	  4128	
  4170	  4160	  4161	  4157	
  4200	  4202	  4209	  4203	
  4252	  4234	  4218	  4228	
  4308	  4252	  4257	  4254	
  4374	  4308	  4272	  4301	
  4452	  4347	  4319	  4351	
  4518	  4405	  4356	  4410	
  4579	  4447	  4391	  4457	
  4651	  4497	  4402	  4498	
  4725	  4543	  4437	  4562	
  4740	  4540	  4416	  4554	
  5645	  5306	  4929	  5304	
  5627	  5329	  4998	  5356	
  5516	  5242	  4967	  5275	
  5443	  5200	  4951	  5216	
  5324	  5096	  4877	  5105	
  5208	  5006	  4793	  5008	
  5068	  4897	  4715	  4899	
  4933	  4783	  4623	  4785	
  4793	  4668	  4536	  4678	
  4652	  4560	  4466	  4564	
  4525	  4455	  4394	  4461	
  4423	  4370	  4325	  4360	
  4333	  4280	  4255	  4288	
  4269	  4226	  4203	  4224	
  4181	  4167	  4153	  4166	
  4148	  4136	  4140	  4135	
  4125	  4131	  4135	  4119	
  4134	  4130	  4137	  4120	
  4176	  4160	  4182	  4156	
  4216	  4200	  4199	  4195	
  4263	  4231	  4244	  4231	
  4298	  4259	  4272	  4263	
  4359	  4297	  4299	  4301	
  4427	  4344	  4325	  4339	
  4499	  4380	  4369	  4381	
  4559	  4424	  4391	  4424	
  4611	  4470	  4423	  4470	
  4687	  4508	  4447	  4520	
  4774	  4580	  4464	  4577	
  4792	  4584	  4474	  4582	
  5665	  5329	  4936	  5356	
  5685	  5385	  5050	  5400	
  5593	  5302	  5018	  5326	
  5483	  5223	  4959	  5240	
  5412	  5168	  4930	  5174	
  5269	  5046	  4855	  5059	
  5141	  4951	  4759	  4959	
  5013	  4829	  4674	  4835	
  4853	  4719	  4578	  4717	
  4734	  4603	  4525	  4620	
  4598	  4517	  4446	  4510	
  4485	  4429	  4383	  4427	
  4408	  4351	  4313	  4345	
  4332	  4283	  4263	  4288	
  4256	  4245	  4233	  4243	
  4222	  4210	  4200	  4206	
  4217	  4191	  4193	  4189	
  4214	  4190	  4204	  4193	
  4240	  4222	  4235	  4213	
  4280	  4248	  4251	  4237	
  4340	  4284	  4294	  4292	
  4376	  4313	  4320	  4324	
  4440	  4349	  4347	  4370	
  4491	  4396	  4379	  4402	
  4562	  4446	  4420	  4453	
  4627	  4483	  4440	  4476	
  4693	  4530	  4465	  4538	
  4750	  4562	  4493	  4577	
  4826	  4621	  4508	  4635	
  4855	  4631	  4543	  4648	
  5768	  5392	  5001	  5429	
  5747	  5433	  5099	  5456	
  5652	  5367	  5050	  5379	
  5559	  5297	  5003	  5320	
  5475	  5230	  4954	  5237	
  5360	  5125	  4895	  5141	
  5225	  5017	  4831	  5025	
  5110	  4915	  4748	  4916	
  4968	  4797	  4671	  4800	
  4836	  4689	  4590	  4688	
  4692	  4585	  4511	  4594	
  4582	  4512	  4434	  4501	
  4509	  4436	  4396	  4425	
  4448	  4372	  4325	  4368	
  4367	  4334	  4298	  4318	
  4337	  4303	  4273	  4286	
  4304	  4273	  4261	  4265	
  4313	  4264	  4262	  4262	
  4312	  4279	  4285	  4284	
  4350	  4308	  4310	  4299	
  4415	  4338	  4338	  4342	
  4479	  4396	  4378	  4390	
  4538	  4441	  4421	  4455	
  4590	  4472	  4458	  4474	
  4663	  4513	  4456	  4510	
  4721	  4546	  4484	  4551	
  4793	  4585	  4513	  4587	
  4850	  4635	  4533	  4631	
  4925	  4695	  4573	  4708	
  4917	  4681	  4581	  4707	
  5808	  5420	  4994	  5445	
  5797	  5469	  5099	  5489	
  5718	  5410	  5083	  5425	
  5614	  5336	  5034	  5348	
  5534	  5266	  5005	  5270	
  5420	  5178	  4932	  5191	
  5289	  5071	  4865	  5086	
  5180	  4984	  4788	  4978	
  5038	  4864	  4702	  4870	
  4917	  4749	  4631	  4755	
  4774	  4666	  4562	  4654	
  4672	  4584	  4486	  4571	
  4589	  4501	  4439	  4505	
  4529	  4454	  4394	  4442	
  4476	  4416	  4354	  4411	
  4447	  4378	  4339	  4370	
  4414	  4358	  4320	  4349	
  4413	  4353	  4322	  4347	
  4441	  4372	  4347	  4368	
  4473	  4400	  4363	  4390	
  4518	  4437	  4398	  4434	
  4582	  4472	  4421	  4465	
  4633	  4524	  4472	  4519	
  4690	  4541	  4488	  4558	
  4753	  4579	  4521	  4587	
  4799	  4608	  4529	  4620	
  4863	  4649	  4559	  4657	
  4912	  4694	  4568	  4698	
  4992	  4734	  4608	  4751	
  4963	  4712	  4582	  4734	
  5845	  5468	  5016	  5459	
  5829	  5497	  5126	  5517	
  5732	  5424	  5083	  5459	
  5646	  5352	  5037	  5369	
  5567	  5289	  5001	  5294	
  5468	  5232	  4954	  5240	
  5353	  5124	  4904	  5117	
  5251	  5016	  4818	  5025	
  5112	  4923	  4749	  4910	
  4978	  4817	  4655	  4822	
  4851	  4723	  4575	  4718	
  4763	  4642	  4541	  4636	
  4682	  4577	  4478	  4573	
  4626	  4532	  4448	  4517	
  4594	  4494	  4414	  4478	
  4552	  4456	  4416	  4458	
  4517	  4428	  4381	  4430	
  4511	  4432	  4379	  4425	
  4543	  4459	  4405	  4459	
  4571	  4471	  4421	  4458	
  4618	  4513	  4462	  4516	
  4655	  4536	  4482	  4547	
  4708	  4590	  4505	  4577	
  4769	  4623	  4542	  4621	
  4822	  4653	  4537	  4644	
  4871	  4670	  4560	  4670	
  4905	  4681	  4559	  4677	
  4969	  4729	  4593	  4740	
  5042	  4778	  4608	  4776	
  5008	  4747	  4570	  4763	
  5874	  5455	  5009	  5471	
  5848	  5502	  5122	  5517	
  5752	  5455	  5087	  5454	
  5649	  5362	  5029	  5356	
  5577	  5315	  5014	  5314	
  5510	  5241	  4958	  5233	
  5396	  5159	  4913	  5149	
  5283	  5057	  4839	  5071	
  5167	  4961	  4768	  4961	
  5058	  4889	  4710	  4872	
  4939	  4784	  4639	  4778	
  4839	  4714	  4591	  4711	
  4757	  4652	  4539	  4637	
  4706	  4607	  4479	  4589	
  4672	  4569	  4466	  4556	
  4637	  4537	  4467	  4529	
  4626	  4514	  4438	  4507	
  4587	  4508	  4436	  4492	
  4626	  4530	  4471	  4515	
  4668	  4547	  4472	  4552	
  4696	  4582	  4512	  4581	
  4743	  4613	  4517	  4602	
  4785	  4635	  4544	  4628	
  4825	  4673	  4569	  4662	
  4860	  4690	  4561	  4700	
  4911	  4699	  4577	  4700	
  4934	  4717	  4586	  4726	
  5000	  4752	  4602	  4771	
  5038	  4789	  4619	  4791	
  5023	  4749	  4583	  4767	
  5995	  5534	  5025	  5563	
  5839	  5495	  5076	  5510	
  5750	  5423	  5048	  5443	
  5665	  5369	  5014	  5368	
  5578	  5295	  4968	  5308	
  5520	  5249	  4939	  5247	
  5428	  5167	  4891	  5165	
  5317	  5080	  4834	  5073	
  5218	  5008	  4776	  4997	
  5125	  4927	  4720	  4908	
  5012	  4838	  4663	  4822	
  4917	  4767	  4605	  4755	
  4829	  4696	  4567	  4690	
  4780	  4652	  4518	  4642	
  4749	  4625	  4506	  4614	
  4711	  4610	  4506	  4588	
  4717	  4595	  4479	  4589	
  4692	  4571	  4477	  4572	
  4712	  4584	  4484	  4585	
  4731	  4617	  4502	  4604	
  4778	  4632	  4522	  4628	
  4823	  4655	  4525	  4640	
  4841	  4665	  4547	  4676	
  4870	  4688	  4568	  4688	
  4901	  4703	  4568	  4711	
  4928	  4712	  4559	  4713	
  4971	  4737	  4576	  4733	
  5049	  4777	  4604	  4779	
  5073	  4808	  4623	  4825	
  5020	  4759	  4575	  4760	
  6070	  5610	  4998	  5640	
  5842	  5436	  4976	  5453	
  5732	  5377	  4933	  5380	
  5654	  5297	  4892	  5322	
  5565	  5250	  4857	  5235	
  5501	  5184	  4834	  5199	
  5454	  5136	  4786	  5137	
  5344	  5074	  4761	  5059	
  5241	  4979	  4684	  4984	
  5139	  4915	  4652	  4913	
  5068	  4837	  4596	  4832	
  4998	  4787	  4573	  4780	
  4911	  4714	  4482	  4711	
  4849	  4678	  4498	  4659	
  4826	  4653	  4459	  4631	
  4825	  4642	  4440	  4633	
  4781	  4620	  4452	  4624	
  4770	  4603	  4434	  4595	
  4773	  4597	  4435	  4599	
  4826	  4621	  4453	  4613	
  4844	  4636	  4461	  4639	
  4876	  4645	  4464	  4664	
  4851	  4662	  4485	  4666	
  4888	  4668	  4500	  4677	
  4908	  4658	  4490	  4675	
  4931	  4698	  4499	  4698	
  4990	  4711	  4493	  4723	
  5031	  4761	  4572	  4767	
  5061	  4781	  4569	  4772	
  5041	  4746	  4526	  4726	
