   480	   480	   480	   480	
  6058	  5597	  5126	  5622	
  5771	  5348	  4999	  5369	
  5591	  5213	  4896	  5230	
  5471	  5138	  4839	  5137	
  5353	  5061	  4794	  5065	
  5267	  5004	  4739	  4985	
  5193	  4932	  4699	  4928	
  5047	  4850	  4652	  4854	
  4969	  4781	  4608	  4782	
  4882	  4715	  4539	  4703	
  4756	  4617	  4476	  4617	
  4715	  4581	  4424	  4565	
  4623	  4522	  4380	  4499	
  4572	  4476	  4395	  4465	
  4513	  4420	  4350	  4411	
  4464	  4390	  4301	  4372	
  4455	  4358	  4299	  4358	
  4425	  4338	  4277	  4312	
  4390	  4326	  4270	  4320	
  4423	  4330	  4259	  4305	
  4410	  4331	  4272	  4305	
  4436	  4339	  4260	  4325	
  4489	  4352	  4264	  4339	
  4521	  4374	  4269	  4345	
  4553	  4367	  4287	  4356	
  4595	  4394	  4291	  4396	
  4692	  4432	  4326	  4438	
  4747	  4494	  4360	  4472	
  4784	  4510	  4362	  4505	
  4765	  4505	  4302	  4490	
  5884	  5396	  5002	  5444	
  5666	  5286	  4964	  5304	
  5562	  5202	  4915	  5214	
  5442	  5131	  4844	  5127	
  5355	  5049	  4813	  5064	
  5257	  4988	  4766	  4996	
  5157	  4920	  4711	  4908	
  5038	  4823	  4643	  4829	
  4930	  4739	  4598	  4743	
  4823	  4662	  4521	  4644	
  4722	  4575	  4460	  4574	
  4632	  4505	  4400	  4503	
  4558	  4440	  4371	  4441	
  4500	  4412	  4330	  4404	
  4431	  4358	  4302	  4352	
  4402	  4335	  4273	  4320	
  4359	  4312	  4264	  4295	
  4351	  4278	  4257	  4282	
  4338	  4279	  4243	  4271	
  4345	  4275	  4235	  4271	
  4357	  4284	  4243	  4270	
  4381	  4283	  4260	  4286	
  4427	  4301	  4276	  4298	
  4483	  4335	  4278	  4331	
  4524	  4346	  4278	  4342	
  4585	  4380	  4308	  4383	
  4659	  4433	  4325	  4436	
  4731	  4488	  4370	  4474	
  4796	  4526	  4404	  4527	
  4765	  4489	  4362	  4485	
  5717	  5276	  4889	  5287	
  5645	  5285	  4949	  5286	
  5556	  5202	  4905	  5209	
  5409	  5095	  4838	  5115	
  5310	  5025	  4801	  5035	
  5209	  4957	  4763	  4976	
  5107	  4876	  4697	  4897	
  4982	  4798	  4625	  4798	
  4857	  4710	  4564	  4700	
  4743	  4608	  4489	  4613	
  4642	  4526	  4412	  4520	
  4544	  4454	  4345	  4455	
  4467	  4386	  4313	  4393	
  4401	  4337	  4275	  4331	
  4356	  4302	  4251	  4284	
  4313	  4271	  4226	  4260	
  4277	  4239	  4208	  4235	
  4268	  4230	  4202	  4228	
  4276	  4225	  4217	  4229	
  4269	  4236	  4225	  4223	
  4304	  4253	  4227	  4238	
  4343	  4264	  4238	  4263	
  4393	  4287	  4255	  4303	
  4443	  4312	  4272	  4321	
  4493	  4340	  4276	  4348	
  4537	  4379	  4291	  4383	
  4600	  4440	  4338	  4427	
  4676	  4453	  4363	  4469	
  4749	  4509	  4368	  4510	
  4740	  4491	  4363	  4475	
  5657	  5198	  4858	  5226	
  5616	  5257	  4941	  5263	
  5500	  5159	  4884	  5184	
  5378	  5081	  4828	  5087	
  5290	  5020	  4800	  5029	
  5158	  4934	  4744	  4938	
  5056	  4853	  4674	  4858	
  4925	  4751	  4602	  4766	
  4795	  4650	  4523	  4663	
  4673	  4567	  4434	  4554	
  4573	  4470	  4383	  4465	
  4464	  4390	  4313	  4388	
  4373	  4319	  4260	  4322	
  4313	  4260	  4221	  4252	
  4254	  4224	  4187	  4214	
  4231	  4193	  4164	  4193	
  4197	  4173	  4157	  4169	
  4179	  4174	  4156	  4162	
  4207	  4177	  4170	  4177	
  4224	  4200	  4188	  4194	
  4241	  4210	  4194	  4202	
  4295	  4237	  4217	  4239	
  4339	  4259	  4233	  4268	
  4404	  4306	  4253	  4299	
  4450	  4330	  4276	  4322	
  4496	  4357	  4297	  4358	
  4561	  4388	  4310	  4388	
  4648	  4432	  4348	  4431	
  4738	  4467	  4372	  4483	
  4706	  4467	  4340	  4463	
  5606	  5205	  4850	  5225	
  5618	  5240	  4947	  5268	
  5487	  5167	  4888	  5172	
  5377	  5074	  4829	  5095	
  5276	  5036	  4806	  5022	
  5146	  4919	  4730	  4935	
  5032	  4838	  4675	  4843	
  4900	  4733	  4577	  4741	
  4769	  4635	  4506	  4641	
  4631	  4522	  4425	  4529	
  4510	  4435	  4362	  4431	
  4412	  4353	  4283	  4354	
  4330	  4264	  4220	  4271	
  4249	  4206	  4174	  4205	
  4187	  4164	  4132	  4175	
  4164	  4147	  4118	  4143	
  4136	  4128	  4120	  4127	
  4130	  4129	  4116	  4134	
  4161	  4155	  4140	  4154	
  4182	  4168	  4166	  4161	
  4229	  4188	  4188	  4191	
  4247	  4217	  4211	  4217	
  4319	  4247	  4226	  4256	
  4372	  4288	  4267	  4288	
  4440	  4309	  4291	  4316	
  4483	  4334	  4287	  4343	
  4539	  4373	  4312	  4375	
  4629	  4417	  4328	  4427	
  4696	  4452	  4356	  4466	
  4724	  4457	  4337	  4452	
  5583	  5207	  4860	  5202	
  5563	  5226	  4951	  5259	
  5481	  5149	  4894	  5170	
  5369	  5086	  4844	  5104	
  5256	  5008	  4799	  5022	
  5143	  4920	  4738	  4934	
  5034	  4823	  4656	  4841	
  4866	  4722	  4576	  4722	
  4743	  4619	  4498	  4630	
  4604	  4512	  4416	  4521	
  4481	  4421	  4335	  4428	
  4395	  4346	  4259	  4338	
  4279	  4249	  4214	  4267	
  4226	  4196	  4159	  4203	
  4162	  4145	  4116	  4149	
  4129	  4124	  4098	  4125	
  4101	  4105	  4096	  4096	
  4096	  4099	  4102	  4098	
  4123	  4111	  4123	  4116	
  4166	  4147	  4154	  4139	
  4187	  4164	  4186	  4167	
  4231	  4195	  4201	  4198	
  4292	  4231	  4230	  4241	
  4353	  4267	  4262	  4279	
  4417	  4318	  4286	  4308	
  4471	  4333	  4283	  4336	
  4536	  4368	  4318	  4373	
  4600	  4402	  4321	  4413	
  4683	  4459	  4355	  4463	
  4670	  4439	  4331	  4442	
  5610	  5203	  4909	  5231	
  5585	  5236	  4967	  5262	
  5485	  5167	  4915	  5176	
  5377	  5101	  4887	  5133	
  5274	  5039	  4830	  5051	
  5151	  4934	  4746	  4952	
  5017	  4837	  4670	  4854	
  4898	  4739	  4596	  4742	
  4752	  4624	  4512	  4638	
  4616	  4529	  4439	  4537	
  4487	  4430	  4371	  4440	
  4401	  4344	  4281	  4345	
  4288	  4253	  4223	  4257	
  4205	  4194	  4175	  4199	
  4149	  4149	  4123	  4148	
  4116	  4114	  4113	  4107	
  4101	  4098	  4098	  4100	
  4096	  4096	  4113	  4096	
  4110	  4112	  4133	  4110	
  4152	  4132	  4156	  4140	
  4189	  4169	  4195	  4172	
  4228	  4196	  4208	  4206	
  4297	  4248	  4248	  4239	
  4348	  4286	  4281	  4288	
  4432	  4333	  4309	  4336	
  4496	  4367	  4327	  4363	
  4549	  4404	  4349	  4398	
  4616	  4419	  4376	  4427	
  4700	  4468	  4377	  4479	
  4713	  4476	  4374	  4476	
  5634	  5227	  4939	  5250	
  5603	  5266	  4981	  5283	
  5497	  5194	  4943	  5215	
  5409	  5131	  4896	  5143	
  5313	  5056	  4856	  5072	
  5162	  4964	  4771	  4975	
  5045	  4853	  4707	  4872	
  4906	  4755	  4623	  4769	
  4772	  4645	  4528	  4648	
  4636	  4534	  4454	  4553	
  4516	  4448	  4374	  4445	
  4420	  4363	  4304	  4373	
  4322	  4289	  4231	  4271	
  4239	  4211	  4187	  4222	
  4172	  4153	  4137	  4154	
  4120	  4117	  4115	  4135	
  4118	  4111	  4107	  4104	
  4108	  4101	  4123	  4104	
  4126	  4121	  4130	  4115	
  4163	  4138	  4145	  4140	
  4201	  4193	  4192	  4183	
  4243	  4227	  4231	  4223	
  4309	  4268	  4265	  4270	
  4391	  4314	  4306	  4320	
  4470	  4360	  4344	  4360	
  4539	  4394	  4369	  4405	
  4586	  4428	  4365	  4437	
  4645	  4458	  4392	  4462	
  4715	  4492	  4408	  4504	
  4734	  4495	  4406	  4482	
  5638	  5245	  4939	  5249	
  5617	  5272	  4982	  5289	
  5502	  5214	  4941	  5227	
  5444	  5160	  4901	  5187	
  5330	  5075	  4879	  5089	
  5213	  4975	  4786	  4993	
  5073	  4885	  4701	  4886	
  4950	  4775	  4621	  4787	
  4814	  4677	  4540	  4677	
  4680	  4558	  4460	  4575	
  4560	  4477	  4384	  4483	
  4441	  4386	  4319	  4396	
  4349	  4300	  4239	  4302	
  4275	  4238	  4192	  4237	
  4197	  4184	  4143	  4181	
  4161	  4141	  4128	  4144	
  4133	  4125	  4116	  4127	
  4129	  4132	  4115	  4119	
  4153	  4141	  4145	  4145	
  4198	  4170	  4166	  4181	
  4229	  4207	  4209	  4212	
  4285	  4250	  4249	  4257	
  4352	  4298	  4286	  4296	
  4427	  4348	  4329	  4345	
  4510	  4392	  4374	  4393	
  4576	  4419	  4387	  4439	
  4617	  4443	  4395	  4452	
  4683	  4467	  4394	  4488	
  4766	  4521	  4410	  4527	
  4777	  4505	  4409	  4505	
  5659	  5228	  4901	  5264	
  5638	  5281	  4978	  5315	
  5546	  5224	  4948	  5235	
  5440	  5141	  4904	  5173	
  5370	  5092	  4867	  5108	
  5222	  4991	  4794	  5005	
  5111	  4901	  4718	  4917	
  4968	  4804	  4641	  4815	
  4836	  4690	  4551	  4697	
  4692	  4595	  4473	  4596	
  4587	  4505	  4414	  4504	
  4478	  4408	  4347	  4412	
  4389	  4339	  4273	  4328	
  4312	  4268	  4225	  4276	
  4237	  4223	  4180	  4221	
  4207	  4191	  4152	  4180	
  4188	  4177	  4140	  4168	
  4193	  4163	  4142	  4171	
  4198	  4183	  4186	  4191	
  4245	  4209	  4204	  4212	
  4292	  4244	  4242	  4248	
  4332	  4269	  4260	  4279	
  4390	  4327	  4307	  4321	
  4458	  4359	  4328	  4374	
  4534	  4414	  4378	  4425	
  4599	  4441	  4395	  4444	
  4655	  4467	  4408	  4484	
  4714	  4495	  4411	  4500	
  4766	  4530	  4429	  4539	
  4771	  4547	  4420	  4530	
  5668	  5264	  4932	  5272	
  5648	  5290	  4996	  5307	
  5547	  5235	  4960	  5260	
  5492	  5178	  4924	  5202	
  5385	  5112	  4872	  5130	
  5260	  5021	  4811	  5045	
  5130	  4932	  4744	  4946	
  5021	  4832	  4670	  4838	
  4895	  4736	  4590	  4740	
  4751	  4631	  4522	  4641	
  4634	  4551	  4458	  4544	
  4532	  4464	  4374	  4458	
  4448	  4380	  4311	  4377	
  4372	  4320	  4260	  4323	
  4305	  4274	  4226	  4275	
  4284	  4243	  4203	  4230	
  4247	  4217	  4198	  4222	
  4242	  4215	  4197	  4231	
  4267	  4233	  4225	  4238	
  4297	  4249	  4232	  4259	
  4336	  4293	  4262	  4286	
  4394	  4321	  4303	  4321	
  4438	  4355	  4335	  4363	
  4511	  4397	  4363	  4399	
  4580	  4446	  4380	  4447	
  4640	  4471	  4401	  4465	
  4707	  4499	  4413	  4515	
  4746	  4518	  4427	  4530	
  4831	  4558	  4441	  4574	
  4832	  4552	  4413	  4561	
  5670	  5265	  4934	  5298	
  5678	  5309	  5018	  5317	
  5585	  5255	  4955	  5274	
  5493	  5193	  4934	  5214	
  5411	  5132	  4891	  5152	
  5292	  5055	  4842	  5071	
  5183	  4962	  4767	  4966	
  5071	  4881	  4708	  4877	
  4939	  4772	  4649	  4794	
  4811	  4674	  4548	  4688	
  4695	  4585	  4468	  4588	
  4587	  4503	  4416	  4509	
  4499	  4433	  4351	  4438	
  4438	  4370	  4311	  4375	
  4398	  4336	  4269	  4337	
  4358	  4310	  4258	  4298	
  4344	  4285	  4249	  4300	
  4344	  4292	  4267	  4292	
  4352	  4306	  4282	  4305	
  4376	  4320	  4282	  4322	
  4419	  4345	  4313	  4354	
  4454	  4379	  4340	  4380	
  4515	  4406	  4375	  4406	
  4571	  4447	  4406	  4455	
  4653	  4476	  4421	  4493	
  4680	  4506	  4422	  4509	
  4735	  4522	  4430	  4532	
  4795	  4539	  4449	  4561	
  4865	  4582	  4455	  4606	
  4858	  4566	  4451	  4583	
  5698	  5276	  4950	  5303	
  5692	  5335	  5020	  5354	
  5611	  5266	  4987	  5285	
  5504	  5199	  4946	  5218	
  5439	  5152	  4915	  5163	
  5364	  5090	  4870	  5104	
  5230	  5000	  4800	  5004	
  5121	  4908	  4737	  4935	
  4990	  4824	  4672	  4834	
  4888	  4737	  4585	  4730	
  4768	  4638	  4521	  4634	
  4684	  4565	  4449	  4573	
  4605	  4494	  4402	  4499	
  4552	  4440	  4359	  4450	
  4485	  4399	  4330	  4414	
  4457	  4388	  4332	  4378	
  4438	  4370	  4322	  4364	
  4439	  4373	  4324	  4372	
  4459	  4385	  4344	  4388	
  4477	  4389	  4341	  4377	
  4502	  4416	  4365	  4405	
  4552	  4440	  4388	  4454	
  4587	  4474	  4400	  4473	
  4635	  4482	  4416	  4488	
  4695	  4524	  4423	  4516	
  4742	  4528	  4454	  4531	
  4788	  4543	  4433	  4548	
  4850	  4582	  4456	  4594	
  4911	  4621	  4473	  4625	
  4873	  4598	  4448	  4606	
  5772	  5313	  4949	  5331	
  5746	  5352	  5051	  5367	
  5649	  5284	  5009	  5310	
  5538	  5204	  4959	  5230	
  5487	  5183	  4947	  5191	
  5387	  5137	  4896	  5133	
  5303	  5048	  4857	  5054	
  5190	  4957	  4791	  4972	
  5074	  4886	  4722	  4886	
  4976	  4804	  4653	  4798	
  4875	  4716	  4581	  4715	
  4776	  4637	  4536	  4641	
  4696	  4580	  4494	  4577	
  4626	  4528	  4437	  4521	
  4592	  4500	  4433	  4500	
  4568	  4472	  4390	  4468	
  4555	  4464	  4403	  4458	
  4535	  4458	  4396	  4452	
  4556	  4461	  4406	  4458	
  4579	  4473	  4414	  4478	
  4600	  4487	  4442	  4492	
  4649	  4514	  4445	  4515	
  4660	  4530	  4455	  4527	
  4712	  4543	  4456	  4541	
  4744	  4552	  4479	  4565	
  4784	  4567	  4464	  4569	
  4838	  4585	  4480	  4600	
  4889	  4624	  4507	  4630	
  4928	  4656	  4493	  4651	
  4911	  4616	  4460	  4646	
  5952	  5415	  5051	  5481	
  5790	  5378	  5063	  5410	
  5694	  5307	  5028	  5336	
  5615	  5250	  4990	  5279	
  5538	  5206	  4962	  5221	
  5473	  5164	  4930	  5183	
  5382	  5092	  4881	  5105	
  5256	  5020	  4817	  5037	
  5167	  4943	  4763	  4956	
  5073	  4870	  4710	  4870	
  4985	  4798	  4652	  4795	
  4881	  4719	  4585	  4724	
  4803	  4659	  4555	  4662	
  4745	  4618	  4510	  4623	
  4706	  4582	  4494	  4585	
  4683	  4570	  4472	  4552	
  4681	  4556	  4491	  4560	
  4656	  4552	  4483	  4551	
  4676	  4561	  4483	  4564	
  4686	  4568	  4485	  4564	
  4712	  4567	  4492	  4577	
  4736	  4577	  4504	  4581	
  4751	  4587	  4490	  4587	
  4781	  4588	  4501	  4603	
  4829	  4604	  4512	  4627	
  4860	  4620	  4510	  4627	
  4909	  4642	  4512	  4653	
  4970	  4679	  4551	  4703	
  5017	  4693	  4559	  4707	
  4969	  4644	  4530	  4655	
  6111	  5533	  5059	  5608	
  5818	  5396	  5016	  5405	
  5686	  5268	  4934	  5317	
  5607	  5241	  4915	  5253	
  5564	  5183	  4880	  5197	
  5480	  5146	  4856	  5142	
  5367	  5095	  4822	  5104	
  5303	  5019	  4785	  5031	
  5214	  4967	  4716	  4983	
  5139	  4896	  4672	  4897	
  5049	  4821	  4633	  4838	
  4971	  4752	  4587	  4764	
  4899	  4691	  4526	  4702	
  4841	  4654	  4503	  4653	
  4804	  4631	  4471	  4624	
  4769	  4598	  4477	  4601	
  4772	  4594	  4456	  4590	
  4750	  4579	  4455	  4588	
  4755	  4590	  4455	  4595	
  4758	  4586	  4468	  4592	
  4801	  4606	  4464	  4606	
  4805	  4599	  4471	  4614	
  4820	  4583	  4465	  4598	
  4831	  4616	  4459	  4620	
  4867	  4605	  4459	  4628	
  4903	  4628	  4481	  4650	
  4948	  4642	  4465	  4651	
  5035	  4685	  4484	  4701	
  5027	  4696	  4531	  4692	
  4976	  4641	  4489	  4686	
