  2.8909388e+001
  2.8909388e+001
  2.8909388e+001
  2.8909388e+001
  2.8909388e+001
  2.8909388e+001
  2.8909388e+001
  2.8909388e+001
  2.8909388e+001
  2.8909388e+001
  2.8909388e+001
  2.9593762e+001
  3.0278137e+001
  3.0962512e+001
  3.1646886e+001
  3.2331261e+001
  3.3015636e+001
  3.3700010e+001
  3.4384385e+001
  3.5068759e+001
  3.5753134e+001
  3.6437509e+001
  3.7121883e+001
  3.7806258e+001
  3.8490633e+001
  3.9175007e+001
  3.9859382e+001
  4.0543756e+001
  4.1228131e+001
  4.1912506e+001
  4.2596880e+001
  4.3281255e+001
  4.3965630e+001
  4.4650004e+001
  4.5334379e+001
  4.6018754e+001
  4.6703128e+001
  4.7387503e+001
  4.8071877e+001
  4.8756252e+001
  4.9440627e+001
  5.0125001e+001
  5.0809376e+001
  5.1493751e+001
  5.2178125e+001
  5.2862500e+001
  5.3546874e+001
  5.4231249e+001
  5.4915624e+001
  5.5599998e+001
  5.6284373e+001
  5.6968748e+001
  5.7653122e+001
  5.8337497e+001
  5.9021871e+001
  5.9706246e+001
  6.0390621e+001
  6.1074995e+001
  6.1759370e+001
  6.2443745e+001
  6.3128119e+001
  6.3812494e+001
  6.4496869e+001
  6.5181243e+001
  6.5865618e+001
  6.6549992e+001
  6.7234367e+001
  6.7918742e+001
  6.8603116e+001
  6.9287491e+001
  6.9971866e+001
  7.0656240e+001
  7.1340615e+001
  7.2024989e+001
  7.2709364e+001
  7.3393739e+001
  7.4078113e+001
  7.4762488e+001
  7.5446863e+001
  7.6131237e+001
  7.6815612e+001
  7.7499986e+001
  7.8184361e+001
  7.8868736e+001
  7.9553110e+001
  8.0237485e+001
  8.0921860e+001
  8.1606234e+001
  8.2290609e+001
  8.2974984e+001
  8.3659358e+001
  8.4343733e+001
  8.5028107e+001
  8.5712482e+001
  8.6396857e+001
  8.7081231e+001
  8.7765606e+001
  8.8449981e+001
  8.9134355e+001
  8.9818730e+001
  9.0503104e+001
  9.1187479e+001
  9.1871854e+001
  9.2556228e+001
  9.3240603e+001
  9.3924978e+001
  9.4609352e+001
  9.5293727e+001
  9.5978101e+001
  9.6662476e+001
  9.7346851e+001
  9.8031225e+001
  9.8715600e+001
  9.8407564e+001
  9.7891954e+001
  9.7376344e+001
  9.6860734e+001
  9.6345124e+001
  9.5829514e+001
  9.5313905e+001
  9.4798295e+001
  9.4282685e+001
  9.3767075e+001
  9.3251465e+001
  9.2735855e+001
  9.2220245e+001
  9.1704636e+001
  9.1189026e+001
  9.0673416e+001
  9.0157806e+001
  8.9642196e+001
  8.9126586e+001
  8.8610976e+001
  8.8095366e+001
  8.7579757e+001
  8.7064147e+001
  8.6548537e+001
  8.6032927e+001
  8.5517317e+001
  8.5001707e+001
  8.4486097e+001
  8.3970488e+001
  8.3454878e+001
  8.2939268e+001
  8.2423658e+001
  8.1908048e+001
  8.1392438e+001
  8.0876828e+001
  8.0361218e+001
  7.9845609e+001
  7.9329999e+001
  7.8814389e+001
  7.8298779e+001
  7.7783169e+001
  7.7267559e+001
  7.6751949e+001
  7.6236340e+001
  7.5720730e+001
  7.5205120e+001
  7.4689510e+001
  7.4173900e+001
  7.3658290e+001
  7.3142680e+001
  7.2627070e+001
  7.2111461e+001
  7.1595851e+001
  7.1080241e+001
  7.0564631e+001
  7.0049021e+001
  6.9533411e+001
  6.9017801e+001
  6.8502192e+001
  6.7986582e+001
  6.7470972e+001
  6.6955362e+001
  6.6439752e+001
  6.5924142e+001
  6.5408532e+001
  6.4892922e+001
  6.4377313e+001
  6.3861703e+001
  6.3346093e+001
  6.2830483e+001
  6.2314873e+001
  6.1799263e+001
  6.1283653e+001
  6.0768044e+001
  6.0252434e+001
  5.9736824e+001
  5.9221214e+001
  5.8705604e+001
  5.8189994e+001
  5.7674384e+001
  5.7158774e+001
  5.6643165e+001
  5.6127555e+001
  5.5611945e+001
  5.5096335e+001
  5.4580725e+001
  5.4065115e+001
  5.3549505e+001
  5.3033896e+001
  5.2518286e+001
  5.2002676e+001
  5.1487066e+001
  5.0971456e+001
  5.0455846e+001
  4.9940236e+001
  4.9424626e+001
  4.8909017e+001
  4.8393407e+001
  4.7877797e+001
  4.7362187e+001
  4.6846577e+001
  4.6330967e+001
  4.5815357e+001
  4.5299748e+001
  4.4784138e+001
  4.4268528e+001
  4.3752918e+001
  4.3237308e+001
  4.2721698e+001
  4.2206088e+001
  4.1690478e+001
  4.1174869e+001
  4.0659259e+001
  4.0143649e+001
  3.9628039e+001
  3.9112429e+001
  3.8596819e+001
  3.8081209e+001
  3.7565600e+001
  3.7049990e+001
  3.6534380e+001
  3.6018770e+001
  3.5503160e+001
  3.4987550e+001
  3.4471940e+001
  3.3956330e+001
  3.3440721e+001
  3.2925111e+001
  3.2409501e+001
  3.1893891e+001
  3.1378281e+001
  3.0862671e+001
  3.0347061e+001
  2.9831452e+001
  2.9315842e+001
  2.8800232e+001
  2.8284622e+001
  2.7769012e+001
  2.7253402e+001
  2.6737792e+001
  2.6222182e+001
  2.5706573e+001
  2.5190963e+001
