2800	2800	2800	2800	
8150	7917	7054	7917	
7514	7259	6500	7259	
6911	6690	6055	6690	
6597	6353	5793	6353	
6375	6150	5624	6150	
6227	5999	5531	5999	
6104	5872	5439	5872	
6023	5804	5382	5804	
5953	5735	5343	5735	
5833	5628	5272	5628	
5734	5549	5211	5549	
5653	5471	5147	5471	
5558	5399	5102	5399	
5479	5324	5048	5324	
5402	5250	4984	5250	
5322	5182	4939	5182	
5228	5111	4883	5111	
5167	5062	4832	5062	
5107	5015	4788	5015	
5043	4968	4744	4968	
4995	4914	4692	4914	
4927	4875	4658	4875	
4883	4828	4615	4828	
4844	4794	4586	4794	
4809	4759	4556	4759	
4759	4729	4537	4729	
4735	4695	4499	4695	
4685	4664	4483	4664	
4655	4638	4465	4638	
4635	4619	4448	4619	
4615	4597	4437	4597	
4600	4588	4430	4588	
4579	4569	4405	4569	
4567	4560	4408	4560	
4566	4561	4403	4561	
4561	4551	4404	4551	
4562	4553	4403	4553	
4572	4563	4413	4563	
4575	4561	4417	4561	
4580	4568	4432	4568	
4598	4584	4435	4584	
4607	4594	4441	4594	
4628	4607	4455	4607	
4663	4635	4480	4635	
4688	4654	4496	4654	
4721	4688	4527	4688	
4745	4712	4550	4712	
4789	4741	4577	4741	
4832	4771	4605	4771	
4860	4795	4633	4795	
4907	4829	4654	4829	
4960	4871	4693	4871	
5026	4910	4729	4910	
5048	4952	4776	4952	
5114	4998	4808	4998	
5170	5051	4839	5051	
5233	5103	4889	5103	
5301	5172	4935	5172	
5374	5240	5000	5240	
5445	5299	5063	5299	
5527	5379	5111	5379	
5608	5464	5190	5464	
5687	5549	5238	5549	
5809	5657	5348	5657	
5937	5762	5433	5762	
6053	5870	5534	5870	
6179	5987	5620	5987	
6316	6141	5758	6141	
6503	6311	5900	6311	
6681	6449	6125	6449	
7773	7454	6652	7454	
7235	6902	6213	6902	
6692	6413	5813	6413	
6437	6155	5619	6155	
6275	5998	5493	5998	
6148	5871	5403	5871	
6020	5752	5322	5752	
5960	5702	5283	5702	
5866	5619	5227	5619	
5753	5526	5160	5526	
5659	5447	5102	5447	
5573	5367	5050	5367	
5480	5297	5001	5297	
5401	5222	4939	5222	
5314	5155	4875	5155	
5239	5093	4832	5093	
5170	5027	4781	5027	
5102	4977	4728	4977	
5038	4935	4689	4935	
4978	4882	4640	4882	
4929	4834	4597	4834	
4868	4784	4566	4784	
4820	4743	4522	4743	
4784	4712	4496	4712	
4741	4677	4468	4677	
4694	4644	4449	4644	
4665	4613	4415	4613	
4629	4576	4388	4576	
4600	4554	4374	4554	
4586	4540	4362	4540	
4548	4512	4344	4512	
4529	4501	4328	4501	
4517	4486	4319	4486	
4505	4475	4308	4475	
4500	4476	4322	4476	
4499	4463	4311	4463	
4497	4467	4311	4467	
4500	4470	4317	4470	
4502	4472	4318	4472	
4507	4486	4329	4486	
4534	4504	4349	4504	
4547	4512	4357	4512	
4561	4522	4364	4522	
4589	4546	4384	4546	
4612	4568	4405	4568	
4649	4600	4429	4600	
4674	4626	4451	4626	
4716	4655	4482	4655	
4755	4680	4501	4680	
4777	4705	4522	4705	
4829	4742	4560	4742	
4889	4783	4600	4783	
4937	4828	4644	4828	
4980	4866	4667	4866	
5044	4910	4713	4910	
5098	4959	4750	4959	
5161	5009	4787	5009	
5226	5069	4838	5069	
5287	5132	4887	5132	
5368	5196	4948	5196	
5445	5273	5008	5273	
5531	5350	5063	5350	
5612	5437	5126	5437	
5721	5525	5210	5525	
5845	5633	5299	5633	
5962	5749	5393	5749	
6090	5858	5488	5858	
6225	5994	5598	5994	
6407	6162	5753	6162	
6577	6305	5962	6305	
7335	7037	6328	7037	
6853	6554	5932	6554	
6506	6260	5688	6260	
6331	6083	5568	6083	
6204	5964	5480	5964	
6097	5854	5394	5854	
5980	5754	5337	5754	
5913	5688	5295	5688	
5809	5592	5229	5592	
5709	5505	5158	5505	
5612	5420	5110	5420	
5522	5341	5051	5341	
5435	5276	5002	5276	
5358	5210	4939	5210	
5284	5139	4878	5139	
5205	5078	4838	5078	
5129	5014	4780	5014	
5056	4964	4725	4964	
5000	4913	4684	4913	
4948	4868	4644	4868	
4886	4823	4603	4823	
4829	4768	4565	4768	
4781	4734	4527	4734	
4745	4698	4504	4698	
4701	4657	4463	4657	
4658	4625	4438	4625	
4617	4594	4413	4594	
4598	4569	4398	4569	
4563	4540	4381	4540	
4544	4513	4358	4513	
4516	4494	4344	4494	
4501	4486	4330	4486	
4483	4474	4323	4474	
4468	4464	4316	4464	
4459	4454	4311	4454	
4462	4446	4313	4446	
4464	4457	4320	4457	
4458	4449	4318	4449	
4468	4455	4325	4455	
4477	4470	4327	4470	
4488	4476	4344	4476	
4506	4491	4346	4491	
4520	4502	4360	4502	
4544	4528	4378	4528	
4571	4548	4403	4548	
4603	4577	4434	4577	
4634	4597	4445	4597	
4670	4621	4465	4621	
4708	4651	4491	4651	
4747	4685	4521	4685	
4796	4717	4559	4717	
4832	4750	4586	4750	
4883	4791	4630	4791	
4939	4844	4673	4844	
5003	4888	4713	4888	
5055	4940	4740	4940	
5114	4991	4785	4991	
5186	5046	4825	5046	
5238	5105	4869	5105	
5315	5177	4929	5177	
5403	5252	4984	5252	
5479	5336	5051	5336	
5559	5408	5109	5408	
5656	5499	5189	5499	
5766	5603	5269	5603	
5881	5712	5363	5712	
6005	5826	5457	5826	
6148	5955	5567	5955	
6323	6099	5716	6099	
6464	6227	5915	6227	
7023	6714	6064	6714	
6630	6334	5769	6334	
6411	6151	5629	6151	
6296	6032	5554	6032	
6178	5932	5495	5932	
6060	5816	5406	5816	
5966	5723	5333	5723	
5872	5636	5280	5636	
5766	5548	5224	5548	
5667	5448	5151	5448	
5571	5366	5102	5366	
5483	5287	5036	5287	
5397	5225	4986	5225	
5325	5156	4927	5156	
5255	5087	4882	5087	
5174	5034	4836	5034	
5104	4969	4781	4969	
5025	4904	4713	4904	
4958	4856	4670	4856	
4904	4809	4642	4809	
4855	4770	4609	4770	
4802	4717	4563	4717	
4747	4677	4532	4677	
4705	4645	4500	4645	
4671	4613	4471	4613	
4624	4580	4438	4580	
4601	4550	4413	4550	
4574	4530	4397	4530	
4543	4498	4379	4498	
4510	4469	4350	4469	
4493	4450	4346	4450	
4477	4439	4333	4439	
4455	4421	4311	4421	
4446	4413	4312	4413	
4430	4402	4310	4402	
4426	4406	4313	4406	
4430	4408	4316	4408	
4431	4406	4319	4406	
4441	4414	4318	4414	
4445	4418	4328	4418	
4456	4433	4335	4433	
4468	4438	4338	4438	
4489	4450	4349	4450	
4514	4478	4377	4478	
4542	4496	4391	4496	
4574	4523	4411	4523	
4596	4541	4426	4541	
4628	4566	4456	4566	
4662	4593	4477	4593	
4709	4631	4514	4631	
4755	4667	4548	4667	
4797	4698	4568	4698	
4853	4740	4624	4740	
4912	4792	4663	4792	
4972	4841	4701	4841	
5033	4886	4732	4886	
5089	4936	4773	4936	
5145	4988	4821	4988	
5195	5042	4852	5042	
5276	5105	4900	5105	
5357	5184	4968	5184	
5432	5266	5043	5266	
5523	5350	5104	5350	
5613	5443	5170	5443	
5711	5538	5246	5538	
5812	5636	5331	5636	
5936	5741	5420	5741	
6072	5867	5530	5867	
6215	6004	5651	6004	
6375	6127	5837	6127	
6787	6503	5947	6503	
6522	6231	5700	6231	
6366	6107	5612	6107	
6256	5996	5544	5996	
6145	5891	5473	5891	
6019	5778	5388	5778	
5922	5682	5325	5682	
5820	5577	5255	5577	
5722	5487	5199	5487	
5618	5401	5130	5401	
5539	5326	5075	5326	
5442	5242	5009	5242	
5373	5182	4964	5182	
5299	5114	4917	5114	
5211	5046	4858	5046	
5134	4991	4823	4991	
5067	4931	4765	4931	
5001	4867	4713	4867	
4933	4811	4655	4811	
4875	4766	4609	4766	
4817	4723	4583	4723	
4757	4669	4538	4669	
4715	4628	4508	4628	
4677	4604	4483	4604	
4634	4568	4453	4568	
4604	4538	4422	4538	
4564	4509	4402	4509	
4539	4486	4378	4486	
4510	4456	4353	4456	
4482	4430	4333	4430	
4454	4413	4330	4413	
4431	4395	4314	4395	
4419	4379	4298	4379	
4398	4364	4293	4364	
4398	4361	4285	4361	
4396	4362	4291	4362	
4390	4356	4276	4356	
4401	4368	4289	4368	
4398	4368	4295	4368	
4411	4375	4296	4375	
4422	4386	4319	4386	
4433	4393	4314	4393	
4454	4409	4330	4409	
4474	4426	4354	4426	
4489	4442	4367	4442	
4518	4464	4382	4464	
4557	4487	4399	4487	
4592	4519	4432	4519	
4622	4545	4454	4545	
4663	4581	4485	4581	
4718	4616	4517	4616	
4762	4653	4552	4653	
4817	4695	4591	4695	
4877	4747	4643	4747	
4937	4802	4693	4802	
4995	4841	4716	4841	
5046	4894	4756	4894	
5108	4947	4809	4947	
5160	4995	4837	4995	
5237	5055	4874	5055	
5305	5133	4938	5133	
5384	5214	5004	5214	
5470	5297	5069	5297	
5561	5381	5137	5381	
5647	5470	5211	5470	
5753	5569	5285	5569	
5866	5681	5370	5681	
6001	5805	5488	5805	
6149	5931	5609	5931	
6295	6043	5787	6043	
6621	6353	5830	6353	
6474	6198	5693	6198	
6320	6080	5584	6080	
6206	5947	5496	5947	
6079	5826	5420	5826	
5977	5720	5338	5720	
5879	5625	5279	5625	
5766	5520	5227	5520	
5677	5437	5161	5437	
5580	5348	5096	5348	
5492	5267	5035	5267	
5405	5194	4976	5194	
5322	5130	4933	5130	
5254	5065	4889	5065	
5175	5000	4835	5000	
5097	4942	4784	4942	
5034	4883	4729	4883	
4961	4819	4691	4819	
4892	4774	4630	4774	
4829	4720	4588	4720	
4769	4672	4544	4672	
4720	4629	4514	4629	
4674	4593	4483	4593	
4639	4563	4454	4563	
4597	4519	4420	4519	
4561	4500	4402	4500	
4523	4470	4376	4470	
4491	4449	4360	4449	
4471	4420	4339	4420	
4449	4395	4320	4395	
4423	4378	4311	4378	
4401	4359	4291	4359	
4385	4340	4281	4340	
4370	4327	4266	4327	
4366	4324	4261	4324	
4362	4321	4261	4321	
4373	4337	4279	4337	
4458	4421	4365	4421	
4360	4328	4273	4328	
4365	4332	4275	4332	
4375	4339	4283	4339	
4392	4354	4290	4354	
4414	4367	4301	4367	
4430	4382	4319	4382	
4455	4399	4337	4399	
4483	4420	4356	4420	
4515	4443	4381	4443	
4547	4470	4394	4470	
4588	4504	4421	4504	
4628	4542	4463	4542	
4680	4574	4489	4574	
4722	4610	4529	4610	
4778	4655	4567	4655	
4841	4697	4614	4697	
4900	4750	4663	4750	
4959	4808	4699	4808	
5012	4854	4729	4854	
5068	4901	4761	4901	
5122	4948	4806	4948	
5182	5013	4839	5013	
5246	5072	4904	5072	
5331	5160	4961	5160	
5421	5236	5024	5236	
5503	5324	5092	5324	
5599	5414	5164	5414	
5692	5508	5233	5508	
5807	5613	5316	5613	
5924	5730	5423	5730	
6061	5852	5535	5852	
6209	5979	5730	5979	
6500	6235	5731	6235	
6400	6135	5640	6135	
6270	6029	5556	6029	
6143	5890	5470	5890	
6002	5762	5383	5762	
5922	5661	5306	5661	
5815	5566	5239	5566	
5708	5471	5180	5471	
5627	5382	5131	5382	
5543	5305	5077	5305	
5456	5230	5004	5230	
5371	5155	4955	5155	
5293	5093	4905	5093	
5212	5023	4860	5023	
5139	4963	4809	4963	
5056	4897	4752	4897	
4974	4835	4699	4835	
4905	4778	4651	4778	
4846	4727	4604	4727	
4796	4681	4563	4681	
4736	4633	4518	4633	
4678	4594	4487	4594	
4648	4554	4462	4554	
4604	4525	4438	4525	
4563	4486	4395	4486	
4517	4457	4381	4457	
4495	4428	4354	4428	
4458	4404	4334	4404	
4434	4380	4314	4380	
4415	4361	4298	4361	
4391	4343	4279	4343	
4373	4324	4273	4324	
4349	4309	4260	4309	
4341	4306	4256	4306	
4340	4296	4257	4296	
4327	4288	4241	4288	
4315	4279	4237	4279	
4336	4294	4259	4294	
4335	4294	4256	4294	
4337	4294	4249	4294	
4343	4305	4266	4305	
4351	4311	4272	4311	
4373	4328	4283	4328	
4395	4352	4300	4352	
4424	4366	4312	4366	
4445	4383	4329	4383	
4477	4405	4350	4405	
4507	4431	4380	4431	
4551	4462	4398	4462	
4587	4496	4431	4496	
4634	4534	4464	4534	
4688	4577	4512	4577	
4736	4616	4540	4616	
4796	4656	4577	4656	
4856	4706	4626	4706	
4907	4756	4660	4756	
4967	4805	4693	4805	
5026	4855	4741	4855	
5071	4908	4772	4908	
5147	4972	4810	4972	
5210	5034	4862	5034	
5277	5103	4919	5103	
5372	5186	4975	5186	
5453	5274	5045	5274	
5550	5361	5114	5361	
5643	5450	5196	5450	
5735	5552	5267	5552	
5848	5666	5363	5666	
5994	5793	5478	5793	
6135	5905	5658	5905	
6418	6173	5672	6173	
6327	6074	5583	6074	
6218	5976	5510	5976	
6087	5834	5426	5834	
5968	5719	5341	5719	
5880	5614	5261	5614	
5787	5521	5204	5521	
5675	5435	5138	5435	
5586	5346	5108	5346	
5500	5263	5047	5263	
5410	5192	4993	5192	
5337	5129	4941	5129	
5265	5067	4886	5067	
5185	4994	4839	4994	
5104	4930	4785	4930	
5017	4863	4732	4863	
4941	4794	4674	4794	
4879	4746	4627	4746	
4820	4696	4586	4696	
4761	4655	4546	4655	
4717	4608	4505	4608	
4657	4562	4474	4562	
4608	4522	4437	4522	
4569	4488	4409	4488	
4532	4454	4373	4454	
4489	4424	4344	4424	
4460	4399	4331	4399	
4427	4372	4317	4372	
4415	4353	4306	4353	
4385	4333	4290	4333	
4357	4311	4262	4311	
4345	4298	4253	4298	
4335	4291	4249	4291	
4327	4283	4242	4283	
4320	4275	4242	4275	
4313	4269	4231	4269	
4306	4263	4231	4263	
4298	4260	4223	4260	
4314	4269	4230	4269	
4315	4270	4240	4270	
4323	4284	4260	4284	
4330	4284	4257	4284	
4353	4301	4259	4301	
4374	4322	4280	4322	
4394	4338	4301	4338	
4421	4351	4309	4351	
4444	4375	4332	4375	
4483	4405	4357	4405	
4519	4427	4384	4427	
4565	4470	4419	4470	
4608	4505	4448	4505	
4652	4540	4484	4540	
4706	4581	4522	4581	
4767	4625	4558	4625	
4825	4670	4595	4670	
4878	4722	4638	4722	
4931	4774	4672	4774	
4995	4826	4718	4826	
5053	4876	4767	4876	
5120	4935	4796	4935	
5171	4999	4832	4999	
5245	5058	4888	5058	
5315	5141	4947	5141	
5409	5234	5025	5234	
5502	5323	5090	5323	
5601	5416	5163	5416	
5693	5514	5241	5514	
5795	5628	5326	5628	
5934	5745	5439	5745	
6059	5843	5597	5843	
6341	6090	5588	6090	
6248	5991	5512	5991	
6131	5899	5457	5899	
6010	5764	5368	5764	
5901	5665	5302	5665	
5809	5568	5232	5568	
5720	5467	5174	5467	
5621	5390	5119	5390	
5547	5311	5072	5311	
5455	5220	5004	5220	
5369	5151	4947	5151	
5297	5088	4916	5088	
5216	5023	4858	5023	
5141	4957	4810	4957	
5054	4889	4751	4889	
4986	4838	4710	4838	
4904	4767	4654	4767	
4841	4713	4604	4713	
4784	4658	4554	4658	
4720	4616	4516	4616	
4675	4574	4474	4574	
4616	4527	4440	4527	
4563	4485	4413	4485	
4526	4456	4383	4456	
4497	4428	4356	4428	
4461	4397	4337	4397	
4420	4363	4310	4363	
4396	4341	4295	4341	
4364	4319	4281	4319	
4345	4299	4262	4299	
4332	4289	4252	4289	
4314	4276	4241	4276	
4297	4263	4234	4263	
4290	4255	4229	4255	
4289	4252	4228	4252	
4277	4246	4223	4246	
4283	4244	4228	4244	
4281	4241	4223	4241	
4284	4247	4224	4247	
4300	4258	4235	4258	
4304	4265	4243	4265	
4301	4258	4231	4258	
4318	4275	4244	4275	
4334	4287	4255	4287	
4346	4298	4268	4298	
4372	4316	4288	4316	
4399	4333	4300	4333	
4448	4366	4328	4366	
4482	4396	4353	4396	
4514	4427	4385	4427	
4558	4457	4408	4457	
4607	4499	4455	4499	
4657	4535	4488	4535	
4707	4580	4524	4580	
4777	4638	4576	4638	
4834	4685	4606	4685	
4889	4737	4660	4737	
4956	4784	4695	4784	
5006	4840	4727	4840	
5076	4897	4769	4897	
5136	4965	4812	4965	
5202	5029	4865	5029	
5270	5101	4905	5101	
5366	5186	4976	5186	
5445	5274	5048	5274	
5544	5367	5122	5367	
5636	5467	5207	5467	
5738	5577	5291	5577	
5872	5685	5396	5685	
5992	5788	5549	5788	
6255	5995	5513	5995	
6167	5907	5438	5907	
6062	5823	5383	5823	
5935	5695	5306	5695	
5843	5599	5240	5599	
5790	5546	5226	5546	
5697	5453	5161	5453	
5591	5353	5076	5353	
5502	5271	5029	5271	
5423	5190	4976	5190	
5324	5114	4930	5114	
5262	5052	4884	5052	
5182	4992	4835	4992	
5100	4923	4778	4923	
5025	4861	4724	4861	
4944	4797	4675	4797	
4879	4733	4625	4733	
4804	4682	4576	4682	
4754	4634	4538	4634	
4689	4584	4499	4584	
4632	4538	4454	4538	
4587	4497	4422	4497	
4538	4456	4383	4456	
4502	4421	4356	4421	
4451	4395	4333	4395	
4420	4363	4310	4363	
4388	4338	4294	4338	
4368	4315	4273	4315	
4344	4290	4260	4290	
4325	4271	4238	4271	
4304	4261	4234	4261	
4291	4259	4233	4259	
4284	4252	4228	4252	
4280	4249	4226	4249	
4277	4241	4230	4241	
4259	4230	4222	4230	
4261	4227	4217	4227	
4259	4229	4210	4229	
4259	4226	4212	4226	
4267	4236	4223	4236	
4269	4241	4225	4241	
4282	4244	4225	4244	
4289	4252	4242	4252	
4305	4259	4240	4259	
4324	4268	4244	4268	
4342	4286	4262	4286	
4373	4308	4281	4308	
4406	4330	4299	4330	
4440	4362	4328	4362	
4479	4393	4364	4393	
4522	4422	4382	4422	
4565	4460	4427	4460	
4619	4500	4460	4500	
4670	4545	4495	4545	
4725	4591	4531	4591	
4792	4644	4581	4644	
4859	4702	4621	4702	
4908	4749	4661	4749	
4960	4802	4704	4802	
5036	4864	4739	4864	
5104	4929	4789	4929	
5160	4999	4828	4999	
5238	5068	4883	5068	
5321	5155	4955	5155	
5408	5235	5015	5235	
5513	5335	5085	5335	
5601	5432	5169	5432	
5690	5525	5250	5525	
5809	5633	5347	5633	
5931	5724	5491	5724	
6186	5935	5467	5935	
6104	5852	5388	5852	
6023	5803	5364	5803	
5908	5688	5302	5688	
5796	5563	5215	5563	
5759	5514	5194	5514	
5664	5420	5136	5420	
5572	5317	5067	5317	
5472	5241	5007	5241	
5385	5159	4959	5159	
5311	5095	4914	5095	
5231	5033	4867	5033	
5150	4967	4819	4967	
5071	4900	4768	4900	
4999	4836	4715	4836	
4917	4772	4660	4772	
4843	4711	4615	4711	
4774	4654	4567	4654	
4707	4603	4519	4603	
4661	4562	4476	4562	
4600	4515	4447	4515	
4547	4467	4406	4467	
4502	4429	4365	4429	
4463	4398	4340	4398	
4415	4359	4310	4359	
4386	4334	4292	4334	
4363	4305	4271	4305	
4338	4287	4256	4287	
4305	4263	4242	4263	
4288	4252	4220	4252	
4269	4242	4225	4242	
4269	4246	4225	4246	
4272	4240	4226	4240	
4261	4232	4227	4232	
4247	4221	4216	4221	
4240	4215	4216	4215	
4232	4214	4206	4214	
4235	4212	4207	4212	
4236	4207	4207	4207	
4248	4219	4216	4219	
4255	4227	4225	4227	
4268	4230	4226	4230	
4270	4235	4228	4235	
4279	4244	4233	4244	
4302	4252	4245	4252	
4315	4265	4247	4265	
4335	4278	4258	4278	
4370	4310	4291	4310	
4402	4333	4305	4333	
4449	4367	4339	4367	
4482	4397	4375	4397	
4534	4437	4401	4437	
4589	4475	4440	4475	
4644	4517	4475	4517	
4690	4562	4507	4562	
4744	4613	4548	4613	
4820	4673	4606	4673	
4879	4725	4649	4725	
4930	4778	4687	4778	
5010	4841	4723	4841	
5075	4902	4762	4902	
5139	4966	4820	4966	
5203	5041	4853	5041	
5271	5117	4919	5117	
5369	5201	4983	5201	
5471	5298	5062	5298	
5566	5396	5131	5396	
5645	5484	5204	5484	
5760	5592	5306	5592	
5883	5683	5481	5683	
6133	5893	5425	5893	
6060	5817	5350	5817	
5948	5734	5292	5734	
5837	5613	5231	5613	
5761	5534	5191	5534	
5698	5466	5144	5466	
5613	5378	5089	5378	
5527	5296	5043	5296	
5448	5210	4984	5210	
5361	5136	4933	5136	
5279	5070	4884	5070	
5205	5009	4848	5009	
5124	4936	4798	4936	
5042	4874	4735	4874	
4959	4796	4684	4796	
4882	4741	4637	4741	
4811	4684	4591	4684	
4737	4625	4535	4625	
4681	4572	4488	4572	
4623	4534	4456	4534	
4567	4483	4415	4483	
4515	4439	4383	4439	
4464	4399	4341	4399	
4427	4369	4315	4369	
4383	4328	4281	4328	
4353	4306	4264	4306	
4321	4280	4243	4280	
4304	4269	4236	4269	
4279	4250	4226	4250	
4272	4238	4223	4238	
4266	4239	4228	4239	
4247	4229	4221	4229	
4245	4217	4206	4217	
4229	4206	4200	4206	
4216	4198	4193	4198	
4216	4198	4194	4198	
4212	4194	4191	4194	
4221	4196	4189	4196	
4216	4191	4195	4191	
4226	4198	4203	4198	
4230	4205	4206	4205	
4230	4207	4204	4207	
4252	4215	4210	4215	
4254	4227	4218	4227	
4268	4226	4218	4226	
4292	4241	4228	4241	
4311	4258	4242	4258	
4340	4278	4263	4278	
4366	4301	4282	4301	
4403	4336	4311	4336	
4447	4364	4344	4364	
4491	4405	4381	4405	
4548	4448	4417	4448	
4603	4492	4449	4492	
4657	4533	4497	4533	
4712	4591	4530	4591	
4780	4644	4577	4644	
4846	4699	4618	4699	
4905	4754	4661	4754	
4965	4814	4704	4814	
5043	4887	4750	4887	
5109	4953	4799	4953	
5165	5016	4841	5016	
5241	5082	4892	5082	
5323	5166	4958	5166	
5423	5264	5020	5264	
5517	5352	5092	5352	
5598	5444	5166	5444	
5716	5553	5260	5553	
5838	5634	5429	5634	
6089	5842	5386	5842	
6023	5772	5317	5772	
5916	5701	5268	5701	
5805	5583	5208	5583	
5735	5503	5174	5503	
5671	5439	5128	5439	
5581	5345	5063	5345	
5498	5264	5019	5264	
5417	5189	4963	5189	
5330	5114	4921	5114	
5252	5045	4870	5045	
5178	4978	4817	4978	
5087	4910	4766	4910	
4999	4843	4713	4843	
4926	4770	4655	4770	
4847	4716	4613	4716	
4785	4657	4559	4657	
4712	4597	4506	4597	
4651	4547	4470	4547	
4594	4502	4427	4502	
4538	4461	4389	4461	
4481	4410	4349	4410	
4436	4374	4318	4374	
4398	4343	4296	4343	
4357	4306	4267	4306	
4321	4282	4244	4282	
4301	4264	4236	4264	
4289	4247	4223	4247	
4265	4238	4218	4238	
4257	4232	4218	4232	
4233	4217	4212	4217	
4235	4211	4202	4211	
4225	4203	4195	4203	
4211	4195	4190	4195	
4197	4188	4177	4188	
4198	4181	4179	4181	
4199	4186	4187	4186	
4194	4184	4186	4184	
4190	4175	4185	4175	
4202	4180	4184	4180	
4203	4184	4188	4184	
4212	4186	4184	4186	
4227	4195	4192	4195	
4243	4213	4212	4213	
4257	4220	4207	4220	
4276	4234	4217	4234	
4289	4241	4234	4241	
4307	4256	4241	4256	
4342	4283	4267	4283	
4375	4312	4293	4312	
4417	4339	4310	4339	
4466	4381	4355	4381	
4515	4416	4389	4416	
4577	4460	4427	4460	
4642	4519	4486	4519	
4689	4565	4508	4565	
4743	4612	4545	4612	
4815	4668	4586	4668	
4873	4728	4625	4728	
4935	4791	4667	4791	
5014	4859	4729	4859	
5082	4925	4781	4925	
5142	4987	4817	4987	
5213	5062	4856	5062	
5287	5141	4914	5141	
5373	5229	4984	5229	
5464	5319	5060	5319	
5574	5422	5137	5422	
5685	5519	5235	5519	
5797	5607	5406	5607	
6050	5808	5349	5808	
5977	5734	5265	5734	
5875	5662	5229	5662	
5775	5554	5174	5554	
5706	5476	5140	5476	
5633	5408	5103	5408	
5544	5323	5045	5323	
5456	5234	4986	5234	
5377	5168	4951	5168	
5313	5101	4894	5101	
5222	5018	4846	5018	
5137	4945	4785	4945	
5062	4888	4746	4888	
4981	4828	4701	4828	
4900	4760	4646	4760	
4831	4701	4602	4701	
4759	4646	4549	4646	
4689	4581	4492	4581	
4627	4535	4452	4535	
4569	4485	4412	4485	
4518	4444	4373	4444	
4462	4394	4341	4394	
4411	4352	4306	4352	
4373	4323	4277	4323	
4338	4286	4240	4286	
4302	4261	4223	4261	
4288	4251	4227	4251	
4275	4243	4223	4243	
4265	4233	4212	4233	
4243	4219	4206	4219	
4217	4204	4191	4204	
4210	4197	4188	4197	
4202	4196	4188	4196	
4192	4188	4184	4188	
4185	4178	4172	4178	
4189	4181	4182	4181	
4178	4172	4167	4172	
4169	4166	4172	4166	
4174	4165	4170	4165	
4174	4158	4165	4158	
4180	4162	4169	4162	
4190	4172	4172	4172	
4203	4178	4177	4178	
4230	4196	4191	4196	
4236	4208	4193	4208	
4250	4215	4212	4215	
4266	4231	4224	4231	
4286	4237	4229	4237	
4320	4264	4250	4264	
4352	4298	4277	4298	
4391	4323	4297	4323	
4436	4353	4333	4353	
4485	4393	4366	4393	
4539	4435	4403	4435	
4600	4490	4465	4490	
4653	4536	4484	4536	
4722	4593	4524	4593	
4790	4651	4572	4651	
4846	4706	4611	4706	
4909	4771	4652	4771	
4980	4834	4706	4834	
5045	4899	4747	4899	
5105	4959	4794	4959	
5168	5033	4844	5033	
5246	5112	4900	5112	
5337	5198	4958	5198	
5432	5288	5030	5288	
5536	5395	5113	5395	
5648	5496	5204	5496	
5758	5576	5369	5576	
5989	5764	5314	5764	
5939	5690	5231	5690	
5842	5627	5191	5627	
5749	5519	5147	5519	
5685	5448	5112	5448	
5604	5374	5066	5374	
5512	5282	4999	5282	
5420	5206	4947	5206	
5349	5135	4914	5135	
5273	5067	4863	5067	
5192	4995	4817	4995	
5108	4926	4765	4926	
5036	4866	4724	4866	
4959	4806	4673	4806	
4877	4740	4623	4740	
4812	4676	4578	4676	
4733	4620	4530	4620	
4666	4556	4469	4556	
4605	4509	4427	4509	
4541	4457	4385	4457	
4485	4421	4352	4421	
4433	4368	4309	4368	
4386	4337	4290	4337	
4343	4296	4246	4296	
4312	4261	4213	4261	
4288	4250	4212	4250	
4261	4231	4199	4231	
4251	4223	4206	4223	
4236	4211	4197	4211	
4220	4197	4174	4197	
4213	4194	4185	4194	
4241	4224	4217	4224	
4227	4218	4214	4218	
4171	4166	4169	4166	
4165	4158	4159	4158	
4167	4161	4156	4161	
4158	4156	4159	4156	
4157	4151	4158	4151	
4157	4146	4150	4146	
4153	4142	4145	4142	
4155	4148	4148	4148	
4178	4168	4166	4168	
4182	4169	4169	4169	
4199	4180	4173	4180	
4215	4192	4190	4192	
4238	4205	4192	4205	
4244	4211	4203	4211	
4265	4224	4211	4224	
4293	4240	4227	4240	
4329	4270	4259	4270	
4367	4298	4280	4298	
4412	4330	4301	4330	
4459	4374	4352	4374	
4512	4414	4378	4414	
4570	4464	4431	4464	
4624	4509	4467	4509	
4693	4564	4497	4564	
4751	4619	4538	4619	
4815	4682	4588	4682	
4881	4743	4627	4743	
4954	4813	4673	4813	
5014	4876	4738	4876	
5072	4943	4773	4943	
5150	5011	4818	5011	
5221	5086	4861	5086	
5316	5174	4936	5174	
5397	5272	5008	5272	
5502	5366	5089	5366	
5621	5465	5187	5465	
5731	5551	5338	5551	
5990	5750	5280	5750	
5926	5681	5223	5681	
5825	5608	5182	5608	
5730	5515	5127	5515	
5673	5441	5092	5441	
5592	5362	5042	5362	
5486	5265	4974	5265	
5519	5290	5033	5290	
5354	5146	4923	5146	
5264	5061	4857	5061	
5190	4991	4803	4991	
5102	4922	4760	4922	
5029	4849	4706	4849	
4946	4792	4658	4792	
4866	4723	4601	4723	
4791	4667	4558	4667	
4719	4608	4505	4608	
4652	4547	4462	4547	
4585	4492	4409	4492	
4518	4443	4372	4443	
4467	4397	4328	4397	
4418	4356	4297	4356	
4377	4322	4271	4322	
4330	4281	4228	4281	
4293	4251	4206	4251	
4276	4242	4201	4242	
4259	4229	4186	4229	
4244	4216	4183	4216	
4231	4208	4188	4208	
4217	4190	4182	4190	
4202	4187	4179	4187	
4202	4195	4186	4195	
4198	4189	4186	4189	
4165	4156	4150	4156	
4155	4148	4150	4148	
4156	4153	4152	4153	
4156	4154	4158	4154	
4151	4154	4153	4154	
4134	4139	4143	4139	
4137	4136	4144	4136	
4148	4146	4149	4146	
4160	4157	4157	4157	
4168	4160	4153	4160	
4184	4169	4163	4169	
4207	4177	4168	4177	
4227	4196	4187	4196	
4238	4200	4196	4200	
4266	4221	4216	4221	
4289	4241	4228	4241	
4315	4258	4247	4258	
4353	4287	4266	4287	
4387	4315	4288	4315	
4445	4359	4324	4359	
4506	4404	4376	4404	
4558	4455	4417	4455	
4616	4498	4443	4498	
4681	4554	4488	4554	
4741	4609	4529	4609	
4806	4673	4567	4673	
4871	4732	4623	4732	
4942	4804	4674	4804	
5003	4873	4723	4873	
5066	4935	4759	4935	
5138	5005	4807	5005	
5219	5076	4858	5076	
5285	5149	4910	5149	
5381	5253	4990	5253	
5490	5346	5076	5346	
5599	5449	5161	5449	
5710	5534	5317	5534	
5978	5754	5258	5754	
5918	5673	5207	5673	
5819	5603	5172	5603	
5718	5506	5126	5506	
5664	5435	5079	5435	
5573	5351	5032	5351	
5482	5257	4972	5257	
5412	5190	4932	5190	
5327	5104	4879	5104	
5246	5049	4838	5049	
5170	4983	4803	4983	
5090	4912	4756	4912	
5016	4848	4704	4848	
4933	4783	4644	4783	
4859	4722	4606	4722	
4783	4654	4554	4654	
4705	4597	4501	4597	
4632	4537	4448	4537	
4568	4489	4402	4489	
4510	4436	4368	4436	
4456	4395	4323	4395	
4407	4348	4280	4348	
4353	4306	4255	4306	
4312	4267	4225	4267	
4285	4250	4204	4250	
4263	4231	4193	4231	
4246	4219	4172	4219	
4240	4209	4181	4209	
4219	4189	4163	4189	
4198	4183	4166	4183	
4185	4173	4167	4173	
4180	4174	4159	4174	
4164	4158	4150	4158	
4158	4156	4152	4156	
4150	4149	4146	4149	
4145	4151	4152	4151	
4143	4143	4149	4143	
4129	4139	4140	4139	
4126	4132	4134	4132	
4135	4134	4136	4134	
4141	4136	4141	4136	
4143	4136	4138	4136	
4160	4143	4143	4143	
4165	4159	4158	4159	
4187	4165	4166	4165	
4212	4178	4172	4178	
4228	4196	4188	4196	
4246	4214	4207	4214	
4279	4230	4214	4230	
4300	4253	4245	4253	
4329	4265	4251	4265	
4372	4301	4282	4301	
4425	4340	4313	4340	
4480	4391	4359	4391	
4546	4440	4392	4440	
4607	4490	4431	4490	
4666	4544	4472	4544	
4723	4597	4516	4597	
4797	4657	4556	4657	
4861	4724	4605	4724	
4922	4789	4654	4789	
4986	4857	4706	4857	
5052	4924	4743	4924	
5118	4986	4789	4986	
5187	5059	4834	5059	
5267	5134	4895	5134	
5363	5237	4973	5237	
5459	5330	5056	5330	
5576	5427	5137	5427	
5690	5509	5275	5509	
6026	5803	5311	5803	
5937	5711	5238	5711	
5836	5636	5191	5636	
5751	5528	5139	5528	
5645	5431	5082	5431	
5560	5335	5016	5335	
5472	5245	4963	5245	
5385	5168	4913	5168	
5316	5098	4872	5098	
5235	5035	4827	5035	
5165	4973	4790	4973	
5080	4899	4734	4899	
5002	4831	4685	4831	
4924	4772	4634	4772	
4839	4699	4585	4699	
4766	4649	4544	4649	
4701	4590	4493	4590	
4616	4524	4435	4524	
4568	4484	4397	4484	
4505	4438	4358	4438	
4449	4386	4314	4386	
4396	4343	4279	4343	
4344	4297	4240	4297	
4311	4264	4213	4264	
4272	4234	4182	4234	
4253	4223	4180	4223	
4238	4210	4170	4210	
4222	4196	4168	4196	
4202	4179	4151	4179	
4189	4172	4149	4172	
4175	4161	4158	4161	
4170	4155	4147	4155	
4152	4148	4145	4148	
4148	4149	4144	4149	
4149	4148	4147	4148	
4142	4144	4139	4144	
4125	4131	4135	4131	
4124	4128	4135	4128	
4127	4128	4132	4128	
4130	4129	4136	4129	
4130	4132	4139	4132	
4134	4132	4131	4132	
4142	4135	4143	4135	
4165	4151	4146	4151	
4171	4153	4153	4153	
4198	4169	4163	4169	
4218	4186	4179	4186	
4237	4201	4199	4201	
4262	4220	4213	4220	
4296	4244	4236	4244	
4325	4263	4241	4263	
4366	4292	4273	4292	
4413	4326	4302	4326	
4468	4377	4343	4377	
4524	4426	4376	4426	
4586	4480	4418	4480	
4649	4533	4457	4533	
4716	4587	4503	4587	
4778	4650	4541	4650	
4844	4712	4592	4712	
4902	4776	4638	4776	
4975	4846	4688	4846	
5032	4917	4733	4917	
5104	4978	4785	4978	
5174	5050	4842	5050	
5246	5124	4892	5124	
5345	5218	4965	5218	
5451	5325	5042	5325	
5560	5421	5124	5421	
5671	5503	5272	5503	
6056	5805	5321	5805	
5964	5729	5255	5729	
5849	5649	5215	5649	
5745	5541	5144	5541	
5644	5430	5085	5430	
5552	5322	5002	5322	
5468	5240	4950	5240	
5392	5168	4909	5168	
5322	5104	4868	5104	
5237	5035	4830	5035	
5150	4960	4780	4960	
5068	4889	4720	4889	
4985	4821	4676	4821	
4910	4761	4629	4761	
4833	4700	4589	4700	
4763	4641	4539	4641	
4692	4577	4480	4577	
4616	4519	4435	4519	
4563	4481	4396	4481	
4490	4423	4349	4423	
4441	4370	4307	4370	
4380	4328	4269	4328	
4335	4287	4232	4287	
4301	4257	4208	4257	
4274	4233	4193	4233	
4264	4224	4185	4224	
4236	4202	4169	4202	
4212	4184	4156	4184	
4196	4174	4152	4174	
4188	4162	4145	4162	
4161	4152	4136	4152	
4159	4147	4136	4147	
4136	4134	4128	4134	
4144	4140	4138	4140	
4139	4135	4131	4135	
4124	4125	4120	4125	
4115	4116	4117	4116	
4118	4123	4118	4123	
4122	4127	4132	4127	
4128	4133	4132	4133	
4129	4130	4130	4130	
4141	4132	4129	4132	
4141	4137	4135	4137	
4155	4141	4138	4141	
4167	4151	4149	4151	
4189	4164	4160	4164	
4214	4179	4170	4179	
4229	4197	4189	4197	
4253	4211	4199	4211	
4284	4236	4228	4236	
4321	4259	4240	4259	
4351	4285	4267	4285	
4401	4322	4296	4322	
4458	4371	4333	4371	
4522	4422	4372	4422	
4579	4465	4409	4465	
4645	4522	4449	4522	
4710	4585	4498	4585	
4766	4645	4534	4645	
4836	4704	4587	4704	
4889	4758	4625	4758	
4955	4832	4672	4832	
5018	4901	4716	4901	
5089	4973	4770	4973	
5163	5043	4830	5043	
5231	5112	4878	5112	
5342	5213	4948	5213	
5442	5313	5037	5313	
5550	5408	5113	5408	
5661	5483	5256	5483	
6031	5783	5313	5783	
5960	5715	5234	5715	
5856	5650	5202	5650	
5747	5525	5134	5525	
5638	5418	5063	5418	
5551	5317	4997	5317	
5458	5239	4939	5239	
5389	5170	4913	5170	
5324	5103	4871	5103	
5232	5029	4823	5029	
5146	4952	4768	4952	
5067	4886	4715	4886	
4985	4815	4672	4815	
4912	4753	4620	4753	
4821	4688	4572	4688	
4756	4633	4518	4633	
4689	4570	4478	4570	
4617	4516	4435	4516	
4560	4470	4386	4470	
4486	4416	4345	4416	
4429	4364	4292	4364	
4380	4316	4257	4316	
4342	4285	4226	4285	
4304	4256	4207	4256	
4274	4233	4189	4233	
4257	4223	4182	4223	
4232	4200	4166	4200	
4207	4182	4152	4182	
4193	4175	4151	4175	
4180	4156	4136	4156	
4157	4146	4134	4146	
4152	4138	4126	4138	
4133	4126	4119	4126	
4128	4125	4124	4125	
4113	4116	4109	4116	
4111	4109	4111	4109	
4107	4109	4107	4109	
4112	4113	4116	4113	
4119	4120	4120	4120	
4126	4126	4126	4126	
4134	4135	4137	4135	
4139	4134	4135	4134	
4141	4130	4136	4130	
4148	4136	4131	4136	
4165	4143	4152	4143	
4192	4168	4154	4168	
4220	4184	4175	4184	
4231	4195	4186	4195	
4250	4204	4190	4204	
4282	4230	4222	4230	
4315	4251	4237	4251	
4358	4284	4267	4284	
4405	4318	4290	4318	
4452	4364	4324	4364	
4522	4415	4376	4415	
4579	4468	4412	4468	
4643	4523	4456	4523	
4712	4582	4486	4582	
4762	4632	4529	4632	
4818	4691	4582	4691	
4899	4765	4624	4765	
4953	4830	4678	4830	
5016	4900	4719	4900	
5084	4963	4766	4963	
5158	5034	4815	5034	
5230	5109	4890	5109	
5323	5206	4953	5206	
5437	5309	5027	5309	
5541	5398	5109	5398	
5733	5553	5328	5553	
5952	5708	5253	5708	
5911	5666	5210	5666	
5859	5645	5201	5645	
5744	5527	5132	5527	
5635	5409	5054	5409	
5549	5309	4991	5309	
5456	5230	4940	5230	
5390	5169	4905	5169	
5323	5094	4861	5094	
5237	5026	4807	5026	
5152	4952	4760	4952	
5058	4877	4715	4877	
4989	4815	4667	4815	
4911	4746	4620	4746	
4824	4686	4567	4686	
4755	4629	4514	4629	
4683	4565	4477	4565	
4613	4511	4421	4511	
4557	4472	4387	4472	
4501	4422	4356	4422	
4428	4362	4292	4362	
4369	4318	4253	4318	
4338	4282	4230	4282	
4308	4253	4209	4253	
4276	4233	4192	4233	
4250	4216	4184	4216	
4222	4195	4164	4195	
4209	4180	4158	4180	
4192	4166	4145	4166	
4170	4148	4132	4148	
4152	4136	4122	4136	
4140	4131	4122	4131	
4130	4123	4119	4123	
4126	4120	4118	4120	
4107	4104	4106	4104	
4096	4098	4103	4098	
4107	4105	4105	4105	
4108	4111	4112	4111	
4115	4115	4122	4115	
4128	4120	4124	4120	
4127	4125	4132	4125	
4133	4132	4136	4132	
4147	4137	4142	4137	
4153	4138	4139	4138	
4160	4145	4155	4145	
4194	4168	4169	4168	
4216	4181	4182	4181	
4235	4196	4193	4196	
4253	4204	4199	4204	
4285	4226	4222	4226	
4317	4248	4235	4248	
4351	4276	4256	4276	
4396	4318	4282	4318	
4445	4362	4326	4362	
4515	4410	4372	4410	
4580	4467	4416	4467	
4635	4522	4454	4522	
4705	4578	4491	4578	
4754	4634	4527	4634	
4818	4692	4573	4692	
4893	4767	4610	4767	
4958	4835	4680	4835	
5020	4894	4720	4894	
5076	4963	4763	4963	
5151	5030	4814	5030	
5230	5106	4878	5106	
5322	5196	4938	5196	
5430	5301	5028	5301	
5533	5393	5106	5393	
5672	5496	5272	5496	
5910	5681	5227	5681	
5866	5633	5166	5633	
5824	5619	5179	5619	
5750	5521	5132	5521	
5648	5419	5060	5419	
5548	5319	4988	5319	
5452	5229	4933	5229	
5386	5164	4902	5164	
5314	5101	4862	5101	
5231	5031	4815	5031	
5145	4954	4756	4954	
5057	4879	4702	4879	
4985	4814	4657	4814	
4906	4748	4611	4748	
4829	4689	4568	4689	
4751	4629	4521	4629	
4675	4569	4474	4569	
4618	4514	4422	4514	
4553	4461	4383	4461	
4490	4414	4340	4414	
4438	4367	4299	4367	
4383	4322	4256	4322	
4344	4291	4244	4291	
4309	4260	4213	4260	
4272	4229	4190	4229	
4249	4214	4174	4214	
4225	4194	4166	4194	
4212	4175	4148	4175	
4188	4160	4137	4160	
4167	4145	4128	4145	
4155	4137	4118	4137	
4149	4132	4119	4132	
4137	4128	4120	4128	
4120	4114	4111	4114	
4103	4104	4102	4104	
4101	4097	4096	4097	
4103	4099	4103	4099	
4109	4108	4110	4108	
4114	4115	4118	4115	
4128	4122	4128	4122	
4131	4130	4134	4130	
4141	4133	4131	4133	
4150	4138	4139	4138	
4160	4147	4146	4147	
4166	4148	4146	4148	
4191	4169	4160	4169	
4209	4177	4175	4177	
4233	4197	4195	4197	
4256	4212	4204	4212	
4276	4226	4215	4226	
4302	4242	4230	4242	
4356	4285	4259	4285	
4403	4323	4291	4323	
4452	4363	4333	4363	
4527	4419	4378	4419	
4580	4470	4412	4470	
4645	4523	4445	4523	
4707	4569	4483	4569	
4753	4629	4520	4629	
4826	4687	4566	4687	
4884	4757	4610	4757	
4952	4827	4666	4827	
5018	4897	4722	4897	
5083	4964	4758	4964	
5155	5033	4816	5033	
5229	5099	4865	5099	
5317	5194	4922	5194	
5422	5300	5023	5300	
5536	5397	5113	5397	
5645	5464	5251	5464	
5942	5701	5236	5701	
5865	5632	5163	5632	
5784	5575	5135	5575	
5688	5477	5094	5477	
5624	5398	5042	5398	
5543	5327	4988	5327	
5455	5246	4943	5246	
5400	5175	4906	5175	
5326	5104	4862	5104	
5243	5037	4811	5037	
5156	4962	4764	4962	
5068	4882	4707	4882	
4986	4820	4672	4820	
4905	4746	4614	4746	
4824	4686	4562	4686	
4761	4634	4533	4634	
4688	4574	4482	4574	
4623	4523	4431	4523	
4554	4463	4384	4463	
4504	4420	4342	4420	
4444	4371	4297	4371	
4379	4324	4262	4324	
4348	4290	4244	4290	
4307	4255	4213	4255	
4275	4227	4187	4227	
4255	4216	4177	4216	
4229	4190	4159	4190	
4207	4175	4149	4175	
4188	4160	4138	4160	
4179	4156	4140	4156	
4164	4144	4136	4144	
4157	4141	4137	4141	
4136	4128	4124	4128	
4123	4118	4119	4118	
4116	4107	4114	4107	
4114	4108	4110	4108	
4104	4106	4105	4106	
4109	4108	4103	4108	
4120	4118	4116	4118	
4132	4120	4129	4120	
4135	4134	4139	4134	
4148	4137	4135	4137	
4148	4137	4137	4137	
4156	4147	4138	4147	
4168	4149	4136	4149	
4196	4171	4157	4171	
4216	4185	4174	4185	
4237	4201	4185	4201	
4259	4217	4207	4217	
4290	4236	4224	4236	
4319	4254	4232	4254	
4363	4285	4256	4285	
4410	4330	4298	4330	
4459	4366	4326	4366	
4514	4413	4368	4413	
4589	4468	4407	4468	
4652	4523	4453	4523	
4705	4577	4475	4577	
4757	4632	4529	4632	
4830	4698	4570	4698	
4887	4759	4607	4759	
4955	4832	4663	4832	
5017	4897	4715	4897	
5083	4965	4754	4965	
5172	5038	4815	5038	
5240	5115	4875	5115	
5332	5203	4938	5203	
5437	5307	5010	5307	
5540	5404	5120	5404	
5639	5470	5250	5470	
5933	5704	5231	5704	
5878	5639	5161	5639	
5783	5571	5126	5571	
5688	5471	5079	5471	
5624	5397	5029	5397	
5560	5325	4993	5325	
5476	5245	4943	5245	
5401	5176	4903	5176	
5333	5115	4880	5115	
5247	5032	4808	5032	
5159	4968	4760	4968	
5069	4891	4708	4891	
4991	4814	4663	4814	
4902	4752	4608	4752	
4833	4690	4564	4690	
4765	4636	4524	4636	
4687	4579	4473	4579	
4633	4529	4435	4529	
4562	4473	4381	4473	
4509	4429	4345	4429	
4448	4379	4297	4379	
4387	4328	4253	4328	
4342	4293	4231	4293	
4304	4254	4201	4254	
4274	4228	4174	4228	
4248	4215	4172	4215	
4235	4194	4161	4194	
4214	4183	4149	4183	
4194	4167	4146	4167	
4179	4156	4137	4156	
4163	4143	4133	4143	
4147	4137	4130	4137	
4144	4135	4131	4135	
4138	4128	4128	4128	
4123	4117	4109	4117	
4124	4113	4114	4113	
4120	4118	4114	4118	
4125	4119	4112	4119	
4123	4123	4123	4123	
4129	4127	4118	4127	
4136	4131	4128	4131	
4142	4130	4122	4130	
4147	4134	4127	4134	
4163	4149	4131	4149	
4177	4157	4139	4157	
4196	4172	4162	4172	
4218	4183	4177	4183	
4245	4208	4197	4208	
4264	4222	4203	4222	
4296	4238	4223	4238	
4334	4265	4233	4265	
4369	4294	4260	4294	
4419	4328	4292	4328	
4468	4370	4319	4370	
4528	4417	4357	4417	
4580	4465	4391	4465	
4649	4522	4449	4522	
4710	4580	4478	4580	
4763	4636	4524	4636	
4829	4697	4566	4697	
4890	4763	4622	4763	
4965	4836	4671	4836	
5035	4901	4711	4901	
5096	4970	4760	4970	
5169	5046	4811	5046	
5253	5127	4869	5127	
5344	5216	4951	5216	
5449	5320	5033	5320	
5558	5426	5132	5426	
5667	5498	5255	5498	
5922	5691	5215	5691	
5869	5625	5157	5625	
5789	5569	5125	5569	
5707	5477	5089	5477	
5632	5404	5037	5404	
5572	5331	4997	5331	
5494	5264	4951	5264	
5415	5182	4905	5182	
5337	5113	4859	5113	
5256	5041	4811	5041	
5171	4970	4768	4970	
5092	4894	4708	4894	
5010	4831	4668	4831	
4934	4765	4629	4765	
4855	4700	4563	4700	
4779	4644	4527	4644	
4696	4590	4485	4590	
4634	4529	4428	4529	
4576	4478	4384	4478	
4513	4432	4337	4432	
4459	4383	4307	4383	
4403	4336	4272	4336	
4360	4304	4236	4304	
4327	4268	4210	4268	
4288	4241	4190	4241	
4256	4219	4181	4219	
4240	4200	4164	4200	
4226	4185	4156	4185	
4204	4175	4143	4175	
4180	4154	4132	4154	
4174	4153	4135	4153	
4158	4145	4130	4145	
4147	4136	4127	4136	
4145	4135	4125	4135	
4144	4133	4130	4133	
4137	4127	4128	4127	
4141	4130	4121	4130	
4136	4128	4117	4128	
4136	4126	4117	4126	
4136	4123	4123	4123	
4143	4130	4121	4130	
4146	4131	4124	4131	
4150	4140	4126	4140	
4165	4151	4132	4151	
4188	4163	4149	4163	
4208	4177	4161	4177	
4232	4196	4176	4196	
4261	4214	4197	4214	
4284	4231	4213	4231	
4306	4256	4233	4256	
4340	4272	4244	4272	
4385	4310	4279	4310	
4438	4348	4307	4348	
4487	4387	4334	4387	
4540	4431	4374	4431	
4599	4481	4410	4481	
4668	4536	4452	4536	
4715	4592	4486	4592	
4773	4646	4521	4646	
4846	4706	4568	4706	
4906	4774	4624	4774	
4974	4845	4672	4845	
5043	4918	4720	4918	
5104	4982	4777	4982	
5193	5060	4817	5060	
5260	5126	4873	5126	
5352	5217	4944	5217	
5460	5329	5040	5329	
5564	5423	5131	5423	
5686	5502	5266	5502	
5929	5710	5227	5710	
5879	5639	5160	5639	
5793	5583	5131	5583	
5714	5484	5073	5484	
5633	5410	5039	5410	
5568	5333	4995	5333	
5481	5252	4948	5252	
5421	5193	4895	5193	
5338	5120	4858	5120	
5261	5046	4811	5046	
5178	4973	4770	4973	
5102	4911	4725	4911	
5022	4846	4675	4846	
4942	4784	4627	4784	
4862	4714	4579	4714	
4792	4652	4535	4652	
4719	4596	4486	4596	
4650	4541	4436	4541	
4584	4490	4399	4490	
4521	4444	4348	4444	
4464	4394	4302	4394	
4413	4350	4269	4350	
4374	4314	4246	4314	
4330	4281	4219	4281	
4293	4248	4185	4248	
4268	4225	4176	4225	
4253	4212	4164	4212	
4229	4200	4157	4200	
4209	4179	4142	4179	
4194	4169	4137	4169	
4184	4164	4140	4164	
4175	4156	4137	4156	
4167	4149	4127	4149	
4158	4150	4128	4150	
4159	4147	4136	4147	
4149	4139	4132	4139	
4144	4132	4123	4132	
4154	4142	4127	4142	
4154	4137	4124	4137	
4147	4140	4129	4140	
4151	4137	4124	4137	
4158	4143	4126	4143	
4164	4144	4123	4144	
4180	4157	4139	4157	
4200	4171	4152	4171	
4226	4195	4165	4195	
4247	4211	4183	4211	
4259	4219	4196	4219	
4291	4240	4209	4240	
4318	4262	4226	4262	
4343	4279	4240	4279	
4399	4319	4274	4319	
4453	4367	4317	4367	
4495	4400	4341	4400	
4551	4445	4379	4445	
4609	4493	4417	4493	
4669	4548	4453	4548	
4736	4605	4494	4605	
4782	4657	4532	4657	
4863	4721	4581	4721	
4926	4787	4625	4787	
4983	4856	4667	4856	
5043	4929	4727	4929	
5125	4994	4788	4994	
5191	5067	4834	5067	
5266	5144	4898	5144	
5377	5245	4966	5245	
5477	5352	5052	5352	
5588	5447	5137	5447	
5699	5529	5287	5529	
5963	5724	5239	5724	
5896	5649	5168	5649	
5811	5592	5142	5592	
5724	5498	5087	5498	
5640	5420	5046	5420	
5574	5351	5006	5351	
5500	5272	4951	5272	
5419	5197	4900	5197	
5346	5129	4866	5129	
5273	5058	4819	5058	
5182	4988	4787	4988	
5111	4928	4730	4928	
5029	4857	4675	4857	
4947	4795	4627	4795	
4871	4726	4574	4726	
4800	4665	4537	4665	
4731	4611	4493	4611	
4666	4559	4447	4559	
4598	4501	4398	4501	
4542	4456	4357	4456	
4481	4404	4312	4404	
4434	4367	4274	4367	
4386	4324	4244	4324	
4345	4292	4217	4292	
4310	4262	4191	4262	
4276	4237	4177	4237	
4249	4213	4159	4213	
4226	4198	4154	4198	
4210	4184	4140	4184	
4205	4178	4139	4178	
4194	4173	4138	4173	
4179	4164	4132	4164	
4170	4156	4125	4156	
4167	4152	4134	4152	
4159	4149	4128	4149	
4152	4143	4126	4143	
4146	4141	4122	4141	
4154	4148	4126	4148	
4154	4140	4112	4140	
4153	4139	4119	4139	
4152	4136	4120	4136	
4163	4144	4112	4144	
4174	4150	4126	4150	
4181	4165	4135	4165	
4211	4181	4154	4181	
4229	4200	4167	4200	
4252	4212	4187	4212	
4266	4230	4191	4230	
4294	4245	4206	4245	
4324	4268	4225	4268	
4359	4296	4247	4296	
4417	4338	4281	4338	
4460	4373	4311	4373	
4506	4411	4342	4411	
4556	4453	4376	4453	
4618	4510	4420	4510	
4690	4564	4458	4564	
4755	4620	4503	4620	
4799	4672	4532	4672	
4874	4737	4580	4737	
4936	4804	4634	4804	
5006	4872	4682	4872	
5056	4936	4730	4936	
5133	5012	4791	5012	
5215	5082	4834	5082	
5283	5156	4893	5156	
5391	5254	4982	5254	
5501	5360	5051	5360	
5618	5464	5156	5464	
5744	5552	5297	5552	
5968	5725	5233	5725	
5906	5657	5172	5657	
5815	5602	5146	5602	
5730	5505	5100	5505	
5646	5427	5048	5427	
5589	5366	5010	5366	
5512	5286	4954	5286	
5434	5204	4907	5204	
5364	5148	4881	5148	
5284	5071	4823	5071	
5197	5003	4778	5003	
5116	4934	4720	4934	
5044	4873	4677	4873	
4964	4804	4633	4804	
4885	4741	4583	4741	
4815	4688	4543	4688	
4750	4632	4496	4632	
4676	4570	4443	4570	
4608	4515	4400	4515	
4551	4472	4367	4472	
4498	4431	4330	4431	
4447	4384	4288	4384	
4402	4342	4255	4342	
4368	4312	4238	4312	
4324	4280	4199	4280	
4289	4253	4175	4253	
4265	4223	4166	4223	
4236	4204	4152	4204	
4224	4197	4146	4197	
4210	4188	4147	4188	
4203	4181	4144	4181	
4190	4171	4133	4171	
4181	4163	4130	4163	
4174	4167	4132	4167	
4174	4166	4138	4166	
4169	4159	4130	4159	
4168	4157	4130	4157	
4164	4157	4132	4157	
4163	4150	4114	4150	
4159	4145	4118	4145	
4168	4148	4123	4148	
4180	4155	4126	4155	
4185	4163	4136	4163	
4197	4179	4144	4179	
4228	4194	4167	4194	
4243	4211	4169	4211	
4258	4227	4185	4227	
4277	4238	4195	4238	
4300	4252	4214	4252	
4336	4286	4233	4286	
4376	4313	4256	4313	
4425	4352	4292	4352	
4478	4392	4316	4392	
4524	4432	4357	4432	
4577	4471	4386	4471	
4643	4523	4422	4523	
4704	4580	4471	4580	
4760	4630	4500	4630	
4823	4689	4549	4689	
4876	4748	4590	4748	
4952	4823	4648	4823	
5023	4887	4693	4887	
5080	4953	4740	4953	
5141	5018	4791	5018	
5222	5100	4835	5100	
5310	5175	4905	5175	
5415	5284	5002	5284	
5515	5379	5069	5379	
5639	5481	5165	5481	
5762	5567	5306	5567	
5995	5750	5232	5750	
5923	5668	5176	5668	
5815	5611	5143	5611	
5738	5524	5102	5524	
5662	5449	5057	5449	
5613	5383	5015	5383	
5533	5312	4972	5312	
5444	5222	4921	5222	
5374	5156	4874	5156	
5297	5086	4824	5086	
5222	5025	4791	5025	
5134	4958	4740	4958	
5055	4896	4698	4896	
4979	4826	4641	4826	
4903	4765	4597	4765	
4827	4707	4554	4707	
4759	4649	4504	4649	
4690	4588	4461	4588	
4632	4539	4415	4539	
4563	4486	4361	4486	
4519	4454	4338	4454	
4472	4412	4303	4412	
4431	4372	4274	4372	
4384	4333	4248	4333	
4342	4302	4211	4302	
4303	4264	4187	4264	
4271	4236	4170	4236	
4249	4219	4157	4219	
4232	4209	4149	4209	
4225	4198	4143	4198	
4215	4189	4143	4189	
4197	4180	4141	4180	
4194	4181	4135	4181	
4195	4184	4141	4184	
4184	4177	4140	4177	
4175	4168	4129	4168	
4176	4164	4124	4164	
4177	4164	4122	4164	
4168	4161	4124	4161	
4171	4154	4122	4154	
4179	4168	4127	4168	
4185	4167	4124	4167	
4185	4173	4123	4173	
4201	4187	4146	4187	
4227	4200	4159	4200	
4250	4220	4172	4220	
4263	4234	4179	4234	
4284	4249	4196	4249	
4311	4269	4213	4269	
4352	4300	4239	4300	
4392	4328	4267	4328	
4445	4366	4295	4366	
4494	4415	4336	4415	
4538	4454	4371	4454	
4600	4496	4400	4496	
4667	4549	4428	4549	
4713	4607	4474	4607	
4779	4655	4520	4655	
4833	4710	4569	4710	
4903	4773	4599	4773	
4971	4842	4654	4842	
5032	4905	4699	4905	
5096	4972	4740	4972	
5162	5044	4795	5044	
5241	5113	4847	5113	
5337	5206	4919	5206	
5444	5310	5011	5310	
5550	5413	5097	5413	
5677	5517	5190	5517	
5801	5605	5344	5605	
6021	5780	5279	5780	
5954	5707	5206	5707	
5850	5631	5148	5631	
5755	5533	5113	5533	
5672	5457	5049	5457	
5621	5396	5019	5396	
5554	5333	4978	5333	
5462	5249	4941	5249	
5391	5183	4893	5183	
5314	5108	4831	5108	
5230	5046	4800	5046	
5155	4981	4747	4981	
5089	4922	4700	4922	
5001	4852	4658	4852	
4926	4789	4617	4789	
4854	4730	4565	4730	
4785	4676	4520	4676	
4700	4607	4463	4607	
4637	4554	4417	4554	
4584	4509	4374	4509	
4539	4473	4351	4473	
4482	4433	4315	4433	
4435	4390	4285	4390	
4394	4349	4245	4349	
4353	4315	4207	4315	
4310	4285	4192	4285	
4286	4256	4175	4256	
4260	4236	4154	4236	
4238	4221	4154	4221	
4228	4210	4152	4210	
4213	4198	4147	4198	
4206	4191	4142	4191	
4200	4189	4142	4189	
4198	4192	4137	4192	
4187	4184	4136	4184	
4186	4181	4134	4181	
4178	4172	4122	4172	
4176	4170	4123	4170	
4170	4166	4130	4166	
4178	4166	4124	4166	
4185	4173	4126	4173	
4188	4177	4126	4177	
4196	4183	4128	4183	
4212	4197	4143	4197	
4232	4216	4163	4216	
4245	4225	4175	4225	
4274	4246	4183	4246	
4290	4259	4190	4259	
4326	4287	4218	4287	
4366	4320	4244	4320	
4406	4356	4275	4356	
4465	4396	4305	4396	
4508	4434	4334	4434	
4556	4477	4372	4477	
4622	4527	4423	4527	
4684	4581	4450	4581	
4741	4630	4490	4630	
4802	4684	4526	4684	
4846	4733	4569	4733	
4913	4794	4618	4794	
4977	4854	4661	4854	
5042	4921	4714	4921	
5106	4989	4744	4989	
5173	5061	4796	5061	
5269	5143	4863	5143	
5362	5238	4937	5238	
5470	5334	5024	5334	
5587	5438	5102	5438	
5701	5549	5209	5549	
5816	5632	5365	5632	
6044	5786	5286	5786	
5983	5724	5218	5724	
5880	5649	5163	5649	
5770	5555	5112	5555	
5690	5471	5065	5471	
5637	5404	5020	5404	
5580	5353	4991	5353	
5492	5273	4947	5273	
5412	5203	4904	5203	
5332	5130	4842	5130	
5255	5068	4803	5068	
5172	4999	4759	4999	
5104	4946	4719	4946	
5023	4874	4668	4874	
4938	4809	4625	4809	
4864	4747	4579	4747	
4790	4693	4524	4693	
4720	4630	4479	4630	
4652	4576	4433	4576	
4599	4538	4390	4538	
4556	4494	4352	4494	
4495	4440	4311	4440	
4445	4401	4282	4401	
4405	4367	4247	4367	
4368	4336	4226	4336	
4338	4308	4206	4308	
4300	4277	4183	4277	
4271	4250	4165	4250	
4251	4235	4149	4235	
4229	4216	4134	4216	
4221	4210	4135	4210	
4215	4203	4139	4203	
4211	4203	4139	4203	
4202	4196	4133	4196	
4193	4192	4129	4192	
4191	4190	4126	4190	
4186	4182	4124	4182	
4186	4182	4118	4182	
4185	4182	4122	4182	
4193	4185	4129	4185	
4196	4190	4126	4190	
4203	4187	4125	4187	
4204	4195	4126	4195	
4221	4208	4139	4208	
4238	4224	4150	4224	
4267	4247	4171	4247	
4293	4264	4181	4264	
4307	4281	4196	4281	
4342	4310	4216	4310	
4386	4347	4259	4347	
4433	4381	4279	4381	
4487	4421	4315	4421	
4534	4464	4355	4464	
4575	4506	4398	4506	
4635	4553	4436	4553	
4700	4603	4460	4603	
4755	4648	4505	4648	
4813	4704	4536	4704	
4865	4757	4579	4757	
4937	4821	4633	4821	
5001	4887	4668	4887	
5065	4955	4725	4955	
5133	5022	4771	5022	
5208	5082	4812	5082	
5294	5164	4878	5164	
5397	5262	4951	5262	
5507	5359	5040	5359	
5619	5466	5118	5466	
5735	5572	5212	5572	
5857	5665	5367	5665	
6082	5827	5324	5827	
6005	5742	5240	5742	
5884	5668	5178	5668	
5801	5570	5119	5570	
5713	5495	5066	5495	
5647	5424	5036	5424	
5587	5371	5016	5371	
5504	5299	4962	5299	
5429	5225	4928	5225	
5346	5156	4873	5156	
5275	5087	4821	5087	
5187	5025	4780	5025	
5111	4967	4737	4967	
5039	4897	4682	4897	
4954	4829	4627	4829	
4877	4763	4582	4763	
4809	4712	4533	4712	
4752	4662	4493	4662	
4673	4602	4441	4602	
4620	4559	4401	4559	
4570	4522	4368	4522	
4515	4462	4331	4462	
4463	4426	4296	4426	
4418	4386	4261	4386	
4384	4352	4236	4352	
4347	4329	4214	4329	
4311	4297	4192	4297	
4280	4266	4175	4266	
4250	4242	4156	4242	
4237	4230	4149	4230	
4219	4216	4146	4216	
4205	4210	4135	4210	
4202	4203	4137	4203	
4207	4205	4137	4205	
4198	4204	4130	4204	
4192	4195	4128	4195	
4188	4189	4124	4189	
4189	4192	4123	4192	
4187	4192	4124	4192	
4194	4189	4127	4189	
4199	4199	4134	4199	
4195	4201	4136	4201	
4211	4209	4130	4209	
4231	4228	4146	4228	
4254	4240	4162	4240	
4283	4257	4175	4257	
4302	4279	4193	4279	
4331	4303	4224	4303	
4374	4337	4247	4337	
4415	4370	4270	4370	
4452	4409	4297	4409	
4506	4448	4332	4448	
4544	4490	4369	4490	
4599	4534	4410	4534	
4647	4579	4446	4579	
4717	4628	4472	4628	
4775	4681	4521	4681	
4847	4739	4561	4739	
4904	4792	4610	4792	
4965	4849	4651	4849	
5021	4918	4702	4918	
5094	4977	4750	4977	
5154	5044	4799	5044	
5239	5111	4844	5111	
5330	5199	4899	5199	
5436	5293	4972	5293	
5535	5397	5055	5397	
5649	5495	5140	5495	
5770	5605	5240	5605	
5885	5694	5380	5694	
6132	5875	5334	5875	
6042	5773	5250	5773	
5919	5692	5193	5692	
5826	5594	5149	5594	
5723	5509	5079	5509	
5647	5435	5033	5435	
5613	5395	5027	5395	
5541	5329	4997	5329	
5455	5248	4936	5248	
5372	5187	4884	5187	
5284	5115	4849	5115	
5211	5054	4795	5054	
5130	4982	4748	4982	
5058	4924	4703	4924	
4973	4854	4645	4854	
4900	4789	4599	4789	
4832	4738	4544	4738	
4761	4685	4512	4685	
4702	4633	4461	4633	
4641	4583	4419	4583	
4582	4541	4383	4541	
4536	4491	4344	4491	
4483	4454	4311	4454	
4442	4418	4281	4418	
4406	4384	4258	4384	
4364	4354	4234	4354	
4335	4323	4209	4323	
4306	4290	4182	4290	
4270	4266	4165	4266	
4252	4252	4157	4252	
4223	4235	4145	4235	
4208	4218	4126	4218	
4203	4206	4124	4206	
4200	4207	4126	4207	
4197	4204	4117	4204	
4189	4201	4121	4201	
4191	4200	4122	4200	
4189	4200	4119	4200	
4193	4202	4114	4202	
4194	4199	4117	4199	
4207	4210	4125	4210	
4208	4211	4126	4211	
4227	4227	4142	4227	
4242	4242	4157	4242	
4265	4258	4165	4258	
4298	4282	4187	4282	
4322	4304	4205	4304	
4360	4334	4233	4334	
4399	4364	4264	4364	
4443	4402	4285	4402	
4478	4432	4314	4432	
4523	4476	4347	4476	
4571	4514	4375	4514	
4621	4561	4423	4561	
4678	4611	4464	4611	
4730	4661	4502	4661	
4792	4710	4531	4710	
4865	4764	4577	4764	
4918	4824	4631	4824	
4982	4881	4667	4881	
5055	4946	4718	4946	
5126	5009	4765	5009	
5193	5076	4823	5076	
5268	5143	4866	5143	
5359	5232	4931	5232	
5467	5325	5005	5325	
5572	5419	5081	5419	
5675	5528	5165	5528	
5805	5639	5267	5639	
5922	5733	5432	5733	
6191	5918	5392	5918	
6085	5821	5298	5821	
5952	5729	5229	5729	
5854	5623	5163	5623	
5751	5529	5102	5529	
5650	5437	5041	5437	
5607	5403	5034	5403	
5561	5355	5008	5355	
5474	5271	4955	5271	
5384	5208	4909	5208	
5301	5140	4850	5140	
5222	5075	4806	5075	
5161	5014	4771	5014	
5086	4956	4726	4956	
4995	4892	4667	4892	
4924	4823	4618	4823	
4849	4767	4570	4767	
4787	4711	4525	4711	
4726	4665	4478	4665	
4667	4613	4439	4613	
4609	4569	4393	4569	
4557	4520	4360	4520	
4514	4483	4337	4483	
4478	4447	4299	4447	
4432	4421	4280	4421	
4386	4382	4252	4382	
4349	4344	4219	4344	
4321	4321	4195	4321	
4289	4292	4179	4292	
4268	4269	4157	4269	
4242	4257	4151	4257	
4230	4237	4149	4237	
4214	4222	4131	4222	
4203	4213	4126	4213	
4193	4211	4120	4211	
4184	4203	4116	4203	
4190	4209	4115	4209	
4199	4211	4125	4211	
4200	4212	4114	4212	
4206	4216	4118	4216	
4216	4228	4133	4228	
4228	4233	4132	4233	
4243	4249	4147	4249	
4258	4264	4163	4264	
4279	4284	4176	4284	
4321	4311	4202	4311	
4355	4334	4224	4334	
4388	4364	4246	4364	
4419	4392	4283	4392	
4461	4432	4307	4432	
4514	4469	4337	4469	
4557	4511	4376	4511	
4604	4549	4405	4549	
4649	4591	4443	4591	
4703	4643	4486	4643	
4763	4691	4519	4691	
4825	4745	4563	4745	
4897	4803	4605	4803	
4937	4856	4648	4856	
5012	4916	4695	4916	
5092	4984	4747	4984	
5159	5049	4786	5049	
5227	5112	4842	5112	
5304	5180	4886	5180	
5410	5275	4966	5275	
5518	5364	5040	5364	
5618	5466	5122	5466	
5720	5577	5202	5577	
5856	5682	5308	5682	
5982	5775	5454	5775	
6225	5970	5425	5970	
6145	5876	5346	5876	
6022	5790	5275	5790	
5888	5659	5207	5659	
5780	5567	5136	5567	
5694	5471	5069	5471	
5628	5420	5045	5420	
5595	5396	5039	5396	
5502	5316	4983	5316	
5412	5242	4942	5242	
5330	5169	4886	5169	
5257	5111	4824	5111	
5190	5050	4796	5050	
5119	4991	4758	4991	
5033	4923	4691	4923	
4961	4872	4646	4872	
4884	4810	4605	4810	
4827	4750	4550	4750	
4758	4695	4492	4695	
4697	4658	4463	4658	
4637	4604	4418	4604	
4585	4557	4383	4557	
4543	4520	4354	4520	
4506	4483	4327	4483	
4461	4454	4298	4454	
4424	4417	4273	4417	
4377	4376	4243	4376	
4359	4361	4222	4361	
4321	4331	4202	4331	
4294	4302	4181	4302	
4269	4284	4172	4284	
4252	4269	4159	4269	
4237	4255	4147	4255	
4223	4242	4138	4242	
4208	4233	4128	4233	
4202	4223	4122	4223	
4202	4217	4115	4217	
4218	4233	4127	4233	
4216	4237	4133	4237	
4221	4240	4136	4240	
4243	4251	4143	4251	
4242	4252	4148	4252	
4266	4274	4158	4274	
4293	4293	4173	4293	
4318	4318	4200	4318	
4346	4340	4211	4340	
4381	4370	4246	4370	
4414	4398	4265	4398	
4455	4433	4303	4433	
4496	4466	4330	4466	
4538	4505	4358	4505	
4579	4548	4395	4548	
4631	4588	4427	4588	
4678	4628	4459	4628	
4728	4674	4509	4674	
4789	4724	4540	4724	
4844	4778	4587	4778	
4918	4841	4630	4841	
4971	4895	4678	4895	
5063	4966	4725	4966	
5134	5031	4768	5031	
5208	5093	4829	5093	
5280	5163	4884	5163	
5365	5237	4940	5237	
5460	5326	5008	5326	
5551	5411	5085	5411	
5667	5511	5152	5511	
5790	5621	5243	5621	
5924	5745	5346	5745	
6057	5844	5494	5844	
6298	6031	5496	6031	
6206	5933	5389	5933	
6063	5829	5307	5829	
5944	5704	5239	5704	
5819	5597	5163	5597	
5718	5503	5090	5503	
5641	5437	5055	5437	
5603	5418	5067	5418	
5528	5346	4996	5346	
5444	5269	4949	5269	
5354	5209	4902	5209	
5281	5141	4850	5141	
5203	5082	4817	5082	
5130	5025	4776	5025	
5053	4959	4722	4959	
4981	4900	4675	4900	
4911	4841	4623	4841	
4843	4783	4569	4783	
4785	4733	4515	4733	
4725	4689	4492	4689	
4673	4641	4452	4641	
4626	4603	4420	4603	
4571	4559	4381	4559	
4534	4523	4352	4523	
4486	4483	4318	4483	
4445	4445	4288	4445	
4407	4410	4263	4410	
4378	4391	4241	4391	
4346	4364	4226	4364	
4320	4339	4192	4339	
4295	4312	4183	4312	
4278	4299	4170	4299	
4261	4285	4158	4285	
4251	4276	4155	4276	
4241	4263	4136	4263	
4231	4254	4133	4254	
4232	4255	4140	4255	
4237	4262	4145	4262	
4237	4262	4145	4262	
4243	4270	4158	4270	
4264	4284	4173	4284	
4278	4294	4171	4294	
4302	4314	4185	4314	
4317	4333	4198	4333	
4339	4350	4215	4350	
4373	4378	4236	4378	
4411	4407	4264	4407	
4435	4432	4296	4432	
4485	4467	4323	4467	
4523	4500	4348	4500	
4558	4534	4383	4534	
4611	4580	4420	4580	
4655	4619	4444	4619	
4705	4661	4483	4661	
4765	4713	4528	4713	
4806	4754	4572	4754	
4873	4819	4616	4819	
4956	4882	4659	4882	
5014	4937	4703	4937	
5091	5006	4758	5006	
5171	5081	4816	5081	
5243	5142	4864	5142	
5326	5211	4916	5211	
5411	5287	4981	5287	
5507	5371	5055	5371	
5603	5455	5112	5455	
5718	5560	5204	5560	
5835	5666	5282	5666	
5995	5796	5389	5796	
6120	5900	5571	5900	
6373	6104	5528	6104	
6261	5990	5445	5990	
6129	5890	5362	5890	
5997	5754	5283	5754	
5867	5640	5194	5640	
5757	5540	5128	5540	
5678	5462	5072	5462	
5625	5430	5059	5430	
5571	5381	5030	5381	
5478	5312	4981	5312	
5395	5237	4928	5237	
5307	5169	4875	5169	
5230	5110	4833	5110	
5151	5049	4791	5049	
5081	4991	4730	4991	
5011	4938	4692	4938	
4943	4874	4641	4874	
4868	4811	4587	4811	
4809	4765	4548	4765	
4758	4723	4509	4723	
4702	4672	4463	4672	
4645	4631	4437	4631	
4591	4589	4397	4589	
4556	4552	4366	4552	
4515	4517	4336	4517	
4478	4479	4310	4479	
4443	4451	4292	4451	
4407	4422	4262	4422	
4377	4399	4245	4399	
4354	4376	4223	4376	
4337	4360	4212	4360	
4319	4341	4205	4341	
4297	4323	4182	4323	
4285	4309	4167	4309	
4265	4301	4156	4301	
4259	4290	4157	4290	
4260	4292	4154	4292	
4266	4304	4166	4304	
4264	4296	4164	4296	
4274	4300	4173	4300	
4292	4319	4186	4319	
4306	4333	4196	4333	
4324	4346	4208	4346	
4354	4369	4223	4369	
4372	4385	4240	4385	
4407	4419	4269	4419	
4445	4448	4292	4448	
4475	4468	4310	4468	
4512	4502	4353	4502	
4556	4544	4381	4544	
4597	4571	4396	4571	
4637	4613	4440	4613	
4688	4656	4472	4656	
4722	4693	4501	4693	
4785	4750	4553	4750	
4842	4797	4591	4797	
4910	4860	4644	4860	
4985	4919	4685	4919	
5049	4980	4730	4980	
5128	5048	4783	5048	
5204	5116	4828	5116	
5290	5178	4875	5178	
5363	5257	4936	5257	
5457	5332	5005	5332	
5560	5422	5073	5422	
5660	5500	5144	5500	
5775	5614	5242	5614	
5901	5728	5328	5728	
6049	5853	5435	5853	
6173	5950	5601	5950	
6501	6198	5607	6198	
6356	6057	5496	6057	
6194	5942	5397	5942	
6047	5808	5322	5808	
5918	5685	5234	5685	
5812	5590	5156	5590	
5702	5504	5106	5504	
5645	5454	5073	5454	
5619	5424	5061	5424	
5516	5349	5004	5349	
5416	5274	4947	5274	
5335	5194	4887	5194	
5261	5139	4847	5139	
5192	5084	4801	5084	
5122	5023	4753	5023	
5041	4971	4702	4971	
4976	4915	4663	4915	
4897	4853	4618	4853	
4843	4801	4562	4801	
4787	4753	4528	4753	
4737	4707	4490	4707	
4676	4660	4451	4660	
4624	4621	4413	4621	
4590	4589	4387	4589	
4547	4552	4359	4552	
4509	4524	4335	4524	
4473	4489	4308	4489	
4442	4462	4286	4462	
4412	4434	4260	4434	
4393	4414	4246	4414	
4367	4391	4225	4391	
4351	4380	4221	4380	
4330	4361	4197	4361	
4317	4344	4186	4344	
4312	4343	4200	4343	
4303	4335	4184	4335	
4297	4338	4184	4338	
4303	4339	4193	4339	
4303	4336	4184	4336	
4310	4339	4188	4339	
4320	4352	4202	4352	
4337	4369	4213	4369	
4351	4383	4222	4383	
4381	4402	4249	4402	
4404	4426	4259	4426	
4446	4457	4283	4457	
4470	4481	4304	4481	
4506	4508	4336	4508	
4549	4537	4360	4537	
4583	4574	4396	4574	
4625	4609	4421	4609	
4669	4649	4458	4649	
4718	4687	4482	4687	
4762	4732	4530	4732	
4824	4785	4575	4785	
4886	4839	4620	4839	
4954	4899	4663	4899	
5032	4973	4713	4973	
5105	5034	4766	5034	
5172	5087	4806	5087	
5244	5147	4849	5147	
5340	5227	4916	5227	
5413	5304	4972	5304	
5515	5386	5034	5386	
5629	5473	5115	5473	
5717	5554	5186	5554	
5830	5665	5276	5665	
5978	5782	5385	5782	
6123	5921	5494	5921	
6247	6022	5675	6022	
6724	6364	5733	6364	
6473	6153	5580	6153	
6275	5997	5457	5997	
6118	5852	5351	5852	
5978	5732	5263	5732	
5871	5632	5186	5632	
5772	5545	5115	5545	
5680	5471	5088	5471	
5654	5457	5077	5457	
5583	5397	5040	5397	
5477	5323	4990	5323	
5381	5233	4914	5233	
5299	5174	4875	5174	
5236	5117	4824	5117	
5165	5066	4790	5066	
5083	5001	4742	5001	
5029	4946	4689	4946	
4949	4885	4633	4885	
4874	4826	4578	4826	
4826	4783	4545	4783	
4778	4737	4505	4737	
4733	4699	4472	4699	
4682	4661	4447	4661	
4649	4628	4410	4628	
4599	4589	4381	4589	
4559	4558	4361	4558	
4517	4524	4329	4524	
4491	4495	4307	4495	
4450	4464	4275	4464	
4429	4447	4260	4447	
4412	4429	4253	4429	
4399	4414	4239	4414	
4376	4395	4227	4395	
4361	4381	4213	4381	
4355	4381	4214	4381	
4352	4375	4208	4375	
4346	4377	4208	4377	
4351	4378	4210	4378	
4347	4375	4208	4375	
4352	4384	4220	4384	
4371	4397	4237	4397	
4380	4399	4230	4399	
4399	4416	4240	4416	
4430	4438	4271	4438	
4451	4466	4281	4466	
4492	4487	4312	4487	
4520	4518	4332	4518	
4544	4543	4359	4543	
4587	4577	4385	4577	
4626	4608	4419	4608	
4660	4643	4446	4643	
4716	4690	4481	4690	
4769	4731	4519	4731	
4802	4767	4552	4767	
4876	4828	4603	4828	
4934	4881	4650	4881	
5004	4937	4689	4937	
5090	5007	4739	5007	
5152	5069	4790	5069	
5221	5130	4832	5130	
5362	5251	4939	5251	
5391	5270	4949	5270	
5480	5351	5000	5351	
5585	5441	5078	5441	
5690	5536	5155	5536	
5806	5621	5225	5621	
5921	5721	5306	5721	
6042	5831	5405	5831	
6192	5969	5526	5969	
6327	6084	5722	6084	
6962	6558	5911	6558	
6596	6257	5683	6257	
6337	6060	5542	6060	
6179	5899	5426	5899	
6036	5775	5332	5775	
5920	5666	5252	5666	
5824	5571	5178	5571	
5726	5503	5146	5503	
5692	5480	5126	5480	
5634	5433	5098	5433	
5530	5347	5028	5347	
5437	5262	4971	5262	
5366	5203	4912	5203	
5280	5135	4859	5135	
5204	5079	4837	5079	
5124	5019	4779	5019	
5064	4967	4740	4967	
4991	4908	4666	4908	
4918	4850	4613	4850	
4869	4806	4582	4806	
4819	4764	4549	4764	
4772	4720	4521	4720	
4728	4686	4481	4686	
4694	4656	4456	4656	
4648	4617	4436	4617	
4596	4582	4396	4582	
4554	4549	4364	4549	
4536	4521	4349	4521	
4490	4492	4326	4492	
4465	4463	4302	4463	
4445	4455	4288	4455	
4431	4441	4286	4441	
4416	4421	4266	4421	
4414	4417	4260	4417	
4393	4403	4243	4403	
4395	4403	4246	4403	
4393	4409	4254	4409	
4391	4405	4256	4405	
4393	4403	4259	4403	
4412	4423	4271	4423	
4417	4430	4286	4430	
4434	4436	4283	4436	
4449	4455	4303	4455	
4473	4472	4315	4472	
4500	4499	4334	4499	
4530	4517	4347	4517	
4563	4546	4385	4546	
4579	4568	4405	4568	
4633	4603	4446	4603	
4665	4641	4471	4641	
4713	4670	4499	4670	
4756	4714	4532	4714	
4805	4760	4569	4760	
4865	4800	4604	4800	
4915	4848	4651	4848	
4984	4908	4689	4908	
5058	4966	4732	4966	
5134	5033	4778	5033	
5193	5094	4831	5094	
5266	5155	4882	5155	
5370	5253	4967	5253	
5431	5295	5001	5295	
5525	5383	5067	5383	
5617	5475	5141	5475	
5749	5572	5221	5572	
5846	5663	5276	5663	
5977	5764	5366	5764	
6116	5882	5457	5882	
6249	6022	5600	6022	
6387	6138	5774	6138	
                                                                                                                                                                                                                                                                                                                                                                                                                                                                                                                                                                                                                                                                                                                                                                                                                                                                                                                                                                                                                                                                                                                                                                                                                                                                                                                                                                                                                                                                                                                                                                                                                                                                                                                                                                                                                                                                                                                                                                                                                                                                                                                                                                                                                                                                                                                                                                                                                                                                                                                                                                                                                                                                                                                                                                                                                                                                                                                                                                                                                                                                                                                                                                                                                                                                                                                                                                                                                                                                                                                                                                                                                                                                                                                                                                                                                                                                                                                                                                                                                                                                                                                                                                                                                                                                                                                                                                                                                                                                                                                                                                                                                                                                                                                                                                                                                                                                                                                                                                                                                                                                                                                                                                                                                                                                                                                                                                                                                                                                                                                                                                                                                                                                                                                                                                                                                                                                                                                                                                                                                                                                                                                                                                                                                                                                                                                                                                                                                                                                                                                                                                                                                                                                                                                                                                                                                                                                                                                                                                                                                                                                                                                                                                                                                                                                                                                                                                                                                                                                                                                                                                                                                                                                                                                                                                                                                                                                                                                                                                                                                                                                                                                                                                                                                                                                                                                                                                                                                                                                                                                                                                                                                                                                                                                                                                                                                                                                                                                                                                                                                                                                                                                                                                                                                                                                                                                                                                                                                                                                                                                                                                                                                                                                                                                                                                                                                                                                                                                                                                                                                                                                                                                                                                                                                                                                                                                                                                                                                                                                                                                                                                                                                                                                                                                                                                                                                                                                                                                                                                                                                                                                                                                                                                                                                                                                                                                                                                                                                                                                                                                                                                                                                                                                    