2800	2800	2800	2800	
9307	8130	7214	8130	
8558	7441	6655	7441	
7793	6854	6211	6854	
7517	6579	6005	6579	
7313	6413	5880	6413	
7132	6253	5766	6253	
6962	6108	5663	6108	
6807	6002	5572	6002	
6679	5906	5506	5906	
6510	5799	5405	5799	
6398	5704	5350	5704	
6287	5610	5284	5610	
6183	5539	5227	5539	
6088	5469	5173	5469	
5972	5406	5113	5406	
5867	5336	5066	5336	
5793	5275	5008	5275	
5689	5211	4955	5211	
5609	5157	4908	5157	
5529	5108	4857	5108	
5460	5054	4808	5054	
5380	5006	4771	5006	
5339	4963	4726	4963	
5261	4921	4691	4921	
5228	4888	4658	4888	
5160	4847	4638	4847	
5112	4812	4604	4812	
5066	4786	4570	4786	
5029	4757	4556	4757	
4987	4736	4531	4736	
4957	4710	4524	4710	
4930	4706	4520	4706	
4911	4682	4496	4682	
4897	4674	4490	4674	
4897	4666	4500	4666	
4885	4660	4484	4660	
4879	4660	4478	4660	
4881	4673	4484	4673	
4893	4673	4501	4673	
4907	4678	4505	4678	
4929	4688	4516	4688	
4937	4699	4535	4699	
4957	4721	4542	4721	
4993	4739	4548	4739	
5010	4753	4570	4753	
5073	4787	4604	4787	
5111	4811	4618	4811	
5156	4841	4660	4841	
5210	4874	4699	4874	
5257	4900	4721	4900	
5319	4932	4738	4932	
5391	4973	4765	4973	
5441	5017	4798	5017	
5523	5063	4840	5063	
5581	5107	4889	5107	
5649	5157	4927	5157	
5733	5221	4976	5221	
5825	5269	5025	5269	
5907	5339	5073	5339	
6017	5415	5136	5415	
6130	5513	5209	5513	
6233	5599	5278	5599	
6367	5686	5336	5686	
6503	5788	5426	5788	
6636	5905	5516	5905	
6801	6009	5624	6009	
6947	6139	5723	6139	
7133	6301	5850	6301	
7370	6468	5998	6468	
7621	6605	6197	6605	
8834	7678	6849	7678	
8205	7120	6393	7120	
7631	6664	6046	6664	
7357	6444	5876	6444	
7179	6281	5758	6281	
7002	6129	5648	6129	
6845	5995	5549	5995	
6695	5894	5459	5894	
6572	5786	5388	5786	
6434	5685	5311	5685	
6304	5595	5237	5595	
6191	5510	5181	5510	
6091	5438	5123	5438	
5989	5368	5070	5368	
5877	5305	5015	5305	
5782	5240	4965	5240	
5699	5181	4907	5181	
5595	5122	4854	5122	
5519	5069	4816	5069	
5434	5018	4770	5018	
5368	4966	4719	4966	
5295	4912	4678	4912	
5240	4870	4639	4870	
5176	4839	4596	4839	
5129	4799	4571	4799	
5076	4767	4547	4767	
5021	4725	4518	4725	
4984	4694	4490	4694	
4945	4668	4465	4668	
4921	4652	4454	4652	
4884	4621	4440	4621	
4851	4609	4424	4609	
4832	4590	4409	4590	
4813	4584	4403	4584	
4803	4578	4398	4578	
4806	4570	4392	4570	
4793	4570	4383	4570	
4804	4577	4389	4577	
4805	4582	4401	4582	
4817	4588	4401	4588	
4833	4600	4422	4600	
4866	4611	4433	4611	
4880	4628	4446	4628	
4908	4643	4459	4643	
4935	4662	4476	4662	
4983	4693	4502	4693	
5016	4716	4528	4716	
5065	4742	4546	4742	
5108	4776	4583	4776	
5161	4806	4606	4806	
5222	4841	4637	4841	
5296	4882	4683	4882	
5347	4923	4706	4923	
5415	4966	4743	4966	
5497	5010	4785	5010	
5574	5065	4831	5065	
5651	5120	4876	5120	
5732	5176	4916	5176	
5826	5235	4971	5235	
5913	5313	5028	5313	
6019	5395	5094	5395	
6124	5482	5167	5482	
6242	5574	5225	5574	
6377	5663	5309	5663	
6509	5773	5395	5773	
6671	5894	5485	5894	
6824	6016	5595	6016	
6999	6158	5711	6158	
7239	6320	5871	6320	
7455	6479	6084	6479	
8334	7260	6512	7260	
7851	6857	6191	6857	
7481	6571	5975	6571	
7259	6374	5850	6374	
7077	6226	5715	6226	
6921	6085	5624	6085	
6774	5970	5531	5970	
6622	5858	5449	5858	
6484	5752	5378	5752	
6354	5650	5296	5650	
6252	5562	5234	5562	
6122	5481	5168	5481	
6017	5414	5121	5414	
5931	5350	5073	5350	
5823	5283	5018	5283	
5733	5218	4970	5218	
5626	5150	4910	5150	
5542	5092	4850	5092	
5453	5042	4796	5042	
5376	4986	4748	4986	
5305	4936	4706	4936	
5229	4890	4668	4890	
5166	4851	4635	4851	
5119	4810	4592	4810	
5063	4768	4566	4768	
5017	4736	4532	4736	
4958	4700	4498	4700	
4921	4671	4486	4671	
4879	4641	4454	4641	
4839	4608	4432	4608	
4809	4592	4427	4592	
4789	4576	4406	4576	
4762	4563	4399	4563	
4745	4553	4390	4553	
4728	4545	4386	4545	
4728	4540	4383	4540	
4725	4538	4375	4538	
4735	4540	4378	4540	
4741	4544	4383	4544	
4747	4555	4395	4555	
4759	4563	4401	4563	
4778	4576	4419	4576	
4803	4591	4423	4591	
4830	4607	4436	4607	
4873	4628	4457	4628	
4906	4652	4477	4652	
4939	4670	4495	4670	
4991	4699	4521	4699	
5029	4737	4557	4737	
5090	4771	4589	4771	
5139	4807	4622	4807	
5205	4850	4662	4850	
5286	4885	4692	4885	
5345	4932	4733	4932	
5420	4976	4766	4976	
5493	5030	4806	5030	
5584	5090	4861	5090	
5667	5148	4894	5148	
5741	5204	4950	5204	
5828	5270	5002	5270	
5947	5355	5059	5355	
6061	5449	5138	5449	
6166	5532	5200	5532	
6292	5618	5280	5618	
6417	5721	5365	5721	
6581	5838	5452	5838	
6725	5960	5557	5960	
6897	6101	5673	6101	
7108	6252	5813	6252	
7322	6381	6016	6381	
7942	6902	6258	6902	
7615	6638	6058	6638	
7363	6459	5913	6459	
7175	6295	5799	6295	
7015	6149	5692	6149	
6867	6019	5588	6019	
6713	5898	5512	5898	
6581	5786	5439	5786	
6445	5683	5349	5683	
6309	5589	5286	5589	
6188	5504	5219	5504	
6064	5424	5160	5424	
5972	5364	5113	5364	
5884	5300	5068	5300	
5768	5226	5004	5226	
5677	5163	4952	5163	
5580	5097	4893	5097	
5473	5032	4835	5032	
5388	4979	4781	4979	
5320	4924	4736	4924	
5257	4880	4694	4880	
5180	4830	4654	4830	
5114	4791	4614	4791	
5064	4752	4580	4752	
5006	4713	4551	4713	
4958	4680	4518	4680	
4904	4648	4484	4648	
4871	4617	4472	4617	
4824	4585	4443	4585	
4785	4560	4418	4560	
4763	4539	4416	4539	
4734	4523	4402	4523	
4707	4503	4380	4503	
4696	4495	4369	4495	
4677	4486	4371	4486	
4663	4484	4365	4484	
4660	4482	4362	4482	
4665	4480	4370	4480	
4674	4485	4374	4485	
4681	4496	4375	4496	
4705	4505	4388	4505	
4713	4514	4403	4514	
4747	4528	4406	4528	
4769	4550	4420	4550	
4801	4568	4441	4568	
4849	4595	4460	4595	
4871	4614	4480	4614	
4920	4639	4505	4639	
4969	4671	4540	4671	
5032	4708	4570	4708	
5092	4744	4595	4744	
5147	4783	4634	4783	
5220	4828	4679	4828	
5285	4871	4720	4871	
5370	4919	4763	4919	
5442	4971	4797	4971	
5527	5024	4840	5024	
5609	5083	4879	5083	
5688	5138	4922	5138	
5782	5202	4967	5202	
5892	5285	5040	5285	
5998	5379	5116	5379	
6118	5469	5187	5469	
6235	5561	5264	5561	
6349	5658	5339	5658	
6492	5757	5409	5757	
6635	5883	5513	5883	
6808	6015	5629	6015	
7006	6152	5748	6152	
7204	6284	5954	6284	
7656	6656	6099	6656	
7467	6519	5970	6519	
7254	6368	5859	6368	
7088	6212	5750	6212	
6939	6075	5645	6075	
6788	5954	5549	5954	
6645	5842	5478	5842	
6500	5728	5396	5728	
6381	5628	5320	5628	
6238	5531	5265	5531	
6120	5453	5193	5453	
6016	5376	5136	5376	
5920	5316	5092	5316	
5823	5252	5047	5252	
5718	5175	4985	5175	
5613	5108	4923	5108	
5519	5045	4867	5045	
5424	4986	4809	4986	
5328	4926	4754	4926	
5258	4875	4713	4875	
5181	4828	4671	4828	
5106	4780	4624	4780	
5038	4733	4590	4733	
5001	4700	4553	4700	
4942	4662	4522	4662	
4892	4631	4494	4631	
4844	4599	4469	4599	
4805	4569	4443	4569	
4761	4536	4423	4536	
4726	4506	4402	4506	
4702	4488	4388	4488	
4666	4471	4369	4471	
4643	4452	4360	4452	
4626	4438	4351	4438	
4614	4430	4339	4430	
4601	4421	4336	4421	
4587	4416	4316	4416	
4605	4430	4338	4430	
4601	4422	4331	4422	
4621	4436	4340	4436	
4635	4450	4357	4450	
4660	4463	4357	4463	
4676	4470	4375	4470	
4707	4492	4390	4492	
4735	4508	4412	4508	
4766	4529	4427	4529	
4805	4555	4448	4555	
4855	4582	4478	4582	
4898	4612	4507	4612	
4961	4651	4543	4651	
5022	4688	4574	4688	
5081	4726	4604	4726	
5156	4773	4646	4773	
5230	4821	4692	4821	
5306	4868	4737	4868	
5388	4917	4765	4917	
5459	4974	4808	4974	
5551	5028	4848	5028	
5631	5080	4888	5080	
5720	5145	4937	5145	
5806	5218	4993	5218	
5919	5305	5065	5305	
6024	5404	5140	5404	
6146	5498	5211	5498	
6274	5592	5288	5592	
6406	5683	5361	5683	
6540	5798	5453	5798	
6718	5931	5571	5931	
6901	6072	5693	6072	
7103	6192	5878	6192	
7477	6538	6008	6538	
7348	6413	5900	6413	
7168	6292	5796	6292	
6993	6141	5688	6141	
6855	6004	5593	6004	
6706	5887	5509	5887	
6569	5776	5432	5776	
6421	5664	5356	5664	
6307	5569	5291	5569	
6183	5482	5219	5482	
6068	5399	5161	5399	
5962	5324	5104	5324	
5858	5256	5056	5256	
5752	5194	4994	5194	
5644	5120	4950	5120	
5548	5056	4893	5056	
5458	4992	4837	4992	
5350	4926	4775	4926	
5280	4875	4726	4875	
5201	4822	4681	4822	
5114	4774	4633	4774	
5048	4727	4594	4727	
4983	4684	4564	4684	
4929	4649	4525	4649	
4883	4610	4491	4610	
4824	4579	4469	4579	
4773	4545	4437	4545	
4736	4516	4418	4516	
4700	4489	4390	4489	
4658	4461	4369	4461	
4634	4447	4357	4447	
4609	4424	4344	4424	
4579	4404	4325	4404	
4569	4394	4318	4394	
4551	4385	4308	4385	
4534	4372	4301	4372	
4555	4390	4309	4390	
4650	4484	4414	4484	
4545	4381	4305	4381	
4549	4380	4302	4380	
4566	4391	4317	4391	
4594	4407	4328	4407	
4608	4417	4342	4417	
4630	4435	4350	4435	
4670	4455	4374	4455	
4708	4479	4394	4479	
4745	4505	4413	4505	
4788	4527	4438	4527	
4838	4557	4466	4557	
4891	4600	4506	4600	
4963	4632	4536	4632	
5022	4675	4564	4675	
5089	4718	4611	4718	
5162	4762	4653	4762	
5244	4816	4696	4816	
5328	4873	4737	4873	
5394	4922	4786	4922	
5482	4975	4815	4975	
5555	5027	4851	5027	
5656	5096	4903	5096	
5735	5160	4954	5160	
5835	5240	5018	5240	
5946	5326	5080	5326	
6072	5434	5159	5434	
6206	5533	5244	5533	
6316	5621	5314	5621	
6462	5724	5397	5724	
6621	5855	5509	5855	
6798	5987	5629	5987	
6992	6110	5820	6110	
7405	6457	5931	6457	
7239	6346	5833	6346	
7096	6219	5745	6219	
6937	6077	5649	6077	
6769	5947	5552	5947	
6644	5832	5466	5832	
6494	5716	5391	5716	
6361	5608	5318	5608	
6234	5522	5254	5522	
6117	5438	5194	5438	
6003	5359	5143	5359	
5898	5285	5074	5285	
5798	5212	5014	5212	
5690	5139	4962	5139	
5587	5072	4908	5072	
5496	5005	4855	5005	
5395	4941	4806	4941	
5303	4883	4747	4883	
5213	4832	4695	4832	
5145	4778	4651	4778	
5059	4732	4609	4732	
4990	4688	4569	4688	
4936	4646	4529	4646	
4881	4606	4500	4606	
4822	4567	4463	4567	
4766	4535	4432	4535	
4721	4498	4410	4498	
4679	4471	4386	4471	
4641	4443	4358	4443	
4616	4423	4340	4423	
4577	4404	4333	4404	
4550	4385	4319	4385	
4528	4364	4306	4364	
4519	4356	4299	4356	
4503	4346	4290	4346	
4491	4337	4281	4337	
4474	4330	4272	4330	
4497	4343	4290	4343	
4487	4342	4288	4342	
4499	4341	4286	4341	
4512	4357	4294	4357	
4530	4360	4300	4360	
4555	4376	4314	4376	
4584	4395	4328	4395	
4617	4418	4345	4418	
4648	4432	4361	4432	
4686	4459	4385	4459	
4726	4481	4405	4481	
4776	4510	4435	4510	
4832	4549	4472	4549	
4901	4589	4507	4589	
4967	4629	4539	4629	
5031	4672	4579	4672	
5111	4718	4621	4718	
5186	4770	4665	4770	
5258	4823	4708	4823	
5325	4869	4744	4869	
5422	4932	4781	4932	
5506	4986	4820	4986	
5596	5053	4869	5053	
5685	5120	4922	5120	
5781	5195	4981	5195	
5890	5271	5045	5271	
6018	5374	5121	5374	
6147	5483	5203	5483	
6264	5568	5281	5568	
6382	5680	5349	5680	
6537	5796	5449	5796	
6718	5928	5566	5928	
6898	6043	5755	6043	
7319	6402	5867	6402	
7191	6289	5773	6289	
7022	6164	5699	6164	
6857	6016	5600	6016	
6714	5890	5505	5890	
6587	5776	5426	5776	
6443	5663	5340	5663	
6307	5567	5288	5567	
6189	5478	5221	5478	
6068	5391	5168	5391	
5954	5319	5117	5319	
5860	5254	5059	5254	
5755	5181	5004	5181	
5645	5107	4947	5107	
5542	5033	4881	5033	
5432	4961	4823	4961	
5334	4901	4769	4901	
5252	4845	4720	4845	
5158	4789	4671	4789	
5091	4742	4629	4742	
5007	4694	4581	4694	
4941	4645	4542	4645	
4885	4608	4503	4608	
4826	4566	4475	4566	
4766	4524	4433	4524	
4710	4493	4407	4493	
4662	4457	4380	4457	
4626	4433	4362	4433	
4584	4408	4334	4408	
4562	4386	4317	4386	
4529	4370	4311	4370	
4501	4353	4294	4353	
4491	4332	4284	4332	
4474	4327	4273	4327	
4458	4314	4270	4314	
4452	4309	4260	4309	
4449	4304	4252	4304	
4447	4303	4253	4303	
4440	4304	4260	4304	
4446	4308	4273	4308	
4472	4317	4276	4317	
4493	4325	4281	4325	
4510	4338	4289	4338	
4536	4356	4308	4356	
4562	4375	4324	4375	
4592	4391	4335	4391	
4628	4417	4348	4417	
4679	4443	4382	4443	
4726	4469	4407	4469	
4781	4513	4448	4513	
4854	4551	4481	4551	
4904	4588	4508	4588	
4974	4632	4550	4632	
5061	4680	4591	4680	
5135	4728	4630	4728	
5206	4781	4673	4781	
5286	4836	4719	4836	
5373	4897	4760	4897	
5450	4947	4800	4947	
5553	5016	4850	5016	
5636	5084	4900	5084	
5729	5151	4955	5151	
5824	5219	5008	5219	
5952	5322	5079	5322	
6089	5427	5152	5427	
6213	5525	5240	5525	
6327	5635	5325	5635	
6478	5749	5409	5749	
6648	5878	5529	5878	
6818	5986	5689	5986	
7209	6328	5841	6328	
7106	6218	5733	6218	
6935	6097	5644	6097	
6777	5954	5551	5954	
6652	5838	5466	5838	
6506	5721	5381	5721	
6365	5613	5301	5613	
6249	5529	5243	5529	
6137	5438	5193	5438	
6018	5359	5138	5359	
5904	5281	5087	5281	
5795	5211	5031	5211	
5705	5141	4973	5141	
5594	5068	4921	5068	
5479	4993	4852	4993	
5388	4930	4798	4930	
5289	4865	4747	4865	
5189	4805	4688	4805	
5111	4751	4639	4751	
5035	4702	4604	4702	
4954	4652	4545	4652	
4886	4605	4510	4605	
4820	4558	4480	4558	
4765	4523	4443	4523	
4712	4486	4418	4486	
4654	4460	4380	4460	
4610	4423	4358	4423	
4578	4396	4335	4396	
4541	4373	4319	4373	
4501	4350	4301	4350	
4476	4333	4290	4333	
4463	4318	4275	4318	
4437	4302	4267	4302	
4418	4293	4258	4293	
4411	4287	4256	4287	
4405	4283	4247	4283	
4402	4275	4246	4275	
4402	4279	4248	4279	
4405	4278	4246	4278	
4416	4282	4250	4282	
4430	4290	4254	4290	
4444	4300	4254	4300	
4458	4308	4268	4308	
4481	4323	4277	4323	
4501	4333	4291	4333	
4534	4353	4310	4353	
4567	4372	4328	4372	
4624	4403	4350	4403	
4666	4435	4379	4435	
4719	4471	4413	4471	
4781	4503	4438	4503	
4841	4549	4482	4549	
4912	4588	4519	4588	
4990	4633	4551	4633	
5069	4686	4595	4686	
5151	4738	4645	4738	
5230	4792	4685	4792	
5318	4851	4727	4851	
5396	4909	4779	4909	
5491	4976	4829	4976	
5576	5043	4876	5043	
5681	5115	4929	5115	
5776	5190	4974	5190	
5892	5272	5042	5272	
6021	5386	5126	5386	
6156	5482	5220	5482	
6277	5587	5284	5587	
6413	5696	5370	5696	
6582	5827	5494	5827	
6754	5931	5652	5931	
7121	6258	5765	6258	
7004	6144	5654	6144	
6833	6025	5574	6025	
6681	5882	5489	5882	
6567	5779	5425	5779	
6473	5694	5364	5694	
6324	5582	5294	5582	
6188	5475	5203	5475	
6082	5390	5152	5390	
5977	5324	5103	5324	
5852	5244	5055	5244	
5741	5171	5002	5171	
5642	5101	4945	5101	
5533	5030	4879	5030	
5434	4957	4821	4957	
5340	4892	4768	4892	
5228	4826	4712	4826	
5141	4771	4666	4771	
5062	4717	4619	4717	
4975	4662	4568	4662	
4901	4615	4515	4615	
4830	4565	4481	4565	
4768	4518	4442	4518	
4710	4484	4404	4484	
4650	4452	4380	4452	
4597	4424	4358	4424	
4568	4393	4331	4393	
4524	4359	4309	4359	
4490	4338	4288	4338	
4457	4319	4273	4319	
4437	4303	4268	4303	
4414	4290	4261	4290	
4396	4280	4247	4280	
4387	4274	4246	4274	
4380	4271	4250	4271	
4371	4261	4234	4261	
4366	4258	4234	4258	
4370	4259	4235	4259	
4365	4256	4227	4256	
4377	4261	4235	4261	
4383	4264	4243	4264	
4406	4271	4245	4271	
4407	4278	4251	4278	
4431	4288	4256	4288	
4452	4297	4256	4297	
4481	4317	4279	4317	
4513	4337	4297	4337	
4565	4364	4319	4364	
4610	4389	4344	4389	
4668	4426	4378	4426	
4725	4464	4411	4464	
4795	4506	4449	4506	
4858	4546	4480	4546	
4931	4590	4526	4590	
5004	4640	4563	4640	
5093	4692	4606	4692	
5162	4747	4639	4747	
5260	4804	4692	4804	
5343	4867	4752	4867	
5438	4936	4795	4936	
5529	5005	4838	5005	
5625	5077	4882	5077	
5712	5150	4938	5150	
5829	5234	5006	5234	
5956	5339	5085	5339	
6097	5448	5171	5448	
6219	5543	5246	5543	
6344	5652	5347	5652	
6498	5775	5449	5775	
6674	5876	5618	5876	
7022	6185	5690	6185	
6908	6072	5596	6072	
6775	5988	5542	5988	
6658	5862	5474	5862	
6507	5736	5373	5736	
6412	5658	5326	5658	
6301	5553	5263	5553	
6142	5444	5182	5444	
6032	5368	5130	5368	
5915	5288	5075	5288	
5814	5219	5028	5219	
5714	5143	4972	5143	
5595	5069	4925	5069	
5492	5000	4870	5000	
5389	4931	4802	4931	
5286	4860	4741	4860	
5193	4802	4693	4802	
5091	4740	4644	4740	
5008	4686	4586	4686	
4924	4634	4547	4634	
4853	4581	4500	4581	
4780	4532	4455	4532	
4709	4489	4410	4489	
4661	4453	4390	4453	
4600	4415	4359	4415	
4552	4387	4330	4387	
4512	4357	4304	4357	
4481	4333	4292	4333	
4438	4310	4270	4310	
4411	4294	4255	4294	
4389	4278	4250	4278	
4377	4272	4249	4272	
4361	4262	4234	4262	
4348	4251	4236	4251	
4339	4248	4224	4248	
4338	4239	4224	4239	
4329	4236	4217	4236	
4329	4234	4219	4234	
4335	4234	4221	4234	
4340	4237	4223	4237	
4354	4243	4232	4243	
4362	4255	4230	4255	
4376	4255	4234	4255	
4393	4270	4247	4270	
4415	4280	4251	4280	
4434	4291	4257	4291	
4476	4312	4271	4312	
4519	4333	4295	4333	
4557	4356	4315	4356	
4617	4393	4349	4393	
4681	4429	4377	4429	
4740	4471	4420	4471	
4814	4513	4454	4513	
4880	4556	4499	4556	
4953	4605	4530	4605	
5035	4657	4581	4657	
5120	4716	4622	4716	
5210	4778	4669	4778	
5291	4833	4714	4833	
5385	4901	4773	4901	
5487	4973	4814	4973	
5579	5044	4871	5044	
5680	5124	4921	5124	
5772	5205	4980	5205	
5902	5298	5052	5298	
6042	5410	5139	5410	
6162	5512	5220	5512	
6286	5621	5303	5621	
6444	5733	5401	5733	
6607	5836	5553	5836	
6946	6107	5630	6107	
6846	6014	5547	6014	
6695	5899	5465	5899	
6558	5779	5392	5779	
6458	5693	5349	5693	
6339	5598	5279	5598	
6200	5504	5210	5504	
6097	5415	5169	5415	
5994	5337	5107	5337	
5882	5255	5050	5255	
5772	5181	4995	5181	
5663	5106	4943	5106	
5549	5037	4880	5037	
5461	4969	4840	4969	
5338	4897	4773	4897	
5234	4830	4715	4830	
5138	4767	4671	4767	
5047	4708	4612	4708	
4962	4655	4557	4655	
4877	4602	4509	4602	
4803	4548	4469	4548	
4720	4496	4430	4496	
4656	4453	4385	4453	
4610	4420	4361	4420	
4553	4377	4325	4377	
4503	4354	4301	4354	
4460	4319	4276	4319	
4426	4303	4265	4303	
4397	4280	4250	4280	
4377	4268	4239	4268	
4368	4265	4242	4265	
4344	4246	4233	4246	
4322	4236	4222	4236	
4312	4227	4212	4227	
4295	4216	4203	4216	
4291	4215	4198	4215	
4289	4211	4196	4211	
4290	4214	4196	4214	
4293	4213	4196	4213	
4299	4217	4202	4217	
4316	4223	4204	4223	
4317	4229	4216	4229	
4345	4236	4227	4236	
4359	4246	4226	4246	
4362	4247	4223	4247	
4399	4262	4235	4262	
4431	4282	4252	4282	
4460	4300	4272	4300	
4508	4324	4288	4324	
4553	4357	4318	4357	
4625	4402	4355	4402	
4696	4436	4394	4436	
4763	4483	4436	4483	
4832	4526	4468	4526	
4900	4575	4512	4575	
4982	4627	4555	4627	
5068	4685	4597	4685	
5158	4743	4645	4743	
5232	4803	4695	4803	
5326	4865	4746	4865	
5431	4948	4795	4948	
5535	5018	4848	5018	
5622	5093	4898	5093	
5722	5168	4953	5168	
5836	5257	5012	5257	
5967	5365	5099	5365	
6106	5471	5178	5471	
6226	5574	5257	5574	
6379	5688	5364	5688	
6546	5799	5521	5799	
6884	6056	5581	6056	
6775	5963	5505	5963	
6635	5867	5436	5867	
6509	5745	5369	5745	
6407	5669	5328	5669	
6303	5575	5269	5575	
6177	5468	5201	5468	
6065	5382	5142	5382	
5953	5312	5085	5312	
5844	5234	5035	5234	
5740	5155	4981	5155	
5622	5081	4917	5081	
5512	5008	4860	5008	
5403	4940	4811	4940	
5299	4870	4750	4870	
5203	4807	4694	4807	
5098	4741	4646	4741	
5006	4679	4592	4679	
4922	4626	4536	4626	
4838	4570	4489	4570	
4763	4519	4449	4519	
4685	4468	4404	4468	
4619	4430	4368	4430	
4570	4399	4336	4399	
4516	4356	4308	4356	
4470	4326	4278	4326	
4430	4300	4259	4300	
4399	4283	4249	4283	
4373	4268	4236	4268	
4349	4256	4230	4256	
4328	4245	4228	4245	
4307	4229	4215	4229	
4285	4219	4208	4219	
4279	4216	4204	4216	
4266	4207	4194	4207	
4263	4198	4189	4198	
4253	4198	4185	4198	
4264	4200	4188	4200	
4255	4196	4188	4196	
4271	4197	4186	4197	
4274	4201	4193	4201	
4286	4208	4195	4208	
4303	4212	4207	4212	
4327	4231	4219	4231	
4344	4238	4218	4238	
4370	4255	4234	4255	
4395	4263	4241	4263	
4432	4274	4254	4274	
4475	4300	4272	4300	
4526	4333	4308	4333	
4580	4370	4332	4370	
4649	4416	4364	4416	
4713	4456	4410	4456	
4784	4495	4447	4495	
4868	4551	4493	4551	
4949	4594	4526	4594	
5028	4654	4577	4654	
5128	4713	4612	4713	
5192	4770	4658	4770	
5289	4839	4712	4839	
5389	4919	4761	4919	
5495	4990	4825	4990	
5580	5057	4872	5057	
5688	5141	4930	5141	
5799	5232	4992	5232	
5932	5332	5072	5332	
6058	5441	5157	5441	
6183	5548	5244	5548	
6350	5663	5332	5663	
6501	5756	5492	5756	
6820	6010	5526	6010	
6712	5921	5453	5921	
6574	5822	5390	5822	
6460	5707	5335	5707	
6372	5633	5291	5633	
6255	5541	5229	5541	
6136	5449	5171	5449	
6025	5360	5113	5360	
5910	5286	5061	5286	
5811	5211	5009	5211	
5684	5132	4952	5132	
5577	5055	4899	5055	
5481	4987	4845	4987	
5376	4917	4798	4917	
5267	4852	4735	4852	
5165	4787	4682	4787	
5069	4719	4635	4719	
4964	4653	4572	4653	
4876	4598	4510	4598	
4789	4544	4474	4544	
4725	4493	4425	4493	
4650	4444	4377	4444	
4581	4404	4347	4404	
4526	4370	4313	4370	
4481	4331	4281	4331	
4434	4303	4262	4303	
4402	4288	4246	4288	
4366	4271	4241	4271	
4349	4252	4235	4252	
4317	4232	4212	4232	
4281	4215	4194	4215	
4265	4206	4190	4206	
4251	4199	4185	4199	
4241	4197	4194	4197	
4237	4188	4175	4188	
4236	4188	4184	4188	
4227	4183	4168	4183	
4224	4179	4171	4179	
4221	4177	4171	4177	
4232	4175	4165	4175	
4239	4179	4174	4179	
4249	4189	4177	4189	
4261	4194	4189	4194	
4297	4211	4196	4211	
4327	4221	4208	4221	
4341	4233	4221	4233	
4362	4249	4231	4249	
4396	4258	4240	4258	
4433	4278	4256	4278	
4484	4312	4287	4312	
4546	4349	4316	4349	
4601	4386	4349	4386	
4671	4426	4379	4426	
4743	4474	4428	4474	
4813	4522	4467	4522	
4901	4570	4504	4570	
4985	4626	4554	4626	
5064	4693	4589	4693	
5151	4746	4637	4746	
5240	4816	4686	4816	
5338	4889	4734	4889	
5444	4964	4798	4964	
5530	5037	4847	5037	
5635	5112	4905	5112	
5743	5197	4967	5197	
5872	5294	5040	5294	
6010	5411	5125	5411	
6142	5522	5220	5522	
6294	5637	5309	5637	
6448	5726	5461	5726	
6757	5968	5506	5968	
6669	5881	5432	5881	
6535	5787	5356	5787	
6425	5679	5307	5679	
6328	5608	5265	5608	
6214	5510	5199	5510	
6096	5411	5137	5411	
5992	5335	5093	5335	
5870	5256	5031	5256	
5774	5185	4985	5185	
5655	5111	4926	5111	
5543	5032	4872	5032	
5433	4969	4818	4969	
5336	4902	4769	4902	
5222	4833	4719	4833	
5131	4760	4655	4760	
5032	4698	4601	4698	
4944	4633	4541	4633	
4853	4577	4487	4577	
4762	4524	4450	4524	
4691	4470	4402	4470	
4612	4425	4361	4425	
4558	4387	4333	4387	
4497	4348	4297	4348	
4449	4312	4265	4312	
4410	4294	4252	4294	
4368	4265	4230	4265	
4343	4251	4219	4251	
4313	4233	4206	4233	
4275	4209	4187	4209	
4261	4199	4190	4199	
4281	4233	4220	4233	
4274	4228	4218	4228	
4213	4180	4178	4180	
4206	4174	4166	4174	
4204	4173	4166	4173	
4199	4165	4159	4165	
4194	4165	4163	4165	
4189	4158	4153	4158	
4195	4160	4152	4160	
4204	4163	4160	4163	
4229	4179	4169	4179	
4246	4183	4178	4183	
4271	4198	4185	4198	
4291	4207	4199	4207	
4316	4224	4211	4224	
4342	4235	4217	4235	
4372	4247	4233	4247	
4408	4263	4241	4263	
4445	4292	4269	4292	
4509	4325	4296	4325	
4575	4363	4328	4363	
4642	4408	4367	4408	
4707	4452	4405	4452	
4784	4501	4452	4501	
4867	4548	4483	4548	
4945	4606	4524	4606	
5027	4658	4568	4658	
5121	4719	4616	4719	
5199	4784	4663	4784	
5306	4871	4719	4871	
5403	4946	4777	4946	
5512	5022	4828	5022	
5605	5096	4883	5096	
5712	5177	4935	5177	
5841	5277	5023	5277	
5974	5392	5113	5392	
6112	5498	5193	5498	
6274	5614	5299	5614	
6424	5713	5449	5713	
6772	5964	5477	5964	
6663	5874	5407	5874	
6524	5785	5343	5785	
6409	5666	5287	5666	
6304	5591	5250	5591	
6189	5489	5178	5489	
6061	5389	5117	5389	
6082	5429	5178	5429	
5882	5265	5046	5265	
5742	5171	4969	5171	
5642	5099	4929	5099	
5525	5022	4856	5022	
5422	4943	4807	4943	
5305	4875	4742	4875	
5196	4806	4694	4806	
5105	4749	4636	4749	
5007	4679	4587	4679	
4902	4615	4529	4615	
4823	4561	4478	4561	
4735	4500	4431	4500	
4658	4453	4382	4453	
4592	4409	4343	4409	
4537	4368	4308	4368	
4475	4329	4275	4329	
4421	4299	4256	4299	
4386	4277	4240	4277	
4346	4250	4219	4250	
4321	4235	4207	4235	
4280	4218	4189	4218	
4258	4199	4176	4199	
4242	4187	4178	4187	
4239	4198	4184	4198	
4219	4192	4181	4192	
4189	4163	4157	4163	
4188	4160	4149	4160	
4182	4159	4150	4159	
4172	4150	4149	4150	
4171	4149	4146	4149	
4165	4145	4146	4145	
4170	4144	4141	4144	
4187	4153	4148	4153	
4198	4158	4153	4158	
4216	4165	4162	4165	
4244	4179	4176	4179	
4271	4193	4175	4193	
4294	4209	4193	4209	
4324	4223	4205	4223	
4351	4237	4228	4237	
4386	4256	4244	4256	
4421	4270	4257	4270	
4474	4301	4276	4301	
4538	4343	4313	4343	
4612	4388	4353	4388	
4687	4434	4392	4434	
4761	4482	4432	4482	
4830	4532	4469	4532	
4920	4587	4508	4587	
4999	4648	4553	4648	
5090	4709	4597	4709	
5184	4772	4642	4772	
5282	4853	4707	4853	
5383	4926	4768	4926	
5475	4999	4812	4999	
5574	5073	4859	5073	
5685	5149	4926	5149	
5815	5249	4990	5249	
5928	5368	5086	5368	
6079	5477	5185	5477	
6227	5587	5267	5587	
6395	5689	5414	5689	
6799	6010	5521	6010	
6705	5918	5438	5918	
6563	5820	5376	5820	
6408	5686	5296	5686	
6292	5577	5230	5577	
6176	5478	5169	5478	
6060	5387	5095	5387	
5946	5314	5068	5314	
5839	5226	5006	5226	
5732	5160	4962	5160	
5637	5080	4905	5080	
5504	5010	4850	5010	
5406	4933	4796	4933	
5291	4864	4730	4864	
5191	4797	4685	4797	
5091	4735	4632	4735	
4985	4666	4569	4666	
4889	4603	4517	4603	
4798	4547	4466	4547	
4709	4487	4414	4487	
4646	4441	4374	4441	
4570	4395	4325	4395	
4513	4355	4297	4355	
4463	4316	4265	4316	
4410	4287	4234	4287	
4368	4266	4223	4266	
4333	4242	4203	4242	
4303	4226	4191	4226	
4266	4200	4176	4200	
4243	4184	4164	4184	
4217	4174	4163	4174	
4202	4166	4157	4166	
4187	4157	4153	4157	
4177	4154	4147	4154	
4171	4154	4151	4154	
4171	4155	4151	4155	
4152	4145	4142	4145	
4151	4134	4130	4134	
4156	4129	4128	4129	
4155	4133	4131	4133	
4167	4137	4136	4137	
4176	4141	4134	4141	
4196	4155	4144	4155	
4229	4169	4160	4169	
4245	4185	4167	4185	
4275	4197	4183	4197	
4310	4212	4205	4212	
4346	4231	4222	4231	
4383	4243	4227	4243	
4404	4265	4253	4265	
4454	4289	4268	4289	
4517	4328	4290	4328	
4594	4367	4326	4367	
4652	4415	4369	4415	
4728	4466	4411	4466	
4813	4517	4451	4517	
4901	4572	4498	4572	
4991	4634	4547	4634	
5067	4696	4588	4696	
5161	4761	4634	4761	
5262	4840	4691	4840	
5360	4913	4745	4913	
5452	4982	4791	4982	
5543	5064	4844	5064	
5651	5137	4899	5137	
5780	5236	4976	5236	
5915	5357	5069	5357	
6062	5467	5158	5467	
6220	5569	5251	5569	
6374	5658	5397	5658	
6796	6007	5517	6007	
6683	5908	5445	5908	
6530	5804	5370	5804	
6407	5677	5293	5677	
6278	5569	5216	5569	
6157	5461	5164	5461	
6043	5375	5094	5375	
5921	5299	5041	5299	
5823	5227	4995	5227	
5716	5147	4950	5147	
5615	5074	4892	5074	
5481	4989	4841	4989	
5378	4914	4781	4914	
5272	4846	4728	4846	
5161	4775	4662	4775	
5059	4717	4620	4717	
4962	4650	4563	4650	
4870	4587	4500	4587	
4784	4539	4448	4539	
4701	4486	4410	4486	
4624	4434	4370	4434	
4550	4383	4324	4383	
4490	4339	4283	4339	
4440	4303	4249	4303	
4386	4272	4226	4272	
4352	4253	4211	4253	
4314	4230	4202	4230	
4284	4214	4180	4214	
4251	4193	4162	4193	
4229	4180	4150	4180	
4197	4160	4149	4160	
4186	4152	4144	4152	
4172	4147	4150	4147	
4161	4148	4142	4148	
4168	4152	4153	4152	
4155	4142	4149	4142	
4137	4133	4128	4133	
4134	4128	4127	4128	
4127	4124	4122	4124	
4141	4118	4123	4118	
4148	4124	4123	4124	
4159	4132	4126	4132	
4178	4142	4137	4142	
4207	4160	4153	4160	
4226	4165	4153	4165	
4258	4184	4178	4184	
4293	4204	4194	4204	
4325	4220	4209	4220	
4358	4238	4231	4238	
4395	4256	4243	4256	
4441	4279	4255	4279	
4501	4312	4282	4312	
4558	4352	4318	4352	
4633	4397	4351	4397	
4720	4444	4394	4444	
4789	4498	4431	4498	
4866	4554	4479	4554	
4966	4617	4525	4617	
5054	4676	4568	4676	
5145	4749	4623	4749	
5229	4821	4674	4821	
5341	4897	4725	4897	
5432	4965	4783	4965	
5538	5045	4841	5045	
5633	5126	4899	5126	
5751	5212	4965	5212	
5900	5332	5067	5332	
6043	5453	5143	5453	
6186	5559	5232	5559	
6339	5649	5388	5649	
6757	5995	5495	5995	
6690	5905	5436	5905	
6554	5815	5373	5815	
6420	5685	5301	5685	
6285	5567	5228	5567	
6143	5463	5146	5463	
6035	5372	5088	5372	
5922	5298	5049	5298	
5811	5221	5002	5221	
5709	5149	4949	5149	
5589	5068	4889	5068	
5469	4984	4829	4984	
5361	4914	4773	4914	
5262	4842	4713	4842	
5150	4770	4654	4770	
5049	4706	4602	4706	
4953	4641	4555	4641	
4862	4582	4501	4582	
4782	4528	4443	4528	
4688	4475	4400	4475	
4607	4424	4351	4424	
4533	4371	4311	4371	
4480	4333	4272	4333	
4429	4302	4246	4302	
4382	4273	4231	4273	
4347	4251	4215	4251	
4304	4225	4193	4225	
4276	4206	4173	4206	
4232	4182	4155	4182	
4208	4168	4146	4168	
4186	4154	4142	4154	
4173	4149	4139	4149	
4160	4144	4138	4144	
4160	4145	4142	4145	
4144	4136	4137	4136	
4128	4124	4123	4124	
4121	4123	4117	4123	
4130	4128	4119	4128	
4128	4122	4122	4122	
4130	4118	4120	4118	
4139	4124	4119	4124	
4151	4128	4124	4128	
4167	4138	4138	4138	
4196	4154	4144	4154	
4219	4165	4157	4165	
4252	4183	4168	4183	
4279	4198	4183	4198	
4313	4211	4208	4211	
4356	4229	4214	4229	
4389	4247	4235	4247	
4428	4267	4241	4267	
4482	4298	4275	4298	
4547	4342	4311	4342	
4616	4389	4343	4389	
4700	4434	4384	4434	
4771	4488	4424	4488	
4855	4542	4463	4542	
4950	4603	4509	4603	
5030	4667	4548	4667	
5125	4736	4611	4736	
5218	4811	4658	4811	
5315	4887	4705	4887	
5410	4956	4765	4956	
5516	5033	4829	5033	
5627	5115	4884	5115	
5735	5199	4957	5199	
5882	5318	5049	5318	
6026	5433	5132	5433	
6163	5533	5219	5533	
6315	5631	5373	5631	
6770	5975	5482	5975	
6699	5914	5439	5914	
6572	5818	5386	5818	
6403	5676	5297	5676	
6261	5562	5209	5562	
6141	5456	5129	5456	
6016	5365	5077	5365	
5920	5294	5036	5294	
5827	5218	4990	5218	
5694	5139	4935	5139	
5580	5059	4877	5059	
5471	4975	4815	4975	
5360	4901	4763	4901	
5253	4829	4714	4829	
5138	4758	4650	4758	
5037	4699	4594	4699	
4939	4639	4544	4639	
4856	4574	4490	4574	
4768	4519	4433	4519	
4676	4466	4393	4466	
4600	4409	4337	4409	
4527	4365	4299	4365	
4477	4326	4268	4326	
4424	4293	4243	4293	
4376	4264	4219	4264	
4341	4245	4211	4245	
4300	4218	4185	4218	
4268	4195	4171	4195	
4230	4178	4155	4178	
4210	4163	4142	4163	
4176	4146	4136	4146	
4166	4143	4131	4143	
4149	4130	4124	4130	
4136	4127	4121	4127	
4125	4119	4121	4119	
4115	4107	4109	4107	
4105	4109	4100	4109	
4114	4114	4107	4114	
4117	4113	4115	4113	
4123	4115	4116	4115	
4137	4125	4128	4125	
4157	4131	4127	4131	
4168	4136	4136	4136	
4187	4149	4149	4149	
4217	4160	4163	4160	
4241	4179	4175	4179	
4282	4197	4187	4197	
4317	4211	4201	4211	
4350	4225	4218	4225	
4380	4247	4239	4247	
4417	4263	4244	4263	
4477	4292	4268	4292	
4533	4331	4302	4331	
4606	4374	4331	4374	
4688	4429	4379	4429	
4762	4479	4419	4479	
4848	4537	4456	4537	
4949	4595	4501	4595	
5021	4657	4538	4657	
5113	4726	4595	4726	
5210	4804	4655	4804	
5308	4877	4715	4877	
5398	4950	4763	4950	
5494	5018	4817	5018	
5605	5102	4873	5102	
5721	5192	4947	5192	
5860	5310	5041	5310	
5998	5419	5114	5419	
6131	5519	5204	5519	
6404	5691	5425	5691	
6677	5893	5425	5893	
6631	5842	5379	5842	
6509	5775	5341	5775	
6385	5665	5272	5665	
6251	5547	5194	5547	
6132	5441	5110	5441	
6026	5352	5069	5352	
5905	5281	5034	5281	
5809	5204	4976	5204	
5693	5131	4927	5131	
5569	5054	4867	5054	
5460	4971	4806	4971	
5353	4897	4750	4897	
5242	4826	4701	4826	
5134	4754	4642	4754	
5034	4693	4590	4693	
4935	4627	4544	4627	
4841	4567	4480	4567	
4768	4518	4446	4518	
4681	4471	4397	4471	
4594	4401	4338	4401	
4522	4354	4291	4354	
4462	4316	4259	4316	
4407	4284	4236	4284	
4367	4254	4214	4254	
4331	4239	4200	4239	
4297	4214	4178	4214	
4263	4193	4162	4193	
4227	4174	4147	4174	
4199	4151	4132	4151	
4170	4139	4130	4139	
4153	4128	4121	4128	
4139	4126	4122	4126	
4137	4124	4127	4124	
4115	4112	4111	4112	
4098	4100	4104	4100	
4096	4099	4101	4099	
4101	4103	4104	4103	
4113	4105	4113	4105	
4124	4111	4123	4111	
4129	4119	4121	4119	
4152	4132	4128	4132	
4170	4143	4145	4143	
4189	4151	4151	4151	
4218	4163	4162	4163	
4240	4178	4173	4178	
4273	4192	4193	4192	
4312	4206	4207	4206	
4349	4225	4217	4225	
4379	4246	4240	4246	
4419	4264	4244	4264	
4474	4290	4264	4290	
4537	4329	4297	4329	
4601	4372	4327	4372	
4674	4420	4371	4420	
4757	4473	4408	4473	
4846	4530	4451	4530	
4932	4593	4491	4593	
5002	4650	4537	4650	
5098	4718	4589	4718	
5202	4795	4646	4795	
5296	4869	4704	4869	
5394	4938	4750	4938	
5495	5012	4810	5012	
5584	5096	4863	5096	
5708	5184	4934	5184	
5836	5293	5017	5293	
5979	5411	5104	5411	
6122	5511	5199	5511	
6313	5627	5370	5627	
6680	5884	5431	5884	
6585	5808	5354	5808	
6445	5728	5303	5728	
6345	5618	5233	5618	
6246	5536	5182	5536	
6125	5444	5128	5444	
6010	5359	5072	5359	
5914	5283	5032	5283	
5816	5214	4985	5214	
5699	5136	4929	5136	
5587	5055	4868	5055	
5472	4975	4801	4975	
5355	4904	4756	4904	
5240	4831	4700	4831	
5145	4759	4645	4759	
5045	4696	4596	4696	
4936	4634	4544	4634	
4842	4568	4485	4568	
4762	4517	4440	4517	
4675	4461	4384	4461	
4600	4409	4341	4409	
4522	4357	4294	4357	
4466	4319	4267	4319	
4420	4291	4244	4291	
4371	4260	4222	4260	
4335	4237	4203	4237	
4295	4213	4183	4213	
4263	4192	4173	4192	
4230	4173	4148	4173	
4200	4152	4136	4152	
4174	4140	4133	4140	
4159	4127	4119	4127	
4145	4128	4123	4128	
4134	4124	4119	4124	
4113	4113	4113	4113	
4111	4100	4103	4100	
4100	4099	4096	4099	
4103	4100	4102	4100	
4111	4109	4120	4109	
4132	4117	4128	4117	
4139	4126	4130	4126	
4153	4140	4143	4140	
4181	4149	4152	4149	
4202	4162	4163	4162	
4231	4175	4179	4175	
4258	4191	4184	4191	
4284	4200	4196	4200	
4319	4216	4209	4216	
4350	4231	4226	4231	
4390	4252	4238	4252	
4423	4267	4252	4267	
4476	4296	4275	4296	
4542	4334	4305	4334	
4610	4378	4345	4378	
4687	4425	4378	4425	
4770	4476	4416	4476	
4852	4533	4460	4533	
4936	4594	4489	4594	
5017	4653	4540	4653	
5102	4717	4597	4717	
5210	4790	4645	4790	
5301	4873	4709	4873	
5391	4944	4760	4944	
5490	5021	4813	5021	
5579	5098	4871	5098	
5705	5189	4935	5189	
5837	5292	5020	5292	
5977	5407	5109	5407	
6134	5513	5208	5513	
6296	5612	5362	5612	
6681	5878	5421	5878	
6570	5794	5348	5794	
6449	5709	5295	5709	
6337	5609	5227	5609	
6240	5531	5169	5531	
6131	5450	5122	5450	
6017	5359	5081	5359	
5928	5284	5021	5284	
5823	5214	4976	5214	
5707	5139	4916	5139	
5594	5056	4865	5056	
5466	4973	4803	4973	
5364	4900	4750	4900	
5247	4828	4693	4828	
5145	4757	4644	4757	
5051	4698	4607	4698	
4946	4636	4550	4636	
4849	4574	4482	4574	
4767	4516	4432	4516	
4680	4466	4384	4466	
4611	4414	4339	4414	
4535	4362	4298	4362	
4476	4328	4264	4328	
4418	4288	4234	4288	
4365	4258	4216	4258	
4333	4235	4196	4235	
4297	4214	4181	4214	
4263	4194	4167	4194	
4228	4170	4152	4170	
4206	4156	4139	4156	
4182	4146	4130	4146	
4166	4134	4127	4134	
4144	4124	4117	4124	
4136	4122	4112	4122	
4117	4116	4109	4116	
4111	4108	4103	4108	
4104	4102	4104	4102	
4116	4101	4097	4101	
4121	4108	4109	4108	
4136	4118	4117	4118	
4153	4128	4132	4128	
4172	4142	4143	4142	
4187	4154	4150	4154	
4210	4165	4163	4165	
4232	4179	4180	4179	
4269	4195	4195	4195	
4297	4210	4205	4210	
4330	4222	4214	4222	
4358	4238	4219	4238	
4395	4258	4248	4258	
4434	4273	4251	4273	
4487	4300	4271	4300	
4541	4337	4305	4337	
4615	4380	4338	4380	
4691	4429	4375	4429	
4773	4479	4408	4479	
4853	4536	4451	4536	
4930	4599	4498	4599	
5019	4660	4543	4660	
5115	4721	4595	4721	
5210	4800	4646	4800	
5302	4873	4700	4873	
5396	4944	4747	4944	
5499	5022	4806	5022	
5600	5097	4858	5097	
5716	5191	4925	5191	
5841	5299	5015	5299	
5972	5406	5103	5406	
6144	5516	5207	5516	
6296	5615	5356	5615	
6666	5857	5390	5857	
6545	5769	5315	5769	
6417	5683	5248	5683	
6309	5584	5203	5584	
6233	5517	5165	5517	
6147	5449	5125	5449	
6036	5364	5076	5364	
5926	5290	5029	5290	
5834	5223	4988	5223	
5718	5138	4925	5138	
5587	5059	4861	5059	
5472	4976	4800	4976	
5359	4894	4743	4894	
5252	4829	4692	4829	
5146	4764	4639	4764	
5047	4699	4600	4699	
4956	4636	4543	4636	
4862	4581	4491	4581	
4770	4523	4433	4523	
4691	4467	4387	4467	
4612	4417	4337	4417	
4537	4365	4297	4365	
4488	4328	4270	4328	
4433	4288	4235	4288	
4373	4260	4209	4260	
4335	4239	4192	4239	
4298	4215	4177	4215	
4266	4195	4167	4195	
4235	4178	4157	4178	
4209	4159	4141	4159	
4186	4147	4132	4147	
4158	4136	4120	4136	
4150	4130	4123	4130	
4140	4121	4118	4121	
4127	4117	4103	4117	
4118	4105	4101	4105	
4111	4103	4099	4103	
4125	4111	4104	4111	
4124	4109	4108	4109	
4138	4120	4117	4120	
4149	4129	4126	4129	
4169	4142	4131	4142	
4184	4153	4145	4153	
4215	4170	4164	4170	
4243	4182	4175	4182	
4277	4204	4196	4204	
4302	4214	4205	4214	
4328	4231	4216	4231	
4359	4244	4221	4244	
4394	4259	4245	4259	
4435	4276	4250	4276	
4494	4306	4271	4306	
4552	4341	4300	4341	
4619	4381	4333	4381	
4695	4433	4377	4433	
4776	4479	4400	4479	
4859	4536	4446	4536	
4949	4598	4500	4598	
5029	4661	4542	4661	
5120	4728	4591	4728	
5217	4802	4643	4802	
5312	4875	4694	4875	
5405	4945	4744	4945	
5507	5020	4797	5020	
5606	5103	4856	5103	
5724	5201	4940	5201	
5864	5309	5029	5309	
5983	5418	5122	5418	
6161	5530	5210	5530	
6303	5625	5350	5625	
6643	5853	5382	5853	
6540	5766	5300	5766	
6423	5686	5258	5686	
6318	5589	5204	5589	
6244	5521	5167	5521	
6158	5456	5128	5456	
6051	5377	5073	5377	
5943	5302	5032	5302	
5838	5223	4975	5223	
5723	5144	4928	5144	
5603	5068	4872	5068	
5489	4980	4807	4980	
5382	4914	4752	4914	
5270	4842	4699	4842	
5160	4774	4658	4774	
5061	4712	4596	4712	
4962	4652	4550	4652	
4875	4588	4485	4588	
4785	4537	4436	4537	
4701	4476	4389	4476	
4620	4425	4345	4425	
4547	4376	4307	4376	
4490	4338	4271	4338	
4441	4300	4239	4300	
4385	4266	4217	4266	
4353	4248	4203	4248	
4319	4224	4182	4224	
4280	4199	4166	4199	
4250	4183	4147	4183	
4223	4164	4139	4164	
4200	4153	4134	4153	
4177	4146	4131	4146	
4159	4132	4120	4132	
4148	4122	4118	4122	
4139	4121	4112	4121	
4131	4112	4103	4112	
4128	4108	4097	4108	
4132	4110	4100	4110	
4133	4110	4105	4110	
4140	4117	4114	4117	
4161	4131	4129	4131	
4181	4144	4133	4144	
4197	4157	4145	4157	
4222	4170	4162	4170	
4253	4187	4175	4187	
4288	4211	4193	4211	
4313	4225	4208	4225	
4344	4241	4216	4241	
4370	4250	4222	4250	
4408	4268	4249	4268	
4452	4281	4256	4281	
4508	4318	4275	4318	
4571	4356	4304	4356	
4637	4393	4340	4393	
4705	4439	4372	4439	
4784	4491	4412	4491	
4867	4549	4452	4549	
4957	4609	4496	4609	
5041	4665	4545	4665	
5131	4736	4589	4736	
5223	4809	4649	4809	
5329	4879	4696	4879	
5410	4953	4751	4953	
5509	5028	4816	5028	
5620	5111	4871	5111	
5743	5207	4944	5207	
5885	5321	5031	5321	
6008	5423	5122	5423	
6170	5531	5209	5531	
6328	5624	5349	5624	
6662	5861	5380	5861	
6569	5781	5311	5781	
6440	5693	5250	5693	
6331	5596	5211	5596	
6252	5531	5164	5531	
6157	5470	5136	5470	
6056	5379	5077	5379	
5957	5305	5020	5305	
5849	5225	4973	5225	
5738	5153	4924	5153	
5619	5073	4871	5073	
5508	5002	4819	5002	
5397	4936	4765	4936	
5308	4870	4709	4870	
5192	4791	4661	4791	
5083	4724	4604	4724	
4987	4661	4547	4661	
4903	4599	4495	4599	
4809	4545	4440	4545	
4722	4493	4392	4493	
4648	4441	4345	4441	
4566	4392	4314	4392	
4510	4353	4275	4353	
4454	4316	4249	4316	
4402	4281	4216	4281	
4368	4253	4202	4253	
4333	4231	4179	4231	
4301	4211	4170	4211	
4258	4194	4154	4194	
4237	4177	4140	4177	
4222	4163	4135	4163	
4200	4159	4133	4159	
4187	4149	4126	4149	
4166	4140	4118	4140	
4167	4134	4114	4134	
4153	4124	4105	4124	
4143	4121	4101	4121	
4143	4116	4101	4116	
4141	4115	4104	4115	
4152	4122	4105	4122	
4173	4136	4119	4136	
4193	4152	4135	4152	
4213	4165	4144	4165	
4240	4179	4160	4179	
4263	4194	4172	4194	
4304	4219	4189	4219	
4331	4237	4205	4237	
4352	4244	4217	4244	
4394	4254	4223	4254	
4432	4276	4234	4276	
4462	4295	4250	4295	
4524	4330	4277	4330	
4590	4370	4311	4370	
4652	4410	4348	4410	
4729	4451	4382	4451	
4802	4507	4414	4507	
4890	4562	4465	4562	
4984	4623	4504	4623	
5050	4682	4553	4682	
5144	4744	4599	4744	
5245	4820	4648	4820	
5337	4893	4700	4893	
5431	4969	4749	4969	
5536	5042	4815	5042	
5650	5133	4879	5133	
5768	5223	4958	5223	
5909	5333	5049	5333	
6029	5440	5124	5440	
6192	5552	5213	5552	
6348	5649	5378	5649	
6672	5872	5385	5872	
6574	5790	5319	5790	
6455	5711	5266	5711	
6362	5606	5220	5606	
6251	5539	5180	5539	
6194	5475	5133	5475	
6064	5391	5086	5391	
5959	5311	5026	5311	
5856	5236	4982	5236	
5751	5166	4931	5166	
5633	5090	4883	5090	
5522	5017	4831	5017	
5413	4948	4774	4948	
5305	4881	4717	4881	
5199	4801	4659	4801	
5101	4742	4608	4742	
5002	4680	4551	4680	
4915	4617	4500	4617	
4823	4557	4447	4557	
4740	4512	4411	4512	
4665	4462	4358	4462	
4603	4411	4319	4411	
4529	4362	4283	4362	
4476	4325	4244	4325	
4423	4292	4224	4292	
4384	4263	4205	4263	
4333	4232	4180	4232	
4307	4217	4172	4217	
4269	4201	4159	4201	
4251	4186	4144	4186	
4236	4178	4146	4178	
4218	4171	4139	4171	
4203	4160	4132	4160	
4184	4150	4126	4150	
4172	4145	4125	4145	
4160	4135	4110	4135	
4161	4132	4103	4132	
4152	4129	4107	4129	
4158	4122	4101	4122	
4156	4123	4100	4123	
4171	4131	4106	4131	
4186	4140	4122	4140	
4211	4157	4132	4157	
4245	4183	4152	4183	
4271	4200	4171	4200	
4308	4221	4185	4221	
4332	4237	4199	4237	
4364	4249	4214	4249	
4386	4260	4212	4260	
4424	4275	4230	4275	
4474	4305	4241	4305	
4537	4341	4282	4341	
4591	4379	4319	4379	
4669	4416	4343	4416	
4747	4465	4378	4465	
4823	4519	4423	4519	
4903	4572	4467	4572	
4997	4635	4510	4635	
5076	4695	4553	4695	
5168	4763	4610	4763	
5259	4834	4657	4834	
5350	4911	4716	4911	
5443	4977	4758	4977	
5552	5051	4822	5051	
5656	5140	4879	5140	
5775	5241	4970	5241	
5915	5351	5058	5351	
6054	5450	5134	5450	
6229	5576	5234	5576	
6377	5670	5388	5670	
6671	5878	5385	5878	
6590	5805	5327	5805	
6482	5726	5280	5726	
6369	5619	5226	5619	
6267	5551	5178	5551	
6202	5492	5142	5492	
6085	5416	5092	5416	
5979	5327	5037	5327	
5871	5251	4995	5251	
5765	5185	4933	5185	
5646	5101	4884	5101	
5544	5027	4830	5027	
5437	4963	4781	4963	
5327	4893	4717	4893	
5219	4821	4673	4821	
5123	4762	4618	4762	
5024	4693	4562	4693	
4936	4634	4512	4634	
4843	4580	4456	4580	
4763	4527	4424	4527	
4695	4479	4372	4479	
4622	4426	4335	4426	
4552	4386	4295	4386	
4498	4346	4264	4346	
4444	4308	4233	4308	
4405	4280	4213	4280	
4356	4247	4191	4247	
4321	4225	4169	4225	
4289	4214	4167	4214	
4273	4201	4155	4201	
4252	4191	4151	4191	
4240	4183	4143	4183	
4219	4174	4133	4174	
4208	4170	4132	4170	
4204	4166	4126	4166	
4191	4153	4117	4153	
4187	4146	4118	4146	
4178	4146	4111	4146	
4176	4139	4108	4139	
4176	4139	4109	4139	
4191	4145	4110	4145	
4204	4153	4110	4153	
4225	4167	4130	4167	
4254	4188	4141	4188	
4289	4203	4165	4203	
4324	4228	4179	4228	
4349	4241	4195	4241	
4381	4256	4208	4256	
4404	4270	4229	4270	
4454	4295	4246	4295	
4497	4320	4260	4320	
4557	4357	4292	4357	
4621	4397	4322	4397	
4692	4439	4357	4439	
4762	4486	4386	4486	
4852	4538	4435	4538	
4924	4594	4473	4594	
5016	4651	4519	4651	
5092	4713	4561	4713	
5197	4782	4621	4782	
5284	4856	4672	4856	
5381	4928	4725	4928	
5473	4995	4769	4995	
5564	5069	4827	5069	
5679	5159	4890	5159	
5819	5264	4981	5264	
5958	5375	5074	5375	
6084	5481	5143	5481	
6263	5600	5252	5600	
6406	5700	5397	5700	
6716	5910	5395	5910	
6630	5820	5336	5820	
6487	5745	5289	5745	
6386	5645	5229	5645	
6286	5569	5184	5569	
6220	5510	5148	5510	
6112	5432	5099	5432	
5990	5345	5045	5345	
5889	5272	4996	5272	
5776	5195	4943	5195	
5669	5127	4905	5127	
5558	5050	4847	5050	
5468	4987	4798	4987	
5357	4916	4745	4916	
5244	4846	4686	4846	
5145	4785	4632	4785	
5053	4718	4568	4718	
4963	4654	4524	4654	
4871	4600	4471	4600	
4781	4545	4423	4545	
4725	4499	4378	4499	
4642	4449	4338	4449	
4586	4409	4305	4409	
4526	4369	4272	4369	
4474	4332	4250	4332	
4419	4300	4223	4300	
4368	4266	4190	4266	
4337	4244	4177	4244	
4313	4231	4170	4231	
4299	4220	4163	4220	
4277	4211	4150	4211	
4257	4197	4144	4197	
4243	4191	4143	4191	
4237	4188	4148	4188	
4225	4178	4132	4178	
4206	4168	4125	4168	
4200	4162	4112	4162	
4196	4158	4114	4158	
4195	4160	4114	4160	
4203	4156	4112	4156	
4216	4165	4125	4165	
4228	4168	4123	4168	
4235	4180	4136	4180	
4269	4194	4144	4194	
4294	4210	4158	4210	
4327	4231	4172	4231	
4356	4247	4193	4247	
4386	4265	4206	4265	
4430	4284	4224	4284	
4476	4310	4244	4310	
4516	4341	4270	4341	
4580	4379	4290	4379	
4650	4418	4331	4418	
4716	4462	4370	4462	
4787	4511	4403	4511	
4879	4562	4443	4562	
4958	4616	4483	4616	
5037	4676	4538	4676	
5122	4736	4577	4736	
5216	4804	4636	4804	
5307	4879	4683	4879	
5403	4945	4733	4945	
5492	5013	4791	5013	
5593	5088	4838	5088	
5715	5181	4903	5181	
5847	5291	4995	5291	
5984	5397	5086	5397	
6120	5512	5171	5512	
6289	5629	5288	5629	
6462	5726	5441	5726	
6748	5939	5425	5939	
6651	5848	5351	5848	
6532	5768	5316	5768	
6409	5664	5247	5664	
6308	5582	5185	5582	
6231	5518	5155	5518	
6132	5452	5110	5452	
6023	5373	5064	5373	
5920	5300	5014	5300	
5796	5213	4955	5213	
5698	5152	4912	5152	
5588	5080	4866	5080	
5489	5012	4808	5012	
5381	4939	4754	4939	
5283	4874	4689	4874	
5182	4809	4640	4809	
5093	4747	4593	4747	
4982	4679	4537	4679	
4903	4628	4485	4628	
4827	4574	4434	4574	
4751	4524	4397	4524	
4680	4475	4358	4475	
4610	4433	4323	4433	
4557	4396	4289	4396	
4494	4353	4251	4353	
4445	4323	4224	4323	
4398	4288	4199	4288	
4363	4265	4185	4265	
4335	4243	4169	4243	
4313	4230	4161	4230	
4296	4223	4153	4223	
4286	4216	4152	4216	
4267	4208	4150	4208	
4255	4203	4140	4203	
4238	4193	4135	4193	
4231	4186	4131	4186	
4218	4177	4123	4177	
4217	4177	4123	4177	
4213	4179	4115	4179	
4225	4175	4125	4175	
4241	4183	4133	4183	
4245	4187	4127	4187	
4270	4195	4133	4195	
4291	4205	4140	4205	
4319	4226	4158	4226	
4342	4240	4172	4240	
4375	4258	4189	4258	
4411	4276	4206	4276	
4452	4301	4225	4301	
4501	4334	4256	4334	
4546	4363	4279	4363	
4610	4401	4303	4401	
4681	4446	4348	4446	
4748	4489	4378	4489	
4825	4540	4426	4540	
4912	4594	4461	4594	
4990	4648	4502	4648	
5077	4708	4551	4708	
5159	4765	4595	4765	
5245	4833	4648	4833	
5340	4904	4697	4904	
5425	4972	4750	4972	
5524	5042	4791	5042	
5640	5119	4861	5119	
5765	5219	4928	5219	
5884	5323	5018	5323	
6020	5421	5099	5421	
6165	5538	5190	5538	
6331	5663	5306	5663	
6515	5765	5453	5765	
6773	5950	5456	5950	
6679	5876	5383	5876	
6552	5787	5315	5787	
6439	5678	5249	5678	
6326	5600	5197	5600	
6246	5532	5157	5532	
6169	5477	5126	5477	
6045	5401	5081	5401	
5941	5324	5034	5324	
5827	5247	4979	5247	
5732	5174	4933	5174	
5630	5105	4876	5105	
5526	5041	4829	5041	
5408	4966	4771	4966	
5304	4901	4711	4901	
5206	4834	4660	4834	
5110	4768	4602	4768	
5015	4705	4556	4705	
4925	4647	4501	4647	
4851	4604	4458	4604	
4781	4553	4418	4553	
4708	4498	4377	4498	
4641	4459	4342	4459	
4589	4420	4303	4420	
4535	4386	4265	4386	
4481	4352	4246	4352	
4432	4315	4225	4315	
4393	4286	4199	4286	
4358	4264	4178	4264	
4331	4245	4163	4245	
4312	4238	4168	4238	
4294	4229	4160	4229	
4285	4225	4161	4225	
4270	4219	4151	4219	
4260	4209	4146	4209	
4252	4204	4140	4204	
4250	4195	4145	4195	
4244	4195	4129	4195	
4245	4190	4131	4190	
4252	4198	4139	4198	
4263	4205	4134	4205	
4274	4201	4134	4201	
4283	4211	4139	4211	
4308	4225	4147	4225	
4331	4235	4163	4235	
4366	4257	4180	4257	
4396	4275	4197	4275	
4433	4293	4213	4293	
4474	4326	4237	4326	
4524	4357	4267	4357	
4587	4394	4294	4394	
4645	4435	4326	4435	
4712	4474	4362	4474	
4782	4525	4399	4525	
4858	4569	4443	4569	
4935	4623	4476	4623	
5017	4676	4514	4676	
5103	4734	4565	4734	
5191	4796	4619	4796	
5281	4864	4673	4864	
5378	4936	4724	4936	
5464	5001	4775	5001	
5548	5076	4827	5076	
5668	5160	4886	5160	
5796	5255	4962	5255	
5916	5351	5044	5351	
6059	5449	5115	5449	
6210	5571	5218	5571	
6378	5699	5331	5699	
6556	5796	5474	5796	
6816	5980	5471	5980	
6709	5901	5409	5901	
6585	5817	5336	5817	
6469	5710	5276	5710	
6366	5624	5213	5624	
6268	5557	5177	5557	
6201	5503	5149	5503	
6093	5430	5111	5430	
5983	5352	5051	5352	
5867	5275	4997	5275	
5763	5205	4946	5205	
5651	5133	4895	5133	
5541	5065	4838	5065	
5444	4991	4787	4991	
5335	4925	4726	4925	
5243	4860	4679	4860	
5137	4795	4627	4795	
5043	4735	4565	4735	
4964	4674	4513	4674	
4885	4623	4472	4623	
4813	4579	4434	4579	
4737	4527	4393	4527	
4676	4491	4354	4491	
4628	4447	4321	4447	
4566	4406	4285	4406	
4512	4375	4258	4375	
4461	4340	4231	4340	
4415	4311	4208	4311	
4376	4278	4190	4278	
4358	4265	4181	4265	
4334	4253	4170	4253	
4317	4245	4167	4245	
4307	4236	4155	4236	
4295	4230	4155	4230	
4283	4222	4147	4222	
4277	4214	4144	4214	
4270	4215	4137	4215	
4271	4213	4141	4213	
4274	4213	4142	4213	
4281	4212	4138	4212	
4291	4217	4145	4217	
4303	4221	4141	4221	
4313	4231	4145	4231	
4334	4239	4156	4239	
4351	4254	4170	4254	
4396	4276	4185	4276	
4427	4299	4203	4299	
4466	4321	4226	4321	
4511	4350	4259	4350	
4566	4388	4282	4388	
4622	4426	4315	4426	
4684	4463	4342	4463	
4749	4507	4378	4507	
4813	4557	4420	4557	
4894	4602	4454	4602	
4970	4654	4497	4654	
5056	4711	4538	4711	
5145	4770	4591	4770	
5222	4830	4641	4830	
5314	4895	4686	4895	
5407	4965	4745	4965	
5509	5030	4791	5030	
5604	5101	4847	5101	
5719	5188	4905	5188	
5843	5283	4981	5283	
5962	5382	5064	5382	
6098	5484	5140	5484	
6266	5608	5237	5608	
6444	5736	5351	5736	
6600	5832	5520	5832	
6875	6032	5515	6032	
6756	5934	5424	5934	
6625	5859	5365	5859	
6513	5751	5296	5751	
6400	5654	5236	5654	
6294	5584	5194	5584	
6234	5536	5176	5536	
6133	5466	5133	5466	
6017	5387	5063	5387	
5902	5312	5026	5312	
5801	5243	4970	5243	
5702	5167	4913	5167	
5582	5093	4860	5093	
5473	5026	4809	5026	
5374	4953	4747	4953	
5277	4893	4694	4893	
5188	4832	4643	4832	
5096	4770	4589	4770	
5008	4713	4535	4713	
4923	4662	4489	4662	
4853	4613	4456	4613	
4774	4565	4412	4565	
4716	4526	4382	4526	
4660	4487	4349	4487	
4603	4449	4307	4449	
4552	4407	4280	4407	
4505	4372	4255	4372	
4464	4344	4228	4344	
4420	4309	4208	4309	
4387	4296	4191	4296	
4360	4278	4188	4278	
4343	4262	4170	4262	
4324	4246	4164	4246	
4313	4245	4156	4245	
4302	4238	4152	4238	
4295	4236	4146	4236	
4298	4233	4141	4233	
4295	4234	4145	4234	
4294	4231	4137	4231	
4298	4233	4147	4233	
4309	4237	4154	4237	
4319	4235	4147	4235	
4344	4249	4151	4249	
4358	4261	4171	4261	
4389	4278	4185	4278	
4430	4305	4194	4305	
4466	4325	4212	4325	
4509	4355	4249	4355	
4561	4386	4275	4386	
4613	4425	4300	4425	
4667	4459	4332	4459	
4731	4500	4365	4500	
4796	4538	4403	4538	
4857	4588	4445	4588	
4945	4644	4491	4644	
5014	4697	4530	4697	
5092	4750	4571	4750	
5183	4814	4622	4814	
5273	4871	4664	4871	
5361	4927	4707	4927	
5447	4999	4769	4999	
5546	5069	4817	5069	
5643	5140	4879	5140	
5761	5230	4950	5230	
5891	5328	5022	5328	
6011	5416	5100	5416	
6154	5527	5178	5527	
6298	5654	5257	5654	
6492	5783	5376	5783	
6674	5891	5547	5891	
6897	6063	5533	6063	
6791	5972	5443	5972	
6653	5885	5384	5885	
6543	5770	5321	5770	
6434	5678	5254	5678	
6322	5598	5200	5598	
6245	5552	5181	5552	
6153	5493	5154	5493	
6059	5419	5089	5419	
5937	5338	5041	5338	
5821	5262	4990	5262	
5714	5197	4931	5197	
5613	5128	4882	5128	
5520	5061	4837	5061	
5411	4988	4778	4988	
5312	4924	4719	4924	
5223	4861	4670	4861	
5122	4799	4612	4799	
5032	4752	4568	4752	
4971	4700	4522	4700	
4887	4645	4472	4645	
4819	4594	4435	4594	
4757	4557	4406	4557	
4705	4520	4370	4520	
4645	4479	4337	4479	
4596	4447	4301	4447	
4546	4410	4278	4410	
4504	4380	4254	4380	
4451	4345	4227	4345	
4424	4323	4210	4323	
4394	4306	4201	4306	
4370	4291	4189	4291	
4352	4270	4169	4270	
4342	4261	4168	4261	
4332	4257	4156	4257	
4321	4251	4153	4251	
4316	4248	4147	4248	
4320	4251	4149	4251	
4322	4248	4151	4248	
4321	4249	4153	4249	
4333	4257	4157	4257	
4351	4262	4156	4262	
4373	4269	4165	4269	
4394	4289	4186	4289	
4423	4304	4199	4304	
4465	4328	4218	4328	
4500	4357	4239	4357	
4547	4386	4269	4386	
4596	4416	4294	4416	
4649	4455	4322	4455	
4705	4497	4353	4497	
4772	4534	4388	4534	
4836	4575	4426	4575	
4901	4623	4460	4623	
4983	4678	4508	4678	
5051	4730	4558	4730	
5129	4786	4606	4786	
5212	4853	4648	4853	
5301	4906	4694	4906	
5403	4964	4749	4964	
5502	5037	4795	5037	
5592	5101	4847	5101	
5696	5182	4911	5182	
5820	5276	4983	5276	
5954	5375	5055	5375	
6069	5467	5130	5467	
6210	5570	5213	5570	
6356	5700	5315	5700	
6547	5833	5429	5833	
6725	5936	5584	5936	
6964	6115	5578	6115	
6852	6015	5473	6015	
6710	5925	5414	5925	
6598	5814	5350	5814	
6479	5716	5286	5716	
6363	5631	5235	5631	
6284	5591	5208	5591	
6214	5538	5177	5538	
6096	5463	5111	5463	
5984	5380	5073	5380	
5870	5306	5011	5306	
5772	5240	4957	5240	
5665	5172	4919	5172	
5573	5107	4863	5107	
5468	5036	4801	5036	
5368	4968	4756	4968	
5274	4905	4702	4905	
5181	4850	4648	4850	
5098	4796	4591	4796	
5017	4747	4559	4747	
4942	4689	4507	4689	
4868	4642	4465	4642	
4811	4600	4435	4600	
4751	4562	4398	4562	
4695	4523	4361	4523	
4646	4492	4330	4492	
4587	4449	4310	4449	
4549	4420	4284	4420	
4515	4393	4264	4393	
4480	4368	4238	4368	
4446	4345	4228	4345	
4420	4328	4211	4328	
4399	4315	4196	4315	
4389	4300	4185	4300	
4368	4288	4173	4288	
4372	4283	4163	4283	
4358	4281	4159	4281	
4361	4286	4160	4286	
4359	4280	4174	4280	
4368	4281	4164	4281	
4384	4289	4172	4289	
4393	4294	4175	4294	
4421	4315	4184	4315	
4442	4328	4201	4328	
4477	4350	4218	4350	
4520	4370	4239	4370	
4557	4402	4265	4402	
4602	4431	4293	4431	
4656	4464	4318	4464	
4701	4502	4347	4502	
4752	4536	4384	4536	
4818	4577	4419	4577	
4885	4621	4455	4621	
4949	4670	4499	4670	
5025	4719	4538	4719	
5100	4775	4586	4775	
5179	4831	4627	4831	
5268	4889	4675	4889	
5356	4951	4723	4951	
5466	5021	4777	5021	
5546	5083	4821	5083	
5656	5165	4889	5165	
5759	5249	4947	5249	
5873	5336	5024	5336	
6008	5432	5106	5432	
6118	5519	5168	5519	
6275	5632	5266	5632	
6447	5759	5365	5759	
6629	5898	5482	5898	
6806	6008	5644	6008	
7046	6176	5613	6176	
6924	6066	5529	6066	
6761	5957	5450	5957	
6641	5846	5374	5846	
6514	5743	5308	5743	
6401	5664	5249	5664	
6324	5608	5226	5608	
6246	5564	5209	5564	
6146	5500	5159	5500	
6027	5415	5093	5415	
5915	5349	5041	5349	
5803	5274	4989	5274	
5719	5207	4940	5207	
5616	5152	4894	5152	
5510	5078	4827	5078	
5410	5014	4778	5014	
5310	4950	4730	4950	
5232	4891	4673	4891	
5150	4841	4622	4841	
5071	4789	4593	4789	
4990	4737	4543	4737	
4929	4694	4501	4694	
4861	4649	4468	4649	
4808	4604	4425	4604	
4751	4565	4400	4565	
4699	4529	4366	4529	
4641	4492	4337	4492	
4603	4463	4314	4463	
4563	4439	4294	4439	
4532	4412	4263	4412	
4495	4387	4244	4387	
4472	4366	4224	4366	
4452	4354	4219	4354	
4432	4340	4211	4340	
4421	4331	4203	4331	
4409	4323	4188	4323	
4408	4323	4185	4323	
4408	4321	4192	4321	
4413	4319	4188	4319	
4423	4322	4188	4322	
4439	4333	4206	4333	
4451	4340	4209	4340	
4467	4359	4221	4359	
4498	4377	4236	4377	
4523	4392	4246	4392	
4570	4417	4272	4417	
4608	4445	4288	4445	
4651	4476	4323	4476	
4705	4508	4350	4508	
4753	4544	4384	4544	
4805	4579	4415	4579	
4877	4622	4454	4622	
4939	4665	4489	4665	
5001	4716	4531	4716	
5082	4772	4574	4772	
5160	4821	4609	4821	
5248	4884	4662	4884	
5330	4946	4721	4946	
5414	5001	4764	5001	
5517	5073	4808	5073	
5609	5151	4870	5151	
5717	5221	4934	5221	
5826	5302	4992	5302	
5954	5394	5072	5394	
6070	5486	5138	5486	
6188	5584	5223	5584	
6343	5691	5305	5691	
6515	5816	5410	5816	
6711	5959	5534	5959	
6901	6084	5707	6084	
7133	6241	5672	6241	
6990	6120	5563	6120	
6836	6010	5484	6010	
6703	5885	5406	5885	
6557	5783	5324	5783	
6428	5693	5275	5693	
6335	5629	5245	5629	
6278	5587	5213	5587	
6209	5544	5193	5544	
6075	5461	5134	5461	
5959	5389	5064	5389	
5851	5306	5017	5306	
5753	5246	4968	5246	
5644	5191	4925	5191	
5546	5120	4859	5120	
5462	5064	4812	5064	
5363	4996	4753	4996	
5273	4931	4703	4931	
5195	4876	4655	4876	
5118	4830	4613	4830	
5038	4781	4565	4781	
4977	4736	4539	4736	
4916	4686	4496	4686	
4850	4644	4460	4644	
4795	4607	4424	4607	
4745	4576	4394	4576	
4696	4537	4363	4537	
4656	4510	4339	4510	
4616	4478	4320	4478	
4587	4454	4293	4454	
4560	4440	4291	4440	
4532	4426	4267	4426	
4508	4404	4256	4404	
4494	4390	4244	4390	
4471	4381	4233	4381	
4458	4366	4225	4366	
4464	4365	4224	4365	
4464	4371	4222	4371	
4464	4364	4218	4364	
4477	4368	4222	4368	
4489	4378	4232	4378	
4494	4388	4235	4388	
4527	4399	4253	4399	
4550	4420	4270	4420	
4582	4438	4283	4438	
4626	4471	4310	4471	
4666	4498	4339	4498	
4707	4521	4352	4521	
4758	4555	4386	4555	
4807	4589	4414	4589	
4855	4624	4442	4624	
4932	4674	4491	4674	
4993	4712	4521	4712	
5063	4762	4565	4762	
5140	4820	4614	4820	
5215	4874	4652	4874	
5291	4930	4704	4930	
5387	4995	4761	4995	
5472	5060	4805	5060	
5568	5120	4858	5120	
5670	5196	4900	5196	
5777	5273	4964	5273	
5894	5363	5033	5363	
6008	5446	5100	5446	
6145	5538	5177	5538	
6257	5636	5260	5636	
6413	5754	5356	5754	
6590	5886	5484	5886	
6799	6031	5600	6031	
6982	6152	5764	6152	
7260	6340	5747	6340	
7102	6190	5629	6190	
6903	6074	5528	6074	
6735	5932	5437	5932	
6597	5821	5361	5821	
6473	5727	5303	5727	
6365	5657	5264	5657	
6304	5620	5246	5620	
6240	5585	5219	5585	
6120	5512	5162	5512	
6008	5428	5096	5428	
5895	5350	5044	5350	
5794	5277	4995	5277	
5697	5229	4957	5229	
5605	5167	4897	5167	
5505	5104	4837	5104	
5409	5043	4793	5043	
5332	4975	4730	4975	
5255	4922	4686	4922	
5176	4878	4640	4878	
5103	4830	4597	4830	
5018	4779	4567	4779	
4969	4738	4528	4738	
4908	4700	4490	4700	
4850	4659	4457	4659	
4808	4625	4428	4625	
4759	4586	4398	4586	
4720	4554	4366	4554	
4669	4530	4346	4530	
4642	4508	4324	4508	
4616	4483	4316	4483	
4592	4470	4302	4470	
4561	4453	4276	4453	
4547	4442	4274	4442	
4543	4433	4265	4433	
4523	4422	4258	4422	
4513	4416	4255	4416	
4514	4418	4257	4418	
4516	4411	4249	4411	
4522	4416	4257	4416	
4538	4429	4263	4429	
4554	4437	4263	4437	
4579	4453	4282	4453	
4602	4471	4303	4471	
4639	4490	4319	4490	
4683	4516	4337	4516	
4723	4543	4353	4543	
4770	4569	4387	4569	
4810	4603	4413	4603	
4864	4643	4449	4643	
4920	4673	4480	4673	
4982	4722	4519	4722	
5043	4768	4556	4768	
5109	4813	4599	4813	
5191	4867	4652	4867	
5270	4917	4680	4917	
5363	4988	4741	4988	
5455	5051	4787	5051	
5539	5113	4839	5113	
5641	5178	4884	5178	
5738	5257	4936	5257	
5839	5339	5005	5339	
5954	5418	5079	5418	
6093	5513	5150	5513	
6225	5606	5225	5606	
6359	5705	5313	5705	
6493	5821	5412	5821	
6678	5953	5534	5953	
6902	6118	5674	6118	
7088	6243	5844	6243	
7547	6523	5872	6523	
7255	6288	5704	6288	
7012	6135	5587	6135	
6845	5988	5469	5988	
6679	5873	5398	5873	
6549	5760	5320	5760	
6439	5684	5260	5684	
6352	5641	5245	5641	
6281	5617	5230	5617	
6209	5566	5201	5566	
6095	5488	5143	5488	
5973	5402	5083	5402	
5864	5329	5031	5329	
5763	5277	4976	5277	
5683	5209	4924	5209	
5583	5147	4871	5147	
5483	5084	4813	5084	
5395	5013	4754	5013	
5312	4963	4716	4963	
5237	4919	4666	4919	
5176	4874	4629	4874	
5111	4827	4594	4827	
5042	4789	4557	4789	
4983	4748	4527	4748	
4926	4711	4491	4711	
4880	4674	4457	4674	
4831	4635	4422	4635	
4788	4608	4399	4608	
4751	4584	4375	4584	
4715	4553	4355	4553	
4688	4537	4347	4537	
4658	4518	4332	4518	
4640	4503	4319	4503	
4621	4488	4303	4488	
4608	4483	4302	4483	
4596	4478	4290	4478	
4591	4467	4285	4467	
4593	4466	4282	4466	
4597	4465	4277	4465	
4605	4467	4287	4467	
4622	4481	4304	4481	
4634	4487	4300	4487	
4651	4499	4310	4499	
4679	4523	4323	4523	
4716	4538	4340	4538	
4752	4567	4370	4567	
4791	4592	4385	4592	
4834	4620	4415	4620	
4885	4654	4449	4654	
4935	4692	4490	4692	
4988	4724	4518	4724	
5054	4771	4557	4771	
5123	4824	4604	4824	
5193	4868	4639	4868	
5275	4922	4687	4922	
5350	4972	4725	4972	
5434	5033	4763	5033	
5525	5100	4822	5100	
5617	5156	4872	5156	
5722	5230	4919	5230	
5896	5372	5041	5372	
5945	5400	5054	5400	
6056	5480	5114	5480	
6189	5574	5189	5574	
6314	5673	5277	5673	
6455	5777	5356	5777	
6622	5897	5461	5897	
6800	6031	5579	6031	
6999	6189	5729	6189	
7191	6325	5926	6325	
7848	6723	6038	6723	
7428	6404	5803	6404	
7125	6198	5667	6198	
6918	6043	5548	6043	
6758	5915	5454	5915	
6619	5799	5365	5799	
6486	5713	5308	5713	
6414	5665	5288	5665	
6346	5635	5261	5635	
6269	5595	5250	5595	
6167	5527	5197	5527	
6033	5440	5130	5440	
5930	5370	5072	5370	
5818	5305	5018	5305	
5734	5240	4972	5240	
5637	5184	4915	5184	
5535	5116	4867	5116	
5447	5053	4808	5053	
5374	5002	4750	5002	
5307	4956	4714	4956	
5228	4912	4685	4912	
5160	4868	4641	4868	
5100	4828	4611	4828	
5053	4794	4579	4794	
4994	4755	4539	4755	
4943	4713	4507	4713	
4890	4676	4472	4676	
4852	4651	4449	4651	
4816	4618	4430	4618	
4752	4591	4402	4591	
4744	4570	4395	4570	
4722	4556	4377	4556	
4707	4547	4368	4547	
4691	4537	4363	4537	
4665	4522	4343	4522	
4660	4514	4340	4514	
4654	4509	4337	4509	
4649	4509	4338	4509	
4653	4504	4335	4504	
4675	4513	4340	4513	
4689	4520	4357	4520	
4700	4530	4360	4530	
4712	4545	4370	4545	
4745	4565	4379	4565	
4786	4588	4398	4588	
4814	4607	4420	4607	
4859	4638	4440	4638	
4889	4662	4467	4662	
4951	4691	4504	4691	
4993	4732	4535	4732	
5057	4769	4558	4769	
5117	4815	4603	4815	
5178	4860	4644	4860	
5245	4902	4686	4902	
5323	4960	4743	4960	
5402	5012	4781	5012	
5497	5076	4817	5076	
5586	5142	4874	5142	
5661	5199	4926	5199	
5771	5273	4973	5273	
5927	5382	5074	5382	
6009	5438	5101	5438	
6115	5530	5187	5530	
6253	5624	5250	5624	
6385	5718	5327	5718	
6552	5837	5432	5837	
6714	5959	5544	5959	
6909	6093	5668	6093	
7103	6253	5802	6253	
7271	6403	6017	6403	
                                                                                                                                                                                                                                                                                                                                                                                                                                                                                                                                                                                                                                                                                                                                                                                                                                                                                                                                                                                                                                                                                                                                                                                                                                                                                                                                                                                                                                                                                                                                                                                                                                                                                                                                                                                                                                                                                                                                                                                                                                                                                                                                                                                                                                                                                                                                                                                                                                                                                                                                                                                                                                                                                                                                                                                                                                                                                                                                                                                                                                                                                                                                                                                                                                                                                                                                                                                                                                                                                                                                                                                                                                                                                                                                                                                                                                                                                                                                                                                                                                                                                                                                                                                                                                                                                                                                                                                                                                                                                                                                                                                                                                                                                                                                                                                                                                                                                                                                                                                                                                                                                                                                                                                                                                                                                                                                                                                                                                                                                                                                                                                                                                                                                                                                                                                                                                                                                                                                                                                                                                                                                                                                                                                                                                                                                                                                                                                                                                                                                                                                                                                                                                                                                                                                                                                                                                                                                                                                                                                                                                                                                                                                                                                                                                                                                                                                                                                                                                                                                                                                                                                                                                                                                                                                                                                                                                                                                                                                                                                                                                                                                                                                                                                                                                                                                                                                                                                                                                                                                                                                                                                                                                                                                                                                                                                                                                                                                                                                                                                                                                                                                                                                                                                                                                                                                                                                                                                                                                                                                                                                                                                                                                                                                                                                                                                                                                                                                                                                                                                                                                                                                                                                                                                                                                                                                                                                                                                                                                                                                                                                                                                                                                                                                                                                                                                                                                                                                                                                                                                                                                                                                                                                                                                                                                                                                                                                                                                                                                                                                                                                                                                                                                                                    