  0.0000000e+000
  0.0000000e+000
  1.3750000e+000
  3.1250000e+000
  4.8125000e+000
  6.5000000e+000
  8.1250000e+000
  9.7500000e+000
  1.1312500e+001
  1.2937500e+001
  1.4437500e+001
  1.6000000e+001
  1.7500000e+001
  1.9000000e+001
  2.0437500e+001
  2.1875000e+001
  2.3250000e+001
  2.4687500e+001
  2.6000000e+001
  2.7375000e+001
  2.8687500e+001
  3.0000000e+001
  3.1250000e+001
  3.2500000e+001
  3.3750000e+001
  3.4937500e+001
  3.6125000e+001
  3.7250000e+001
  3.8375000e+001
  3.9500000e+001
  4.0562500e+001
  4.1625000e+001
  4.2687500e+001
  4.3687500e+001
  4.4687500e+001
  4.5625000e+001
  4.6562500e+001
  4.7500000e+001
  4.8375000e+001
  4.9250000e+001
  5.0125000e+001
  5.0937500e+001
  5.1750000e+001
  5.2562500e+001
  5.3312500e+001
  5.4062500e+001
  5.4750000e+001
  5.5437500e+001
  5.6125000e+001
  5.6750000e+001
  5.7375000e+001
  5.7937500e+001
  5.8500000e+001
  5.9062500e+001
  5.9562500e+001
  6.0062500e+001
  6.0562500e+001
  6.1000000e+001
  6.1437500e+001
  6.1875000e+001
  6.2250000e+001
  6.2625000e+001
  6.2937500e+001
  6.3250000e+001
  6.3562500e+001
  6.3812500e+001
  6.4062500e+001
  6.4250000e+001
  6.4500000e+001
  6.4625000e+001
  6.4812500e+001
  6.4937500e+001
  6.5000000e+001
  6.5125000e+001
  6.5187500e+001
  6.5187500e+001
  6.5187500e+001
  6.5187500e+001
  6.5187500e+001
  6.5187500e+001
  6.5187500e+001
  6.5187500e+001
  6.5187500e+001
  6.5187500e+001
  6.5187500e+001
  6.5187500e+001
  6.5187500e+001
  6.5187500e+001
  6.5187500e+001
  6.5187500e+001
  6.5187500e+001
  6.5187500e+001
  6.5187500e+001
  6.5187500e+001
  6.5187500e+001
  6.5187500e+001
  6.5187500e+001
  6.5187500e+001
  6.5187500e+001
  6.5187500e+001
  6.5187500e+001
  6.5187500e+001
  6.5187500e+001
  6.5187500e+001
  6.5187500e+001
  6.5187500e+001
  6.5187500e+001
  6.5187500e+001
  6.5187500e+001
  6.5187500e+001
  6.5187500e+001
  6.5187500e+001
  6.5187500e+001
  6.5187500e+001
  6.5187500e+001
  6.5187500e+001
  6.5187500e+001
  6.5187500e+001
  6.5187500e+001
  6.5187500e+001
  6.5187500e+001
  6.5187500e+001
  6.5187500e+001
  6.5187500e+001
  6.5187500e+001
  6.5187500e+001
  6.5187500e+001
  6.5187500e+001
  6.5187500e+001
  6.5187500e+001
  6.5187500e+001
  6.5187500e+001
  6.5187500e+001
  6.5187500e+001
  6.5187500e+001
  6.5187500e+001
  6.5187500e+001
  6.5187500e+001
  6.5187500e+001
  6.5187500e+001
  6.5187500e+001
  6.5187500e+001
  6.5187500e+001
  6.5187500e+001
  6.5187500e+001
  6.5187500e+001
  6.5187500e+001
  6.5187500e+001
  6.5187500e+001
  6.5187500e+001
  6.5187500e+001
  6.5187500e+001
  6.5187500e+001
  6.5187500e+001
  6.5187500e+001
  6.5187500e+001
  6.5187500e+001
  6.5187500e+001
  6.5187500e+001
  6.5187500e+001
  6.5187500e+001
  6.5187500e+001
  6.5187500e+001
  6.5187500e+001
  6.5187500e+001
  6.5187500e+001
  6.5187500e+001
  6.5187500e+001
  6.5187500e+001
  6.5187500e+001
  6.5187500e+001
  6.5187500e+001
  6.5187500e+001
  6.5187500e+001
  6.5187500e+001
  6.5187500e+001
  6.5187500e+001
  6.5187500e+001
  6.5187500e+001
  6.5187500e+001
  6.5187500e+001
  6.5187500e+001
  6.5187500e+001
  6.5187500e+001
  6.5187500e+001
  6.5187500e+001
  6.5187500e+001
  6.5187500e+001
  6.5187500e+001
  6.5187500e+001
  6.5187500e+001
  6.5187500e+001
  6.5187500e+001
  6.5187500e+001
  6.5187500e+001
  6.5187500e+001
  6.5187500e+001
  6.5187500e+001
  6.5187500e+001
  6.5187500e+001
  6.5187500e+001
  6.5187500e+001
  6.5187500e+001
  6.5187500e+001
  6.5187500e+001
  6.5187500e+001
  6.5187500e+001
  6.5187500e+001
  6.5187500e+001
  6.5187500e+001
  6.5187500e+001
  6.5187500e+001
  6.5187500e+001
  6.5187500e+001
  6.5187500e+001
  6.5187500e+001
  6.5187500e+001
  6.5187500e+001
  6.5187500e+001
  6.5187500e+001
  6.5187500e+001
  6.5187500e+001
  6.5187500e+001
  6.5187500e+001
  6.5187500e+001
  6.5187500e+001
  6.5187500e+001
  6.5187500e+001
  6.5187500e+001
  6.5187500e+001
  6.5187500e+001
  6.5187500e+001
  6.5187500e+001
  6.5187500e+001
  6.5187500e+001
  6.5187500e+001
  6.5187500e+001
  6.5187500e+001
  6.5187500e+001
  6.5187500e+001
  6.5187500e+001
  6.5187500e+001
  6.5187500e+001
  6.5187500e+001
  6.5187500e+001
  6.5187500e+001
  6.5187500e+001
  6.5187500e+001
  6.5187500e+001
  6.5187500e+001
  6.5187500e+001
  6.5187500e+001
  6.5187500e+001
  6.5187500e+001
  6.5187500e+001
  6.5187500e+001
