  2.5500000e+002
  2.5500000e+002
  2.5500000e+002
  2.5500000e+002
  2.5500000e+002
  2.5500000e+002
  2.5500000e+002
  2.5500000e+002
  2.5300000e+002
  2.5000000e+002
  2.4800000e+002
  2.4500000e+002
  2.4300000e+002
  2.4000000e+002
  2.3800000e+002
  2.3500000e+002
  2.3300000e+002
  2.3000000e+002
  2.2800000e+002
  2.2600000e+002
  2.2300000e+002
  2.2100000e+002
  2.1800000e+002
  2.1600000e+002
  2.1300000e+002
  2.1100000e+002
  2.0800000e+002
  2.0600000e+002
  2.0400000e+002
  2.0100000e+002
  1.9900000e+002
  1.9600000e+002
  1.9400000e+002
  1.9100000e+002
  1.8900000e+002
  1.8600000e+002
  1.8400000e+002
  1.8100000e+002
  1.7900000e+002
  1.7700000e+002
  1.7400000e+002
  1.7200000e+002
  1.6900000e+002
  1.6700000e+002
  1.6400000e+002
  1.6200000e+002
  1.5900000e+002
  1.5700000e+002
  1.5400000e+002
  1.5200000e+002
  1.5000000e+002
  1.4700000e+002
  1.4500000e+002
  1.4200000e+002
  1.4000000e+002
  1.3700000e+002
  1.3500000e+002
  1.3200000e+002
  1.3000000e+002
  1.2800000e+002
  1.2500000e+002
  1.2300000e+002
  1.2000000e+002
  1.1800000e+002
  1.1500000e+002
  1.1300000e+002
  1.1000000e+002
  1.0800000e+002
  1.0500000e+002
  1.0300000e+002
  1.0100000e+002
  9.8000000e+001
  9.6000000e+001
  9.3000000e+001
  9.1000000e+001
  8.8000000e+001
  8.6000000e+001
  8.3000000e+001
  8.1000000e+001
  7.8000000e+001
  7.6000000e+001
  7.4000000e+001
  7.1000000e+001
  6.9000000e+001
  6.6000000e+001
  6.4000000e+001
  6.1000000e+001
  5.9000000e+001
  5.6000000e+001
  5.4000000e+001
  5.1000000e+001
  4.9000000e+001
  4.7000000e+001
  4.4000000e+001
  4.2000000e+001
  3.9000000e+001
  3.7000000e+001
  3.4000000e+001
  3.2000000e+001
  2.9000000e+001
  2.7000000e+001
  2.5000000e+001
  2.2000000e+001
  2.0000000e+001
  1.7000000e+001
  1.5000000e+001
  1.2000000e+001
  1.0000000e+001
  7.0000000e+000
  5.0000000e+000
  2.0000000e+000
  0.0000000e+000
  0.0000000e+000
  0.0000000e+000
  0.0000000e+000
  0.0000000e+000
  0.0000000e+000
  0.0000000e+000
  0.0000000e+000
  0.0000000e+000
  0.0000000e+000
  0.0000000e+000
  0.0000000e+000
  0.0000000e+000
  0.0000000e+000
  0.0000000e+000
  0.0000000e+000
  0.0000000e+000
