  1.4601070e+001
  1.4601070e+001
  1.4601070e+001
  1.4601070e+001
  1.4601070e+001
  1.4601070e+001
  1.4601070e+001
  1.4601070e+001
  1.4601070e+001
  1.4601070e+001
  1.4601070e+001
  1.4601070e+001
  1.4601070e+001
  1.4601070e+001
  1.4601070e+001
  1.4601070e+001
  1.4601070e+001
  1.4601070e+001
  1.4825634e+001
  1.5082278e+001
  1.5338923e+001
  1.5595567e+001
  1.5852212e+001
  1.6108856e+001
  1.6365500e+001
  1.6622145e+001
  1.6878789e+001
  1.7135434e+001
  1.7392078e+001
  1.7648722e+001
  1.7905367e+001
  1.8162011e+001
  1.8418656e+001
  1.8675300e+001
  1.8931945e+001
  1.9188589e+001
  1.9445233e+001
  1.9701878e+001
  1.9958522e+001
  2.0215167e+001
  2.0471811e+001
  2.0728456e+001
  2.0985100e+001
  2.1241744e+001
  2.1498389e+001
  2.1755033e+001
  2.2011678e+001
  2.2268322e+001
  2.2524966e+001
  2.2781611e+001
  2.3038255e+001
  2.3294900e+001
  2.3551544e+001
  2.3808189e+001
  2.4064833e+001
  2.4321477e+001
  2.4578122e+001
  2.4834766e+001
  2.5091411e+001
  2.5348055e+001
  2.5604699e+001
  2.5861344e+001
  2.6117988e+001
  2.6374633e+001
  2.6631277e+001
  2.6887922e+001
  2.7144566e+001
  2.7401210e+001
  2.7657855e+001
  2.7914499e+001
  2.8171144e+001
  2.8427788e+001
  2.8684432e+001
  2.8941077e+001
  2.9197721e+001
  2.9454366e+001
  2.9711010e+001
  2.9967655e+001
  3.0224299e+001
  3.0480943e+001
  3.0737588e+001
  3.0994232e+001
  3.1250877e+001
  3.1507521e+001
  3.1764166e+001
  3.2020810e+001
  3.2277454e+001
  3.2534099e+001
  3.2790743e+001
  3.3047388e+001
  3.3304032e+001
  3.3560676e+001
  3.3817321e+001
  3.4073965e+001
  3.4330610e+001
  3.4587254e+001
  3.4843899e+001
  3.5100543e+001
  3.5357187e+001
  3.5613832e+001
  3.5870476e+001
  3.6127121e+001
  3.6383765e+001
  3.6640409e+001
  3.6897054e+001
  3.7153698e+001
  3.7410343e+001
  3.7666987e+001
  3.7923632e+001
  3.8180276e+001
  3.8436920e+001
  3.8693565e+001
  3.8950209e+001
  3.9206854e+001
  3.9463498e+001
  3.9720143e+001
  3.9976787e+001
  4.0233431e+001
  4.0490076e+001
  4.0746720e+001
  4.1003365e+001
  4.1260009e+001
  4.1516653e+001
  4.1773298e+001
  4.2029942e+001
  4.2286587e+001
  4.2543231e+001
  4.2799876e+001
  4.3056520e+001
  4.3313164e+001
  4.3569809e+001
  4.3826453e+001
  4.4083098e+001
  4.4339742e+001
  4.4596386e+001
  4.4853031e+001
  4.5109675e+001
  4.5366320e+001
  4.5622964e+001
  4.5879609e+001
  4.6136253e+001
  4.6392897e+001
  4.6649542e+001
  4.6906186e+001
  4.7162831e+001
  4.7419475e+001
  4.7676120e+001
  4.7932764e+001
  4.8189408e+001
  4.8446053e+001
  4.8702697e+001
  4.8959342e+001
  4.9215986e+001
  4.9472630e+001
  4.9729275e+001
  4.9985919e+001
  5.0242564e+001
  5.0499208e+001
  5.0755853e+001
  5.1012497e+001
  5.1077242e+001
  5.0705728e+001
  5.0334213e+001
  4.9962699e+001
  4.9591185e+001
  4.9219670e+001
  4.8848156e+001
  4.8476642e+001
  4.8105128e+001
  4.7733613e+001
  4.7362099e+001
  4.6990585e+001
  4.6619070e+001
  4.6247556e+001
  4.5876042e+001
  4.5504528e+001
  4.5133013e+001
  4.4761499e+001
  4.4389985e+001
  4.4018470e+001
  4.3646956e+001
  4.3275442e+001
  4.2903928e+001
  4.2532413e+001
  4.2160899e+001
  4.1789385e+001
  4.1417870e+001
  4.1046356e+001
  4.0674842e+001
  4.0303328e+001
  3.9931813e+001
  3.9560299e+001
  3.9188785e+001
  3.8817270e+001
  3.8445756e+001
  3.8074242e+001
  3.7702728e+001
  3.7331213e+001
  3.6959699e+001
  3.6588185e+001
  3.6216670e+001
  3.5845156e+001
  3.5473642e+001
  3.5102128e+001
  3.4730613e+001
  3.4359099e+001
  3.3987585e+001
  3.3616070e+001
  3.3244556e+001
  3.2873042e+001
  3.2501528e+001
  3.2130013e+001
  3.1758499e+001
  3.1386985e+001
  3.1015470e+001
  3.0643956e+001
  3.0272442e+001
  2.9900928e+001
  2.9529413e+001
  2.9157899e+001
  2.8786385e+001
  2.8414870e+001
  2.8043356e+001
  2.7671842e+001
  2.7300328e+001
  2.6928813e+001
  2.6557299e+001
  2.6185785e+001
  2.5814270e+001
  2.5442756e+001
  2.5071242e+001
  2.4699728e+001
  2.4328213e+001
  2.3956699e+001
  2.3585185e+001
  2.3213670e+001
  2.2842156e+001
  2.2470642e+001
  2.2099128e+001
  2.1727613e+001
  2.1356099e+001
  2.0984585e+001
  2.0613070e+001
  2.0241556e+001
  1.9870042e+001
  1.9498528e+001
  1.9127013e+001
  1.8755499e+001
  1.8383985e+001
  1.8012470e+001
  1.7640956e+001
  1.7269442e+001
  1.6897928e+001
  1.6526413e+001
  1.6154899e+001
  1.5783385e+001
