  2.6211700e+001
  2.6211700e+001
  2.6211700e+001
  2.6211700e+001
  2.6211700e+001
  2.6211700e+001
  2.6211700e+001
  2.6211700e+001
  2.6211700e+001
  2.6211700e+001
  2.6211700e+001
  2.6211700e+001
  2.6211700e+001
  2.6211700e+001
  2.6211700e+001
  2.6665575e+001
  2.7184289e+001
  2.7703003e+001
  2.8221717e+001
  2.8740431e+001
  2.9259145e+001
  2.9777859e+001
  3.0296573e+001
  3.0815287e+001
  3.1334000e+001
  3.1852714e+001
  3.2371428e+001
  3.2890142e+001
  3.3408856e+001
  3.3927570e+001
  3.4446284e+001
  3.4964998e+001
  3.5483712e+001
  3.6002426e+001
  3.6521140e+001
  3.7039854e+001
  3.7558568e+001
  3.8077282e+001
  3.8595996e+001
  3.9114710e+001
  3.9633424e+001
  4.0152138e+001
  4.0670852e+001
  4.1189566e+001
  4.1708280e+001
  4.2226994e+001
  4.2745708e+001
  4.3264422e+001
  4.3783136e+001
  4.4301850e+001
  4.4820564e+001
  4.5339278e+001
  4.5857992e+001
  4.6376706e+001
  4.6895420e+001
  4.7414134e+001
  4.7932848e+001
  4.8451562e+001
  4.8970276e+001
  4.9488990e+001
  5.0007704e+001
  5.0526418e+001
  5.1045132e+001
  5.1563845e+001
  5.2082559e+001
  5.2601273e+001
  5.3119987e+001
  5.3638701e+001
  5.4157415e+001
  5.4676129e+001
  5.5194843e+001
  5.5713557e+001
  5.6232271e+001
  5.6750985e+001
  5.7269699e+001
  5.7788413e+001
  5.8307127e+001
  5.8825841e+001
  5.9344555e+001
  5.9863269e+001
  6.0381983e+001
  6.0900697e+001
  6.1419411e+001
  6.1938125e+001
  6.2456839e+001
  6.2975553e+001
  6.3494267e+001
  6.4012981e+001
  6.4531695e+001
  6.5050409e+001
  6.5569123e+001
  6.6087837e+001
  6.6606551e+001
  6.7125265e+001
  6.7643979e+001
  6.8162693e+001
  6.8681407e+001
  6.9200121e+001
  6.9718835e+001
  7.0237549e+001
  7.0756263e+001
  7.1274977e+001
  7.1793690e+001
  7.2312404e+001
  7.2831118e+001
  7.3349832e+001
  7.3868546e+001
  7.4387260e+001
  7.4905974e+001
  7.5424688e+001
  7.5943402e+001
  7.6462116e+001
  7.6980830e+001
  7.7499544e+001
  7.8018258e+001
  7.8536972e+001
  7.9055686e+001
  7.9574400e+001
  8.0093114e+001
  8.0611828e+001
  8.1130542e+001
  8.1649256e+001
  8.2167970e+001
  8.2686684e+001
  8.3205398e+001
  8.3724112e+001
  8.4242826e+001
  8.4761540e+001
  8.5280254e+001
  8.5798968e+001
  8.6317682e+001
  8.6836396e+001
  8.7355110e+001
  8.7873824e+001
  8.8392538e+001
  8.8911252e+001
  8.9429966e+001
  8.9948680e+001
  9.0467394e+001
  9.0986108e+001
  9.1504822e+001
  9.1232243e+001
  9.0675501e+001
  9.0118759e+001
  8.9562017e+001
  8.9005275e+001
  8.8448533e+001
  8.7891791e+001
  8.7335049e+001
  8.6778307e+001
  8.6221565e+001
  8.5664823e+001
  8.5108080e+001
  8.4551338e+001
  8.3994596e+001
  8.3437854e+001
  8.2881112e+001
  8.2324370e+001
  8.1767628e+001
  8.1210886e+001
  8.0654144e+001
  8.0097402e+001
  7.9540660e+001
  7.8983918e+001
  7.8427175e+001
  7.7870433e+001
  7.7313691e+001
  7.6756949e+001
  7.6200207e+001
  7.5643465e+001
  7.5086723e+001
  7.4529981e+001
  7.3973239e+001
  7.3416497e+001
  7.2859755e+001
  7.2303013e+001
  7.1746270e+001
  7.1189528e+001
  7.0632786e+001
  7.0076044e+001
  6.9519302e+001
  6.8962560e+001
  6.8405818e+001
  6.7849076e+001
  6.7292334e+001
  6.6735592e+001
  6.6178850e+001
  6.5622108e+001
  6.5065365e+001
  6.4508623e+001
  6.3951881e+001
  6.3395139e+001
  6.2838397e+001
  6.2281655e+001
  6.1724913e+001
  6.1168171e+001
  6.0611429e+001
  6.0054687e+001
  5.9497945e+001
  5.8941202e+001
  5.8384460e+001
  5.7827718e+001
  5.7270976e+001
  5.6714234e+001
  5.6157492e+001
  5.5600750e+001
  5.5044008e+001
  5.4487266e+001
  5.3930524e+001
  5.3373782e+001
  5.2817040e+001
  5.2260297e+001
  5.1703555e+001
  5.1146813e+001
  5.0590071e+001
  5.0033329e+001
  4.9476587e+001
  4.8919845e+001
  4.8363103e+001
  4.7806361e+001
  4.7249619e+001
  4.6692877e+001
  4.6136135e+001
  4.5579392e+001
  4.5022650e+001
  4.4465908e+001
  4.3909166e+001
  4.3352424e+001
  4.2795682e+001
  4.2238940e+001
  4.1682198e+001
  4.1125456e+001
  4.0568714e+001
  4.0011972e+001
  3.9455229e+001
  3.8898487e+001
  3.8341745e+001
  3.7785003e+001
  3.7228261e+001
  3.6671519e+001
  3.6114777e+001
  3.5558035e+001
  3.5001293e+001
  3.4444551e+001
  3.3887809e+001
  3.3331067e+001
  3.2774324e+001
  3.2217582e+001
  3.1660840e+001
  3.1104098e+001
  3.0547356e+001
  2.9990614e+001
  2.9433872e+001
  2.8877130e+001
  2.8320388e+001
  2.7763646e+001
