  2040	  2040	  2040	  2040	
  6978	  6890	  6158	  6874	
  6726	  6635	  6012	  6642	
  6454	  6371	  5795	  6384	
  6252	  6144	  5615	  6140	
  6064	  5968	  5489	  5945	
  5897	  5806	  5385	  5809	
  5815	  5717	  5324	  5707	
  5715	  5632	  5268	  5629	
  5648	  5555	  5168	  5542	
  5546	  5494	  5128	  5472	
  5482	  5400	  5077	  5404	
  5413	  5328	  5046	  5330	
  5340	  5278	  4994	  5265	
  5280	  5202	  4938	  5205	
  5218	  5139	  4907	  5158	
  5158	  5109	  4845	  5093	
  5087	  5054	  4799	  5027	
  5040	  4994	  4766	  4981	
  4987	  4933	  4739	  4940	
  4938	  4898	  4717	  4898	
  4907	  4855	  4689	  4855	
  4841	  4827	  4641	  4813	
  4817	  4792	  4632	  4784	
  4792	  4750	  4607	  4755	
  4763	  4729	  4587	  4722	
  4729	  4712	  4560	  4696	
  4720	  4696	  4548	  4682	
  4699	  4670	  4537	  4682	
  4689	  4667	  4537	  4663	
  4691	  4656	  4529	  4643	
  4682	  4662	  4525	  4655	
  4667	  4655	  4528	  4646	
  4690	  4671	  4538	  4664	
  4684	  4675	  4552	  4665	
  4708	  4689	  4564	  4683	
  4722	  4709	  4567	  4701	
  4749	  4732	  4593	  4714	
  4783	  4762	  4620	  4748	
  4811	  4775	  4641	  4774	
  4842	  4819	  4659	  4814	
  4867	  4856	  4679	  4831	
  4923	  4887	  4708	  4882	
  4946	  4939	  4734	  4931	
  4994	  4978	  4781	  4985	
  5054	  5027	  4801	  5014	
  5091	  5078	  4848	  5069	
  5149	  5119	  4879	  5114	
  5225	  5183	  4928	  5180	
  5283	  5235	  4986	  5247	
  5341	  5317	  5008	  5311	
  5420	  5380	  5071	  5373	
  5481	  5455	  5125	  5449	
  5566	  5518	  5189	  5504	
  5642	  5575	  5256	  5584	
  5732	  5665	  5305	  5651	
  5786	  5739	  5353	  5744	
  5906	  5842	  5427	  5825	
  6024	  5945	  5486	  5952	
  6180	  6117	  5628	  6114	
  6297	  6221	  5692	  6221	
  6851	  6782	  6084	  6780	
  6635	  6535	  5926	  6549	
  6397	  6296	  5722	  6297	
  6157	  6067	  5571	  6092	
  5976	  5895	  5440	  5883	
  5863	  5763	  5345	  5778	
  5774	  5675	  5286	  5683	
  5680	  5598	  5222	  5585	
  5593	  5515	  5166	  5522	
  5532	  5437	  5112	  5443	
  5436	  5373	  5052	  5372	
  5371	  5304	  5015	  5297	
  5307	  5240	  4956	  5240	
  5240	  5180	  4915	  5171	
  5173	  5109	  4870	  5110	
  5108	  5059	  4829	  5049	
  5057	  5009	  4792	  4998	
  5003	  4957	  4744	  4950	
  4939	  4913	  4705	  4895	
  4889	  4860	  4673	  4858	
  4854	  4818	  4649	  4813	
  4819	  4785	  4620	  4771	
  4776	  4751	  4597	  4742	
  4740	  4715	  4566	  4713	
  4711	  4690	  4551	  4687	
  4692	  4662	  4549	  4664	
  4666	  4645	  4523	  4642	
  4661	  4629	  4494	  4631	
  4641	  4607	  4494	  4611	
  4640	  4614	  4497	  4615	
  4635	  4613	  4495	  4610	
  4630	  4621	  4505	  4609	
  4629	  4615	  4501	  4611	
  4651	  4632	  4512	  4625	
  4661	  4651	  4524	  4646	
  4683	  4667	  4545	  4654	
  4697	  4683	  4556	  4681	
  4730	  4713	  4579	  4705	
  4760	  4746	  4601	  4738	
  4780	  4777	  4623	  4762	
  4833	  4807	  4655	  4800	
  4880	  4855	  4673	  4844	
  4918	  4888	  4708	  4884	
  4956	  4924	  4754	  4927	
  5001	  4988	  4770	  4978	
  5066	  5039	  4817	  5031	
  5116	  5095	  4852	  5092	
  5180	  5158	  4911	  5148	
  5240	  5215	  4960	  5206	
  5305	  5278	  5004	  5266	
  5375	  5333	  5052	  5325	
  5444	  5398	  5112	  5413	
  5513	  5482	  5166	  5467	
  5591	  5557	  5217	  5544	
  5684	  5629	  5274	  5627	
  5750	  5705	  5334	  5714	
  5863	  5801	  5398	  5805	
  5975	  5901	  5476	  5902	
  6113	  6044	  5581	  6040	
  6224	  6146	  5653	  6151	
  6752	  6652	  6009	  6672	
  6521	  6428	  5861	  6427	
  6278	  6182	  5660	  6190	
  6094	  5980	  5512	  5993	
  5919	  5828	  5387	  5821	
  5815	  5729	  5318	  5735	
  5726	  5645	  5249	  5648	
  5650	  5548	  5207	  5559	
  5564	  5472	  5146	  5477	
  5480	  5401	  5093	  5404	
  5405	  5330	  5022	  5332	
  5321	  5252	  4970	  5252	
  5257	  5202	  4941	  5202	
  5192	  5134	  4891	  5124	
  5114	  5078	  4844	  5068	
  5063	  5011	  4796	  5016	
  5000	  4972	  4760	  4951	
  4948	  4906	  4718	  4897	
  4889	  4859	  4679	  4855	
  4843	  4811	  4651	  4812	
  4801	  4769	  4634	  4766	
  4765	  4741	  4579	  4727	
  4730	  4708	  4565	  4690	
  4704	  4674	  4541	  4662	
  4664	  4643	  4513	  4640	
  4640	  4615	  4494	  4611	
  4612	  4604	  4494	  4587	
  4601	  4585	  4465	  4570	
  4586	  4578	  4462	  4558	
  4586	  4557	  4446	  4555	
  4578	  4563	  4452	  4556	
  4585	  4569	  4456	  4561	
  4577	  4568	  4454	  4566	
  4592	  4579	  4467	  4571	
  4605	  4589	  4479	  4588	
  4623	  4608	  4512	  4614	
  4653	  4636	  4519	  4636	
  4676	  4651	  4539	  4655	
  4704	  4689	  4565	  4684	
  4743	  4715	  4582	  4716	
  4779	  4763	  4611	  4756	
  4820	  4803	  4640	  4798	
  4867	  4845	  4671	  4830	
  4902	  4887	  4722	  4887	
  4968	  4945	  4757	  4933	
  5022	  4986	  4806	  4981	
  5072	  5033	  4823	  5034	
  5139	  5106	  4868	  5099	
  5194	  5163	  4932	  5151	
  5255	  5234	  4978	  5222	
  5324	  5295	  5018	  5280	
  5402	  5365	  5086	  5365	
  5472	  5434	  5118	  5422	
  5561	  5500	  5177	  5505	
  5643	  5586	  5251	  5577	
  5716	  5665	  5299	  5663	
  5811	  5756	  5354	  5755	
  5911	  5865	  5436	  5853	
  6036	  5970	  5522	  5970	
  6155	  6063	  5600	  6060	
  6628	  6524	  5919	  6524	
  6420	  6326	  5783	  6330	
  6194	  6118	  5601	  6111	
  6001	  5925	  5455	  5920	
  5868	  5778	  5363	  5769	
  5774	  5669	  5299	  5679	
  5681	  5605	  5231	  5606	
  5599	  5523	  5171	  5526	
  5504	  5439	  5114	  5436	
  5440	  5367	  5066	  5361	
  5357	  5286	  5009	  5285	
  5282	  5222	  4952	  5225	
  5213	  5149	  4907	  5148	
  5134	  5094	  4851	  5090	
  5077	  5028	  4809	  5029	
  5024	  4976	  4772	  4968	
  4954	  4909	  4727	  4908	
  4903	  4859	  4692	  4856	
  4845	  4817	  4656	  4805	
  4790	  4769	  4610	  4758	
  4757	  4723	  4592	  4720	
  4711	  4688	  4550	  4682	
  4662	  4653	  4516	  4643	
  4629	  4613	  4503	  4608	
  4613	  4579	  4466	  4578	
  4580	  4566	  4459	  4562	
  4553	  4539	  4434	  4535	
  4547	  4529	  4435	  4516	
  4524	  4515	  4415	  4507	
  4513	  4506	  4414	  4502	
  4503	  4496	  4408	  4497	
  4516	  4498	  4410	  4498	
  4524	  4512	  4427	  4498	
  4536	  4531	  4441	  4522	
  4547	  4535	  4436	  4525	
  4566	  4552	  4469	  4549	
  4594	  4579	  4475	  4575	
  4620	  4607	  4481	  4602	
  4642	  4642	  4517	  4629	
  4689	  4677	  4550	  4672	
  4722	  4711	  4565	  4705	
  4762	  4748	  4599	  4743	
  4806	  4795	  4629	  4792	
  4855	  4836	  4680	  4837	
  4914	  4888	  4719	  4878	
  4968	  4946	  4755	  4944	
  5025	  5000	  4791	  5000	
  5079	  5046	  4843	  5055	
  5145	  5121	  4896	  5119	
  5213	  5182	  4947	  5175	
  5273	  5250	  4992	  5238	
  5354	  5323	  5040	  5317	
  5427	  5385	  5098	  5385	
  5502	  5460	  5147	  5471	
  5588	  5540	  5217	  5545	
  5675	  5606	  5267	  5626	
  5773	  5702	  5330	  5708	
  5862	  5799	  5397	  5804	
  5965	  5907	  5475	  5914	
  6054	  5988	  5563	  5984	
  6533	  6430	  5859	  6455	
  6336	  6249	  5705	  6255	
  6130	  6035	  5569	  6032	
  5953	  5874	  5418	  5858	
  5831	  5745	  5351	  5753	
  5744	  5662	  5278	  5658	
  5652	  5570	  5217	  5565	
  5557	  5479	  5141	  5493	
  5484	  5416	  5096	  5416	
  5412	  5345	  5046	  5334	
  5317	  5261	  4980	  5253	
  5244	  5200	  4931	  5196	
  5188	  5122	  4883	  5124	
  5100	  5050	  4822	  5052	
  5036	  4992	  4788	  4992	
  4979	  4940	  4743	  4937	
  4908	  4885	  4700	  4875	
  4857	  4826	  4662	  4827	
  4795	  4763	  4631	  4771	
  4746	  4719	  4580	  4729	
  4696	  4686	  4557	  4680	
  4660	  4645	  4513	  4642	
  4632	  4614	  4490	  4606	
  4591	  4568	  4468	  4577	
  4556	  4545	  4431	  4544	
  4521	  4513	  4407	  4511	
  4501	  4490	  4405	  4489	
  4482	  4480	  4404	  4479	
  4478	  4466	  4389	  4465	
  4469	  4457	  4369	  4450	
  4471	  4444	  4376	  4445	
  4454	  4451	  4381	  4448	
  4474	  4467	  4386	  4455	
  4481	  4469	  4409	  4468	
  4488	  4482	  4409	  4490	
  4522	  4508	  4421	  4501	
  4542	  4534	  4442	  4528	
  4561	  4557	  4449	  4545	
  4601	  4585	  4477	  4588	
  4630	  4622	  4510	  4619	
  4678	  4668	  4536	  4655	
  4721	  4700	  4570	  4708	
  4752	  4748	  4601	  4750	
  4806	  4804	  4643	  4795	
  4872	  4854	  4675	  4844	
  4929	  4900	  4735	  4895	
  4975	  4960	  4772	  4946	
  5051	  5020	  4806	  5018	
  5104	  5073	  4854	  5078	
  5182	  5138	  4920	  5136	
  5239	  5203	  4971	  5213	
  5309	  5278	  5006	  5279	
  5383	  5347	  5053	  5343	
  5479	  5426	  5119	  5425	
  5537	  5503	  5177	  5496	
  5643	  5590	  5240	  5599	
  5713	  5676	  5308	  5671	
  5809	  5757	  5380	  5770	
  5916	  5865	  5457	  5869	
  6003	  5923	  5499	  5932	
  6461	  6369	  5808	  6379	
  6261	  6170	  5674	  6180	
  6068	  5969	  5501	  5992	
  5913	  5804	  5409	  5821	
  5797	  5708	  5320	  5717	
  5714	  5628	  5245	  5629	
  5627	  5542	  5182	  5543	
  5531	  5455	  5135	  5459	
  5450	  5379	  5071	  5382	
  5378	  5302	  5010	  5305	
  5292	  5222	  4954	  5226	
  5208	  5164	  4909	  5148	
  5140	  5085	  4855	  5087	
  5062	  5017	  4808	  5012	
  5004	  4955	  4762	  4956	
  4923	  4900	  4724	  4883	
  4875	  4845	  4664	  4840	
  4825	  4778	  4631	  4781	
  4767	  4738	  4588	  4727	
  4706	  4684	  4548	  4677	
  4657	  4638	  4523	  4636	
  4633	  4597	  4484	  4599	
  4572	  4559	  4437	  4561	
  4548	  4524	  4426	  4526	
  4503	  4501	  4397	  4488	
  4480	  4477	  4387	  4461	
  4456	  4450	  4367	  4443	
  4432	  4429	  4359	  4434	
  4428	  4418	  4350	  4419	
  4414	  4408	  4348	  4402	
  4412	  4398	  4334	  4394	
  4404	  4406	  4322	  4392	
  4413	  4411	  4332	  4406	
  4433	  4427	  4358	  4419	
  4449	  4440	  4370	  4438	
  4460	  4463	  4389	  4449	
  4488	  4485	  4399	  4479	
  4513	  4516	  4409	  4510	
  4551	  4546	  4450	  4542	
  4580	  4576	  4480	  4577	
  4622	  4625	  4506	  4612	
  4677	  4668	  4544	  4668	
  4732	  4709	  4590	  4705	
  4772	  4758	  4605	  4749	
  4818	  4806	  4655	  4805	
  4881	  4870	  4697	  4853	
  4931	  4916	  4729	  4909	
  4989	  4982	  4783	  4979	
  5061	  5038	  4841	  5029	
  5127	  5098	  4874	  5094	
  5191	  5170	  4928	  5168	
  5272	  5238	  4984	  5250	
  5354	  5310	  5041	  5318	
  5433	  5391	  5084	  5394	
  5510	  5470	  5155	  5476	
  5593	  5540	  5231	  5547	
  5688	  5635	  5282	  5642	
  5788	  5722	  5353	  5741	
  5871	  5824	  5427	  5829	
  5946	  5890	  5463	  5899	
  6390	  6283	  5762	  6299	
  6182	  6113	  5625	  6104	
  6021	  5901	  5469	  5915	
  5869	  5771	  5364	  5784	
  5773	  5675	  5299	  5688	
  5688	  5597	  5233	  5608	
  5577	  5520	  5172	  5509	
  5497	  5434	  5114	  5444	
  5411	  5348	  5048	  5363	
  5337	  5272	  4991	  5269	
  5254	  5197	  4932	  5196	
  5171	  5124	  4884	  5124	
  5105	  5054	  4834	  5050	
  5035	  4987	  4782	  4990	
  4972	  4931	  4747	  4928	
  4892	  4865	  4692	  4863	
  4841	  4799	  4645	  4798	
  4773	  4747	  4602	  4741	
  4724	  4695	  4573	  4693	
  4662	  4644	  4527	  4639	
  4622	  4602	  4500	  4602	
  4584	  4568	  4463	  4554	
  4539	  4523	  4428	  4521	
  4500	  4491	  4396	  4475	
  4460	  4454	  4379	  4447	
  4442	  4425	  4360	  4429	
  4412	  4399	  4344	  4396	
  4400	  4381	  4318	  4371	
  4370	  4369	  4312	  4362	
  4361	  4356	  4304	  4351	
  4354	  4350	  4295	  4349	
  4357	  4347	  4296	  4345	
  4372	  4370	  4316	  4357	
  4382	  4373	  4311	  4368	
  4393	  4393	  4323	  4386	
  4410	  4416	  4346	  4408	
  4441	  4439	  4364	  4428	
  4476	  4470	  4388	  4459	
  4509	  4495	  4418	  4492	
  4541	  4533	  4452	  4535	
  4574	  4573	  4466	  4573	
  4631	  4624	  4510	  4619	
  4676	  4675	  4560	  4669	
  4724	  4715	  4584	  4711	
  4778	  4774	  4621	  4762	
  4836	  4824	  4679	  4812	
  4897	  4873	  4722	  4874	
  4957	  4938	  4768	  4928	
  5023	  5008	  4808	  5002	
  5100	  5069	  4867	  5067	
  5157	  5136	  4908	  5135	
  5241	  5206	  4955	  5196	
  5309	  5280	  5016	  5274	
  5390	  5337	  5083	  5354	
  5470	  5434	  5129	  5437	
  5552	  5515	  5194	  5525	
  5644	  5602	  5265	  5604	
  5743	  5691	  5330	  5701	
  5837	  5790	  5395	  5793	
  5907	  5839	  5436	  5863	
  6326	  6235	  5696	  6241	
  6147	  6057	  5565	  6069	
  5944	  5878	  5431	  5875	
  5839	  5738	  5349	  5744	
  5733	  5659	  5295	  5666	
  5646	  5573	  5218	  5569	
  5561	  5495	  5148	  5499	
  5474	  5403	  5097	  5407	
  5397	  5331	  5046	  5330	
  5306	  5241	  4969	  5237	
  5224	  5178	  4920	  5165	
  5141	  5095	  4873	  5095	
  5067	  5027	  4803	  5023	
  5011	  4957	  4766	  4963	
  4937	  4897	  4719	  4887	
  4875	  4834	  4673	  4834	
  4802	  4762	  4624	  4758	
  4728	  4711	  4571	  4711	
  4679	  4663	  4546	  4667	
  4640	  4616	  4507	  4613	
  4592	  4577	  4460	  4559	
  4537	  4527	  4430	  4526	
  4491	  4478	  4403	  4482	
  4455	  4444	  4376	  4448	
  4426	  4414	  4351	  4410	
  4391	  4389	  4331	  4383	
  4362	  4361	  4305	  4355	
  4345	  4341	  4294	  4340	
  4334	  4329	  4286	  4323	
  4314	  4306	  4263	  4305	
  4305	  4300	  4268	  4299	
  4312	  4309	  4263	  4306	
  4322	  4312	  4268	  4311	
  4334	  4329	  4285	  4323	
  4338	  4345	  4288	  4350	
  4376	  4369	  4308	  4361	
  4401	  4397	  4328	  4399	
  4434	  4426	  4360	  4420	
  4468	  4467	  4385	  4459	
  4500	  4497	  4424	  4500	
  4556	  4535	  4457	  4539	
  4591	  4591	  4495	  4574	
  4640	  4637	  4519	  4624	
  4691	  4679	  4564	  4670	
  4742	  4735	  4598	  4730	
  4814	  4791	  4644	  4790	
  4866	  4853	  4690	  4846	
  4923	  4902	  4740	  4902	
  4992	  4977	  4781	  4971	
  5059	  5032	  4830	  5034	
  5149	  5105	  4891	  5098	
  5210	  5175	  4938	  5180	
  5291	  5251	  5011	  5250	
  5361	  5323	  5052	  5323	
  5448	  5405	  5116	  5411	
  5524	  5485	  5176	  5495	
  5631	  5561	  5231	  5580	
  5723	  5666	  5312	  5673	
  5806	  5763	  5384	  5764	
  5877	  5808	  5433	  5819	
  6251	  6173	  5654	  6180	
  6105	  6001	  5549	  6014	
  5915	  5850	  5403	  5848	
  5803	  5723	  5334	  5724	
  5702	  5635	  5257	  5644	
  5613	  5545	  5207	  5552	
  5532	  5464	  5146	  5465	
  5440	  5379	  5084	  5374	
  5371	  5293	  5013	  5307	
  5278	  5216	  4954	  5211	
  5190	  5135	  4893	  5132	
  5117	  5059	  4846	  5072	
  5042	  4995	  4773	  4999	
  4982	  4926	  4742	  4930	
  4894	  4862	  4696	  4852	
  4833	  4804	  4647	  4797	
  4759	  4744	  4598	  4738	
  4699	  4677	  4556	  4678	
  4656	  4633	  4521	  4626	
  4602	  4576	  4475	  4574	
  4547	  4541	  4452	  4540	
  4501	  4488	  4407	  4481	
  4459	  4444	  4366	  4441	
  4423	  4406	  4352	  4414	
  4390	  4372	  4323	  4372	
  4348	  4343	  4298	  4338	
  4329	  4317	  4271	  4316	
  4297	  4291	  4248	  4292	
  4274	  4273	  4231	  4275	
  4268	  4267	  4225	  4264	
  4266	  4252	  4220	  4248	
  4265	  4258	  4216	  4258	
  4266	  4261	  4219	  4261	
  4279	  4277	  4236	  4266	
  4307	  4294	  4262	  4297	
  4325	  4322	  4289	  4320	
  4356	  4360	  4299	  4351	
  4384	  4387	  4328	  4378	
  4428	  4425	  4371	  4420	
  4464	  4452	  4393	  4462	
  4495	  4505	  4419	  4494	
  4554	  4552	  4481	  4549	
  4606	  4597	  4493	  4593	
  4651	  4643	  4545	  4643	
  4716	  4702	  4586	  4699	
  4768	  4762	  4621	  4763	
  4827	  4816	  4668	  4815	
  4881	  4876	  4713	  4887	
  4956	  4943	  4768	  4941	
  5024	  5009	  4810	  5004	
  5108	  5070	  4869	  5080	
  5168	  5140	  4927	  5155	
  5248	  5239	  4971	  5220	
  5336	  5296	  5030	  5295	
  5423	  5375	  5093	  5384	
  5495	  5454	  5150	  5459	
  5590	  5543	  5211	  5544	
  5673	  5636	  5305	  5641	
  5787	  5729	  5364	  5737	
  5856	  5772	  5420	  5790	
  6236	  6133	  5628	  6141	
  6072	  5968	  5504	  5973	
  5883	  5812	  5386	  5816	
  5789	  5702	  5301	  5704	
  5680	  5602	  5247	  5607	
  5610	  5536	  5181	  5528	
  5507	  5439	  5129	  5449	
  5424	  5356	  5070	  5360	
  5335	  5274	  5012	  5274	
  5262	  5190	  4962	  5212	
  5174	  5112	  4874	  5117	
  5087	  5036	  4836	  5042	
  5018	  4975	  4764	  4969	
  4948	  4902	  4727	  4910	
  4873	  4840	  4674	  4833	
  4817	  4777	  4636	  4772	
  4756	  4723	  4590	  4720	
  4681	  4658	  4534	  4656	
  4626	  4601	  4490	  4590	
  4565	  4547	  4459	  4548	
  4513	  4508	  4430	  4515	
  4481	  4459	  4389	  4461	
  4435	  4415	  4341	  4421	
  4386	  4379	  4329	  4376	
  4356	  4342	  4293	  4346	
  4319	  4314	  4263	  4314	
  4285	  4274	  4241	  4276	
  4262	  4259	  4226	  4250	
  4240	  4237	  4210	  4234	
  4225	  4217	  4196	  4220	
  4222	  4215	  4184	  4208	
  4216	  4214	  4185	  4213	
  4225	  4226	  4191	  4222	
  4251	  4242	  4215	  4237	
  4269	  4260	  4229	  4265	
  4295	  4291	  4251	  4289	
  4323	  4317	  4274	  4317	
  4351	  4352	  4300	  4348	
  4390	  4399	  4334	  4388	
  4433	  4427	  4372	  4431	
  4480	  4482	  4392	  4474	
  4527	  4527	  4441	  4523	
  4578	  4571	  4491	  4567	
  4639	  4620	  4517	  4627	
  4680	  4676	  4559	  4679	
  4754	  4734	  4613	  4732	
  4810	  4799	  4650	  4790	
  4872	  4858	  4696	  4855	
  4927	  4922	  4750	  4914	
  5001	  4984	  4788	  4982	
  5081	  5056	  4843	  5046	
  5147	  5122	  4910	  5132	
  5230	  5196	  4962	  5209	
  5307	  5279	  5015	  5277	
  5400	  5353	  5078	  5369	
  5483	  5427	  5144	  5446	
  5569	  5539	  5197	  5531	
  5673	  5618	  5276	  5636	
  5761	  5715	  5348	  5724	
  5830	  5771	  5385	  5777	
  6211	  6089	  5594	  6118	
  6033	  5922	  5489	  5949	
  5890	  5782	  5384	  5805	
  5771	  5677	  5301	  5690	
  5672	  5599	  5247	  5584	
  5584	  5501	  5180	  5516	
  5489	  5418	  5103	  5427	
  5395	  5330	  5062	  5342	
  5314	  5250	  4982	  5263	
  5239	  5173	  4937	  5178	
  5151	  5092	  4881	  5091	
  5068	  5026	  4816	  5028	
  5003	  4958	  4758	  4953	
  4927	  4884	  4704	  4890	
  4849	  4811	  4658	  4820	
  4793	  4752	  4621	  4750	
  4717	  4691	  4571	  4696	
  4662	  4636	  4520	  4644	
  4610	  4586	  4478	  4572	
  4544	  4524	  4435	  4527	
  4491	  4483	  4408	  4482	
  4448	  4440	  4375	  4433	
  4396	  4397	  4344	  4386	
  4367	  4349	  4304	  4355	
  4323	  4313	  4277	  4308	
  4282	  4281	  4241	  4279	
  4261	  4244	  4212	  4242	
  4226	  4222	  4203	  4226	
  4212	  4197	  4183	  4205	
  4193	  4187	  4172	  4186	
  4179	  4174	  4155	  4170	
  4186	  4178	  4167	  4169	
  4194	  4185	  4164	  4187	
  4206	  4206	  4188	  4210	
  4233	  4231	  4200	  4226	
  4261	  4258	  4233	  4252	
  4292	  4289	  4251	  4280	
  4324	  4320	  4278	  4322	
  4366	  4362	  4317	  4361	
  4405	  4398	  4345	  4400	
  4452	  4449	  4388	  4443	
  4502	  4508	  4425	  4500	
  4547	  4554	  4455	  4546	
  4611	  4599	  4493	  4596	
  4661	  4657	  4547	  4654	
  4722	  4710	  4585	  4707	
  4776	  4768	  4637	  4769	
  4848	  4824	  4686	  4833	
  4913	  4895	  4725	  4900	
  4984	  4961	  4776	  4965	
  5063	  5044	  4827	  5033	
  5126	  5094	  4886	  5106	
  5199	  5182	  4945	  5181	
  5290	  5253	  5012	  5258	
  5365	  5342	  5054	  5342	
  5456	  5422	  5143	  5423	
  5544	  5502	  5198	  5519	
  5634	  5602	  5256	  5605	
  5739	  5688	  5335	  5709	
  5811	  5747	  5391	  5763	
  6161	  6054	  5603	  6089	
  6006	  5919	  5479	  5924	
  5863	  5773	  5367	  5773	
  5754	  5663	  5292	  5683	
  5648	  5568	  5224	  5588	
  5564	  5488	  5164	  5495	
  5484	  5400	  5096	  5416	
  5392	  5313	  5039	  5319	
  5299	  5237	  4968	  5240	
  5228	  5159	  4917	  5171	
  5136	  5078	  4867	  5086	
  5050	  5004	  4796	  5010	
  4985	  4938	  4765	  4937	
  4904	  4864	  4687	  4858	
  4833	  4797	  4654	  4792	
  4757	  4732	  4599	  4732	
  4695	  4682	  4551	  4683	
  4643	  4612	  4511	  4629	
  4575	  4556	  4471	  4559	
  4530	  4502	  4440	  4505	
  4476	  4462	  4394	  4456	
  4423	  4416	  4348	  4412	
  4381	  4369	  4325	  4368	
  4336	  4321	  4290	  4332	
  4298	  4292	  4253	  4286	
  4268	  4255	  4227	  4260	
  4225	  4217	  4202	  4216	
  4195	  4184	  4172	  4187	
  4166	  4168	  4152	  4169	
  4158	  4153	  4141	  4145	
  4143	  4141	  4140	  4148	
  4146	  4145	  4139	  4139	
  4157	  4156	  4145	  4153	
  4178	  4167	  4161	  4175	
  4199	  4198	  4185	  4195	
  4224	  4224	  4210	  4227	
  4261	  4256	  4238	  4259	
  4303	  4295	  4274	  4298	
  4342	  4340	  4306	  4340	
  4389	  4383	  4334	  4383	
  4429	  4431	  4359	  4427	
  4482	  4474	  4399	  4476	
  4521	  4524	  4443	  4520	
  4578	  4579	  4495	  4568	
  4647	  4629	  4526	  4641	
  4701	  4692	  4576	  4696	
  4742	  4751	  4624	  4746	
  4825	  4809	  4672	  4803	
  4893	  4876	  4717	  4876	
  4954	  4948	  4774	  4948	
  5039	  5013	  4823	  5007	
  5112	  5083	  4867	  5093	
  5191	  5155	  4931	  5165	
  5258	  5235	  4994	  5238	
  5360	  5324	  5041	  5324	
  5426	  5400	  5109	  5413	
  5530	  5486	  5192	  5497	
  5632	  5573	  5252	  5598	
  5721	  5673	  5319	  5688	
  5790	  5730	  5363	  5747	
  6143	  6039	  5579	  6052	
  5987	  5897	  5466	  5911	
  5840	  5754	  5365	  5774	
  5727	  5656	  5281	  5667	
  5629	  5559	  5217	  5554	
  5549	  5476	  5155	  5476	
  5458	  5387	  5087	  5390	
  5375	  5302	  5022	  5317	
  5293	  5218	  4971	  5218	
  5207	  5149	  4913	  5154	
  5113	  5060	  4848	  5072	
  5041	  4989	  4773	  4987	
  4970	  4917	  4753	  4926	
  4885	  4845	  4691	  4847	
  4813	  4785	  4640	  4778	
  4753	  4725	  4588	  4728	
  4686	  4660	  4532	  4655	
  4623	  4599	  4509	  4595	
  4571	  4548	  4458	  4552	
  4509	  4484	  4413	  4484	
  4465	  4444	  4370	  4441	
  4408	  4398	  4335	  4392	
  4359	  4353	  4302	  4344	
  4326	  4315	  4272	  4312	
  4279	  4264	  4241	  4267	
  4235	  4234	  4212	  4223	
  4198	  4188	  4180	  4192	
  4178	  4163	  4146	  4163	
  4149	  4138	  4129	  4134	
  4135	  4124	  4129	  4121	
  4132	  4126	  4126	  4120	
  4119	  4122	  4121	  4114	
  4138	  4134	  4130	  4129	
  4154	  4146	  4139	  4146	
  4170	  4176	  4156	  4173	
  4206	  4205	  4195	  4209	
  4242	  4239	  4224	  4239	
  4282	  4278	  4243	  4274	
  4322	  4326	  4284	  4319	
  4362	  4361	  4311	  4362	
  4412	  4408	  4354	  4411	
  4461	  4457	  4388	  4455	
  4510	  4509	  4441	  4512	
  4569	  4562	  4477	  4565	
  4623	  4623	  4519	  4618	
  4691	  4675	  4573	  4679	
  4743	  4733	  4598	  4740	
  4801	  4800	  4672	  4794	
  4874	  4867	  4712	  4866	
  4942	  4926	  4763	  4937	
  5032	  5007	  4810	  4997	
  5115	  5072	  4874	  5075	
  5182	  5148	  4928	  5153	
  5264	  5229	  4977	  5232	
  5351	  5315	  5038	  5319	
  5419	  5389	  5108	  5401	
  5520	  5479	  5186	  5478	
  5616	  5580	  5240	  5587	
  5730	  5672	  5312	  5674	
  5805	  5712	  5354	  5729	
  6121	  6024	  5582	  6053	
  5980	  5885	  5449	  5895	
  5831	  5746	  5356	  5760	
  5729	  5650	  5283	  5653	
  5618	  5562	  5221	  5561	
  5533	  5457	  5132	  5465	
  5453	  5375	  5082	  5388	
  5369	  5294	  5020	  5298	
  5281	  5216	  4955	  5233	
  5202	  5138	  4917	  5149	
  5107	  5053	  4835	  5059	
  5027	  4980	  4782	  4984	
  4955	  4912	  4729	  4913	
  4884	  4839	  4683	  4840	
  4812	  4770	  4635	  4770	
  4738	  4718	  4581	  4715	
  4675	  4646	  4538	  4642	
  4617	  4592	  4487	  4591	
  4562	  4535	  4454	  4536	
  4482	  4474	  4411	  4478	
  4457	  4434	  4377	  4431	
  4401	  4385	  4340	  4388	
  4345	  4343	  4294	  4340	
  4306	  4298	  4254	  4303	
  4270	  4257	  4230	  4248	
  4228	  4217	  4191	  4217	
  4190	  4183	  4166	  4176	
  4154	  4149	  4142	  4149	
  4129	  4124	  4132	  4125	
  4126	  4110	  4116	  4111	
  4113	  4113	  4113	  4112	
  4112	  4112	  4113	  4110	
  4115	  4121	  4106	  4117	
  4134	  4123	  4121	  4131	
  4149	  4148	  4153	  4155	
  4181	  4180	  4164	  4188	
  4230	  4218	  4202	  4223	
  4264	  4265	  4244	  4255	
  4306	  4309	  4269	  4298	
  4355	  4349	  4297	  4345	
  4395	  4394	  4331	  4392	
  4449	  4451	  4374	  4447	
  4494	  4496	  4427	  4490	
  4550	  4546	  4475	  4545	
  4617	  4607	  4514	  4611	
  4672	  4668	  4555	  4668	
  4734	  4728	  4597	  4714	
  4802	  4786	  4656	  4797	
  4869	  4846	  4692	  4847	
  4947	  4916	  4762	  4926	
  5008	  4991	  4801	  5000	
  5087	  5061	  4865	  5066	
  5155	  5143	  4919	  5141	
  5235	  5223	  4976	  5222	
  5329	  5308	  5028	  5298	
  5421	  5384	  5096	  5398	
  5504	  5464	  5184	  5471	
  5612	  5558	  5243	  5570	
  5703	  5642	  5310	  5664	
  5770	  5718	  5332	  5720	
  6119	  6024	  5571	  6043	
  5964	  5876	  5451	  5893	
  5820	  5744	  5349	  5760	
  5719	  5649	  5278	  5656	
  5637	  5553	  5199	  5555	
  5537	  5465	  5151	  5467	
  5453	  5378	  5078	  5391	
  5358	  5284	  5019	  5292	
  5274	  5211	  4957	  5214	
  5199	  5131	  4902	  5134	
  5103	  5037	  4848	  5055	
  5016	  4975	  4775	  4971	
  4943	  4899	  4726	  4909	
  4869	  4829	  4665	  4822	
  4799	  4767	  4628	  4775	
  4731	  4699	  4583	  4706	
  4666	  4635	  4536	  4642	
  4604	  4590	  4497	  4586	
  4545	  4523	  4435	  4530	
  4486	  4478	  4394	  4475	
  4437	  4418	  4354	  4421	
  4399	  4375	  4333	  4375	
  4348	  4325	  4291	  4331	
  4305	  4291	  4248	  4297	
  4264	  4252	  4223	  4245	
  4218	  4212	  4188	  4209	
  4185	  4170	  4164	  4174	
  4154	  4144	  4144	  4147	
  4124	  4116	  4115	  4116	
  4109	  4112	  4120	  4111	
  4112	  4111	  4119	  4110	
  4112	  4107	  4112	  4110	
  4112	  4110	  4119	  4107	
  4121	  4123	  4121	  4123	
  4152	  4144	  4129	  4143	
  4174	  4173	  4166	  4177	
  4213	  4214	  4204	  4206	
  4250	  4254	  4227	  4254	
  4307	  4298	  4261	  4288	
  4342	  4336	  4292	  4342	
  4388	  4381	  4337	  4388	
  4446	  4442	  4375	  4432	
  4492	  4490	  4417	  4482	
  4550	  4545	  4451	  4537	
  4604	  4600	  4505	  4598	
  4662	  4661	  4554	  4666	
  4734	  4714	  4596	  4720	
  4795	  4779	  4641	  4788	
  4862	  4849	  4697	  4849	
  4937	  4913	  4753	  4911	
  5004	  4980	  4810	  4982	
  5078	  5065	  4860	  5071	
  5155	  5135	  4911	  5137	
  5237	  5209	  4964	  5212	
  5319	  5290	  5041	  5300	
  5422	  5369	  5100	  5380	
  5498	  5453	  5159	  5460	
  5595	  5556	  5233	  5552	
  5690	  5646	  5295	  5661	
  5767	  5684	  5337	  5716	
  6113	  6023	  5566	  6044	
  5966	  5871	  5451	  5890	
  5819	  5734	  5346	  5745	
  5731	  5627	  5256	  5658	
  5617	  5540	  5197	  5539	
  5538	  5447	  5136	  5468	
  5445	  5369	  5069	  5376	
  5359	  5284	  5010	  5286	
  5274	  5206	  4961	  5211	
  5179	  5129	  4909	  5129	
  5103	  5045	  4833	  5052	
  5024	  4965	  4784	  4970	
  4951	  4891	  4735	  4899	
  4878	  4824	  4669	  4829	
  4798	  4763	  4623	  4754	
  4733	  4710	  4576	  4697	
  4679	  4641	  4523	  4650	
  4596	  4577	  4488	  4586	
  4533	  4522	  4444	  4518	
  4490	  4463	  4414	  4473	
  4434	  4422	  4375	  4416	
  4385	  4383	  4323	  4375	
  4341	  4318	  4293	  4326	
  4289	  4288	  4253	  4282	
  4257	  4248	  4229	  4248	
  4216	  4207	  4187	  4213	
  4178	  4164	  4161	  4171	
  4149	  4143	  4144	  4144	
  4121	  4112	  4113	  4117	
  4104	  4109	  4119	  4109	
  4111	  4110	  4103	  4111	
  4107	  4102	  4107	  4109	
  4108	  4108	  4108	  4104	
  4122	  4115	  4120	  4117	
  4144	  4135	  4139	  4139	
  4174	  4180	  4159	  4176	
  4209	  4214	  4207	  4212	
  4245	  4250	  4225	  4245	
  4292	  4291	  4263	  4295	
  4342	  4340	  4306	  4336	
  4380	  4381	  4340	  4385	
  4436	  4434	  4378	  4438	
  4490	  4483	  4417	  4486	
  4549	  4532	  4461	  4534	
  4602	  4601	  4512	  4593	
  4657	  4651	  4543	  4660	
  4722	  4709	  4591	  4710	
  4792	  4777	  4632	  4774	
  4861	  4842	  4708	  4850	
  4926	  4910	  4748	  4910	
  5007	  4986	  4792	  4977	
  5074	  5058	  4860	  5055	
  5157	  5136	  4915	  5138	
  5236	  5204	  4954	  5207	
  5326	  5286	  5035	  5293	
  5410	  5351	  5089	  5377	
  5493	  5465	  5150	  5459	
  5593	  5550	  5236	  5554	
  5700	  5654	  5308	  5647	
  5772	  5712	  5368	  5720	
  6153	  6019	  5565	  6049	
  5971	  5879	  5453	  5885	
  5825	  5725	  5348	  5745	
  5725	  5647	  5268	  5655	
  5627	  5551	  5212	  5557	
  5534	  5460	  5128	  5470	
  5455	  5381	  5082	  5385	
  5366	  5293	  5015	  5299	
  5262	  5208	  4967	  5207	
  5192	  5136	  4897	  5123	
  5107	  5046	  4817	  5048	
  5015	  4961	  4792	  4972	
  4946	  4903	  4736	  4910	
  4867	  4832	  4682	  4835	
  4790	  4768	  4639	  4767	
  4735	  4711	  4580	  4711	
  4673	  4647	  4525	  4641	
  4609	  4578	  4486	  4585	
  4544	  4527	  4447	  4526	
  4492	  4478	  4412	  4473	
  4447	  4429	  4370	  4426	
  4393	  4381	  4326	  4382	
  4352	  4341	  4301	  4335	
  4303	  4290	  4275	  4298	
  4262	  4254	  4232	  4250	
  4215	  4213	  4208	  4218	
  4185	  4181	  4170	  4172	
  4153	  4144	  4144	  4147	
  4131	  4122	  4114	  4119	
  4112	  4115	  4111	  4103	
  4103	  4101	  4096	  4096	
  4096	  4102	  4097	  4100	
  4106	  4110	  4108	  4102	
  4130	  4121	  4123	  4128	
  4145	  4144	  4136	  4148	
  4177	  4180	  4173	  4180	
  4219	  4210	  4187	  4220	
  4263	  4248	  4229	  4251	
  4298	  4300	  4272	  4290	
  4343	  4341	  4291	  4339	
  4394	  4390	  4344	  4380	
  4442	  4443	  4377	  4439	
  4491	  4486	  4421	  4485	
  4537	  4537	  4462	  4538	
  4600	  4600	  4491	  4597	
  4672	  4651	  4548	  4652	
  4729	  4713	  4597	  4720	
  4792	  4775	  4647	  4781	
  4857	  4838	  4700	  4846	
  4931	  4912	  4761	  4918	
  5004	  4982	  4799	  4989	
  5083	  5059	  4856	  5052	
  5158	  5134	  4912	  5140	
  5239	  5220	  4981	  5215	
  5327	  5283	  5031	  5293	
  5415	  5377	  5098	  5387	
  5512	  5461	  5179	  5467	
  5602	  5548	  5232	  5566	
  5699	  5649	  5312	  5659	
  5766	  5709	  5351	  5726	
  6150	  6047	  5575	  6056	
  5982	  5888	  5463	  5897	
  5833	  5742	  5348	  5763	
  5725	  5645	  5278	  5664	
  5629	  5544	  5216	  5559	
  5539	  5465	  5152	  5472	
  5464	  5381	  5099	  5386	
  5359	  5291	  5017	  5299	
  5279	  5209	  4959	  5216	
  5187	  5122	  4891	  5124	
  5100	  5049	  4823	  5049	
  5020	  4979	  4784	  4970	
  4955	  4911	  4726	  4911	
  4882	  4837	  4682	  4837	
  4800	  4768	  4633	  4771	
  4734	  4701	  4585	  4712	
  4663	  4651	  4535	  4643	
  4609	  4577	  4486	  4592	
  4543	  4536	  4453	  4527	
  4498	  4483	  4405	  4481	
  4458	  4430	  4370	  4431	
  4411	  4388	  4331	  4388	
  4353	  4345	  4304	  4346	
  4314	  4300	  4258	  4301	
  4262	  4256	  4236	  4263	
  4227	  4223	  4205	  4225	
  4192	  4181	  4179	  4185	
  4158	  4164	  4161	  4160	
  4144	  4140	  4134	  4133	
  4120	  4119	  4112	  4115	
  4113	  4096	  4111	  4115	
  4115	  4110	  4114	  4107	
  4117	  4123	  4115	  4121	
  4135	  4134	  4128	  4136	
  4168	  4154	  4141	  4153	
  4198	  4193	  4182	  4193	
  4231	  4221	  4198	  4222	
  4266	  4264	  4238	  4258	
  4306	  4300	  4268	  4311	
  4344	  4352	  4313	  4349	
  4401	  4388	  4351	  4397	
  4440	  4443	  4389	  4441	
  4488	  4494	  4430	  4491	
  4551	  4550	  4460	  4539	
  4608	  4600	  4515	  4597	
  4665	  4660	  4555	  4656	
  4734	  4723	  4609	  4716	
  4800	  4783	  4651	  4790	
  4875	  4855	  4698	  4853	
  4941	  4910	  4748	  4930	
  5011	  4986	  4804	  4984	
  5080	  5060	  4872	  5065	
  5170	  5136	  4914	  5139	
  5239	  5222	  4978	  5213	
  5326	  5299	  5049	  5300	
  5415	  5378	  5097	  5385	
  5500	  5465	  5158	  5474	
  5599	  5551	  5231	  5573	
  5702	  5653	  5317	  5664	
  5761	  5710	  5355	  5726	
  6168	  6059	  5574	  6082	
  6018	  5902	  5487	  5911	
  5851	  5755	  5361	  5759	
  5746	  5653	  5280	  5660	
  5631	  5555	  5201	  5561	
  5554	  5475	  5146	  5472	
  5462	  5394	  5087	  5394	
  5377	  5300	  5038	  5307	
  5278	  5216	  4952	  5220	
  5199	  5135	  4909	  5139	
  5108	  5059	  4845	  5053	
  5028	  4987	  4787	  4990	
  4970	  4913	  4739	  4916	
  4887	  4841	  4682	  4845	
  4808	  4775	  4641	  4770	
  4740	  4712	  4592	  4717	
  4684	  4648	  4526	  4649	
  4617	  4600	  4513	  4595	
  4571	  4539	  4460	  4543	
  4504	  4490	  4433	  4486	
  4464	  4443	  4388	  4453	
  4415	  4403	  4341	  4399	
  4366	  4355	  4321	  4356	
  4321	  4316	  4274	  4314	
  4282	  4272	  4262	  4274	
  4246	  4242	  4219	  4246	
  4213	  4208	  4189	  4203	
  4190	  4179	  4166	  4180	
  4164	  4165	  4147	  4151	
  4145	  4143	  4136	  4140	
  4132	  4128	  4126	  4126	
  4143	  4134	  4128	  4127	
  4144	  4141	  4135	  4143	
  4166	  4163	  4152	  4153	
  4187	  4182	  4178	  4177	
  4222	  4207	  4198	  4203	
  4243	  4237	  4221	  4237	
  4278	  4278	  4250	  4280	
  4326	  4317	  4272	  4306	
  4366	  4358	  4310	  4356	
  4414	  4406	  4352	  4398	
  4458	  4462	  4387	  4457	
  4509	  4504	  4430	  4499	
  4563	  4558	  4465	  4554	
  4617	  4613	  4513	  4616	
  4681	  4670	  4560	  4668	
  4743	  4731	  4609	  4725	
  4804	  4787	  4662	  4796	
  4873	  4867	  4700	  4860	
  4948	  4924	  4752	  4936	
  5027	  4990	  4814	  4996	
  5100	  5062	  4865	  5068	
  5175	  5152	  4930	  5158	
  5267	  5219	  4992	  5229	
  5337	  5301	  5048	  5305	
  5427	  5385	  5106	  5389	
  5515	  5474	  5181	  5483	
  5601	  5565	  5246	  5584	
  5709	  5669	  5321	  5674	
  5776	  5727	  5357	  5735	
  6212	  6098	  5623	  6103	
  6036	  5927	  5505	  5943	
  5854	  5771	  5373	  5780	
  5744	  5668	  5304	  5670	
  5653	  5574	  5212	  5570	
  5545	  5471	  5159	  5482	
  5461	  5377	  5099	  5404	
  5376	  5292	  5033	  5313	
  5296	  5237	  4982	  5235	
  5210	  5139	  4919	  5146	
  5133	  5065	  4864	  5062	
  5054	  4997	  4795	  5004	
  4975	  4931	  4751	  4921	
  4890	  4859	  4700	  4860	
  4829	  4791	  4644	  4789	
  4764	  4724	  4605	  4727	
  4696	  4672	  4549	  4662	
  4631	  4609	  4505	  4614	
  4586	  4556	  4463	  4562	
  4526	  4508	  4432	  4510	
  4476	  4459	  4390	  4461	
  4431	  4413	  4353	  4411	
  4380	  4374	  4331	  4373	
  4341	  4337	  4293	  4334	
  4304	  4296	  4271	  4290	
  4268	  4262	  4248	  4263	
  4246	  4231	  4215	  4231	
  4218	  4211	  4193	  4205	
  4180	  4183	  4178	  4180	
  4169	  4175	  4159	  4169	
  4170	  4161	  4151	  4161	
  4166	  4165	  4157	  4157	
  4179	  4167	  4162	  4169	
  4183	  4181	  4182	  4186	
  4210	  4207	  4188	  4198	
  4234	  4231	  4222	  4233	
  4272	  4267	  4249	  4269	
  4302	  4295	  4275	  4297	
  4331	  4347	  4307	  4344	
  4379	  4385	  4332	  4374	
  4434	  4423	  4351	  4421	
  4475	  4467	  4391	  4466	
  4517	  4510	  4437	  4514	
  4573	  4569	  4490	  4571	
  4636	  4623	  4525	  4629	
  4694	  4688	  4572	  4679	
  4753	  4744	  4604	  4745	
  4818	  4801	  4667	  4809	
  4896	  4870	  4729	  4877	
  4961	  4935	  4766	  4939	
  5040	  5011	  4821	  5008	
  5113	  5083	  4878	  5080	
  5189	  5158	  4933	  5164	
  5263	  5236	  4996	  5243	
  5347	  5326	  5060	  5319	
  5433	  5402	  5137	  5405	
  5506	  5494	  5189	  5496	
  5623	  5581	  5262	  5578	
  5722	  5672	  5320	  5692	
  5777	  5750	  5366	  5737	
  6256	  6127	  5650	  6162	
  6048	  5952	  5527	  5983	
  5876	  5789	  5400	  5801	
  5775	  5673	  5296	  5692	
  5657	  5574	  5234	  5587	
  5569	  5487	  5160	  5505	
  5486	  5406	  5104	  5417	
  5401	  5305	  5055	  5318	
  5291	  5230	  4981	  5235	
  5219	  5152	  4931	  5153	
  5136	  5079	  4859	  5079	
  5060	  5004	  4804	  5012	
  4991	  4924	  4764	  4931	
  4907	  4869	  4711	  4866	
  4845	  4804	  4657	  4809	
  4770	  4739	  4603	  4755	
  4711	  4685	  4579	  4686	
  4659	  4633	  4525	  4629	
  4599	  4575	  4483	  4583	
  4547	  4526	  4440	  4527	
  4501	  4481	  4415	  4478	
  4455	  4433	  4384	  4437	
  4409	  4389	  4352	  4392	
  4363	  4350	  4312	  4353	
  4331	  4316	  4291	  4325	
  4302	  4281	  4254	  4282	
  4260	  4256	  4239	  4252	
  4242	  4244	  4214	  4229	
  4221	  4217	  4204	  4217	
  4210	  4207	  4189	  4199	
  4198	  4189	  4187	  4198	
  4205	  4186	  4185	  4197	
  4206	  4205	  4182	  4208	
  4219	  4209	  4210	  4211	
  4229	  4234	  4222	  4233	
  4272	  4267	  4246	  4261	
  4290	  4287	  4266	  4285	
  4329	  4329	  4283	  4320	
  4367	  4371	  4324	  4363	
  4400	  4402	  4353	  4394	
  4443	  4436	  4392	  4439	
  4495	  4491	  4413	  4481	
  4543	  4531	  4452	  4528	
  4590	  4582	  4495	  4583	
  4663	  4647	  4548	  4646	
  4702	  4699	  4581	  4697	
  4778	  4746	  4629	  4748	
  4832	  4819	  4687	  4825	
  4908	  4892	  4736	  4888	
  4975	  4955	  4778	  4957	
  5048	  5025	  4840	  5019	
  5117	  5101	  4887	  5109	
  5196	  5169	  4940	  5172	
  5283	  5255	  5020	  5252	
  5376	  5335	  5070	  5343	
  5456	  5418	  5132	  5425	
  5535	  5505	  5198	  5507	
  5633	  5607	  5267	  5614	
  5747	  5692	  5351	  5701	
  5814	  5751	  5390	  5773	
  6273	  6181	  5690	  6201	
  6103	  6000	  5561	  6020	
  5922	  5832	  5404	  5828	
  5804	  5695	  5332	  5717	
  5681	  5601	  5266	  5605	
  5598	  5508	  5175	  5518	
  5502	  5418	  5108	  5428	
  5410	  5333	  5048	  5348	
  5332	  5252	  4997	  5266	
  5240	  5170	  4936	  5176	
  5162	  5093	  4877	  5098	
  5085	  5019	  4832	  5023	
  5020	  4963	  4767	  4969	
  4931	  4893	  4727	  4887	
  4866	  4819	  4681	  4824	
  4799	  4769	  4627	  4759	
  4737	  4699	  4596	  4705	
  4675	  4648	  4547	  4651	
  4622	  4600	  4510	  4602	
  4571	  4550	  4480	  4553	
  4531	  4505	  4440	  4507	
  4474	  4458	  4396	  4463	
  4439	  4418	  4362	  4418	
  4392	  4386	  4328	  4379	
  4353	  4353	  4303	  4352	
  4334	  4314	  4279	  4318	
  4302	  4289	  4263	  4289	
  4282	  4267	  4247	  4272	
  4264	  4254	  4231	  4250	
  4251	  4245	  4225	  4236	
  4243	  4223	  4218	  4234	
  4237	  4234	  4217	  4233	
  4244	  4241	  4229	  4235	
  4262	  4260	  4232	  4258	
  4273	  4270	  4245	  4274	
  4299	  4288	  4273	  4290	
  4331	  4319	  4289	  4322	
  4353	  4348	  4296	  4346	
  4407	  4386	  4346	  4389	
  4422	  4419	  4368	  4426	
  4468	  4470	  4406	  4456	
  4516	  4512	  4441	  4513	
  4569	  4559	  4481	  4560	
  4623	  4604	  4524	  4615	
  4674	  4667	  4572	  4666	
  4729	  4713	  4597	  4723	
  4782	  4772	  4645	  4773	
  4845	  4853	  4697	  4847	
  4922	  4907	  4754	  4909	
  5008	  4969	  4803	  4970	
  5062	  5047	  4829	  5044	
  5140	  5112	  4909	  5121	
  5215	  5194	  4964	  5199	
  5305	  5278	  5031	  5275	
  5388	  5351	  5092	  5361	
  5480	  5428	  5143	  5442	
  5567	  5508	  5214	  5522	
  5659	  5622	  5299	  5637	
  5753	  5714	  5349	  5721	
  5822	  5768	  5379	  5784	
  6315	  6214	  5728	  6245	
  6149	  6067	  5606	  6057	
  5967	  5862	  5450	  5874	
  5816	  5719	  5349	  5735	
  5700	  5607	  5275	  5630	
  5615	  5525	  5194	  5538	
  5524	  5445	  5126	  5450	
  5430	  5357	  5081	  5361	
  5360	  5268	  5008	  5274	
  5269	  5196	  4955	  5198	
  5175	  5118	  4891	  5115	
  5106	  5052	  4840	  5052	
  5034	  4976	  4787	  4981	
  4946	  4911	  4734	  4912	
  4884	  4842	  4689	  4849	
  4829	  4792	  4645	  4794	
  4767	  4728	  4608	  4734	
  4703	  4673	  4564	  4678	
  4644	  4624	  4527	  4634	
  4595	  4579	  4480	  4576	
  4556	  4533	  4452	  4541	
  4504	  4483	  4423	  4494	
  4470	  4451	  4384	  4444	
  4431	  4411	  4360	  4410	
  4400	  4384	  4328	  4381	
  4359	  4348	  4317	  4350	
  4331	  4323	  4281	  4322	
  4313	  4308	  4272	  4312	
  4294	  4286	  4262	  4293	
  4288	  4271	  4256	  4277	
  4280	  4276	  4251	  4266	
  4282	  4276	  4257	  4273	
  4287	  4280	  4250	  4276	
  4299	  4296	  4261	  4298	
  4313	  4304	  4293	  4306	
  4336	  4334	  4295	  4334	
  4356	  4353	  4313	  4350	
  4390	  4383	  4334	  4379	
  4429	  4414	  4377	  4412	
  4461	  4450	  4391	  4448	
  4497	  4489	  4434	  4492	
  4545	  4534	  4454	  4544	
  4591	  4578	  4491	  4583	
  4650	  4640	  4543	  4627	
  4704	  4689	  4588	  4693	
  4763	  4745	  4634	  4749	
  4819	  4804	  4667	  4796	
  4875	  4866	  4707	  4861	
  4956	  4932	  4761	  4935	
  5012	  4989	  4815	  5000	
  5091	  5062	  4869	  5058	
  5178	  5148	  4935	  5150	
  5255	  5219	  4985	  5234	
  5330	  5296	  5044	  5299	
  5414	  5377	  5108	  5378	
  5497	  5463	  5165	  5464	
  5584	  5546	  5241	  5545	
  5681	  5653	  5309	  5655	
  5788	  5727	  5384	  5729	
  5851	  5792	  5431	  5810	
  6404	  6297	  5793	  6324	
  6206	  6123	  5657	  6128	
  6001	  5903	  5489	  5924	
  5851	  5763	  5369	  5763	
  5735	  5652	  5278	  5668	
  5658	  5550	  5223	  5569	
  5552	  5472	  5156	  5484	
  5467	  5388	  5093	  5390	
  5373	  5299	  5019	  5302	
  5296	  5216	  4971	  5220	
  5213	  5152	  4918	  5139	
  5134	  5083	  4862	  5085	
  5066	  5006	  4815	  5016	
  4994	  4941	  4762	  4937	
  4916	  4874	  4726	  4874	
  4852	  4811	  4681	  4824	
  4797	  4765	  4631	  4757	
  4741	  4704	  4595	  4714	
  4687	  4650	  4548	  4657	
  4631	  4604	  4520	  4612	
  4592	  4570	  4480	  4565	
  4553	  4520	  4450	  4524	
  4498	  4478	  4428	  4494	
  4459	  4450	  4390	  4452	
  4424	  4416	  4370	  4416	
  4401	  4386	  4363	  4391	
  4371	  4370	  4321	  4374	
  4353	  4335	  4316	  4340	
  4334	  4329	  4294	  4332	
  4333	  4316	  4292	  4325	
  4321	  4309	  4284	  4314	
  4325	  4316	  4283	  4315	
  4333	  4319	  4292	  4315	
  4343	  4325	  4297	  4330	
  4358	  4346	  4318	  4343	
  4374	  4369	  4326	  4364	
  4409	  4394	  4357	  4388	
  4430	  4422	  4363	  4417	
  4466	  4445	  4395	  4456	
  4503	  4486	  4422	  4492	
  4533	  4519	  4437	  4520	
  4569	  4572	  4494	  4568	
  4618	  4607	  4518	  4608	
  4672	  4669	  4559	  4661	
  4733	  4709	  4592	  4714	
  4795	  4766	  4649	  4770	
  4850	  4834	  4680	  4831	
  4907	  4890	  4730	  4887	
  4970	  4954	  4775	  4955	
  5040	  5017	  4832	  5027	
  5109	  5089	  4885	  5088	
  5200	  5160	  4941	  5170	
  5278	  5246	  5010	  5250	
  5370	  5325	  5069	  5319	
  5445	  5400	  5134	  5414	
  5521	  5485	  5197	  5503	
  5617	  5574	  5264	  5575	
  5728	  5662	  5337	  5677	
  5821	  5770	  5399	  5774	
  5889	  5816	  5444	  5832	
  6463	  6379	  5833	  6401	
  6286	  6190	  5691	  6196	
  6069	  5971	  5533	  5976	
  5898	  5791	  5414	  5810	
  5758	  5683	  5315	  5691	
  5680	  5583	  5239	  5591	
  5594	  5504	  5191	  5509	
  5494	  5410	  5119	  5415	
  5408	  5329	  5058	  5338	
  5325	  5251	  5005	  5256	
  5236	  5169	  4931	  5176	
  5172	  5101	  4886	  5098	
  5081	  5034	  4842	  5046	
  5022	  4965	  4787	  4974	
  4955	  4910	  4747	  4909	
  4909	  4843	  4702	  4848	
  4820	  4790	  4655	  4794	
  4776	  4744	  4621	  4745	
  4726	  4691	  4585	  4703	
  4675	  4642	  4544	  4652	
  4636	  4605	  4524	  4605	
  4569	  4554	  4481	  4556	
  4546	  4522	  4449	  4525	
  4505	  4484	  4421	  4495	
  4478	  4461	  4416	  4451	
  4445	  4436	  4376	  4430	
  4418	  4403	  4362	  4407	
  4392	  4382	  4348	  4385	
  4384	  4372	  4341	  4376	
  4368	  4359	  4328	  4363	
  4373	  4359	  4324	  4357	
  4367	  4354	  4326	  4362	
  4380	  4370	  4323	  4358	
  4386	  4382	  4328	  4380	
  4401	  4393	  4344	  4395	
  4413	  4408	  4371	  4406	
  4438	  4430	  4384	  4427	
  4462	  4459	  4393	  4458	
  4498	  4502	  4423	  4487	
  4535	  4526	  4454	  4519	
  4576	  4561	  4487	  4566	
  4615	  4610	  4518	  4614	
  4660	  4655	  4561	  4654	
  4710	  4697	  4597	  4698	
  4765	  4762	  4634	  4741	
  4825	  4802	  4676	  4798	
  4869	  4861	  4712	  4864	
  4942	  4924	  4753	  4912	
  5010	  4988	  4809	  4992	
  5087	  5055	  4866	  5050	
  5151	  5125	  4910	  5125	
  5231	  5203	  4974	  5205	
  5312	  5284	  5022	  5284	
  5384	  5355	  5099	  5353	
  5466	  5437	  5166	  5433	
  5564	  5514	  5220	  5529	
  5646	  5602	  5290	  5616	
  5759	  5700	  5349	  5707	
  5864	  5807	  5435	  5809	
  5946	  5879	  5496	  5877	
  6548	  6480	  5919	  6487	
  6355	  6265	  5765	  6288	
  6130	  6035	  5589	  6054	
  5945	  5855	  5427	  5872	
  5814	  5711	  5337	  5721	
  5718	  5628	  5285	  5626	
  5630	  5534	  5220	  5542	
  5520	  5453	  5154	  5451	
  5450	  5367	  5084	  5364	
  5369	  5292	  5035	  5288	
  5275	  5205	  4965	  5220	
  5200	  5139	  4917	  5135	
  5132	  5069	  4876	  5075	
  5054	  5007	  4825	  5008	
  4992	  4950	  4766	  4945	
  4925	  4886	  4725	  4893	
  4867	  4839	  4681	  4830	
  4806	  4773	  4656	  4773	
  4748	  4724	  4606	  4729	
  4698	  4682	  4576	  4680	
  4660	  4643	  4545	  4632	
  4623	  4597	  4517	  4598	
  4584	  4552	  4490	  4554	
  4546	  4528	  4467	  4525	
  4516	  4502	  4436	  4499	
  4489	  4466	  4413	  4469	
  4472	  4450	  4386	  4447	
  4445	  4428	  4377	  4430	
  4420	  4409	  4370	  4421	
  4421	  4407	  4368	  4402	
  4415	  4397	  4364	  4400	
  4416	  4411	  4355	  4402	
  4415	  4411	  4366	  4406	
  4425	  4424	  4371	  4419	
  4429	  4429	  4374	  4430	
  4457	  4455	  4389	  4452	
  4477	  4471	  4412	  4476	
  4508	  4498	  4419	  4490	
  4546	  4523	  4447	  4534	
  4585	  4565	  4486	  4560	
  4615	  4602	  4513	  4596	
  4658	  4646	  4542	  4640	
  4685	  4686	  4583	  4690	
  4738	  4728	  4618	  4735	
  4804	  4786	  4662	  4777	
  4849	  4841	  4696	  4846	
  4910	  4885	  4735	  4888	
  4977	  4951	  4786	  4950	
  5060	  5022	  4844	  5019	
  5101	  5090	  4888	  5082	
  5187	  5161	  4953	  5155	
  5255	  5235	  4998	  5221	
  5336	  5308	  5049	  5312	
  5424	  5382	  5110	  5385	
  5504	  5464	  5179	  5468	
  5607	  5560	  5230	  5569	
  5688	  5644	  5332	  5645	
  5783	  5741	  5381	  5741	
  5913	  5849	  5445	  5838	
  5996	  5922	  5526	  5928	
  6683	  6604	  6026	  6609	
  6437	  6370	  5830	  6395	
  6215	  6125	  5656	  6151	
  6018	  5921	  5493	  5936	
  5857	  5771	  5373	  5764	
  5749	  5661	  5308	  5672	
  5657	  5584	  5234	  5585	
  5571	  5492	  5165	  5501	
  5480	  5399	  5108	  5398	
  5397	  5320	  5064	  5330	
  5315	  5252	  4993	  5257	
  5241	  5175	  4944	  5178	
  5170	  5105	  4914	  5109	
  5099	  5044	  4847	  5042	
  5023	  4978	  4805	  4978	
  4966	  4927	  4764	  4931	
  4904	  4871	  4719	  4860	
  4855	  4817	  4679	  4812	
  4795	  4776	  4645	  4771	
  4757	  4716	  4604	  4721	
  4715	  4681	  4571	  4677	
  4663	  4635	  4545	  4640	
  4627	  4600	  4514	  4594	
  4596	  4571	  4496	  4568	
  4556	  4546	  4461	  4538	
  4525	  4516	  4455	  4517	
  4505	  4497	  4436	  4500	
  4486	  4478	  4412	  4476	
  4481	  4469	  4405	  4466	
  4473	  4457	  4401	  4451	
  4462	  4452	  4404	  4448	
  4465	  4447	  4404	  4457	
  4463	  4453	  4402	  4457	
  4474	  4464	  4414	  4469	
  4486	  4475	  4428	  4473	
  4505	  4501	  4442	  4494	
  4532	  4521	  4447	  4524	
  4558	  4540	  4472	  4542	
  4588	  4570	  4487	  4572	
  4609	  4595	  4519	  4603	
  4647	  4638	  4539	  4630	
  4699	  4683	  4576	  4678	
  4744	  4726	  4609	  4724	
  4779	  4768	  4641	  4764	
  4835	  4815	  4675	  4811	
  4900	  4877	  4724	  4879	
  4947	  4931	  4772	  4932	
  5006	  4989	  4819	  4989	
  5085	  5056	  4871	  5051	
  5158	  5130	  4909	  5125	
  5214	  5193	  4968	  5194	
  5298	  5272	  5022	  5281	
  5386	  5345	  5084	  5345	
  5454	  5423	  5131	  5435	
  5549	  5500	  5206	  5502	
  5624	  5592	  5272	  5583	
  5742	  5686	  5342	  5674	
  5821	  5768	  5415	  5785	
  5945	  5900	  5511	  5905	
  6046	  5987	  5579	  5994	
  6810	  6721	  6109	  6741	
  6561	  6493	  5929	  6499	
  6311	  6220	  5717	  6229	
  6107	  6002	  5564	  6017	
  5939	  5828	  5428	  5834	
  5806	  5705	  5338	  5715	
  5705	  5618	  5285	  5629	
  5617	  5541	  5202	  5536	
  5525	  5448	  5144	  5455	
  5445	  5361	  5112	  5374	
  5367	  5287	  5019	  5299	
  5284	  5222	  4991	  5220	
  5219	  5147	  4924	  5147	
  5139	  5089	  4881	  5086	
  5073	  5019	  4839	  5030	
  5020	  4970	  4793	  4971	
  4952	  4912	  4743	  4908	
  4900	  4858	  4720	  4862	
  4838	  4817	  4684	  4812	
  4803	  4768	  4638	  4775	
  4747	  4730	  4615	  4725	
  4714	  4689	  4576	  4676	
  4671	  4646	  4553	  4652	
  4639	  4623	  4517	  4616	
  4605	  4594	  4513	  4585	
  4594	  4562	  4494	  4571	
  4563	  4541	  4486	  4541	
  4547	  4524	  4450	  4520	
  4535	  4513	  4447	  4517	
  4528	  4513	  4443	  4511	
  4518	  4502	  4433	  4506	
  4513	  4503	  4462	  4506	
  4511	  4515	  4448	  4510	
  4531	  4517	  4451	  4517	
  4541	  4532	  4456	  4538	
  4560	  4548	  4471	  4551	
  4573	  4570	  4488	  4562	
  4608	  4591	  4490	  4591	
  4638	  4619	  4538	  4620	
  4668	  4652	  4553	  4646	
  4696	  4685	  4584	  4684	
  4755	  4727	  4614	  4728	
  4777	  4764	  4648	  4768	
  4832	  4822	  4684	  4815	
  4879	  4862	  4724	  4863	
  4933	  4922	  4770	  4923	
  5005	  4978	  4809	  4972	
  5062	  5035	  4860	  5042	
  5116	  5101	  4907	  5100	
  5186	  5175	  4952	  5170	
  5269	  5240	  5008	  5241	
  5351	  5316	  5058	  5310	
  5421	  5390	  5118	  5386	
  5502	  5459	  5183	  5473	
  5587	  5548	  5231	  5548	
  5677	  5630	  5295	  5638	
  5777	  5738	  5364	  5733	
  5887	  5829	  5449	  5834	
  6013	  5980	  5563	  5970	
  6128	  6077	  5644	  6085	
  6952	  6874	  6217	  6902	
  6701	  6618	  6042	  6644	
  6429	  6341	  5818	  6348	
  6193	  6106	  5646	  6126	
  6003	  5912	  5504	  5927	
  5855	  5760	  5384	  5775	
  5758	  5654	  5305	  5674	
  5653	  5579	  5231	  5593	
  5573	  5491	  5186	  5501	
  5486	  5430	  5124	  5417	
  5411	  5336	  5061	  5348	
  5344	  5260	  5019	  5267	
  5263	  5202	  4966	  5201	
  5187	  5122	  4912	  5135	
  5125	  5072	  4868	  5070	
  5061	  5012	  4824	  5017	
  4993	  4956	  4791	  4962	
  4945	  4909	  4758	  4915	
  4902	  4860	  4710	  4860	
  4835	  4815	  4671	  4810	
  4795	  4770	  4656	  4771	
  4762	  4740	  4616	  4732	
  4713	  4697	  4586	  4701	
  4686	  4673	  4570	  4655	
  4652	  4631	  4544	  4641	
  4640	  4617	  4528	  4609	
  4610	  4591	  4516	  4593	
  4593	  4582	  4501	  4580	
  4583	  4569	  4493	  4570	
  4569	  4564	  4484	  4554	
  4574	  4557	  4477	  4554	
  4566	  4552	  4473	  4549	
  4567	  4561	  4482	  4556	
  4588	  4576	  4493	  4573	
  4604	  4587	  4510	  4582	
  4618	  4602	  4512	  4602	
  4621	  4617	  4533	  4613	
  4649	  4644	  4548	  4638	
  4687	  4670	  4567	  4670	
  4710	  4709	  4608	  4697	
  4754	  4735	  4617	  4740	
  4788	  4782	  4662	  4768	
  4844	  4814	  4675	  4814	
  4876	  4862	  4730	  4856	
  4933	  4915	  4753	  4916	
  4986	  4972	  4812	  4961	
  5036	  5015	  4861	  5024	
  5117	  5075	  4888	  5081	
  5170	  5151	  4932	  5151	
  5246	  5217	  4986	  5217	
  5313	  5281	  5044	  5284	
  5375	  5353	  5091	  5336	
  5457	  5436	  5140	  5443	
  5547	  5517	  5202	  5513	
  5652	  5593	  5273	  5597	
  5724	  5680	  5332	  5693	
  5822	  5764	  5404	  5769	
  5950	  5887	  5495	  5894	
  6099	  6056	  5619	  6062	
  6228	  6169	  5712	  6173	
  7101	  7045	  6318	  7057	
  6843	  6773	  6146	  6787	
  6562	  6475	  5921	  6494	
  6312	  6225	  5731	  6246	
  6091	  6012	  5573	  6018	
  5930	  5830	  5430	  5847	
  5812	  5721	  5355	  5721	
  5703	  5619	  5272	  5628	
  5633	  5545	  5221	  5544	
  5551	  5465	  5167	  5476	
  5463	  5384	  5105	  5389	
  5389	  5315	  5036	  5316	
  5306	  5252	  4998	  5247	
  5228	  5184	  4940	  5174	
  5175	  5125	  4909	  5131	
  5118	  5059	  4861	  5065	
  5038	  5005	  4822	  5005	
  5003	  4955	  4783	  4953	
  4950	  4912	  4747	  4917	
  4906	  4859	  4720	  4862	
  4847	  4826	  4681	  4819	
  4823	  4787	  4665	  4788	
  4786	  4741	  4633	  4745	
  4743	  4718	  4605	  4716	
  4719	  4696	  4592	  4684	
  4686	  4662	  4575	  4658	
  4667	  4642	  4559	  4645	
  4643	  4630	  4533	  4626	
  4637	  4617	  4543	  4621	
  4621	  4610	  4518	  4611	
  4614	  4608	  4523	  4610	
  4615	  4608	  4533	  4609	
  4635	  4616	  4531	  4618	
  4634	  4630	  4535	  4614	
  4650	  4629	  4553	  4642	
  4665	  4655	  4567	  4645	
  4682	  4671	  4573	  4669	
  4708	  4707	  4601	  4685	
  4750	  4726	  4622	  4723	
  4768	  4749	  4646	  4757	
  4804	  4779	  4668	  4790	
  4840	  4825	  4688	  4829	
  4875	  4867	  4710	  4865	
  4942	  4912	  4767	  4911	
  4989	  4964	  4800	  4967	
  5034	  5010	  4826	  5017	
  5102	  5072	  4882	  5073	
  5161	  5130	  4924	  5127	
  5228	  5198	  4997	  5198	
  5293	  5260	  5017	  5255	
  5351	  5325	  5077	  5325	
  5434	  5403	  5134	  5407	
  5522	  5489	  5175	  5481	
  5589	  5552	  5237	  5566	
  5695	  5638	  5316	  5645	
  5789	  5743	  5378	  5724	
  5875	  5825	  5446	  5839	
  6018	  5965	  5573	  5978	
  6205	  6150	  5703	  6166	
  6334	  6283	  5808	  6306	
  7293	  7224	  6478	  7255	
  7004	  6937	  6289	  6965	
  6690	  6633	  6039	  6640	
  6454	  6363	  5848	  6364	
  6214	  6124	  5654	  6139	
  6039	  5942	  5516	  5957	
  5876	  5778	  5412	  5795	
  5759	  5689	  5317	  5686	
  5674	  5599	  5260	  5603	
  5601	  5523	  5197	  5516	
  5523	  5435	  5151	  5440	
  5442	  5366	  5080	  5365	
  5369	  5301	  5040	  5302	
  5297	  5235	  4988	  5242	
  5233	  5179	  4951	  5176	
  5159	  5110	  4913	  5106	
  5099	  5062	  4875	  5063	
  5057	  5011	  4829	  5009	
  4999	  4964	  4781	  4954	
  4960	  4918	  4771	  4915	
  4916	  4882	  4733	  4873	
  4869	  4844	  4702	  4839	
  4832	  4799	  4665	  4797	
  4804	  4781	  4659	  4771	
  4772	  4752	  4630	  4738	
  4744	  4727	  4611	  4724	
  4728	  4705	  4594	  4702	
  4711	  4687	  4579	  4688	
  4694	  4675	  4571	  4670	
  4681	  4670	  4575	  4663	
  4681	  4669	  4570	  4659	
  4675	  4660	  4577	  4660	
  4696	  4671	  4572	  4668	
  4696	  4683	  4580	  4680	
  4709	  4692	  4599	  4702	
  4723	  4707	  4604	  4710	
  4749	  4726	  4616	  4735	
  4768	  4759	  4645	  4752	
  4800	  4781	  4671	  4765	
  4830	  4818	  4681	  4816	
  4866	  4845	  4713	  4845	
  4907	  4892	  4737	  4881	
  4932	  4922	  4756	  4920	
  4989	  4958	  4801	  4965	
  5046	  5014	  4844	  5009	
  5088	  5055	  4870	  5058	
  5145	  5125	  4919	  5128	
  5221	  5183	  4962	  5188	
  5271	  5245	  5016	  5246	
  5341	  5322	  5065	  5309	
  5421	  5385	  5124	  5377	
  5501	  5460	  5177	  5450	
  5564	  5522	  5213	  5528	
  5650	  5603	  5277	  5614	
  5742	  5696	  5359	  5695	
  5840	  5781	  5418	  5783	
  5949	  5900	  5509	  5884	
  6127	  6076	  5637	  6060	
  6346	  6283	  5787	  6283	
  6477	  6413	  5883	  6431	
  7498	  7430	  6627	  7473	
  7194	  7130	  6424	  7142	
  6873	  6808	  6173	  6817	
  6606	  6504	  5956	  6524	
  6337	  6254	  5757	  6268	
  6143	  6048	  5603	  6069	
  5958	  5873	  5470	  5900	
  5845	  5734	  5376	  5762	
  5744	  5659	  5312	  5653	
  5664	  5574	  5250	  5578	
  5577	  5494	  5186	  5503	
  5505	  5422	  5139	  5430	
  5432	  5358	  5094	  5350	
  5351	  5296	  5042	  5291	
  5292	  5223	  5003	  5227	
  5228	  5168	  4956	  5166	
  5169	  5125	  4915	  5111	
  5113	  5068	  4860	  5062	
  5054	  5014	  4849	  5011	
  5016	  4966	  4805	  4972	
  4966	  4927	  4771	  4930	
  4936	  4892	  4743	  4894	
  4900	  4861	  4726	  4862	
  4857	  4826	  4687	  4827	
  4839	  4804	  4678	  4802	
  4812	  4776	  4668	  4775	
  4791	  4763	  4634	  4763	
  4775	  4748	  4616	  4745	
  4753	  4730	  4641	  4733	
  4749	  4731	  4623	  4724	
  4750	  4716	  4624	  4722	
  4750	  4727	  4619	  4727	
  4745	  4725	  4615	  4723	
  4759	  4737	  4631	  4731	
  4775	  4753	  4625	  4753	
  4799	  4761	  4649	  4764	
  4814	  4786	  4676	  4785	
  4831	  4801	  4686	  4810	
  4864	  4842	  4689	  4834	
  4902	  4864	  4730	  4866	
  4945	  4902	  4747	  4894	
  4967	  4935	  4768	  4932	
  5002	  4968	  4820	  4981	
  5059	  5025	  4854	  5018	
  5105	  5073	  4896	  5068	
  5152	  5124	  4934	  5131	
  5214	  5186	  4975	  5181	
  5283	  5235	  5013	  5248	
  5330	  5299	  5051	  5316	
  5403	  5377	  5107	  5363	
  5470	  5431	  5177	  5437	
  5563	  5511	  5215	  5515	
  5625	  5574	  5262	  5581	
  5715	  5670	  5320	  5671	
  5805	  5746	  5394	  5743	
  5902	  5842	  5462	  5849	
  6044	  5996	  5576	  5998	
  6255	  6177	  5740	  6200	
  6444	  6387	  5908	  6407	
  6588	  6557	  6012	  6567	
  7745	  7697	  6859	  7722	
  7420	  7368	  6599	  7380	
  7075	  7030	  6316	  7023	
  6770	  6698	  6080	  6708	
  6506	  6404	  5896	  6436	
  6286	  6183	  5712	  6201	
  6092	  5994	  5585	  6015	
  5938	  5830	  5435	  5842	
  5812	  5723	  5359	  5720	
  5723	  5637	  5312	  5643	
  5638	  5561	  5234	  5569	
  5572	  5493	  5190	  5494	
  5498	  5428	  5141	  5430	
  5425	  5347	  5086	  5361	
  5352	  5291	  5034	  5292	
  5294	  5229	  5016	  5231	
  5240	  5171	  4954	  5180	
  5184	  5128	  4926	  5131	
  5131	  5081	  4895	  5086	
  5092	  5030	  4849	  5038	
  5040	  5000	  4826	  4987	
  5006	  4959	  4795	  4956	
  4970	  4924	  4773	  4924	
  4937	  4902	  4742	  4892	
  4906	  4878	  4722	  4864	
  4882	  4845	  4715	  4844	
  4853	  4828	  4690	  4819	
  4847	  4806	  4692	  4813	
  4840	  4801	  4681	  4802	
  4831	  4791	  4671	  4799	
  4819	  4794	  4674	  4783	
  4819	  4789	  4669	  4785	
  4824	  4807	  4684	  4790	
  4838	  4818	  4675	  4805	
  4848	  4817	  4673	  4812	
  4862	  4834	  4706	  4834	
  4878	  4849	  4723	  4857	
  4898	  4881	  4740	  4869	
  4933	  4901	  4757	  4900	
  4960	  4936	  4792	  4938	
  4990	  4963	  4812	  4969	
  5044	  5006	  4834	  5001	
  5074	  5047	  4857	  5042	
  5124	  5087	  4905	  5081	
  5173	  5135	  4938	  5133	
  5234	  5193	  4976	  5195	
  5292	  5243	  5012	  5249	
  5343	  5308	  5061	  5304	
  5402	  5367	  5129	  5355	
  5478	  5440	  5150	  5442	
  5545	  5499	  5224	  5505	
  5626	  5576	  5266	  5570	
  5709	  5641	  5328	  5643	
  5784	  5738	  5380	  5737	
  5889	  5821	  5446	  5819	
  6022	  5950	  5545	  5954	
  6181	  6111	  5686	  6117	
  6373	  6327	  5851	  6347	
  6620	  6580	  6028	  6577	
  6777	  6723	  6147	  6726	
  7927	  7914	  6938	  7901	
  7635	  7565	  6731	  7574	
  7232	  7180	  6417	  7194	
  6930	  6853	  6207	  6845	
  6670	  6541	  5982	  6552	
  6401	  6291	  5780	  6306	
  6204	  6111	  5626	  6117	
  5998	  5906	  5475	  5906	
  5888	  5787	  5392	  5778	
  5793	  5692	  5324	  5684	
  5711	  5620	  5274	  5616	
  5633	  5548	  5226	  5549	
  5559	  5469	  5161	  5467	
  5483	  5412	  5100	  5395	
  5423	  5339	  5076	  5350	
  5360	  5279	  5031	  5274	
  5313	  5231	  4992	  5238	
  5252	  5182	  4947	  5174	
  5187	  5124	  4898	  5135	
  5148	  5093	  4890	  5091	
  5106	  5053	  4858	  5048	
  5065	  5012	  4825	  5010	
  5030	  4981	  4800	  4979	
  4998	  4947	  4761	  4949	
  4963	  4925	  4745	  4924	
  4945	  4897	  4744	  4893	
  4910	  4888	  4712	  4880	
  4900	  4868	  4717	  4868	
  4900	  4856	  4706	  4854	
  4877	  4849	  4697	  4845	
  4868	  4847	  4700	  4824	
  4892	  4846	  4689	  4838	
  4888	  4856	  4669	  4846	
  4894	  4856	  4715	  4855	
  4907	  4881	  4712	  4876	
  4927	  4890	  4722	  4872	
  4931	  4916	  4740	  4894	
  4953	  4931	  4766	  4916	
  4995	  4946	  4784	  4942	
  5033	  4991	  4828	  4999	
  5047	  5018	  4837	  5017	
  5092	  5050	  4865	  5056	
  5121	  5101	  4906	  5095	
  5174	  5134	  4918	  5121	
  5228	  5173	  4968	  5181	
  5293	  5239	  5002	  5239	
  5350	  5302	  5044	  5292	
  5412	  5357	  5086	  5342	
  5467	  5406	  5115	  5407	
  5546	  5476	  5173	  5479	
  5587	  5549	  5228	  5563	
  5695	  5630	  5296	  5629	
  5747	  5696	  5347	  5682	
  5844	  5784	  5423	  5783	
  5969	  5892	  5493	  5890	
  6110	  6044	  5614	  6047	
  6294	  6219	  5758	  6236	
  6510	  6448	  5924	  6433	
  6750	  6709	  6096	  6696	
  6918	  6848	  6268	  6881	
