1144	1144	1144	1144	
7283	7709	7136	7709	
6453	6816	6340	6816	
5733	6013	5608	6013	
5210	5440	5102	5440	
4859	5051	4775	5051	
4642	4832	4576	4832	
4521	4693	4471	4693	
4450	4596	4392	4596	
4371	4508	4340	4508	
4311	4452	4288	4452	
4290	4422	4270	4422	
4273	4390	4240	4390	
4250	4355	4215	4355	
4227	4345	4222	4345	
4207	4311	4191	4311	
4202	4301	4184	4301	
4180	4280	4174	4280	
4189	4265	4173	4265	
4155	4252	4163	4252	
4162	4251	4162	4251	
4160	4247	4155	4247	
4164	4245	4172	4245	
4167	4249	4170	4249	
4169	4254	4179	4254	
4182	4258	4200	4258	
4195	4275	4192	4275	
4209	4292	4207	4292	
4219	4302	4227	4302	
4231	4314	4236	4314	
4258	4339	4253	4339	
4286	4365	4272	4365	
4308	4392	4301	4392	
4338	4421	4312	4421	
4365	4449	4348	4449	
4401	4488	4376	4488	
4435	4532	4407	4532	
4508	4609	4460	4609	
4600	4715	4562	4715	
4729	4858	4681	4858	
4889	5024	4832	5024	
5150	5294	5062	5294	
5538	5706	5415	5706	
6258	6474	6122	6474	
6990	7290	6847	7290	
6845	7215	6683	7215	
6170	6487	6033	6487	
5503	5759	5387	5759	
5055	5269	4952	5269	
4747	4937	4677	4937	
4589	4761	4519	4761	
4478	4644	4420	4644	
4408	4551	4357	4551	
4344	4474	4294	4474	
4297	4429	4266	4429	
4285	4406	4255	4406	
4252	4369	4231	4369	
4240	4341	4207	4341	
4215	4327	4195	4327	
4201	4296	4182	4296	
4183	4284	4169	4284	
4179	4261	4157	4261	
4168	4250	4156	4250	
4150	4239	4149	4239	
4148	4237	4149	4237	
4155	4232	4157	4232	
4155	4231	4157	4231	
4159	4231	4159	4231	
4164	4241	4166	4241	
4169	4244	4178	4244	
4186	4252	4180	4252	
4189	4271	4204	4271	
4206	4285	4213	4285	
4221	4306	4224	4306	
4244	4323	4244	4323	
4272	4350	4264	4350	
4294	4376	4286	4376	
4325	4404	4303	4404	
4343	4430	4319	4430	
4380	4467	4351	4467	
4407	4502	4378	4502	
4472	4569	4431	4569	
4555	4657	4509	4657	
4676	4793	4618	4793	
4810	4943	4757	4943	
5036	5165	4952	5165	
5335	5502	5231	5502	
5921	6128	5784	6128	
6496	6774	6362	6774	
6405	6740	6304	6740	
5827	6094	5706	6094	
5258	5482	5157	5482	
4885	5071	4799	5071	
4664	4828	4587	4828	
4542	4688	4470	4688	
4443	4582	4386	4582	
4381	4504	4323	4504	
4322	4444	4284	4444	
4293	4410	4254	4410	
4275	4376	4238	4376	
4248	4346	4218	4346	
4225	4324	4199	4324	
4208	4294	4186	4294	
4195	4274	4164	4274	
4178	4257	4167	4257	
4167	4240	4146	4240	
4153	4224	4145	4224	
4136	4217	4138	4217	
4141	4210	4139	4210	
4140	4208	4141	4208	
4152	4211	4146	4211	
4148	4210	4150	4210	
4153	4216	4159	4216	
4163	4223	4160	4223	
4177	4239	4175	4239	
4182	4247	4189	4247	
4193	4264	4197	4264	
4225	4286	4223	4286	
4241	4305	4238	4305	
4260	4329	4252	4329	
4284	4355	4266	4355	
4313	4384	4285	4384	
4346	4410	4312	4410	
4378	4444	4337	4444	
4409	4480	4364	4480	
4441	4527	4405	4527	
4515	4599	4453	4599	
4610	4712	4548	4712	
4738	4849	4680	4849	
4913	5041	4837	5041	
5160	5312	5060	5312	
5595	5756	5455	5756	
6134	6343	5970	6343	
6048	6331	5928	6331	
5550	5788	5429	5788	
5064	5272	4972	5272	
4773	4939	4691	4939	
4610	4756	4536	4756	
4492	4638	4433	4638	
4425	4540	4362	4540	
4364	4465	4295	4465	
4311	4418	4275	4418	
4295	4390	4245	4390	
4273	4355	4231	4355	
4249	4329	4217	4329	
4221	4301	4200	4301	
4203	4277	4181	4277	
4179	4251	4161	4251	
4174	4234	4151	4234	
4162	4216	4146	4216	
4148	4201	4145	4201	
4139	4193	4146	4193	
4141	4190	4139	4190	
4140	4189	4133	4189	
4142	4188	4146	4188	
4144	4188	4148	4188	
4150	4199	4154	4199	
4157	4204	4165	4204	
4167	4214	4166	4214	
4184	4223	4177	4223	
4203	4245	4202	4245	
4226	4264	4212	4264	
4232	4281	4232	4281	
4266	4311	4250	4311	
4275	4330	4268	4330	
4310	4363	4290	4363	
4343	4389	4302	4389	
4377	4426	4334	4426	
4398	4458	4355	4458	
4441	4507	4397	4507	
4487	4557	4428	4557	
4572	4645	4508	4645	
4677	4765	4610	4765	
4837	4946	4763	4946	
5039	5163	4948	5163	
5376	5526	5256	5526	
5750	5943	5601	5943	
5769	6021	5644	6021	
5334	5549	5211	5549	
4926	5107	4831	5107	
4690	4853	4618	4853	
4571	4704	4488	4704	
4477	4584	4404	4584	
4405	4501	4340	4501	
4339	4443	4289	4443	
4312	4401	4269	4401	
4293	4369	4243	4369	
4263	4338	4230	4338	
4254	4310	4218	4310	
4227	4278	4187	4278	
4198	4257	4169	4257	
4178	4231	4166	4231	
4159	4218	4154	4218	
4150	4197	4145	4197	
4146	4186	4143	4186	
4131	4173	4142	4173	
4136	4169	4134	4169	
4137	4163	4137	4163	
4145	4162	4147	4162	
4142	4168	4149	4168	
4148	4174	4156	4174	
4159	4184	4166	4184	
4164	4196	4175	4196	
4177	4204	4185	4204	
4196	4224	4200	4224	
4215	4243	4211	4243	
4243	4267	4229	4267	
4262	4292	4238	4292	
4277	4315	4260	4315	
4311	4344	4285	4344	
4341	4371	4312	4371	
4376	4408	4328	4408	
4404	4443	4355	4443	
4439	4491	4387	4491	
4481	4527	4421	4527	
4550	4596	4461	4596	
4629	4703	4560	4703	
4770	4866	4692	4866	
4964	5070	4873	5070	
5240	5366	5128	5366	
5512	5676	5382	5676	
5546	5770	5418	5770	
5177	5359	5055	5359	
4819	4987	4734	4987	
4653	4791	4563	4791	
4535	4650	4453	4650	
4442	4551	4374	4551	
4375	4471	4312	4471	
4332	4424	4282	4424	
4309	4384	4253	4384	
4282	4351	4235	4351	
4256	4313	4213	4313	
4234	4289	4204	4289	
4205	4260	4179	4260	
4191	4238	4162	4238	
4173	4212	4155	4212	
4157	4195	4147	4195	
4140	4174	4140	4174	
4136	4169	4137	4169	
4124	4155	4131	4155	
4123	4153	4141	4153	
4126	4150	4144	4150	
4129	4154	4141	4154	
4134	4151	4148	4151	
4148	4156	4151	4156	
4146	4164	4161	4164	
4166	4177	4168	4177	
4163	4185	4178	4185	
4188	4203	4183	4203	
4200	4224	4205	4224	
4233	4245	4219	4245	
4247	4267	4235	4267	
4266	4292	4248	4292	
4302	4321	4273	4321	
4326	4345	4298	4345	
4368	4389	4323	4389	
4396	4421	4347	4421	
4422	4466	4370	4466	
4461	4504	4409	4504	
4517	4564	4438	4564	
4588	4649	4509	4649	
4718	4793	4630	4793	
4874	4981	4790	4981	
5123	5240	5011	5240	
5377	5498	5231	5498	
5390	5581	5252	5581	
5040	5220	4918	5220	
4753	4914	4664	4914	
4612	4743	4523	4743	
4497	4615	4421	4615	
4415	4517	4347	4517	
4354	4450	4299	4450	
4324	4409	4276	4409	
4301	4368	4243	4368	
4275	4333	4232	4333	
4245	4300	4209	4300	
4226	4274	4190	4274	
4195	4245	4168	4245	
4180	4222	4153	4222	
4170	4196	4140	4196	
4157	4181	4138	4181	
4143	4169	4138	4169	
4139	4159	4147	4159	
4128	4150	4133	4150	
4136	4147	4141	4147	
4131	4143	4146	4143	
4137	4143	4142	4143	
4130	4140	4144	4140	
4135	4146	4161	4146	
4149	4152	4160	4152	
4146	4163	4163	4163	
4159	4168	4171	4168	
4183	4186	4182	4186	
4205	4209	4191	4209	
4219	4228	4202	4228	
4240	4249	4211	4249	
4265	4273	4238	4273	
4294	4305	4270	4305	
4318	4335	4282	4335	
4344	4368	4310	4368	
4381	4404	4330	4404	
4417	4450	4352	4450	
4449	4484	4388	4484	
4492	4535	4421	4535	
4567	4614	4478	4614	
4669	4741	4589	4741	
4831	4915	4726	4915	
5036	5145	4920	5145	
5245	5380	5126	5380	
5231	5437	5105	5437	
4950	5115	4823	5115	
4707	4865	4626	4865	
4584	4711	4497	4711	
4479	4591	4402	4591	
4397	4493	4335	4493	
4346	4435	4290	4435	
4311	4390	4253	4390	
4281	4352	4233	4352	
4263	4321	4211	4321	
4237	4285	4191	4285	
4220	4253	4170	4253	
4191	4226	4162	4226	
4175	4207	4144	4207	
4156	4178	4137	4178	
4151	4172	4138	4172	
4145	4159	4140	4159	
4139	4158	4139	4158	
4134	4145	4142	4145	
4133	4143	4148	4143	
4134	4133	4147	4133	
4128	4134	4147	4134	
4127	4136	4152	4136	
4139	4137	4153	4137	
4140	4144	4154	4144	
4152	4150	4158	4150	
4160	4157	4169	4157	
4168	4173	4168	4173	
4179	4192	4189	4192	
4203	4212	4200	4212	
4233	4231	4216	4231	
4253	4256	4226	4256	
4278	4286	4251	4286	
4302	4313	4271	4313	
4335	4352	4289	4352	
4372	4388	4313	4388	
4406	4432	4344	4432	
4443	4469	4366	4469	
4485	4518	4406	4518	
4544	4586	4457	4586	
4641	4708	4556	4708	
4777	4864	4679	4864	
4976	5079	4864	5079	
5162	5288	5016	5288	
5137	5330	5011	5330	
4879	5044	4769	5044	
4665	4821	4585	4821	
4552	4683	4471	4683	
4459	4569	4379	4569	
4390	4481	4309	4481	
4339	4429	4292	4429	
4308	4383	4239	4383	
4282	4343	4219	4343	
4252	4307	4202	4307	
4231	4273	4179	4273	
4208	4249	4166	4249	
4192	4216	4155	4216	
4168	4194	4135	4194	
4150	4182	4140	4182	
4152	4169	4127	4169	
4181	4192	4173	4192	
4135	4153	4147	4153	
4136	4142	4143	4142	
4135	4143	4157	4143	
4132	4134	4157	4134	
4128	4128	4153	4128	
4127	4129	4153	4129	
4130	4132	4152	4132	
4138	4137	4155	4137	
4145	4144	4154	4144	
4156	4152	4160	4152	
4167	4167	4169	4167	
4178	4182	4169	4182	
4193	4198	4185	4198	
4210	4222	4207	4222	
4230	4244	4213	4244	
4270	4271	4236	4271	
4295	4304	4252	4304	
4337	4335	4281	4335	
4363	4379	4298	4379	
4405	4420	4321	4420	
4428	4458	4351	4458	
4475	4513	4397	4513	
4522	4568	4435	4568	
4618	4673	4518	4673	
4736	4820	4641	4820	
4912	5014	4811	5014	
5062	5208	4944	5208	
5058	5245	4936	5245	
4828	4993	4720	4993	
4649	4796	4558	4796	
4532	4659	4441	4659	
4446	4548	4363	4548	
4376	4465	4294	4465	
4332	4419	4270	4419	
4302	4371	4233	4371	
4278	4336	4209	4336	
4244	4290	4193	4290	
4211	4261	4170	4261	
4203	4237	4158	4237	
4181	4210	4140	4210	
4166	4187	4133	4187	
4157	4174	4132	4174	
4155	4161	4134	4161	
4173	4185	4176	4185	
4140	4144	4146	4144	
4140	4140	4150	4140	
4145	4137	4158	4137	
4141	4134	4154	4134	
4125	4122	4157	4122	
4122	4120	4149	4120	
4127	4126	4155	4126	
4136	4128	4158	4128	
4144	4136	4156	4136	
4149	4146	4160	4146	
4160	4159	4159	4159	
4181	4171	4170	4171	
4187	4191	4183	4191	
4211	4210	4188	4210	
4236	4231	4201	4231	
4264	4263	4227	4263	
4295	4291	4239	4291	
4318	4331	4277	4331	
4357	4368	4290	4368	
4384	4406	4316	4406	
4421	4450	4344	4450	
4465	4497	4381	4497	
4510	4551	4424	4551	
4591	4653	4495	4653	
4704	4781	4597	4781	
4885	4971	4754	4971	
5022	5142	4889	5142	
5013	5200	4877	5200	
4803	4959	4691	4959	
4629	4778	4537	4778	
4515	4642	4426	4642	
4440	4542	4350	4542	
4374	4458	4295	4458	
4338	4409	4262	4409	
4303	4369	4227	4369	
4272	4326	4205	4326	
4243	4289	4185	4289	
4223	4257	4165	4257	
4197	4225	4151	4225	
4180	4201	4131	4201	
4165	4188	4120	4188	
4150	4170	4134	4170	
4153	4161	4134	4161	
4143	4149	4137	4149	
4144	4140	4145	4140	
4130	4133	4146	4133	
4135	4135	4164	4135	
4145	4130	4157	4130	
4126	4126	4150	4126	
4112	4121	4150	4121	
4126	4122	4150	4122	
4141	4128	4153	4128	
4147	4135	4153	4135	
4150	4139	4151	4139	
4162	4156	4164	4156	
4177	4172	4166	4172	
4196	4184	4175	4184	
4211	4202	4180	4202	
4227	4228	4191	4228	
4261	4260	4217	4260	
4283	4283	4229	4283	
4319	4327	4263	4327	
4347	4356	4279	4356	
4387	4400	4311	4400	
4424	4443	4339	4443	
4463	4491	4382	4491	
4492	4542	4417	4542	
4578	4640	4482	4640	
4684	4763	4580	4763	
4842	4945	4725	4945	
4976	5100	4850	5100	
4982	5155	4848	5155	
4793	4941	4670	4941	
4639	4771	4532	4771	
4516	4633	4413	4633	
4440	4533	4347	4533	
4375	4454	4286	4454	
4338	4405	4247	4405	
4299	4361	4222	4361	
4258	4323	4201	4323	
4239	4281	4182	4281	
4222	4248	4160	4248	
4195	4226	4142	4226	
4174	4199	4135	4199	
4164	4180	4126	4180	
4149	4167	4128	4167	
4155	4165	4136	4165	
4143	4149	4138	4149	
4135	4140	4143	4140	
4124	4132	4152	4132	
4139	4136	4152	4136	
4123	4123	4159	4123	
4116	4117	4150	4117	
4116	4112	4149	4112	
4125	4123	4152	4123	
4134	4128	4150	4128	
4145	4133	4154	4133	
4153	4141	4154	4141	
4165	4155	4172	4155	
4174	4175	4168	4175	
4187	4187	4174	4187	
4205	4203	4180	4203	
4223	4218	4189	4218	
4256	4251	4207	4251	
4277	4280	4231	4280	
4314	4315	4248	4315	
4351	4348	4267	4348	
4383	4394	4302	4394	
4409	4437	4331	4437	
4453	4487	4364	4487	
4498	4539	4409	4539	
4566	4630	4467	4630	
4675	4742	4551	4742	
4825	4921	4710	4921	
4960	5077	4821	5077	
4966	5147	4848	5147	
4783	4937	4670	4937	
4639	4772	4531	4772	
4512	4629	4411	4629	
4437	4528	4340	4528	
4360	4453	4279	4453	
4328	4403	4242	4403	
4298	4361	4213	4361	
4270	4321	4199	4321	
4244	4283	4177	4283	
4225	4251	4164	4251	
4189	4222	4148	4222	
4169	4197	4133	4197	
4164	4180	4133	4180	
4155	4166	4127	4166	
4153	4159	4127	4159	
4137	4145	4126	4145	
4147	4143	4147	4143	
4128	4131	4141	4131	
4126	4125	4150	4125	
4111	4110	4141	4110	
4107	4106	4134	4106	
4111	4102	4134	4102	
4120	4113	4145	4113	
4127	4123	4164	4123	
4138	4134	4161	4134	
4153	4142	4163	4142	
4173	4164	4175	4164	
4187	4177	4180	4177	
4189	4185	4172	4185	
4202	4199	4177	4199	
4221	4216	4187	4216	
4253	4248	4205	4248	
4282	4280	4225	4280	
4310	4310	4245	4310	
4337	4350	4273	4350	
4383	4388	4302	4388	
4412	4433	4330	4433	
4456	4486	4372	4486	
4491	4539	4395	4539	
4565	4622	4467	4622	
4668	4743	4552	4743	
4816	4912	4702	4912	
4942	5059	4809	5059	
4976	5151	4841	5151	
4789	4937	4672	4937	
4632	4774	4522	4774	
4526	4635	4407	4635	
4435	4533	4343	4533	
4371	4453	4279	4453	
4324	4403	4249	4403	
4299	4359	4214	4359	
4263	4317	4191	4317	
4246	4283	4178	4283	
4214	4252	4155	4252	
4194	4223	4143	4223	
4178	4197	4134	4197	
4163	4182	4123	4182	
4153	4164	4125	4164	
4152	4155	4124	4155	
4145	4145	4129	4145	
4135	4142	4140	4142	
4123	4125	4138	4125	
4117	4118	4139	4118	
4105	4107	4130	4107	
4096	4096	4123	4096	
4104	4101	4127	4101	
4112	4107	4147	4107	
4125	4124	4152	4124	
4142	4137	4165	4137	
4159	4147	4181	4147	
4179	4165	4182	4165	
4193	4176	4177	4176	
4204	4188	4180	4188	
4205	4199	4180	4199	
4217	4219	4187	4219	
4243	4247	4209	4247	
4274	4274	4225	4274	
4310	4313	4250	4313	
4334	4349	4275	4349	
4371	4389	4304	4389	
4403	4433	4326	4433	
4445	4487	4363	4487	
4493	4535	4402	4535	
4559	4617	4456	4617	
4667	4733	4548	4733	
4814	4909	4688	4909	
4937	5067	4800	5067	
4997	5168	4853	5168	
4813	4953	4682	4953	
4653	4780	4542	4780	
4534	4638	4413	4638	
4442	4539	4347	4539	
4375	4457	4281	4457	
4340	4407	4248	4407	
4302	4362	4216	4362	
4266	4323	4200	4323	
4249	4287	4173	4287	
4226	4253	4159	4253	
4199	4228	4149	4228	
4178	4200	4133	4200	
4156	4183	4128	4183	
4157	4167	4129	4167	
4151	4160	4137	4160	
4131	4145	4143	4145	
4138	4140	4152	4140	
4119	4133	4143	4133	
4112	4117	4133	4117	
4107	4108	4133	4108	
4096	4102	4125	4102	
4104	4105	4130	4105	
4118	4113	4143	4113	
4134	4131	4167	4131	
4144	4141	4166	4141	
4167	4148	4166	4148	
4172	4165	4172	4165	
4190	4180	4180	4180	
4199	4192	4181	4192	
4208	4208	4186	4208	
4222	4222	4195	4222	
4246	4250	4211	4250	
4270	4279	4219	4279	
4306	4313	4246	4313	
4332	4350	4267	4350	
4369	4394	4304	4394	
4405	4438	4327	4438	
4455	4483	4360	4483	
4493	4538	4397	4538	
4551	4623	4455	4623	
4665	4743	4545	4743	
4811	4917	4694	4917	
4944	5071	4804	5071	
5042	5202	4884	5202	
4842	4981	4707	4981	
4665	4798	4552	4798	
4543	4650	4431	4650	
4461	4551	4357	4551	
4390	4466	4294	4466	
4345	4414	4256	4414	
4310	4370	4221	4370	
4273	4328	4204	4328	
4253	4295	4181	4295	
4230	4260	4156	4260	
4207	4230	4149	4230	
4186	4204	4140	4204	
4169	4192	4134	4192	
4166	4176	4131	4176	
4157	4169	4140	4169	
4140	4150	4143	4150	
4136	4146	4147	4146	
4124	4134	4137	4134	
4118	4123	4142	4123	
4113	4113	4134	4113	
4115	4111	4136	4111	
4118	4111	4135	4111	
4131	4121	4145	4121	
4143	4134	4155	4134	
4151	4148	4171	4148	
4161	4154	4169	4154	
4180	4165	4173	4165	
4186	4181	4176	4181	
4194	4196	4188	4196	
4206	4206	4187	4206	
4224	4230	4186	4230	
4259	4255	4205	4255	
4275	4284	4231	4284	
4310	4319	4245	4319	
4341	4356	4268	4356	
4387	4403	4299	4403	
4413	4440	4328	4440	
4455	4494	4362	4494	
4489	4543	4392	4543	
4561	4633	4463	4633	
4670	4751	4551	4751	
4838	4926	4698	4926	
4976	5096	4844	5096	
5094	5258	4948	5258	
4853	5016	4734	5016	
4689	4818	4566	4818	
4564	4674	4445	4674	
4478	4564	4366	4564	
4402	4479	4314	4479	
4355	4429	4274	4429	
4315	4381	4230	4381	
4291	4339	4212	4339	
4263	4301	4183	4301	
4239	4267	4170	4267	
4215	4236	4150	4236	
4192	4208	4137	4208	
4187	4200	4140	4200	
4164	4179	4138	4179	
4153	4168	4140	4168	
4146	4154	4144	4154	
4139	4147	4142	4147	
4132	4135	4144	4135	
4129	4133	4142	4133	
4123	4130	4140	4130	
4125	4127	4148	4127	
4127	4130	4146	4130	
4135	4134	4156	4134	
4143	4145	4163	4145	
4152	4153	4167	4153	
4156	4159	4172	4159	
4166	4167	4163	4167	
4188	4183	4177	4183	
4203	4199	4177	4199	
4210	4213	4178	4213	
4223	4229	4185	4229	
4251	4260	4206	4260	
4278	4287	4219	4287	
4311	4325	4245	4325	
4331	4363	4265	4363	
4389	4407	4303	4407	
4405	4446	4325	4446	
4451	4494	4361	4494	
4498	4551	4401	4551	
4580	4643	4467	4643	
4686	4766	4571	4766	
4861	4953	4720	4953	
5017	5143	4861	5143	
5188	5349	5016	5349	
4914	5072	4778	5072	
4719	4853	4604	4853	
4593	4699	4465	4699	
4496	4588	4385	4588	
4417	4496	4314	4496	
4377	4438	4277	4438	
4339	4396	4243	4396	
4299	4348	4218	4348	
4270	4312	4196	4312	
4242	4276	4168	4276	
4216	4244	4159	4244	
4202	4220	4149	4220	
4190	4207	4135	4207	
4167	4184	4136	4184	
4157	4173	4130	4173	
4155	4162	4133	4162	
4147	4159	4145	4159	
4139	4147	4145	4147	
4141	4144	4153	4144	
4143	4141	4146	4141	
4139	4144	4151	4144	
4140	4139	4151	4139	
4144	4139	4146	4139	
4146	4150	4155	4150	
4151	4157	4162	4157	
4171	4163	4164	4163	
4172	4179	4171	4179	
4187	4186	4170	4186	
4193	4200	4168	4200	
4207	4213	4174	4213	
4226	4234	4180	4234	
4251	4263	4203	4263	
4281	4293	4222	4293	
4316	4332	4244	4332	
4342	4369	4273	4369	
4374	4415	4306	4415	
4414	4451	4328	4451	
4457	4506	4364	4506	
4506	4565	4409	4565	
4594	4665	4475	4665	
4708	4801	4584	4801	
4892	5006	4767	5006	
5069	5213	4907	5213	
5278	5461	5121	5461	
4997	5146	4847	5146	
4814	4963	4688	4963	
4649	4773	4533	4773	
4534	4619	4413	4619	
4449	4522	4329	4522	
4388	4456	4281	4456	
4355	4414	4259	4414	
4316	4366	4233	4366	
4286	4325	4193	4325	
4254	4288	4178	4288	
4234	4257	4158	4257	
4209	4232	4143	4232	
4201	4229	4152	4229	
4169	4192	4129	4192	
4160	4180	4136	4180	
4165	4167	4135	4167	
4154	4162	4135	4162	
4146	4152	4140	4152	
4148	4151	4144	4151	
4144	4149	4143	4149	
4138	4145	4152	4145	
4134	4146	4142	4146	
4144	4147	4144	4147	
4147	4150	4150	4150	
4151	4158	4144	4158	
4172	4171	4154	4171	
4172	4180	4158	4180	
4186	4188	4159	4188	
4196	4208	4170	4208	
4211	4223	4172	4223	
4226	4241	4180	4241	
4258	4277	4202	4277	
4290	4301	4218	4301	
4317	4338	4246	4338	
4347	4383	4271	4383	
4383	4419	4307	4419	
4419	4468	4335	4468	
4459	4517	4364	4517	
4514	4580	4416	4580	
4625	4697	4498	4697	
4739	4842	4626	4842	
4942	5063	4803	5063	
5149	5299	4989	5299	
5422	5608	5245	5608	
5101	5260	4930	5260	
4807	4952	4668	4952	
4671	4783	4538	4783	
4562	4659	4435	4659	
4478	4548	4357	4548	
4407	4482	4300	4482	
4365	4429	4263	4429	
4336	4387	4239	4387	
4301	4345	4211	4345	
4266	4309	4190	4309	
4243	4276	4163	4276	
4228	4258	4165	4258	
4204	4228	4143	4228	
4178	4201	4131	4201	
4170	4191	4129	4191	
4161	4175	4129	4175	
4158	4167	4144	4167	
4151	4158	4128	4158	
4153	4154	4134	4154	
4148	4156	4144	4156	
4153	4155	4142	4155	
4145	4151	4132	4151	
4144	4155	4139	4155	
4151	4157	4135	4157	
4155	4164	4136	4164	
4171	4171	4146	4171	
4178	4183	4155	4183	
4179	4195	4149	4195	
4190	4211	4161	4211	
4212	4229	4167	4229	
4227	4255	4183	4255	
4257	4283	4206	4283	
4285	4315	4221	4315	
4325	4360	4261	4360	
4354	4392	4282	4392	
4386	4435	4313	4435	
4425	4478	4342	4478	
4466	4534	4373	4534	
4541	4609	4425	4609	
4649	4734	4531	4734	
4786	4891	4662	4891	
5012	5139	4861	5139	
5263	5417	5090	5417	
5626	5814	5438	5814	
5246	5401	5056	5401	
4902	5035	4742	5035	
4724	4841	4591	4841	
4601	4692	4464	4692	
4508	4594	4380	4594	
4431	4506	4321	4506	
4381	4453	4272	4453	
4348	4402	4244	4402	
4318	4365	4224	4365	
4294	4328	4209	4328	
4261	4298	4181	4298	
4233	4268	4167	4268	
4219	4241	4148	4241	
4197	4216	4133	4216	
4175	4202	4131	4202	
4164	4183	4121	4183	
4158	4177	4122	4177	
4159	4166	4123	4166	
4154	4164	4130	4164	
4149	4164	4133	4164	
4156	4168	4142	4168	
4148	4162	4138	4162	
4149	4156	4133	4156	
4154	4162	4138	4162	
4158	4171	4145	4171	
4167	4178	4143	4178	
4175	4183	4138	4183	
4185	4201	4151	4201	
4196	4222	4155	4222	
4224	4245	4169	4245	
4242	4266	4185	4266	
4260	4301	4207	4301	
4300	4332	4233	4332	
4339	4372	4259	4372	
4359	4409	4281	4409	
4402	4454	4315	4454	
4440	4500	4346	4500	
4486	4556	4389	4556	
4555	4646	4451	4646	
4681	4776	4563	4776	
4837	4954	4714	4954	
5127	5249	4947	5249	
5402	5562	5218	5562	
5891	6099	5677	6099	
5425	5593	5228	5593	
5014	5153	4839	5153	
4780	4909	4637	4909	
4655	4750	4513	4750	
4559	4643	4431	4643	
4465	4549	4349	4549	
4403	4472	4294	4472	
4364	4431	4263	4431	
4339	4393	4241	4393	
4310	4349	4213	4349	
4281	4324	4193	4324	
4250	4284	4177	4284	
4238	4266	4160	4266	
4203	4234	4141	4234	
4192	4218	4131	4218	
4173	4195	4121	4195	
4167	4187	4120	4187	
4154	4176	4122	4176	
4152	4172	4124	4172	
4153	4175	4128	4175	
4155	4170	4133	4170	
4151	4170	4124	4170	
4148	4168	4123	4168	
4150	4169	4117	4169	
4159	4177	4135	4177	
4163	4187	4125	4187	
4168	4199	4137	4199	
4186	4220	4149	4220	
4208	4237	4161	4237	
4228	4258	4174	4258	
4248	4284	4191	4284	
4272	4314	4216	4314	
4307	4349	4242	4349	
4338	4386	4261	4386	
4369	4426	4286	4426	
4401	4473	4320	4473	
4449	4518	4354	4518	
4516	4596	4407	4596	
4603	4692	4486	4692	
4735	4841	4611	4841	
4920	5044	4795	5044	
5265	5397	5080	5397	
5569	5753	5384	5753	
6238	6462	5987	6462	
5667	5847	5459	5847	
5169	5314	4982	5314	
4881	4998	4719	4998	
4705	4816	4573	4816	
4590	4691	4463	4691	
4494	4589	4386	4589	
4427	4506	4314	4506	
4377	4454	4277	4454	
4352	4416	4256	4416	
4313	4374	4221	4374	
4294	4341	4209	4341	
4259	4312	4183	4312	
4235	4285	4166	4285	
4214	4255	4136	4255	
4196	4237	4131	4237	
4183	4211	4118	4211	
4172	4198	4118	4198	
4163	4191	4117	4191	
4162	4189	4118	4189	
4157	4185	4123	4185	
4148	4183	4115	4183	
4155	4178	4112	4178	
4155	4177	4110	4177	
4149	4184	4117	4184	
4161	4191	4119	4191	
4165	4204	4123	4204	
4194	4215	4141	4215	
4202	4234	4154	4234	
4223	4255	4163	4255	
4238	4280	4183	4280	
4257	4303	4202	4303	
4292	4338	4225	4338	
4325	4370	4238	4370	
4350	4406	4269	4406	
4385	4449	4300	4449	
4424	4495	4342	4495	
4464	4545	4366	4545	
4545	4630	4441	4630	
4647	4740	4522	4740	
4790	4911	4647	4911	
5034	5163	4878	5163	
5418	5588	5245	5588	
5780	5989	5568	5989	
6668	6904	6407	6904	
5985	6194	5751	6194	
5366	5526	5169	5526	
4996	5129	4810	5129	
4765	4888	4608	4888	
4642	4757	4505	4757	
4550	4644	4412	4644	
4468	4546	4340	4546	
4405	4479	4278	4479	
4362	4430	4252	4430	
4329	4403	4225	4403	
4306	4363	4206	4363	
4282	4327	4182	4327	
4255	4304	4161	4304	
4230	4277	4139	4277	
4205	4257	4132	4257	
4187	4233	4117	4233	
4173	4217	4120	4217	
4170	4211	4108	4211	
4167	4201	4113	4201	
4162	4197	4111	4197	
4155	4188	4113	4188	
4157	4188	4101	4188	
4161	4193	4108	4193	
4160	4201	4110	4201	
4166	4212	4115	4212	
4171	4221	4125	4221	
4192	4240	4141	4240	
4208	4255	4161	4255	
4223	4278	4170	4278	
4242	4305	4186	4305	
4273	4330	4199	4330	
4307	4365	4232	4365	
4327	4385	4249	4385	
4359	4431	4278	4431	
4387	4466	4302	4466	
4435	4514	4338	4514	
4500	4587	4386	4587	
4580	4688	4467	4688	
4683	4809	4568	4809	
4864	5010	4727	5010	
5188	5339	5011	5339	
5656	5830	5449	5830	
6069	6285	5832	6285	
7219	7527	6942	7527	
6379	6610	6112	6610	
5629	5818	5397	5818	
5163	5307	4956	5307	
4859	4992	4681	4992	
4706	4827	4541	4827	
4588	4700	4441	4700	
4509	4601	4355	4601	
4437	4516	4292	4516	
4372	4462	4257	4462	
4344	4420	4225	4420	
4319	4384	4206	4384	
4282	4354	4178	4354	
4261	4332	4164	4332	
4238	4300	4140	4300	
4218	4280	4127	4280	
4203	4257	4119	4257	
4195	4246	4113	4246	
4179	4231	4109	4231	
4177	4224	4098	4224	
4155	4210	4096	4210	
4164	4212	4096	4212	
4158	4210	4097	4210	
4169	4213	4100	4213	
4163	4222	4107	4222	
4176	4228	4109	4228	
4190	4244	4113	4244	
4202	4258	4131	4258	
4215	4275	4139	4275	
4233	4303	4161	4303	
4255	4322	4176	4322	
4280	4348	4197	4348	
4305	4379	4218	4379	
4341	4411	4246	4411	
4365	4450	4272	4450	
4412	4491	4305	4491	
4464	4557	4343	4557	
4536	4640	4407	4640	
4637	4751	4506	4751	
4754	4891	4612	4891	
5004	5158	4836	5158	
5403	5572	5190	5572	
5928	6130	5698	6130	
6404	6659	6170	6659	
7774	8183	7464	8183	
6754	7048	6480	7048	
5876	6092	5643	6092	
5316	5490	5112	5490	
4945	5099	4770	5099	
4747	4893	4600	4893	
4627	4748	4485	4748	
4525	4644	4385	4644	
4446	4553	4330	4553	
4380	4483	4278	4483	
4347	4438	4240	4438	
4307	4404	4225	4404	
4298	4372	4202	4372	
4264	4345	4166	4345	
4243	4312	4158	4312	
4229	4290	4134	4290	
4211	4271	4127	4271	
4193	4256	4116	4256	
4185	4242	4108	4242	
4184	4233	4101	4233	
4169	4228	4100	4228	
4159	4228	4099	4228	
4176	4221	4097	4221	
4171	4229	4103	4229	
4178	4235	4120	4235	
4185	4244	4114	4244	
4188	4255	4126	4255	
4210	4266	4143	4266	
4218	4294	4155	4294	
4236	4311	4165	4311	
4252	4336	4179	4336	
4284	4354	4198	4354	
4306	4388	4227	4388	
4328	4423	4249	4423	
4364	4463	4276	4463	
4415	4517	4318	4517	
4488	4587	4375	4587	
4566	4685	4440	4685	
4675	4811	4544	4811	
4830	4985	4690	4985	
5142	5317	4989	5317	
5586	5785	5384	5785	
6172	6406	5949	6406	
6782	7105	6508	7105	
                                                                                                                                                                                                                                                                                                                                                                                                                                                                                                                                                                                                                                                                                                                                                                                                                                                                                                                                                                                                                                                                                                                                                                                                                                                                                                                                                                                                                                                                                                                                                                                                                                                                                                                                                                                                                                                                                                                                                                                                                                                                                                                                                                                                                                                                                                                                                                                                                                                                                                                                                                                                                                                                                                                                                                                                                                                                                                                                                                                                                                                                                                                                                                                                                                                                                                                                                                                                                                                                                                                                                                                                                                                                                                                                                                                                                                                                                                                                                                                                                                                                                                                                                                                                                                                                                                                                                                                                                                                                                                                                                                                                                                                                                                                                                                    