  2.1308137e+002
  2.1308137e+002
  2.1308137e+002
  2.1308137e+002
  2.1308137e+002
  2.1308137e+002
  2.1308137e+002
  2.1308137e+002
  2.1308137e+002
  2.1308137e+002
  2.1308137e+002
  2.1490409e+002
  2.1672682e+002
  2.1854954e+002
  2.2037227e+002
  2.2219500e+002
  2.2401772e+002
  2.2584045e+002
  2.2766318e+002
  2.2948590e+002
  2.3130863e+002
  2.3313136e+002
  2.3495408e+002
  2.3677681e+002
  2.3859954e+002
  2.4042226e+002
  2.4224499e+002
  2.4406772e+002
  2.4589044e+002
  2.4771317e+002
  2.4953590e+002
  2.5135862e+002
  2.5318135e+002
  2.5500407e+002
  2.5682680e+002
  2.5864953e+002
  2.6047225e+002
  2.6229498e+002
  2.6411771e+002
  2.6594043e+002
  2.6776316e+002
  2.6958589e+002
  2.7140861e+002
  2.7323134e+002
  2.7505407e+002
  2.7687679e+002
  2.7869952e+002
  2.8052225e+002
  2.8234497e+002
  2.8416770e+002
  2.8599043e+002
  2.8781315e+002
  2.8963588e+002
  2.9145860e+002
  2.9328133e+002
  2.9510406e+002
  2.9692678e+002
  2.9874951e+002
  3.0057224e+002
  3.0239496e+002
  3.0421769e+002
  3.0604042e+002
  3.0786314e+002
  3.0968587e+002
  3.1150860e+002
  3.1333132e+002
  3.1515405e+002
  3.1697678e+002
  3.1879950e+002
  3.2062223e+002
  3.2244496e+002
  3.2426768e+002
  3.2609041e+002
  3.2791313e+002
  3.2973586e+002
  3.3155859e+002
  3.3338131e+002
  3.3520404e+002
  3.3702677e+002
  3.3884949e+002
  3.4067222e+002
  3.4249495e+002
  3.4431767e+002
  3.4614040e+002
  3.4796313e+002
  3.4978585e+002
  3.5160858e+002
  3.5343131e+002
  3.5525403e+002
  3.5707676e+002
  3.5889949e+002
  3.6072221e+002
  3.6254494e+002
  3.6436766e+002
  3.6619039e+002
  3.6801312e+002
  3.6983584e+002
  3.7165857e+002
  3.7348130e+002
  3.7530402e+002
  3.7712675e+002
  3.7894948e+002
  3.8077220e+002
  3.8259493e+002
  3.8441766e+002
  3.8624038e+002
  3.8806311e+002
  3.8988584e+002
  3.9170856e+002
  3.9087805e+002
  3.8888526e+002
  3.8689248e+002
  3.8489969e+002
  3.8290690e+002
  3.8091411e+002
  3.7892132e+002
  3.7692854e+002
  3.7493575e+002
  3.7294296e+002
  3.7095017e+002
  3.6895738e+002
  3.6696459e+002
  3.6497181e+002
  3.6297902e+002
  3.6098623e+002
  3.5899344e+002
  3.5700065e+002
  3.5500787e+002
  3.5301508e+002
  3.5102229e+002
  3.4902950e+002
  3.4703671e+002
  3.4504392e+002
  3.4305114e+002
  3.4105835e+002
  3.3906556e+002
  3.3707277e+002
  3.3507998e+002
  3.3308720e+002
  3.3109441e+002
  3.2910162e+002
  3.2710883e+002
  3.2511604e+002
  3.2312325e+002
  3.2113047e+002
  3.1913768e+002
  3.1714489e+002
  3.1515210e+002
  3.1315931e+002
  3.1116653e+002
  3.0917374e+002
  3.0718095e+002
  3.0518816e+002
  3.0319537e+002
  3.0120258e+002
  2.9920980e+002
  2.9721701e+002
  2.9522422e+002
  2.9323143e+002
  2.9123864e+002
  2.8924586e+002
  2.8725307e+002
  2.8526028e+002
  2.8326749e+002
  2.8127470e+002
  2.7928191e+002
  2.7728913e+002
  2.7529634e+002
  2.7330355e+002
  2.7131076e+002
  2.6931797e+002
  2.6732519e+002
  2.6533240e+002
  2.6333961e+002
  2.6134682e+002
  2.5935403e+002
  2.5736124e+002
  2.5536846e+002
  2.5337567e+002
  2.5138288e+002
  2.4939009e+002
  2.4739730e+002
  2.4540452e+002
  2.4341173e+002
  2.4141894e+002
  2.3942615e+002
  2.3743336e+002
  2.3544057e+002
  2.3344779e+002
  2.3145500e+002
  2.2946221e+002
  2.2746942e+002
  2.2547663e+002
  2.2348385e+002
  2.2149106e+002
  2.1949827e+002
  2.1750548e+002
  2.1551269e+002
  2.1351990e+002
  2.1152712e+002
  2.0953433e+002
  2.0754154e+002
  2.0554875e+002
  2.0355596e+002
  2.0156318e+002
  1.9957039e+002
  1.9757760e+002
  1.9558481e+002
  1.9359202e+002
  1.9159923e+002
  1.8960645e+002
  1.8761366e+002
  1.8562087e+002
  1.8362808e+002
  1.8163529e+002
  1.7964251e+002
  1.7764972e+002
  1.7565693e+002
  1.7366414e+002
  1.7167135e+002
  1.6967857e+002
  1.6768578e+002
  1.6569299e+002
  1.6370020e+002
  1.6170741e+002
  1.5971462e+002
  1.5772184e+002
  1.5572905e+002
  1.5373626e+002
  1.5174347e+002
  1.4975068e+002
  1.4775790e+002
  1.4576511e+002
  1.4377232e+002
  1.4177953e+002
  1.3978674e+002
  1.3779395e+002
  1.3580117e+002
  1.3380838e+002
  1.3181559e+002
  1.2982280e+002
  1.2783001e+002
  1.2583723e+002
  1.2384444e+002
  1.2185165e+002
  1.1985886e+002
  1.1786607e+002
  1.1587328e+002
  1.1388050e+002
  1.1188771e+002
  1.0989492e+002
  1.0790213e+002
  1.0590934e+002
  1.0391656e+002
  1.0192377e+002
  9.9930979e+001
