  7.7843967e+001
  7.7843967e+001
  7.7843967e+001
  7.7843967e+001
  7.7843967e+001
  7.7843967e+001
  7.7843967e+001
  7.7843967e+001
  7.7843967e+001
  7.7843967e+001
  7.7843967e+001
  8.0055111e+001
  8.2266254e+001
  8.4477398e+001
  8.6688541e+001
  8.8899685e+001
  9.1110829e+001
  9.3321972e+001
  9.5533116e+001
  9.7744260e+001
  9.9955403e+001
  1.0216655e+002
  1.0437769e+002
  1.0658883e+002
  1.0879998e+002
  1.1101112e+002
  1.1322226e+002
  1.1543341e+002
  1.1764455e+002
  1.1985570e+002
  1.2206684e+002
  1.2427798e+002
  1.2648913e+002
  1.2870027e+002
  1.3091141e+002
  1.3312256e+002
  1.3533370e+002
  1.3754484e+002
  1.3975599e+002
  1.4196713e+002
  1.4417828e+002
  1.4638942e+002
  1.4860056e+002
  1.5081171e+002
  1.5302285e+002
  1.5523399e+002
  1.5744514e+002
  1.5965628e+002
  1.6186742e+002
  1.6407857e+002
  1.6628971e+002
  1.6850086e+002
  1.7071200e+002
  1.7292314e+002
  1.7484949e+002
  1.7420019e+002
  1.7355089e+002
  1.7290159e+002
  1.7225229e+002
  1.7160298e+002
  1.7095368e+002
  1.7030438e+002
  1.6965508e+002
  1.6900578e+002
  1.6835648e+002
  1.6770718e+002
  1.6705787e+002
  1.6640857e+002
  1.6575927e+002
  1.6510997e+002
  1.6446067e+002
  1.6381137e+002
  1.6316207e+002
  1.6251277e+002
  1.6186346e+002
  1.6121416e+002
  1.6056486e+002
  1.5991556e+002
  1.5926626e+002
  1.5861696e+002
  1.5796766e+002
  1.5731836e+002
  1.5666905e+002
  1.5601975e+002
  1.5537045e+002
  1.5472115e+002
  1.5407185e+002
  1.5342255e+002
  1.5277325e+002
  1.5212395e+002
  1.5147464e+002
  1.5082534e+002
  1.5017604e+002
  1.4952674e+002
  1.4887744e+002
  1.4822814e+002
  1.4757884e+002
  1.4692953e+002
  1.4628023e+002
  1.4563093e+002
  1.4498163e+002
  1.4433233e+002
  1.4368303e+002
  1.4303373e+002
  1.4238443e+002
  1.4173512e+002
  1.4108582e+002
  1.4043652e+002
  1.3978722e+002
  1.3913792e+002
  1.3848862e+002
  1.3783932e+002
  1.3719002e+002
  1.3654071e+002
  1.3589141e+002
  1.3524211e+002
  1.3459281e+002
  1.3394351e+002
  1.3329421e+002
  1.3264491e+002
  1.3199560e+002
  1.3134630e+002
  1.3069700e+002
  1.3004770e+002
  1.2939840e+002
  1.2874910e+002
  1.2809980e+002
  1.2745050e+002
  1.2680119e+002
  1.2615189e+002
  1.2550259e+002
  1.2485329e+002
  1.2420399e+002
  1.2355469e+002
  1.2290539e+002
  1.2225609e+002
  1.2160678e+002
  1.2095748e+002
  1.2030818e+002
  1.1965888e+002
  1.1900958e+002
  1.1836028e+002
  1.1771098e+002
  1.1706168e+002
  1.1641237e+002
  1.1576307e+002
  1.1511377e+002
  1.1446447e+002
  1.1381517e+002
  1.1316587e+002
  1.1251657e+002
  1.1186726e+002
  1.1121796e+002
  1.1056866e+002
  1.0991936e+002
  1.0927006e+002
  1.0862076e+002
  1.0797146e+002
  1.0732216e+002
  1.0667285e+002
  1.0602355e+002
  1.0537425e+002
  1.0472495e+002
  1.0407565e+002
  1.0342635e+002
  1.0277705e+002
  1.0212775e+002
  1.0147844e+002
  1.0082914e+002
  1.0017984e+002
  9.9530540e+001
  9.8881239e+001
  9.8231938e+001
  9.7582636e+001
  9.6933335e+001
  9.6284034e+001
  9.5634732e+001
  9.4985431e+001
  9.4336130e+001
  9.3686828e+001
  9.3037527e+001
  9.2388226e+001
  9.1738925e+001
  9.1089623e+001
  9.0440322e+001
  8.9791021e+001
  8.9141719e+001
  8.8492418e+001
  8.7843117e+001
  8.7193816e+001
  8.6544514e+001
  8.5895213e+001
  8.5245912e+001
  8.4596610e+001
  8.3947309e+001
  8.3298008e+001
  8.2648706e+001
  8.1999405e+001
  8.1350104e+001
  8.0700803e+001
  8.0051501e+001
  7.9402200e+001
  7.8752899e+001
  7.8103597e+001
  7.7454296e+001
  7.6804995e+001
  7.6155693e+001
  7.5506392e+001
  7.4857091e+001
  7.4207790e+001
  7.3558488e+001
  7.2909187e+001
  7.2259886e+001
  7.1610584e+001
  7.0961283e+001
  7.0311982e+001
  6.9662681e+001
  6.9013379e+001
  6.8364078e+001
  6.7714777e+001
  6.7065475e+001
  6.6416174e+001
  6.5766873e+001
  6.5117571e+001
  6.4468270e+001
  6.3818969e+001
  6.3169668e+001
  6.2520366e+001
  6.1871065e+001
  6.1221764e+001
  6.0572462e+001
  5.9923161e+001
  5.9273860e+001
  5.8624558e+001
  5.7975257e+001
  5.7325956e+001
  5.6676655e+001
  5.6027353e+001
  5.5378052e+001
  5.4728751e+001
  5.4079449e+001
  5.3430148e+001
  5.2780847e+001
  5.2131546e+001
  5.1482244e+001
  5.0832943e+001
  5.0183642e+001
  4.9534340e+001
  4.8885039e+001
  4.8235738e+001
  4.7586436e+001
  4.6937135e+001
  4.6287834e+001
  4.5638533e+001
  4.4989231e+001
  4.4339930e+001
