  1.0742803e+001
  1.0742803e+001
  1.0742803e+001
  1.0742803e+001
  1.0742803e+001
  1.0742803e+001
  1.0742803e+001
  1.0742803e+001
  1.0742803e+001
  1.0742803e+001
  1.0742803e+001
  1.0742803e+001
  1.0742803e+001
  1.0742803e+001
  1.1120442e+001
  1.1523257e+001
  1.1926072e+001
  1.2328887e+001
  1.2731702e+001
  1.3134516e+001
  1.3537331e+001
  1.3940146e+001
  1.4342961e+001
  1.4745776e+001
  1.5148591e+001
  1.5551406e+001
  1.5954221e+001
  1.6357036e+001
  1.6759851e+001
  1.7162665e+001
  1.7565480e+001
  1.7968295e+001
  1.8371110e+001
  1.8773925e+001
  1.9176740e+001
  1.9579555e+001
  1.9982370e+001
  2.0385185e+001
  2.0788000e+001
  2.1190814e+001
  2.1593629e+001
  2.1996444e+001
  2.2399259e+001
  2.2802074e+001
  2.3204889e+001
  2.3607704e+001
  2.4010519e+001
  2.4413334e+001
  2.4816149e+001
  2.5218963e+001
  2.5621778e+001
  2.6024593e+001
  2.6427408e+001
  2.6830223e+001
  2.7233038e+001
  2.7635853e+001
  2.8038668e+001
  2.8441483e+001
  2.8844298e+001
  2.9247113e+001
  2.9649927e+001
  3.0052742e+001
  3.0455557e+001
  3.0858372e+001
  3.1261187e+001
  3.1664002e+001
  3.2066817e+001
  3.2469632e+001
  3.2872447e+001
  3.3275262e+001
  3.3678076e+001
  3.4080891e+001
  3.4483706e+001
  3.4886521e+001
  3.5289336e+001
  3.5124591e+001
  3.4932549e+001
  3.4740508e+001
  3.4548467e+001
  3.4356426e+001
  3.4164385e+001
  3.3972344e+001
  3.3780303e+001
  3.3588261e+001
  3.3396220e+001
  3.3204179e+001
  3.3012138e+001
  3.2820097e+001
  3.2628056e+001
  3.2436014e+001
  3.2243973e+001
  3.2051932e+001
  3.1859891e+001
  3.1667850e+001
  3.1475809e+001
  3.1283768e+001
  3.1091726e+001
  3.0899685e+001
  3.0707644e+001
  3.0515603e+001
  3.0323562e+001
  3.0131521e+001
  2.9939479e+001
  2.9747438e+001
  2.9555397e+001
  2.9363356e+001
  2.9171315e+001
  2.8979274e+001
  2.8787233e+001
  2.8595191e+001
  2.8403150e+001
  2.8211109e+001
  2.8019068e+001
  2.7827027e+001
  2.7634986e+001
  2.7442944e+001
  2.7250903e+001
  2.7058862e+001
  2.6866821e+001
  2.6674780e+001
  2.6482739e+001
  2.6290698e+001
  2.6098656e+001
  2.5906615e+001
  2.5714574e+001
  2.5522533e+001
  2.5330492e+001
  2.5138451e+001
  2.4946409e+001
  2.4754368e+001
  2.4562327e+001
  2.4370286e+001
  2.4178245e+001
  2.3986204e+001
  2.3794162e+001
  2.3602121e+001
  2.3410080e+001
  2.3218039e+001
  2.3025998e+001
  2.2833957e+001
  2.2641916e+001
  2.2449874e+001
  2.2257833e+001
  2.2065792e+001
  2.1873751e+001
  2.1681710e+001
  2.1489669e+001
  2.1297627e+001
  2.1105586e+001
  2.0913545e+001
  2.0721504e+001
  2.0529463e+001
  2.0337422e+001
  2.0145381e+001
  1.9953339e+001
  1.9761298e+001
  1.9569257e+001
  1.9377216e+001
  1.9185175e+001
  1.8993134e+001
  1.8801092e+001
  1.8609051e+001
  1.8417010e+001
  1.8224969e+001
  1.8032928e+001
  1.7840887e+001
  1.7648846e+001
  1.7456804e+001
  1.7264763e+001
  1.7072722e+001
  1.6880681e+001
  1.6688640e+001
  1.6496599e+001
  1.6304557e+001
  1.6112516e+001
  1.5920475e+001
  1.5728434e+001
  1.5536393e+001
  1.5344352e+001
  1.5152311e+001
  1.4960269e+001
  1.4768228e+001
  1.4576187e+001
  1.4384146e+001
  1.4192105e+001
  1.4000064e+001
  1.3808022e+001
  1.3615981e+001
  1.3423940e+001
  1.3231899e+001
  1.3039858e+001
  1.2847817e+001
  1.2655776e+001
  1.2463734e+001
  1.2271693e+001
  1.2079652e+001
  1.1887611e+001
  1.1695570e+001
  1.1503529e+001
  1.1311487e+001
  1.1119446e+001
  1.0927405e+001
  1.0735364e+001
  1.0543323e+001
  1.0351282e+001
  1.0159241e+001
  9.9671994e+000
  9.7751582e+000
  9.5831170e+000
  9.3910759e+000
  9.1990347e+000
  9.0069936e+000
  8.8269550e+000
  8.8269550e+000
  8.8269550e+000
  8.8269550e+000
  8.8269550e+000
  8.8269550e+000
  8.8269550e+000
  8.8269550e+000
  8.8269550e+000
  8.8269550e+000
  8.8269550e+000
  8.8269550e+000
  8.8269550e+000
  8.8269550e+000
  8.8269550e+000
  8.8269550e+000
  8.8269550e+000
  8.8269550e+000
  8.8269550e+000
  8.8269550e+000
  8.8269550e+000
  8.8269550e+000
  8.8269550e+000
  8.8269550e+000
  8.8269550e+000
  8.8269550e+000
  8.8269550e+000
  8.8269550e+000
  8.8269550e+000
  8.8269550e+000
  8.8269550e+000
  8.8269550e+000
  8.8269550e+000
  8.8269550e+000
  8.8269550e+000
  8.8269550e+000
  8.8269550e+000
  8.8269550e+000
  8.8269550e+000
  8.8269550e+000
  8.8269550e+000
  8.8269550e+000
  8.8269550e+000
  8.8269550e+000
