  2.5500000e+002
  2.5400000e+002
  2.5000000e+002
  2.4400000e+002
  2.3600000e+002
  2.2800000e+002
  2.1800000e+002
  2.0800000e+002
  1.9800000e+002
  1.8700000e+002
  1.7500000e+002
  1.6400000e+002
  1.5300000e+002
  1.4200000e+002
  1.3300000e+002
  1.2300000e+002
  1.1500000e+002
  1.0600000e+002
  9.8000000e+001
  9.1000000e+001
  8.4000000e+001
  7.8000000e+001
  7.2000000e+001
  6.6000000e+001
  6.1000000e+001
  5.6000000e+001
  5.1000000e+001
  4.7000000e+001
  4.3000000e+001
  4.0000000e+001
  3.6000000e+001
  3.3000000e+001
  3.0000000e+001
  2.8000000e+001
  2.6000000e+001
  2.4000000e+001
  2.2000000e+001
  2.1000000e+001
  1.9000000e+001
  1.8000000e+001
  1.7000000e+001
  1.7000000e+001
  1.6000000e+001
  1.6000000e+001
  1.6000000e+001
  1.6000000e+001
  1.6000000e+001
  1.6000000e+001
  1.6000000e+001
  1.6000000e+001
  1.6000000e+001
  1.6000000e+001
  1.6000000e+001
  1.6000000e+001
  1.6000000e+001
  1.6000000e+001
  1.6000000e+001
  1.6000000e+001
  1.6000000e+001
  1.6000000e+001
  1.6000000e+001
  1.6000000e+001
  1.6000000e+001
  1.6000000e+001
  1.6000000e+001
  1.6000000e+001
  1.6000000e+001
  1.6000000e+001
  1.6000000e+001
  1.6000000e+001
  1.6000000e+001
  1.6000000e+001
  1.6000000e+001
  1.6000000e+001
  1.6000000e+001
  1.6000000e+001
  1.6000000e+001
  1.6000000e+001
  1.6000000e+001
  1.6000000e+001
  1.6000000e+001
  1.6000000e+001
  1.6000000e+001
  1.6000000e+001
  1.6000000e+001
  1.6000000e+001
  1.6000000e+001
  1.6000000e+001
  1.6000000e+001
  1.6000000e+001
  1.6000000e+001
  1.6000000e+001
  1.6000000e+001
  1.6000000e+001
  1.6000000e+001
  1.6000000e+001
  1.6000000e+001
  1.6000000e+001
  1.6000000e+001
  1.6000000e+001
  1.6000000e+001
  1.6000000e+001
  1.6000000e+001
  1.6000000e+001
  1.6000000e+001
  1.6000000e+001
  1.6000000e+001
  1.6000000e+001
  1.6000000e+001
  1.6000000e+001
  1.6000000e+001
  1.6000000e+001
  1.6000000e+001
  1.6000000e+001
  1.6000000e+001
  1.6000000e+001
  1.6000000e+001
  1.6000000e+001
  1.6000000e+001
  1.6000000e+001
  1.6000000e+001
  1.6000000e+001
  1.6000000e+001
  1.6000000e+001
  1.6000000e+001
  1.6000000e+001
  1.6000000e+001
  1.6000000e+001
