  1.2676000e+001
  1.2676000e+001
  1.2676000e+001
  1.2676000e+001
  1.2676000e+001
  1.2676000e+001
  1.2676000e+001
  1.2676000e+001
  1.2676000e+001
  1.2676000e+001
  1.2676000e+001
  1.2951420e+001
  1.3226841e+001
  1.3502261e+001
  1.3777682e+001
  1.4053102e+001
  1.4328522e+001
  1.4603943e+001
  1.4879363e+001
  1.5154784e+001
  1.5430204e+001
  1.5705624e+001
  1.5981045e+001
  1.6256465e+001
  1.6531886e+001
  1.6807306e+001
  1.7082726e+001
  1.7358147e+001
  1.7633567e+001
  1.7908987e+001
  1.8184408e+001
  1.8459828e+001
  1.8735249e+001
  1.9010669e+001
  1.9286089e+001
  1.9561510e+001
  1.9836930e+001
  2.0112351e+001
  2.0387771e+001
  2.0663191e+001
  2.0938612e+001
  2.1214032e+001
  2.1489453e+001
  2.1764873e+001
  2.2040293e+001
  2.2315714e+001
  2.2591134e+001
  2.2866555e+001
  2.3141975e+001
  2.3417395e+001
  2.3692816e+001
  2.3968236e+001
  2.4243657e+001
  2.4519077e+001
  2.4794497e+001
  2.5069918e+001
  2.5345338e+001
  2.5620759e+001
  2.5896179e+001
  2.6171599e+001
  2.6447020e+001
  2.6722440e+001
  2.6997861e+001
  2.7273281e+001
  2.7548701e+001
  2.7824122e+001
  2.8099542e+001
  2.8374962e+001
  2.8650383e+001
  2.8925803e+001
  2.9201224e+001
  2.9476644e+001
  2.9752064e+001
  3.0027485e+001
  3.0302905e+001
  3.0578326e+001
  3.0853746e+001
  3.1129166e+001
  3.1404587e+001
  3.1680007e+001
  3.1955428e+001
  3.2230848e+001
  3.2506268e+001
  3.2781689e+001
  3.3057109e+001
  3.3332530e+001
  3.3607950e+001
  3.3883370e+001
  3.4158791e+001
  3.4434211e+001
  3.4709632e+001
  3.4985052e+001
  3.5260472e+001
  3.5535893e+001
  3.5811313e+001
  3.6086734e+001
  3.6362154e+001
  3.6637574e+001
  3.6912995e+001
  3.7188415e+001
  3.7463836e+001
  3.7739256e+001
  3.8014676e+001
  3.8290097e+001
  3.8565517e+001
  3.8840937e+001
  3.9116358e+001
  3.9391778e+001
  3.9667199e+001
  3.9525521e+001
  3.9295122e+001
  3.9064723e+001
  3.8834324e+001
  3.8603925e+001
  3.8373526e+001
  3.8143127e+001
  3.7912728e+001
  3.7682329e+001
  3.7451930e+001
  3.7221531e+001
  3.6991132e+001
  3.6760733e+001
  3.6530334e+001
  3.6299935e+001
  3.6069536e+001
  3.5839137e+001
  3.5608738e+001
  3.5378339e+001
  3.5147940e+001
  3.4917541e+001
  3.4687143e+001
  3.4456744e+001
  3.4226345e+001
  3.3995946e+001
  3.3765547e+001
  3.3535148e+001
  3.3304749e+001
  3.3074350e+001
  3.2843951e+001
  3.2613552e+001
  3.2383153e+001
  3.2152754e+001
  3.1922355e+001
  3.1691956e+001
  3.1461557e+001
  3.1231158e+001
  3.1000759e+001
  3.0770360e+001
  3.0539961e+001
  3.0309562e+001
  3.0079163e+001
  2.9848764e+001
  2.9618365e+001
  2.9387966e+001
  2.9157567e+001
  2.8927168e+001
  2.8696769e+001
  2.8466370e+001
  2.8235971e+001
  2.8005572e+001
  2.7775173e+001
  2.7544775e+001
  2.7314376e+001
  2.7083977e+001
  2.6853578e+001
  2.6623179e+001
  2.6392780e+001
  2.6162381e+001
  2.5931982e+001
  2.5701583e+001
  2.5471184e+001
  2.5240785e+001
  2.5010386e+001
  2.4779987e+001
  2.4549588e+001
  2.4319189e+001
  2.4088790e+001
  2.3858391e+001
  2.3627992e+001
  2.3397593e+001
  2.3167194e+001
  2.2936795e+001
  2.2706396e+001
  2.2475997e+001
  2.2245598e+001
  2.2015199e+001
  2.1784800e+001
  2.1554401e+001
  2.1324002e+001
  2.1093603e+001
  2.0863204e+001
  2.0632805e+001
  2.0402407e+001
  2.0172008e+001
  1.9941609e+001
  1.9711210e+001
  1.9480811e+001
  1.9250412e+001
  1.9020013e+001
  1.8789614e+001
  1.8559215e+001
  1.8328816e+001
  1.8098417e+001
  1.7868018e+001
  1.7637619e+001
  1.7407220e+001
  1.7176821e+001
  1.6946422e+001
  1.6716023e+001
  1.6485624e+001
  1.6255225e+001
  1.6024826e+001
  1.5794427e+001
  1.5564028e+001
  1.5333629e+001
  1.5103230e+001
  1.4872831e+001
  1.4642432e+001
  1.4412033e+001
  1.4181634e+001
  1.3951235e+001
  1.3720836e+001
  1.3490437e+001
  1.3260039e+001
  1.3029640e+001
  1.2928840e+001
  1.2928840e+001
  1.2928840e+001
  1.2928840e+001
  1.2928840e+001
  1.2928840e+001
  1.2928840e+001
  1.2928840e+001
  1.2928840e+001
  1.2928840e+001
  1.2928840e+001
  1.2928840e+001
  1.2928840e+001
  1.2928840e+001
  1.2928840e+001
  1.2928840e+001
  1.2928840e+001
  1.2928840e+001
  1.2928840e+001
  1.2928840e+001
  1.2928840e+001
  1.2928840e+001
  1.2928840e+001
  1.2928840e+001
  1.2928840e+001
  1.2928840e+001
  1.2928840e+001
  1.2928840e+001
  1.2928840e+001
  1.2928840e+001
  1.2928840e+001
