  1.6331900e+001
  1.6668742e+001
  1.7005584e+001
  1.7342427e+001
  1.7679269e+001
  1.8016111e+001
  1.8352953e+001
  1.8689796e+001
  1.9026638e+001
  1.9363480e+001
  1.9700322e+001
  2.0037165e+001
  2.0374007e+001
  2.0710849e+001
  2.1047691e+001
  2.1384534e+001
  2.1721376e+001
  2.2058218e+001
  2.2395060e+001
  2.2731903e+001
  2.3068745e+001
  2.3405587e+001
  2.3742429e+001
  2.4079272e+001
  2.4416114e+001
  2.4752956e+001
  2.5089798e+001
  2.5426640e+001
  2.5763483e+001
  2.6100325e+001
  2.6437167e+001
  2.6774009e+001
  2.7110852e+001
  2.7447694e+001
  2.7784536e+001
  2.8121378e+001
  2.8458221e+001
  2.8795063e+001
  2.9131905e+001
  2.9468747e+001
  2.9805590e+001
  3.0142432e+001
  3.0479274e+001
  3.0816116e+001
  3.1152959e+001
  3.1489801e+001
  3.1826643e+001
  3.2163485e+001
  3.2500328e+001
  3.2837170e+001
  3.3174012e+001
  3.3510854e+001
  3.3847696e+001
  3.4184539e+001
  3.4521381e+001
  3.4858223e+001
  3.5195065e+001
  3.5531908e+001
  3.5868750e+001
  3.6205592e+001
  3.6542434e+001
  3.6879277e+001
  3.7216119e+001
  3.7552961e+001
  3.7889803e+001
  3.8226646e+001
  3.8563488e+001
  3.8900330e+001
  3.9237172e+001
  3.9574015e+001
  3.9910857e+001
  4.0247699e+001
  4.0584541e+001
  4.0921384e+001
  4.1258226e+001
  4.1595068e+001
  4.1931910e+001
  4.2268752e+001
  4.2605595e+001
  4.2121347e+001
  4.1068640e+001
  4.0015934e+001
  3.8963227e+001
  3.7910521e+001
  3.6857814e+001
  3.5805108e+001
  3.4752401e+001
  3.3699695e+001
  3.2646988e+001
  3.1594282e+001
  3.0541576e+001
  2.9488869e+001
  2.8436163e+001
  2.7383456e+001
  2.6330750e+001
  2.5278043e+001
  2.4225337e+001
  2.3172630e+001
  2.2119924e+001
  2.1067217e+001
  2.0014511e+001
  1.8961804e+001
  1.7909098e+001
  1.6856391e+001
  1.5803685e+001
  1.4750978e+001
  1.3698272e+001
  1.2645565e+001
  1.1592859e+001
  1.0540152e+001
  9.4874460e+000
  8.4347395e+000
  7.3820330e+000
  6.3293265e+000
  5.2766201e+000
  4.2239136e+000
  3.1712071e+000
  2.1185006e+000
  1.0657942e+000
  1.0000000e+000
  1.0000000e+000
  1.0000000e+000
  1.0000000e+000
  1.0000000e+000
  1.0000000e+000
  1.0000000e+000
  1.0000000e+000
  1.0000000e+000
  1.0000000e+000
  1.0000000e+000
  1.0000000e+000
  1.0000000e+000
  1.0000000e+000
  1.0000000e+000
  1.0000000e+000
  1.0000000e+000
  1.0000000e+000
  1.0000000e+000
  1.0000000e+000
  1.0000000e+000
  1.0000000e+000
  1.0000000e+000
  1.0000000e+000
  1.0000000e+000
  1.0000000e+000
  1.0000000e+000
  1.0000000e+000
  1.0000000e+000
  1.0000000e+000
  1.0000000e+000
  1.0000000e+000
  1.0000000e+000
  1.0000000e+000
  1.0000000e+000
  1.0000000e+000
  1.0000000e+000
  1.0000000e+000
  1.0000000e+000
  1.0000000e+000
  1.0000000e+000
  1.0000000e+000
  1.0000000e+000
  1.0000000e+000
  1.0000000e+000
  1.0000000e+000
  1.0000000e+000
  1.0000000e+000
  1.0000000e+000
  1.0000000e+000
  1.0000000e+000
  1.0000000e+000
  1.0000000e+000
  1.0000000e+000
  1.0000000e+000
  1.0000000e+000
  1.0000000e+000
  1.0000000e+000
  1.0000000e+000
  1.0000000e+000
  1.0000000e+000
  1.0000000e+000
  1.0000000e+000
  1.0000000e+000
  1.0000000e+000
  1.0000000e+000
  1.0000000e+000
  1.0000000e+000
  1.0000000e+000
  1.0000000e+000
  1.0000000e+000
  1.0000000e+000
  1.0000000e+000
  1.0000000e+000
  1.0000000e+000
  1.0000000e+000
  1.0000000e+000
  1.0000000e+000
  1.0000000e+000
  1.0000000e+000
  1.0000000e+000
  1.0000000e+000
  1.0000000e+000
  1.0000000e+000
  1.0000000e+000
  1.0000000e+000
  1.0000000e+000
  1.0000000e+000
  1.0000000e+000
  1.0000000e+000
  1.0000000e+000
  1.0000000e+000
  1.0000000e+000
  1.0000000e+000
  1.0000000e+000
  1.0000000e+000
  1.0000000e+000
  1.0000000e+000
  1.0000000e+000
  1.0000000e+000
  1.0000000e+000
  1.0000000e+000
  1.0000000e+000
  1.0000000e+000
  1.0000000e+000
  1.0000000e+000
  1.0000000e+000
  1.0000000e+000
  1.0000000e+000
  1.0000000e+000
  1.0000000e+000
  1.0000000e+000
  1.0000000e+000
  1.0000000e+000
  1.0000000e+000
  1.0000000e+000
  1.0000000e+000
  1.0000000e+000
  1.0000000e+000
  1.0000000e+000
  1.0000000e+000
  1.0000000e+000
  1.0000000e+000
  1.0000000e+000
  1.0000000e+000
  1.0000000e+000
  1.0000000e+000
  1.0000000e+000
  1.0000000e+000
  1.0000000e+000
  1.0000000e+000
  1.0000000e+000
  1.0000000e+000
  1.0000000e+000
  1.0000000e+000
  1.0000000e+000
  1.0000000e+000
