  1.6317700e+001
  1.6620547e+001
  1.6923394e+001
  1.7226240e+001
  1.7529087e+001
  1.7831934e+001
  1.8134781e+001
  1.8437627e+001
  1.8740474e+001
  1.9043321e+001
  1.9346168e+001
  1.9649015e+001
  1.9951861e+001
  2.0254708e+001
  2.0557555e+001
  2.0860402e+001
  2.1163249e+001
  2.1466095e+001
  2.1768942e+001
  2.2071789e+001
  2.2374636e+001
  2.2677482e+001
  2.2980329e+001
  2.3283176e+001
  2.3586023e+001
  2.3888870e+001
  2.4191716e+001
  2.4494563e+001
  2.4797410e+001
  2.5100257e+001
  2.5403103e+001
  2.5705950e+001
  2.6008797e+001
  2.6311644e+001
  2.6614491e+001
  2.6917337e+001
  2.7220184e+001
  2.7523031e+001
  2.7825878e+001
  2.8128724e+001
  2.8431571e+001
  2.8734418e+001
  2.9037265e+001
  2.9340112e+001
  2.9642958e+001
  2.9945805e+001
  3.0248652e+001
  3.0551499e+001
  3.0854346e+001
  3.1157192e+001
  3.1460039e+001
  3.1762886e+001
  3.2065733e+001
  3.2368579e+001
  3.2671426e+001
  3.2974273e+001
  3.3277120e+001
  3.3579967e+001
  3.3882813e+001
  3.4185660e+001
  3.4488507e+001
  3.4791354e+001
  3.5094200e+001
  3.5397047e+001
  3.5699894e+001
  3.6002741e+001
  3.6305588e+001
  3.6381063e+001
  3.5774423e+001
  3.5167782e+001
  3.4561142e+001
  3.3954502e+001
  3.3347862e+001
  3.2741222e+001
  3.2134582e+001
  3.1527942e+001
  3.0921302e+001
  3.0314661e+001
  2.9708021e+001
  2.9101381e+001
  2.8494741e+001
  2.7888101e+001
  2.7281461e+001
  2.6674821e+001
  2.6068181e+001
  2.5461541e+001
  2.4854900e+001
  2.4248260e+001
  2.3641620e+001
  2.3034980e+001
  2.2428340e+001
  2.1821700e+001
  2.1215060e+001
  2.0608420e+001
  2.0001780e+001
  1.9395139e+001
  1.8788499e+001
  1.8181859e+001
  1.7575219e+001
  1.6968579e+001
  1.6361939e+001
  1.5755299e+001
  1.5148659e+001
  1.4542018e+001
  1.3935378e+001
  1.3328738e+001
  1.2722098e+001
  1.2115458e+001
  1.1508818e+001
  1.0902178e+001
  1.0295538e+001
  9.6888975e+000
  9.0822574e+000
  8.4756173e+000
  7.8689772e+000
  7.2623371e+000
  6.6556970e+000
  6.0490568e+000
  5.4424167e+000
  4.8357766e+000
  4.2291365e+000
  3.6224964e+000
  3.0158563e+000
  2.4092162e+000
  1.8025760e+000
  1.1959359e+000
  8.5470085e-001
  8.5470085e-001
  8.5470085e-001
  8.5470085e-001
  8.5470085e-001
  8.5470085e-001
  8.5470085e-001
  8.5470085e-001
  8.5470085e-001
  8.5470085e-001
  8.5470085e-001
  8.5470085e-001
  8.5470085e-001
  8.5470085e-001
  8.5470085e-001
  8.5470085e-001
  8.5470085e-001
  8.5470085e-001
  8.5470085e-001
  8.5470085e-001
  8.5470085e-001
  8.5470085e-001
  8.5470085e-001
  8.5470085e-001
  8.5470085e-001
  8.5470085e-001
  8.5470085e-001
  8.5470085e-001
  8.5470085e-001
  8.5470085e-001
  8.5470085e-001
  8.5470085e-001
  8.5470085e-001
  8.5470085e-001
  8.5470085e-001
  8.5470085e-001
  8.5470085e-001
  8.5470085e-001
  8.5470085e-001
  8.5470085e-001
  8.5470085e-001
  8.5470085e-001
  8.5470085e-001
  8.5470085e-001
  8.5470085e-001
  8.5470085e-001
  8.5470085e-001
  8.5470085e-001
  8.5470085e-001
  8.5470085e-001
  8.5470085e-001
  8.5470085e-001
  8.5470085e-001
  8.5470085e-001
  8.5470085e-001
  8.5470085e-001
  8.5470085e-001
  8.5470085e-001
  8.5470085e-001
  8.5470085e-001
  8.5470085e-001
  8.5470085e-001
  8.5470085e-001
  8.5470085e-001
  8.5470085e-001
  8.5470085e-001
  8.5470085e-001
  8.5470085e-001
  8.5470085e-001
  8.5470085e-001
  8.5470085e-001
  8.5470085e-001
  8.5470085e-001
  8.5470085e-001
  8.5470085e-001
  8.5470085e-001
  8.5470085e-001
  8.5470085e-001
  8.5470085e-001
  8.5470085e-001
  8.5470085e-001
  8.5470085e-001
  8.5470085e-001
  8.5470085e-001
  8.5470085e-001
  8.5470085e-001
  8.5470085e-001
  8.5470085e-001
  8.5470085e-001
  8.5470085e-001
  8.5470085e-001
  8.5470085e-001
  8.5470085e-001
  8.5470085e-001
  8.5470085e-001
  8.5470085e-001
  8.5470085e-001
  8.5470085e-001
  8.5470085e-001
  8.5470085e-001
  8.5470085e-001
  8.5470085e-001
  8.5470085e-001
  8.5470085e-001
  8.5470085e-001
  8.5470085e-001
  8.5470085e-001
  8.5470085e-001
  8.5470085e-001
  8.5470085e-001
  8.5470085e-001
  8.5470085e-001
  8.5470085e-001
  8.5470085e-001
  8.5470085e-001
  8.5470085e-001
  8.5470085e-001
  8.5470085e-001
  8.5470085e-001
  8.5470085e-001
  8.5470085e-001
  8.5470085e-001
  8.5470085e-001
  8.5470085e-001
  8.5470085e-001
  8.5470085e-001
  8.5470085e-001
  8.5470085e-001
  8.5470085e-001
  8.5470085e-001
