  3.5555600e+001
  3.6131939e+001
  3.6708278e+001
  3.7284617e+001
  3.7860956e+001
  3.8437295e+001
  3.9013634e+001
  3.9589973e+001
  4.0166312e+001
  4.0742651e+001
  4.1318990e+001
  4.1895329e+001
  4.2471668e+001
  4.3048007e+001
  4.3624346e+001
  4.4200685e+001
  4.4777024e+001
  4.5353363e+001
  4.5929702e+001
  4.6506042e+001
  4.7082381e+001
  4.7658720e+001
  4.8235059e+001
  4.8811398e+001
  4.9387737e+001
  4.9964076e+001
  5.0540415e+001
  5.1116754e+001
  5.1693093e+001
  5.2269432e+001
  5.2845771e+001
  5.3422110e+001
  5.3998449e+001
  5.4574788e+001
  5.5151127e+001
  5.5727466e+001
  5.6303805e+001
  5.6880144e+001
  5.7456483e+001
  5.8032822e+001
  5.8609161e+001
  5.9185500e+001
  5.9761839e+001
  6.0338178e+001
  6.0914517e+001
  6.1490856e+001
  6.2067195e+001
  6.2643534e+001
  6.3219873e+001
  6.3796212e+001
  6.4372551e+001
  6.4948890e+001
  6.5525229e+001
  6.6101568e+001
  6.6677907e+001
  6.7254246e+001
  6.7830586e+001
  6.8406925e+001
  6.8875200e+001
  6.8313009e+001
  6.7713338e+001
  6.7113668e+001
  6.6513998e+001
  6.5914327e+001
  6.5314657e+001
  6.4714986e+001
  6.4115316e+001
  6.3515645e+001
  6.2915975e+001
  6.2316304e+001
  6.1716634e+001
  6.1116963e+001
  6.0517293e+001
  5.9917623e+001
  5.9317952e+001
  5.8718282e+001
  5.8118611e+001
  5.7518941e+001
  5.6919270e+001
  5.6319600e+001
  5.5719929e+001
  5.5120259e+001
  5.4520588e+001
  5.3920918e+001
  5.3321247e+001
  5.2721577e+001
  5.2121907e+001
  5.1522236e+001
  5.0922566e+001
  5.0322895e+001
  4.9723225e+001
  4.9123554e+001
  4.8523884e+001
  4.7924213e+001
  4.7324543e+001
  4.6724872e+001
  4.6125202e+001
  4.5525532e+001
  4.4925861e+001
  4.4326191e+001
  4.3726520e+001
  4.3126850e+001
  4.2527179e+001
  4.1927509e+001
  4.1327838e+001
  4.0728168e+001
  4.0128497e+001
  3.9528827e+001
  3.8929156e+001
  3.8329486e+001
  3.7729816e+001
  3.7130145e+001
  3.6530475e+001
  3.5930804e+001
  3.5331134e+001
  3.4731463e+001
  3.4131793e+001
  3.3532122e+001
  3.2932452e+001
  3.2332781e+001
  3.1733111e+001
  3.1133441e+001
  3.0533770e+001
  2.9934100e+001
  2.9334429e+001
  2.8734759e+001
  2.8135088e+001
  2.7535418e+001
  2.6935747e+001
  2.6336077e+001
  2.5736406e+001
  2.5136736e+001
  2.4537065e+001
  2.3937395e+001
  2.3337725e+001
  2.2738054e+001
  2.2138384e+001
  2.1538713e+001
  2.0939043e+001
  2.0339372e+001
  1.9739702e+001
  1.9140031e+001
  1.8540361e+001
  1.7940690e+001
  1.7341020e+001
  1.6741350e+001
  1.6141679e+001
  1.5542009e+001
  1.4942338e+001
  1.4342668e+001
  1.3742997e+001
  1.3143327e+001
  1.2543656e+001
  1.1943986e+001
  1.1344315e+001
  1.0744645e+001
  1.0144974e+001
  9.5453040e+000
  8.9456336e+000
  8.3459631e+000
  7.7462927e+000
  7.1466222e+000
  6.5469517e+000
  5.9472813e+000
  5.3476108e+000
  4.7479404e+000
  4.1482699e+000
  3.5485994e+000
  2.9489290e+000
  2.3492585e+000
  1.7495881e+000
  1.1499176e+000
  1.0000000e+000
  1.0000000e+000
  1.0000000e+000
  1.0000000e+000
  1.0000000e+000
  1.0000000e+000
  1.0000000e+000
  1.0000000e+000
  1.0000000e+000
  1.0000000e+000
  1.0000000e+000
  1.0000000e+000
  1.0000000e+000
  1.0000000e+000
  1.0000000e+000
  1.0000000e+000
  1.0000000e+000
  1.0000000e+000
  1.0000000e+000
  1.0000000e+000
  1.0000000e+000
  1.0000000e+000
  1.0000000e+000
  1.0000000e+000
  1.0000000e+000
  1.0000000e+000
  1.0000000e+000
  1.0000000e+000
  1.0000000e+000
  1.0000000e+000
  1.0000000e+000
  1.0000000e+000
  1.0000000e+000
  1.0000000e+000
  1.0000000e+000
  1.0000000e+000
  1.0000000e+000
  1.0000000e+000
  1.0000000e+000
  1.0000000e+000
  1.0000000e+000
  1.0000000e+000
  1.0000000e+000
  1.0000000e+000
  1.0000000e+000
  1.0000000e+000
  1.0000000e+000
  1.0000000e+000
  1.0000000e+000
  1.0000000e+000
  1.0000000e+000
  1.0000000e+000
  1.0000000e+000
  1.0000000e+000
  1.0000000e+000
  1.0000000e+000
  1.0000000e+000
  1.0000000e+000
  1.0000000e+000
  1.0000000e+000
  1.0000000e+000
  1.0000000e+000
  1.0000000e+000
  1.0000000e+000
  1.0000000e+000
  1.0000000e+000
  1.0000000e+000
  1.0000000e+000
  1.0000000e+000
  1.0000000e+000
  1.0000000e+000
  1.0000000e+000
  1.0000000e+000
  1.0000000e+000
  1.0000000e+000
  1.0000000e+000
  1.0000000e+000
  1.0000000e+000
  1.0000000e+000
  1.0000000e+000
  1.0000000e+000
  1.0000000e+000
  1.0000000e+000
  1.0000000e+000
