  5.0671653e+001
  5.0671653e+001
  5.0671653e+001
  5.0671653e+001
  5.0671653e+001
  5.0671653e+001
  5.0671653e+001
  5.0671653e+001
  5.0671653e+001
  5.0671653e+001
  5.0671653e+001
  5.1318976e+001
  5.1966299e+001
  5.2613622e+001
  5.3260945e+001
  5.3908268e+001
  5.4555591e+001
  5.5202913e+001
  5.5850236e+001
  5.6497559e+001
  5.7144882e+001
  5.7792205e+001
  5.8439528e+001
  5.9086851e+001
  5.9734174e+001
  6.0381497e+001
  6.1028820e+001
  6.1676143e+001
  6.2323466e+001
  6.2970788e+001
  6.3618111e+001
  6.4265434e+001
  6.4912757e+001
  6.5560080e+001
  6.6207403e+001
  6.6854726e+001
  6.7502049e+001
  6.8149372e+001
  6.8796695e+001
  6.9444018e+001
  7.0091340e+001
  7.0738663e+001
  7.1385986e+001
  7.2033309e+001
  7.2680632e+001
  7.3327955e+001
  7.3975278e+001
  7.4622601e+001
  7.5269924e+001
  7.5917247e+001
  7.6564570e+001
  7.7211892e+001
  7.7859215e+001
  7.8506538e+001
  7.9153861e+001
  7.9801184e+001
  8.0448507e+001
  8.1095830e+001
  8.1743153e+001
  8.2390476e+001
  8.3037799e+001
  8.3685122e+001
  8.4332444e+001
  8.4979767e+001
  8.5627090e+001
  8.6274413e+001
  8.6921736e+001
  8.7569059e+001
  8.8216382e+001
  8.8863705e+001
  8.9511028e+001
  9.0158351e+001
  9.0805674e+001
  9.1452997e+001
  9.2100319e+001
  9.2747642e+001
  9.3394965e+001
  9.4042288e+001
  9.4689611e+001
  9.5336934e+001
  9.5984257e+001
  9.6631580e+001
  9.7278903e+001
  9.7926226e+001
  9.8573549e+001
  9.9220871e+001
  9.9868194e+001
  1.0051552e+002
  1.0116284e+002
  1.0181016e+002
  1.0245749e+002
  1.0310481e+002
  1.0375213e+002
  1.0439945e+002
  1.0504678e+002
  1.0569410e+002
  1.0634142e+002
  1.0698875e+002
  1.0763607e+002
  1.0828339e+002
  1.0893072e+002
  1.0957804e+002
  1.1022536e+002
  1.1087268e+002
  1.1152001e+002
  1.1216733e+002
  1.1281465e+002
  1.1346198e+002
  1.1410930e+002
  1.1475662e+002
  1.1540394e+002
  1.1605127e+002
  1.1669859e+002
  1.1734591e+002
  1.1797675e+002
  1.1735336e+002
  1.1672998e+002
  1.1610660e+002
  1.1548321e+002
  1.1485983e+002
  1.1423644e+002
  1.1361306e+002
  1.1298967e+002
  1.1236629e+002
  1.1174290e+002
  1.1111952e+002
  1.1049614e+002
  1.0987275e+002
  1.0924937e+002
  1.0862598e+002
  1.0800260e+002
  1.0737921e+002
  1.0675583e+002
  1.0613245e+002
  1.0550906e+002
  1.0488568e+002
  1.0426229e+002
  1.0363891e+002
  1.0301552e+002
  1.0239214e+002
  1.0176875e+002
  1.0114537e+002
  1.0052199e+002
  9.9898602e+001
  9.9275217e+001
  9.8651833e+001
  9.8028449e+001
  9.7405064e+001
  9.6781680e+001
  9.6158296e+001
  9.5534911e+001
  9.4911527e+001
  9.4288143e+001
  9.3664758e+001
  9.3041374e+001
  9.2417989e+001
  9.1794605e+001
  9.1171221e+001
  9.0547836e+001
  8.9924452e+001
  8.9301068e+001
  8.8677683e+001
  8.8054299e+001
  8.7430914e+001
  8.6807530e+001
  8.6184146e+001
  8.5560761e+001
  8.4937377e+001
  8.4313993e+001
  8.3690608e+001
  8.3067224e+001
  8.2443840e+001
  8.1820455e+001
  8.1197071e+001
  8.0573686e+001
  7.9950302e+001
  7.9326918e+001
  7.8703533e+001
  7.8080149e+001
  7.7456765e+001
  7.6833380e+001
  7.6209996e+001
  7.5586612e+001
  7.4963227e+001
  7.4339843e+001
  7.3716458e+001
  7.3093074e+001
  7.2469690e+001
  7.1846305e+001
  7.1222921e+001
  7.0599537e+001
  6.9976152e+001
  6.9352768e+001
  6.8729384e+001
  6.8105999e+001
  6.7482615e+001
  6.6859230e+001
  6.6235846e+001
  6.5612462e+001
  6.4989077e+001
  6.4365693e+001
  6.3742309e+001
  6.3118924e+001
  6.2495540e+001
  6.1872155e+001
  6.1248771e+001
  6.0625387e+001
  6.0002002e+001
  5.9378618e+001
  5.8755234e+001
  5.8131849e+001
  5.7508465e+001
  5.6885081e+001
  5.6261696e+001
  5.5638312e+001
  5.5014927e+001
  5.4391543e+001
  5.3768159e+001
  5.3144774e+001
  5.2521390e+001
  5.1898006e+001
  5.1274621e+001
  5.0651237e+001
  5.0027853e+001
  4.9404468e+001
  4.8781084e+001
  4.8157699e+001
  4.7534315e+001
  4.6910931e+001
  4.6287546e+001
  4.5664162e+001
  4.5040778e+001
  4.4417393e+001
  4.3794009e+001
  4.3170625e+001
  4.2547240e+001
  4.1923856e+001
  4.1300471e+001
  4.0677087e+001
  4.0053703e+001
  3.9430318e+001
  3.8806934e+001
  3.8183550e+001
  3.7560165e+001
  3.6936781e+001
  3.6313396e+001
  3.5690012e+001
  3.5066628e+001
  3.4443243e+001
  3.3819859e+001
  3.3196475e+001
  3.2573090e+001
  3.1949706e+001
  3.1326322e+001
  3.0702937e+001
  3.0079553e+001
