  2.1805804e+001
  2.1805804e+001
  2.1805804e+001
  2.1805804e+001
  2.1805804e+001
  2.1805804e+001
  2.1805804e+001
  2.1805804e+001
  2.1805804e+001
  2.1805804e+001
  2.1805804e+001
  2.1805804e+001
  2.1805804e+001
  2.1805804e+001
  2.1805804e+001
  2.1805804e+001
  2.1805804e+001
  2.1805804e+001
  2.1805804e+001
  2.1805804e+001
  2.2316259e+001
  2.2899637e+001
  2.3483015e+001
  2.4066392e+001
  2.4649770e+001
  2.5233148e+001
  2.5816525e+001
  2.6399903e+001
  2.6983280e+001
  2.7566658e+001
  2.8150036e+001
  2.8733413e+001
  2.9316791e+001
  2.9900169e+001
  3.0483546e+001
  3.1066924e+001
  3.1650301e+001
  3.2233679e+001
  3.2817057e+001
  3.3400434e+001
  3.3983812e+001
  3.4567190e+001
  3.5150567e+001
  3.5733945e+001
  3.6317322e+001
  3.6900700e+001
  3.7484078e+001
  3.8067455e+001
  3.8650833e+001
  3.9234211e+001
  3.9817588e+001
  4.0400966e+001
  4.0984343e+001
  4.1567721e+001
  4.2151099e+001
  4.2734476e+001
  4.3317854e+001
  4.3901232e+001
  4.4484609e+001
  4.5067987e+001
  4.5651364e+001
  4.6234742e+001
  4.6818120e+001
  4.7401497e+001
  4.7984875e+001
  4.8568253e+001
  4.9151630e+001
  4.9735008e+001
  5.0318385e+001
  5.0901763e+001
  5.1485141e+001
  5.2068518e+001
  5.2651896e+001
  5.3235274e+001
  5.3818651e+001
  5.4402029e+001
  5.4985406e+001
  5.5568784e+001
  5.6152162e+001
  5.6735539e+001
  5.7318917e+001
  5.7902295e+001
  5.8485672e+001
  5.9069050e+001
  5.9652427e+001
  6.0235805e+001
  6.0819183e+001
  6.1402560e+001
  6.1985938e+001
  6.2569316e+001
  6.3152693e+001
  6.3736071e+001
  6.4319448e+001
  6.4902826e+001
  6.5486204e+001
  6.6069581e+001
  6.6652959e+001
  6.7236337e+001
  6.7819714e+001
  6.8403092e+001
  6.8986469e+001
  6.9569847e+001
  7.0153225e+001
  7.0736602e+001
  7.1319980e+001
  7.1903358e+001
  7.2486735e+001
  7.3070113e+001
  7.3653490e+001
  7.4236868e+001
  7.4820246e+001
  7.5403623e+001
  7.5987001e+001
  7.6570378e+001
  7.7153756e+001
  7.7737134e+001
  7.8320511e+001
  7.8138113e+001
  7.7716889e+001
  7.7295665e+001
  7.6874441e+001
  7.6453216e+001
  7.6031992e+001
  7.5610768e+001
  7.5189544e+001
  7.4768319e+001
  7.4347095e+001
  7.3925871e+001
  7.3504647e+001
  7.3083422e+001
  7.2662198e+001
  7.2240974e+001
  7.1819750e+001
  7.1398525e+001
  7.0977301e+001
  7.0556077e+001
  7.0134853e+001
  6.9713628e+001
  6.9292404e+001
  6.8871180e+001
  6.8449956e+001
  6.8028732e+001
  6.7607507e+001
  6.7186283e+001
  6.6765059e+001
  6.6343835e+001
  6.5922610e+001
  6.5501386e+001
  6.5080162e+001
  6.4658938e+001
  6.4237713e+001
  6.3816489e+001
  6.3395265e+001
  6.2974041e+001
  6.2552816e+001
  6.2131592e+001
  6.1710368e+001
  6.1289144e+001
  6.0867919e+001
  6.0446695e+001
  6.0025471e+001
  5.9604247e+001
  5.9183023e+001
  5.8761798e+001
  5.8340574e+001
  5.7919350e+001
  5.7498126e+001
  5.7076901e+001
  5.6655677e+001
  5.6234453e+001
  5.5813229e+001
  5.5392004e+001
  5.4970780e+001
  5.4549556e+001
  5.4128332e+001
  5.3707107e+001
  5.3285883e+001
  5.2864659e+001
  5.2443435e+001
  5.2022211e+001
  5.1600986e+001
  5.1179762e+001
  5.0758538e+001
  5.0337314e+001
  4.9916089e+001
  4.9494865e+001
  4.9073641e+001
  4.8652417e+001
  4.8231192e+001
  4.7809968e+001
  4.7388744e+001
  4.6967520e+001
  4.6546295e+001
  4.6125071e+001
  4.5703847e+001
  4.5282623e+001
  4.4861398e+001
  4.4440174e+001
  4.4018950e+001
  4.3597726e+001
  4.3176502e+001
  4.2755277e+001
  4.2334053e+001
  4.1912829e+001
  4.1491605e+001
  4.1070380e+001
  4.0649156e+001
  4.0227932e+001
  3.9806708e+001
  3.9385483e+001
  3.8964259e+001
  3.8543035e+001
  3.8121811e+001
  3.7700586e+001
  3.7279362e+001
  3.6858138e+001
  3.6436914e+001
  3.6015689e+001
  3.5594465e+001
  3.5173241e+001
  3.4752017e+001
  3.4330793e+001
  3.3909568e+001
  3.3488344e+001
  3.3067120e+001
  3.2645896e+001
  3.2224671e+001
  3.1803447e+001
  3.1382223e+001
  3.0960999e+001
  3.0539774e+001
  3.0118550e+001
  2.9697326e+001
  2.9276102e+001
  2.8854877e+001
  2.8433653e+001
  2.8012429e+001
  2.7591205e+001
  2.7169981e+001
  2.6748756e+001
  2.6327532e+001
  2.5906308e+001
  2.5485084e+001
  2.5063859e+001
  2.4642635e+001
  2.4221411e+001
  2.3800187e+001
  2.3378962e+001
  2.2957738e+001
  2.2536514e+001
  2.2115290e+001
  2.1694065e+001
  2.1272841e+001
  2.0851617e+001
  2.0430393e+001
  2.0009168e+001
