  1.0185747e+002
  1.0185747e+002
  1.0185747e+002
  1.0185747e+002
  1.0185747e+002
  1.0185747e+002
  1.0185747e+002
  1.0185747e+002
  1.0185747e+002
  1.0185747e+002
  1.0185747e+002
  1.0185747e+002
  1.0329831e+002
  1.0507165e+002
  1.0684500e+002
  1.0861834e+002
  1.1039168e+002
  1.1216502e+002
  1.1393837e+002
  1.1571171e+002
  1.1748505e+002
  1.1925839e+002
  1.2103174e+002
  1.2280508e+002
  1.2457842e+002
  1.2635176e+002
  1.2812511e+002
  1.2989845e+002
  1.3167179e+002
  1.3344513e+002
  1.3521848e+002
  1.3699182e+002
  1.3876516e+002
  1.4053851e+002
  1.4231185e+002
  1.4408519e+002
  1.4585853e+002
  1.4763188e+002
  1.4940522e+002
  1.5117856e+002
  1.5295190e+002
  1.5472525e+002
  1.5649859e+002
  1.5827193e+002
  1.6004527e+002
  1.6181862e+002
  1.6359196e+002
  1.6536530e+002
  1.6713864e+002
  1.6891199e+002
  1.7068533e+002
  1.7245867e+002
  1.7423201e+002
  1.7600536e+002
  1.7777870e+002
  1.7955204e+002
  1.8132538e+002
  1.8309873e+002
  1.8487207e+002
  1.8664541e+002
  1.8841875e+002
  1.9019210e+002
  1.9196544e+002
  1.9373878e+002
  1.9551213e+002
  1.9728547e+002
  1.9905881e+002
  2.0083215e+002
  2.0260550e+002
  2.0437884e+002
  2.0615218e+002
  2.0792552e+002
  2.0969887e+002
  2.1147221e+002
  2.1324555e+002
  2.1501889e+002
  2.1679224e+002
  2.1856558e+002
  2.2033892e+002
  2.2211226e+002
  2.2388561e+002
  2.2565895e+002
  2.2743229e+002
  2.2920563e+002
  2.3097898e+002
  2.3275232e+002
  2.3452566e+002
  2.3629900e+002
  2.3807235e+002
  2.3984569e+002
  2.4161903e+002
  2.4339237e+002
  2.4516572e+002
  2.4693906e+002
  2.4871240e+002
  2.5048575e+002
  2.5225909e+002
  2.5403243e+002
  2.5580577e+002
  2.5757912e+002
  2.5935246e+002
  2.6112580e+002
  2.6289914e+002
  2.6467249e+002
  2.6644583e+002
  2.6821917e+002
  2.6999251e+002
  2.7176586e+002
  2.7353920e+002
  2.7531254e+002
  2.7708588e+002
  2.7885923e+002
  2.8063257e+002
  2.8240591e+002
  2.8417925e+002
  2.8595260e+002
  2.8772594e+002
  2.8949928e+002
  2.9127262e+002
  2.9304597e+002
  2.9481931e+002
  2.9659265e+002
  2.9836599e+002
  3.0013934e+002
  3.0191268e+002
  3.0368602e+002
  3.0545937e+002
  3.0723271e+002
  3.0900605e+002
  3.1077939e+002
  3.1255274e+002
  3.1432608e+002
  3.1609942e+002
  3.1787276e+002
  3.1964611e+002
  3.2141945e+002
  3.2319279e+002
  3.2496613e+002
  3.2673948e+002
  3.2851282e+002
  3.3028616e+002
  3.3205950e+002
  3.3383285e+002
  3.3560619e+002
  3.3737953e+002
  3.3915287e+002
  3.4092622e+002
  3.4269956e+002
  3.4447290e+002
  3.4624624e+002
  3.4801959e+002
  3.4979293e+002
  3.5156627e+002
  3.5333962e+002
  3.5511296e+002
  3.5688630e+002
  3.5865964e+002
  3.6043299e+002
  3.6220633e+002
  3.6397967e+002
  3.6575301e+002
  3.6752636e+002
  3.6929970e+002
  3.7107304e+002
  3.7284638e+002
  3.7461973e+002
  3.7639307e+002
  3.7816641e+002
  3.7993975e+002
  3.8171310e+002
  3.8348644e+002
  3.8525978e+002
  3.8703312e+002
  3.8880647e+002
  3.9057981e+002
  3.9235315e+002
  3.9244460e+002
  3.8876614e+002
  3.8508769e+002
  3.8140923e+002
  3.7773078e+002
  3.7405232e+002
  3.7037386e+002
  3.6669541e+002
  3.6301695e+002
  3.5933849e+002
  3.5566004e+002
  3.5198158e+002
  3.4830313e+002
  3.4462467e+002
  3.4094621e+002
  3.3726776e+002
  3.3358930e+002
  3.2991084e+002
  3.2623239e+002
  3.2255393e+002
  3.1887547e+002
  3.1519702e+002
  3.1151856e+002
  3.0784011e+002
  3.0416165e+002
  3.0048319e+002
  2.9680474e+002
  2.9312628e+002
  2.8944782e+002
  2.8576937e+002
  2.8209091e+002
  2.7841245e+002
  2.7473400e+002
  2.7105554e+002
  2.6737709e+002
  2.6369863e+002
  2.6002017e+002
  2.5634172e+002
  2.5266326e+002
  2.4898480e+002
  2.4530635e+002
  2.4162789e+002
  2.3794943e+002
  2.3427098e+002
  2.3059252e+002
  2.2691407e+002
  2.2323561e+002
  2.1955715e+002
  2.1587870e+002
  2.1220024e+002
  2.0852178e+002
  2.0484333e+002
  2.0116487e+002
  1.9748642e+002
  1.9380796e+002
  1.9012950e+002
  1.8645105e+002
  1.8277259e+002
  1.7909413e+002
  1.7541568e+002
  1.7173722e+002
  1.6805876e+002
  1.6438031e+002
  1.6070185e+002
  1.5702340e+002
  1.5334494e+002
  1.4966648e+002
  1.4598803e+002
  1.4230957e+002
  1.3863111e+002
  1.3495266e+002
  1.3127420e+002
  1.2759574e+002
  1.2391729e+002
  1.2023883e+002
  1.1656038e+002
  1.1288192e+002
  1.0920346e+002
  1.0552501e+002
  1.0184655e+002
