  7.0334071e+001
  7.0334071e+001
  7.0334071e+001
  7.0334071e+001
  7.0334071e+001
  7.0334071e+001
  7.0334071e+001
  7.0334071e+001
  7.0334071e+001
  7.0334071e+001
  7.0334071e+001
  7.0334071e+001
  7.0636819e+001
  7.1847809e+001
  7.3058799e+001
  7.4269790e+001
  7.5480780e+001
  7.6691771e+001
  7.7902761e+001
  7.9113752e+001
  8.0324742e+001
  8.1535732e+001
  8.2746723e+001
  8.3957713e+001
  8.5168704e+001
  8.6379694e+001
  8.7590685e+001
  8.8801675e+001
  9.0012666e+001
  9.1223656e+001
  9.2434646e+001
  9.3645637e+001
  9.4856627e+001
  9.6067618e+001
  9.7278608e+001
  9.8489599e+001
  9.9700589e+001
  1.0091158e+002
  1.0212257e+002
  1.0333356e+002
  1.0454455e+002
  1.0575554e+002
  1.0696653e+002
  1.0817752e+002
  1.0938851e+002
  1.1059950e+002
  1.1181049e+002
  1.1302148e+002
  1.1423247e+002
  1.1544346e+002
  1.1665445e+002
  1.1786545e+002
  1.1907644e+002
  1.2028743e+002
  1.2149842e+002
  1.2270941e+002
  1.2392040e+002
  1.2513139e+002
  1.2634238e+002
  1.2755337e+002
  1.2876436e+002
  1.2997535e+002
  1.3118634e+002
  1.3239733e+002
  1.3360832e+002
  1.3481931e+002
  1.3603030e+002
  1.3724129e+002
  1.3845228e+002
  1.3966327e+002
  1.4087426e+002
  1.4208525e+002
  1.4329624e+002
  1.4450723e+002
  1.4571823e+002
  1.4692922e+002
  1.4814021e+002
  1.4935120e+002
  1.5056219e+002
  1.5177318e+002
  1.5298417e+002
  1.5419516e+002
  1.5540615e+002
  1.5661714e+002
  1.5782813e+002
  1.5903912e+002
  1.6025011e+002
  1.6146110e+002
  1.6267209e+002
  1.6388308e+002
  1.6509407e+002
  1.6630506e+002
  1.6751605e+002
  1.6872704e+002
  1.6993803e+002
  1.7114902e+002
  1.7236001e+002
  1.7357101e+002
  1.7478200e+002
  1.7599299e+002
  1.7720398e+002
  1.7841497e+002
  1.7962596e+002
  1.8083695e+002
  1.8204794e+002
  1.8325893e+002
  1.8446992e+002
  1.8568091e+002
  1.8689190e+002
  1.8810289e+002
  1.8931388e+002
  1.9052487e+002
  1.9173586e+002
  1.9294685e+002
  1.9415784e+002
  1.9536883e+002
  1.9657982e+002
  1.9779081e+002
  1.9900180e+002
  2.0021279e+002
  2.0142379e+002
  2.0263478e+002
  2.0384577e+002
  2.0505676e+002
  2.0626775e+002
  2.0747874e+002
  2.0868973e+002
  2.0990072e+002
  2.1111171e+002
  2.1232270e+002
  2.1353369e+002
  2.1474468e+002
  2.1595567e+002
  2.1716666e+002
  2.1837765e+002
  2.1958864e+002
  2.2079963e+002
  2.2201062e+002
  2.2322161e+002
  2.2443260e+002
  2.2564359e+002
  2.2685458e+002
  2.2806557e+002
  2.2927657e+002
  2.3048756e+002
  2.3169855e+002
  2.3290954e+002
  2.3412053e+002
  2.3533152e+002
  2.3654251e+002
  2.3775350e+002
  2.3896449e+002
  2.4017548e+002
  2.4138647e+002
  2.4259746e+002
  2.4380845e+002
  2.4501944e+002
  2.4623043e+002
  2.4744142e+002
  2.4865241e+002
  2.4986340e+002
  2.5107439e+002
  2.5228538e+002
  2.5349637e+002
  2.5470736e+002
  2.5591835e+002
  2.5712934e+002
  2.5834034e+002
  2.5955133e+002
  2.6076232e+002
  2.6197331e+002
  2.6318430e+002
  2.6439529e+002
  2.6560628e+002
  2.6681727e+002
  2.6802826e+002
  2.6574722e+002
  2.6326119e+002
  2.6077516e+002
  2.5828914e+002
  2.5580311e+002
  2.5331708e+002
  2.5083105e+002
  2.4834502e+002
  2.4585900e+002
  2.4337297e+002
  2.4088694e+002
  2.3840091e+002
  2.3591488e+002
  2.3342886e+002
  2.3094283e+002
  2.2845680e+002
  2.2597077e+002
  2.2348474e+002
  2.2099872e+002
  2.1851269e+002
  2.1602666e+002
  2.1354063e+002
  2.1105460e+002
  2.0856858e+002
  2.0608255e+002
  2.0359652e+002
  2.0111049e+002
  1.9862447e+002
  1.9613844e+002
  1.9365241e+002
  1.9116638e+002
  1.8868035e+002
  1.8619433e+002
  1.8370830e+002
  1.8122227e+002
  1.7873624e+002
  1.7625021e+002
  1.7376419e+002
  1.7127816e+002
  1.6879213e+002
  1.6630610e+002
  1.6382007e+002
  1.6133405e+002
  1.5884802e+002
  1.5636199e+002
  1.5387596e+002
  1.5138993e+002
  1.4890391e+002
  1.4641788e+002
  1.4393185e+002
  1.4144582e+002
  1.3895979e+002
  1.3647377e+002
  1.3398774e+002
  1.3150171e+002
  1.2901568e+002
  1.2652965e+002
  1.2404363e+002
  1.2155760e+002
  1.1907157e+002
  1.1658554e+002
  1.1409951e+002
  1.1161349e+002
  1.0912746e+002
  1.0664143e+002
  1.0415540e+002
  1.0166937e+002
  9.9183347e+001
  9.6697319e+001
  9.4211291e+001
  9.1725263e+001
  8.9239235e+001
  8.6753207e+001
  8.4267179e+001
  8.1781151e+001
  7.9295123e+001
  7.6809095e+001
  7.4323067e+001
  7.1837039e+001
  6.9351011e+001
