  1.6367124e+001
  1.6367124e+001
  1.6367124e+001
  1.6367124e+001
  1.6367124e+001
  1.6367124e+001
  1.6367124e+001
  1.6367124e+001
  1.6367124e+001
  1.6367124e+001
  1.6367124e+001
  1.8195582e+001
  2.0024041e+001
  2.1852500e+001
  2.3680958e+001
  2.5509417e+001
  2.7337876e+001
  2.9166334e+001
  3.0994793e+001
  3.2823252e+001
  3.4651710e+001
  3.6480169e+001
  3.8308628e+001
  4.0137086e+001
  4.1965545e+001
  4.3794004e+001
  4.5622462e+001
  4.7450921e+001
  4.8879100e+001
  4.8687090e+001
  4.8495081e+001
  4.8303071e+001
  4.8111062e+001
  4.7919052e+001
  4.7727043e+001
  4.7535033e+001
  4.7343024e+001
  4.7151014e+001
  4.6959005e+001
  4.6766995e+001
  4.6574986e+001
  4.6382976e+001
  4.6190967e+001
  4.5998957e+001
  4.5806947e+001
  4.5614938e+001
  4.5422928e+001
  4.5230919e+001
  4.5038909e+001
  4.4846900e+001
  4.4654890e+001
  4.4462881e+001
  4.4270871e+001
  4.4078862e+001
  4.3886852e+001
  4.3694843e+001
  4.3502833e+001
  4.3310824e+001
  4.3118814e+001
  4.2926805e+001
  4.2734795e+001
  4.2542786e+001
  4.2350776e+001
  4.2158767e+001
  4.1966757e+001
  4.1774748e+001
  4.1582738e+001
  4.1390729e+001
  4.1198719e+001
  4.1006710e+001
  4.0814700e+001
  4.0622691e+001
  4.0430681e+001
  4.0238672e+001
  4.0046662e+001
  3.9854653e+001
  3.9662643e+001
  3.9470634e+001
  3.9278624e+001
  3.9086615e+001
  3.8894605e+001
  3.8702596e+001
  3.8510586e+001
  3.8318577e+001
  3.8126567e+001
  3.7934558e+001
  3.7742548e+001
  3.7550539e+001
  3.7358529e+001
  3.7166520e+001
  3.6974510e+001
  3.6782501e+001
  3.6590491e+001
  3.6398482e+001
  3.6206472e+001
  3.6014463e+001
  3.5822453e+001
  3.5630444e+001
  3.5438434e+001
  3.5246425e+001
  3.5054415e+001
  3.4862406e+001
  3.4670396e+001
  3.4478387e+001
  3.4286377e+001
  3.4094367e+001
  3.3902358e+001
  3.3710348e+001
  3.3518339e+001
  3.3326329e+001
  3.3134320e+001
  3.2942310e+001
  3.2750301e+001
  3.2558291e+001
  3.2366282e+001
  3.2174272e+001
  3.1982263e+001
  3.1790253e+001
  3.1598244e+001
  3.1406234e+001
  3.1214225e+001
  3.1022215e+001
  3.0830206e+001
  3.0638196e+001
  3.0446187e+001
  3.0254177e+001
  3.0062168e+001
  2.9870158e+001
  2.9678149e+001
  2.9486139e+001
  2.9294130e+001
  2.9102120e+001
  2.8910111e+001
  2.8718101e+001
  2.8526092e+001
  2.8334082e+001
  2.8142073e+001
  2.7950063e+001
  2.7758054e+001
  2.7566044e+001
  2.7374035e+001
  2.7182025e+001
  2.6990016e+001
  2.6798006e+001
  2.6605997e+001
  2.6413987e+001
  2.6221978e+001
  2.6029968e+001
  2.5837959e+001
  2.5645949e+001
  2.5453940e+001
  2.5261930e+001
  2.5069921e+001
  2.4877911e+001
  2.4685902e+001
  2.4493892e+001
  2.4301883e+001
  2.4109873e+001
  2.3917864e+001
  2.3725854e+001
  2.3533845e+001
  2.3341835e+001
  2.3149826e+001
  2.2957816e+001
  2.2765807e+001
  2.2573797e+001
  2.2381787e+001
  2.2189778e+001
  2.1997768e+001
  2.1805759e+001
  2.1613749e+001
  2.1421740e+001
  2.1229730e+001
  2.1037721e+001
  2.0845711e+001
  2.0653702e+001
  2.0461692e+001
  2.0269683e+001
  2.0077673e+001
  1.9885664e+001
  1.9693654e+001
  1.9501645e+001
  1.9309635e+001
  1.9117626e+001
  1.8925616e+001
  1.8733607e+001
  1.8541597e+001
  1.8349588e+001
  1.8157578e+001
  1.7965569e+001
  1.7773559e+001
  1.7581550e+001
  1.7389540e+001
  1.7197531e+001
  1.7005521e+001
  1.6813512e+001
  1.6621502e+001
  1.6429493e+001
  1.6237483e+001
  1.6045474e+001
  1.5853464e+001
  1.5661455e+001
  1.5469445e+001
  1.5277436e+001
  1.5085426e+001
  1.4893417e+001
  1.4701407e+001
  1.4509398e+001
  1.4317388e+001
  1.4125379e+001
  1.3933369e+001
  1.3741360e+001
  1.3549350e+001
  1.3357341e+001
  1.3165331e+001
  1.2973322e+001
  1.2781312e+001
  1.2589303e+001
  1.2397293e+001
  1.2229285e+001
  1.2229285e+001
  1.2229285e+001
  1.2229285e+001
  1.2229285e+001
  1.2229285e+001
  1.2229285e+001
  1.2229285e+001
  1.2229285e+001
  1.2229285e+001
  1.2229285e+001
  1.2229285e+001
  1.2229285e+001
  1.2229285e+001
  1.2229285e+001
  1.2229285e+001
  1.2229285e+001
  1.2229285e+001
  1.2229285e+001
  1.2229285e+001
  1.2229285e+001
  1.2229285e+001
  1.2229285e+001
  1.2229285e+001
  1.2229285e+001
  1.2229285e+001
  1.2229285e+001
  1.2229285e+001
  1.2229285e+001
  1.2229285e+001
  1.2229285e+001
  1.2229285e+001
  1.2229285e+001
  1.2229285e+001
  1.2229285e+001
  1.2229285e+001
  1.2229285e+001
