  5.8070766e+001
  5.8070766e+001
  5.8070766e+001
  5.8070766e+001
  5.8070766e+001
  5.8070766e+001
  5.8070766e+001
  5.8070766e+001
  5.8070766e+001
  5.8070766e+001
  5.8070766e+001
  6.0178172e+001
  6.2285577e+001
  6.4392983e+001
  6.6500388e+001
  6.8607794e+001
  7.0715199e+001
  7.2822605e+001
  7.4930010e+001
  7.7037416e+001
  7.9144821e+001
  8.1252227e+001
  8.3359632e+001
  8.5467038e+001
  8.7574443e+001
  8.9681849e+001
  9.1789254e+001
  9.3896660e+001
  9.6004065e+001
  9.8111471e+001
  1.0021888e+002
  1.0232628e+002
  1.0443369e+002
  1.0654109e+002
  1.0864850e+002
  1.1075590e+002
  1.1286331e+002
  1.1497072e+002
  1.1707812e+002
  1.1918553e+002
  1.2129293e+002
  1.2340034e+002
  1.2550774e+002
  1.2761515e+002
  1.2972255e+002
  1.3182996e+002
  1.3393736e+002
  1.3604477e+002
  1.3815218e+002
  1.4025958e+002
  1.4236699e+002
  1.4447439e+002
  1.4658180e+002
  1.4868920e+002
  1.5078119e+002
  1.5022119e+002
  1.4966119e+002
  1.4910118e+002
  1.4854118e+002
  1.4798118e+002
  1.4742118e+002
  1.4686117e+002
  1.4630117e+002
  1.4574117e+002
  1.4518116e+002
  1.4462116e+002
  1.4406116e+002
  1.4350116e+002
  1.4294115e+002
  1.4238115e+002
  1.4182115e+002
  1.4126114e+002
  1.4070114e+002
  1.4014114e+002
  1.3958114e+002
  1.3902113e+002
  1.3846113e+002
  1.3790113e+002
  1.3734112e+002
  1.3678112e+002
  1.3622112e+002
  1.3566112e+002
  1.3510111e+002
  1.3454111e+002
  1.3398111e+002
  1.3342110e+002
  1.3286110e+002
  1.3230110e+002
  1.3174110e+002
  1.3118109e+002
  1.3062109e+002
  1.3006109e+002
  1.2950108e+002
  1.2894108e+002
  1.2838108e+002
  1.2782108e+002
  1.2726107e+002
  1.2670107e+002
  1.2614107e+002
  1.2558107e+002
  1.2502106e+002
  1.2446106e+002
  1.2390106e+002
  1.2334105e+002
  1.2278105e+002
  1.2222105e+002
  1.2166105e+002
  1.2110104e+002
  1.2054104e+002
  1.1998104e+002
  1.1942103e+002
  1.1886103e+002
  1.1830103e+002
  1.1774103e+002
  1.1718102e+002
  1.1662102e+002
  1.1606102e+002
  1.1550101e+002
  1.1494101e+002
  1.1438101e+002
  1.1382101e+002
  1.1326100e+002
  1.1270100e+002
  1.1214100e+002
  1.1158099e+002
  1.1102099e+002
  1.1046099e+002
  1.0990099e+002
  1.0934098e+002
  1.0878098e+002
  1.0822098e+002
  1.0766097e+002
  1.0710097e+002
  1.0654097e+002
  1.0598097e+002
  1.0542096e+002
  1.0486096e+002
  1.0430096e+002
  1.0374095e+002
  1.0318095e+002
  1.0262095e+002
  1.0206095e+002
  1.0150094e+002
  1.0094094e+002
  1.0038094e+002
  9.9820935e+001
  9.9260932e+001
  9.8700929e+001
  9.8140926e+001
  9.7580923e+001
  9.7020920e+001
  9.6460918e+001
  9.5900915e+001
  9.5340912e+001
  9.4780909e+001
  9.4220906e+001
  9.3660903e+001
  9.3100901e+001
  9.2540898e+001
  9.1980895e+001
  9.1420892e+001
  9.0860889e+001
  9.0300886e+001
  8.9740884e+001
  8.9180881e+001
  8.8620878e+001
  8.8060875e+001
  8.7500872e+001
  8.6940869e+001
  8.6380867e+001
  8.5820864e+001
  8.5260861e+001
  8.4700858e+001
  8.4140855e+001
  8.3580852e+001
  8.3020850e+001
  8.2460847e+001
  8.1900844e+001
  8.1340841e+001
  8.0780838e+001
  8.0220835e+001
  7.9660833e+001
  7.9100830e+001
  7.8540827e+001
  7.7980824e+001
  7.7420821e+001
  7.6860818e+001
  7.6300816e+001
  7.5740813e+001
  7.5180810e+001
  7.4620807e+001
  7.4060804e+001
  7.3500801e+001
  7.2940799e+001
  7.2380796e+001
  7.1820793e+001
  7.1260790e+001
  7.0700787e+001
  7.0140784e+001
  6.9580781e+001
  6.9020779e+001
  6.8460776e+001
  6.7900773e+001
  6.7340770e+001
  6.6780767e+001
  6.6220764e+001
  6.5660762e+001
  6.5100759e+001
  6.4540756e+001
  6.3980753e+001
  6.3420750e+001
  6.2860747e+001
  6.2300745e+001
  6.1740742e+001
  6.1180739e+001
  6.0620736e+001
  6.0060733e+001
  5.9500730e+001
  5.8940728e+001
  5.8380725e+001
  5.7820722e+001
  5.7260719e+001
  5.6700716e+001
  5.6140713e+001
  5.5580711e+001
  5.5020708e+001
  5.4460705e+001
  5.3900702e+001
  5.3340699e+001
  5.2780696e+001
  5.2220694e+001
  5.1660691e+001
  5.1100688e+001
  5.0540685e+001
  4.9980682e+001
  4.9420679e+001
  4.8860677e+001
  4.8300674e+001
  4.7740671e+001
  4.7180668e+001
  4.6620665e+001
  4.6060662e+001
  4.5500660e+001
  4.4940657e+001
  4.4380654e+001
  4.3820651e+001
  4.3260648e+001
  4.2700645e+001
  4.2140643e+001
  4.1580640e+001
  4.1020637e+001
  4.0460634e+001
  3.9900631e+001
  3.9340628e+001
  3.8780625e+001
  3.8220623e+001
