  3.2817245e+001
  3.2817245e+001
  3.2817245e+001
  3.2817245e+001
  3.2817245e+001
  3.2817245e+001
  3.2817245e+001
  3.2817245e+001
  3.2817245e+001
  3.2817245e+001
  3.2817245e+001
  3.7285401e+001
  4.1753557e+001
  4.6221713e+001
  5.0689868e+001
  5.5158024e+001
  5.9626180e+001
  6.4094336e+001
  6.8562492e+001
  7.3030647e+001
  7.7498803e+001
  8.1966959e+001
  8.6435115e+001
  9.0903271e+001
  9.5371426e+001
  9.9839582e+001
  1.0430774e+002
  1.0877589e+002
  1.1324405e+002
  1.1771221e+002
  1.2218036e+002
  1.2664852e+002
  1.3111667e+002
  1.3558483e+002
  1.4005298e+002
  1.4452114e+002
  1.4898930e+002
  1.5345745e+002
  1.5792561e+002
  1.6239376e+002
  1.6686192e+002
  1.7133008e+002
  1.7579823e+002
  1.8026639e+002
  1.8473454e+002
  1.8920270e+002
  1.9367085e+002
  1.9515329e+002
  1.9445324e+002
  1.9375320e+002
  1.9305315e+002
  1.9235310e+002
  1.9165306e+002
  1.9095301e+002
  1.9025297e+002
  1.8955292e+002
  1.8885288e+002
  1.8815283e+002
  1.8745279e+002
  1.8675274e+002
  1.8605270e+002
  1.8535265e+002
  1.8465261e+002
  1.8395256e+002
  1.8325252e+002
  1.8255247e+002
  1.8185243e+002
  1.8115238e+002
  1.8045233e+002
  1.7975229e+002
  1.7905224e+002
  1.7835220e+002
  1.7765215e+002
  1.7695211e+002
  1.7625206e+002
  1.7555202e+002
  1.7485197e+002
  1.7415193e+002
  1.7345188e+002
  1.7275184e+002
  1.7205179e+002
  1.7135175e+002
  1.7065170e+002
  1.6995166e+002
  1.6925161e+002
  1.6855157e+002
  1.6785152e+002
  1.6715147e+002
  1.6645143e+002
  1.6575138e+002
  1.6505134e+002
  1.6435129e+002
  1.6365125e+002
  1.6295120e+002
  1.6225116e+002
  1.6155111e+002
  1.6085107e+002
  1.6015102e+002
  1.5945098e+002
  1.5875093e+002
  1.5805089e+002
  1.5735084e+002
  1.5665080e+002
  1.5595075e+002
  1.5525070e+002
  1.5455066e+002
  1.5385061e+002
  1.5315057e+002
  1.5245052e+002
  1.5175048e+002
  1.5105043e+002
  1.5035039e+002
  1.4965034e+002
  1.4895030e+002
  1.4825025e+002
  1.4755021e+002
  1.4685016e+002
  1.4615012e+002
  1.4545007e+002
  1.4475003e+002
  1.4404998e+002
  1.4334993e+002
  1.4264989e+002
  1.4194984e+002
  1.4124980e+002
  1.4054975e+002
  1.3984971e+002
  1.3914966e+002
  1.3844962e+002
  1.3774957e+002
  1.3704953e+002
  1.3634948e+002
  1.3564944e+002
  1.3494939e+002
  1.3424935e+002
  1.3354930e+002
  1.3284926e+002
  1.3214921e+002
  1.3144917e+002
  1.3074912e+002
  1.3004907e+002
  1.2934903e+002
  1.2864898e+002
  1.2794894e+002
  1.2724889e+002
  1.2654885e+002
  1.2584880e+002
  1.2514876e+002
  1.2444871e+002
  1.2374867e+002
  1.2304862e+002
  1.2234858e+002
  1.2164853e+002
  1.2094849e+002
  1.2024844e+002
  1.1954840e+002
  1.1884835e+002
  1.1814830e+002
  1.1744826e+002
  1.1674821e+002
  1.1604817e+002
  1.1534812e+002
  1.1464808e+002
  1.1394803e+002
  1.1324799e+002
  1.1254794e+002
  1.1184790e+002
  1.1114785e+002
  1.1044781e+002
  1.0974776e+002
  1.0904772e+002
  1.0834767e+002
  1.0764763e+002
  1.0694758e+002
  1.0624754e+002
  1.0554749e+002
  1.0484744e+002
  1.0414740e+002
  1.0344735e+002
  1.0274731e+002
  1.0204726e+002
  1.0134722e+002
  1.0064717e+002
  9.9947128e+001
  9.9247082e+001
  9.8547037e+001
  9.7846992e+001
  9.7146947e+001
  9.6446901e+001
  9.5746856e+001
  9.5046811e+001
  9.4346765e+001
  9.3646720e+001
  9.2946675e+001
  9.2246630e+001
  9.1546584e+001
  9.0846539e+001
  9.0146494e+001
  8.9446448e+001
  8.8746403e+001
  8.8046358e+001
  8.7346313e+001
  8.6646267e+001
  8.5946222e+001
  8.5246177e+001
  8.4546131e+001
  8.3846086e+001
  8.3146041e+001
  8.2445996e+001
  8.1745950e+001
  8.1045905e+001
  8.0345860e+001
  7.9645814e+001
  7.8945769e+001
  7.8245724e+001
  7.7545679e+001
  7.6845633e+001
  7.6145588e+001
  7.5445543e+001
  7.4745498e+001
  7.4045452e+001
  7.3345407e+001
  7.2645362e+001
  7.1945316e+001
  7.1245271e+001
  7.0545226e+001
  6.9845181e+001
  6.9145135e+001
  6.8445090e+001
  6.7745045e+001
  6.7044999e+001
  6.6344954e+001
  6.5644909e+001
  6.4944864e+001
  6.4244818e+001
  6.3544773e+001
  6.2844728e+001
  6.2144682e+001
  6.1444637e+001
  6.0744592e+001
  6.0044547e+001
  5.9344501e+001
  5.8644456e+001
  5.7944411e+001
  5.7244366e+001
  5.6544320e+001
  5.5844275e+001
  5.5144230e+001
  5.4444184e+001
  5.3744139e+001
  5.3044094e+001
  5.2344049e+001
  5.1644003e+001
  5.0943958e+001
  5.0243913e+001
  4.9543867e+001
