  2.6940441e+001
  2.6940441e+001
  2.6940441e+001
  2.6940441e+001
  2.6940441e+001
  2.6940441e+001
  2.6940441e+001
  2.6940441e+001
  2.6940441e+001
  2.6940441e+001
  2.6940441e+001
  2.7690083e+001
  2.8439725e+001
  2.9189368e+001
  2.9939010e+001
  3.0688652e+001
  3.1438294e+001
  3.2187937e+001
  3.2937579e+001
  3.3687221e+001
  3.4436864e+001
  3.5186506e+001
  3.5936148e+001
  3.6685790e+001
  3.7435433e+001
  3.8185075e+001
  3.8934717e+001
  3.9684360e+001
  4.0434002e+001
  4.1183644e+001
  4.1933286e+001
  4.2682929e+001
  4.3432571e+001
  4.4182213e+001
  4.4931856e+001
  4.5681498e+001
  4.6431140e+001
  4.7180782e+001
  4.7930425e+001
  4.8680067e+001
  4.9429709e+001
  5.0179352e+001
  5.0928994e+001
  5.1678636e+001
  5.2428278e+001
  5.3177921e+001
  5.3927563e+001
  5.4677205e+001
  5.5426848e+001
  5.6176490e+001
  5.6926132e+001
  5.7675774e+001
  5.8425417e+001
  5.9175059e+001
  5.9924701e+001
  6.0674344e+001
  6.1423986e+001
  6.2173628e+001
  6.2923270e+001
  6.3672913e+001
  6.4422555e+001
  6.5172197e+001
  6.5921840e+001
  6.6671482e+001
  6.7421124e+001
  6.8170767e+001
  6.8920409e+001
  6.9670051e+001
  7.0419693e+001
  7.1169336e+001
  7.1918978e+001
  7.2668620e+001
  7.3418263e+001
  7.4167905e+001
  7.4917547e+001
  7.5667189e+001
  7.6416832e+001
  7.7166474e+001
  7.7916116e+001
  7.8665759e+001
  7.9415401e+001
  8.0165043e+001
  8.0914685e+001
  8.1664328e+001
  8.2413970e+001
  8.3163612e+001
  8.3913255e+001
  8.4662897e+001
  8.5412539e+001
  8.6162181e+001
  8.6911824e+001
  8.7661466e+001
  8.8411108e+001
  8.9160751e+001
  8.9910393e+001
  9.0660035e+001
  9.1409677e+001
  9.2159320e+001
  9.2908962e+001
  9.3658604e+001
  9.4408247e+001
  9.5157889e+001
  9.5907531e+001
  9.6657173e+001
  9.7406816e+001
  9.8156458e+001
  9.8906100e+001
  9.9655743e+001
  1.0040538e+002
  1.0115503e+002
  1.0190467e+002
  1.0168403e+002
  1.0115854e+002
  1.0063304e+002
  1.0010755e+002
  9.9582053e+001
  9.9056559e+001
  9.8531065e+001
  9.8005571e+001
  9.7480077e+001
  9.6954583e+001
  9.6429089e+001
  9.5903596e+001
  9.5378102e+001
  9.4852608e+001
  9.4327114e+001
  9.3801620e+001
  9.3276126e+001
  9.2750632e+001
  9.2225138e+001
  9.1699644e+001
  9.1174150e+001
  9.0648656e+001
  9.0123162e+001
  8.9597668e+001
  8.9072174e+001
  8.8546680e+001
  8.8021186e+001
  8.7495692e+001
  8.6970198e+001
  8.6444704e+001
  8.5919210e+001
  8.5393716e+001
  8.4868222e+001
  8.4342728e+001
  8.3817234e+001
  8.3291740e+001
  8.2766246e+001
  8.2240752e+001
  8.1715258e+001
  8.1189764e+001
  8.0664271e+001
  8.0138777e+001
  7.9613283e+001
  7.9087789e+001
  7.8562295e+001
  7.8036801e+001
  7.7511307e+001
  7.6985813e+001
  7.6460319e+001
  7.5934825e+001
  7.5409331e+001
  7.4883837e+001
  7.4358343e+001
  7.3832849e+001
  7.3307355e+001
  7.2781861e+001
  7.2256367e+001
  7.1730873e+001
  7.1205379e+001
  7.0679885e+001
  7.0154391e+001
  6.9628897e+001
  6.9103403e+001
  6.8577909e+001
  6.8052415e+001
  6.7526921e+001
  6.7001427e+001
  6.6475933e+001
  6.5950439e+001
  6.5424946e+001
  6.4899452e+001
  6.4373958e+001
  6.3848464e+001
  6.3322970e+001
  6.2797476e+001
  6.2271982e+001
  6.1746488e+001
  6.1220994e+001
  6.0695500e+001
  6.0170006e+001
  5.9644512e+001
  5.9119018e+001
  5.8593524e+001
  5.8068030e+001
  5.7542536e+001
  5.7017042e+001
  5.6491548e+001
  5.5966054e+001
  5.5440560e+001
  5.4915066e+001
  5.4389572e+001
  5.3864078e+001
  5.3338584e+001
  5.2813090e+001
  5.2287596e+001
  5.1762102e+001
  5.1236608e+001
  5.0711114e+001
  5.0185621e+001
  4.9660127e+001
  4.9134633e+001
  4.8609139e+001
  4.8083645e+001
  4.7558151e+001
  4.7032657e+001
  4.6507163e+001
  4.5981669e+001
  4.5456175e+001
  4.4930681e+001
  4.4405187e+001
  4.3879693e+001
  4.3354199e+001
  4.2828705e+001
  4.2303211e+001
  4.1777717e+001
  4.1252223e+001
  4.0726729e+001
  4.0201235e+001
  3.9675741e+001
  3.9150247e+001
  3.8624753e+001
  3.8099259e+001
  3.7573765e+001
  3.7048271e+001
  3.6522777e+001
  3.5997283e+001
  3.5471789e+001
  3.4946296e+001
  3.4420802e+001
  3.3895308e+001
  3.3369814e+001
  3.2844320e+001
  3.2318826e+001
  3.1793332e+001
  3.1267838e+001
  3.0742344e+001
  3.0216850e+001
  2.9691356e+001
  2.9165862e+001
  2.8640368e+001
  2.8114874e+001
  2.7589380e+001
  2.7063886e+001
  2.6538392e+001
  2.6012898e+001
