  2.7461280e+001
  2.7461280e+001
  2.7461280e+001
  2.7461280e+001
  2.7461280e+001
  2.7461280e+001
  2.7461280e+001
  2.7461280e+001
  2.7461280e+001
  2.7461280e+001
  2.7461280e+001
  2.7461280e+001
  2.7461280e+001
  2.7461280e+001
  2.7461280e+001
  2.7461280e+001
  2.7461280e+001
  2.7461280e+001
  2.7689112e+001
  2.8296664e+001
  2.8904215e+001
  2.9511767e+001
  3.0119318e+001
  3.0726870e+001
  3.1334422e+001
  3.1941973e+001
  3.2549525e+001
  3.3157077e+001
  3.3764628e+001
  3.4372180e+001
  3.4979732e+001
  3.5587283e+001
  3.6194835e+001
  3.6802387e+001
  3.7409938e+001
  3.8017490e+001
  3.8625042e+001
  3.9232593e+001
  3.9840145e+001
  4.0447697e+001
  4.1055248e+001
  4.1662800e+001
  4.2270352e+001
  4.2877903e+001
  4.3485455e+001
  4.4093006e+001
  4.4700558e+001
  4.5308110e+001
  4.5915661e+001
  4.6523213e+001
  4.7130765e+001
  4.7738316e+001
  4.8345868e+001
  4.8953420e+001
  4.9560971e+001
  5.0168523e+001
  5.0776075e+001
  5.1383626e+001
  5.1991178e+001
  5.2598730e+001
  5.3206281e+001
  5.3813833e+001
  5.4421385e+001
  5.5028936e+001
  5.5636488e+001
  5.6244040e+001
  5.6851591e+001
  5.7459143e+001
  5.8066694e+001
  5.8674246e+001
  5.9281798e+001
  5.9889349e+001
  6.0496901e+001
  6.1104453e+001
  6.1712004e+001
  6.2319556e+001
  6.2927108e+001
  6.3534659e+001
  6.4142211e+001
  6.4749763e+001
  6.5357314e+001
  6.5964866e+001
  6.6572418e+001
  6.7179969e+001
  6.7787521e+001
  6.8395073e+001
  6.9002624e+001
  6.9610176e+001
  7.0217728e+001
  7.0825279e+001
  7.1432831e+001
  7.2040382e+001
  7.2647934e+001
  7.3255486e+001
  7.3863037e+001
  7.4470589e+001
  7.5078141e+001
  7.5685692e+001
  7.6293244e+001
  7.6900796e+001
  7.7508347e+001
  7.8115899e+001
  7.8723451e+001
  7.9331002e+001
  7.9938554e+001
  8.0546106e+001
  8.1153657e+001
  8.1761209e+001
  8.2368761e+001
  8.2976312e+001
  8.3583864e+001
  8.4191416e+001
  8.4798967e+001
  8.5406519e+001
  8.6014070e+001
  8.6621622e+001
  8.7229174e+001
  8.7836725e+001
  8.8444277e+001
  8.9051829e+001
  8.9659380e+001
  9.0266932e+001
  9.0874484e+001
  9.1482035e+001
  9.2089587e+001
  9.2697139e+001
  9.3304690e+001
  9.3912242e+001
  9.4519794e+001
  9.5127345e+001
  9.5734897e+001
  9.6342449e+001
  9.6950000e+001
  9.7092888e+001
  9.6501018e+001
  9.5909147e+001
  9.5317276e+001
  9.4725405e+001
  9.4133534e+001
  9.3541663e+001
  9.2949792e+001
  9.2357921e+001
  9.1766050e+001
  9.1174179e+001
  9.0582309e+001
  8.9990438e+001
  8.9398567e+001
  8.8806696e+001
  8.8214825e+001
  8.7622954e+001
  8.7031083e+001
  8.6439212e+001
  8.5847341e+001
  8.5255470e+001
  8.4663600e+001
  8.4071729e+001
  8.3479858e+001
  8.2887987e+001
  8.2296116e+001
  8.1704245e+001
  8.1112374e+001
  8.0520503e+001
  7.9928632e+001
  7.9336762e+001
  7.8744891e+001
  7.8153020e+001
  7.7561149e+001
  7.6969278e+001
  7.6377407e+001
  7.5785536e+001
  7.5193665e+001
  7.4601794e+001
  7.4009923e+001
  7.3418053e+001
  7.2826182e+001
  7.2234311e+001
  7.1642440e+001
  7.1050569e+001
  7.0458698e+001
  6.9866827e+001
  6.9274956e+001
  6.8683085e+001
  6.8091214e+001
  6.7499344e+001
  6.6907473e+001
  6.6315602e+001
  6.5723731e+001
  6.5131860e+001
  6.4539989e+001
  6.3948118e+001
  6.3356247e+001
  6.2764376e+001
  6.2172505e+001
  6.1580635e+001
  6.0988764e+001
  6.0396893e+001
  5.9805022e+001
  5.9213151e+001
  5.8621280e+001
  5.8029409e+001
  5.7437538e+001
  5.6845667e+001
  5.6253797e+001
  5.5661926e+001
  5.5070055e+001
  5.4478184e+001
  5.3886313e+001
  5.3294442e+001
  5.2702571e+001
  5.2110700e+001
  5.1518829e+001
  5.0926958e+001
  5.0335088e+001
  4.9743217e+001
  4.9151346e+001
  4.8559475e+001
  4.7967604e+001
  4.7375733e+001
  4.6783862e+001
  4.6191991e+001
  4.5600120e+001
  4.5008249e+001
  4.4416379e+001
  4.3824508e+001
  4.3232637e+001
  4.2640766e+001
  4.2048895e+001
  4.1457024e+001
  4.0865153e+001
  4.0273282e+001
  3.9681411e+001
  3.9089540e+001
  3.8497670e+001
  3.7905799e+001
  3.7313928e+001
  3.6722057e+001
  3.6130186e+001
  3.5538315e+001
  3.4946444e+001
  3.4354573e+001
  3.3762702e+001
  3.3170832e+001
  3.2578961e+001
  3.1987090e+001
  3.1395219e+001
  3.0803348e+001
  3.0211477e+001
  2.9619606e+001
  2.9027735e+001
  2.8435864e+001
  2.7843993e+001
  2.7252123e+001
  2.6660252e+001
  2.6068381e+001
  2.5476510e+001
  2.4884639e+001
