  6.1414000e+000
  6.1414000e+000
  6.1414000e+000
  6.1414000e+000
  6.1414000e+000
  6.1414000e+000
  6.1414000e+000
  6.1414000e+000
  6.1414000e+000
  6.1414000e+000
  6.1414000e+000
  6.3161066e+000
  6.4908133e+000
  6.6655199e+000
  6.8402266e+000
  7.0149332e+000
  7.1896398e+000
  7.3643465e+000
  7.5390531e+000
  7.7137598e+000
  7.8884664e+000
  8.0631730e+000
  8.2378797e+000
  8.4125863e+000
  8.5872930e+000
  8.7619996e+000
  8.9367062e+000
  9.1114129e+000
  9.2861195e+000
  9.4608261e+000
  9.6355328e+000
  9.8102394e+000
  9.9849461e+000
  1.0159653e+001
  1.0334359e+001
  1.0509066e+001
  1.0683773e+001
  1.0858479e+001
  1.1033186e+001
  1.1207893e+001
  1.1382599e+001
  1.1557306e+001
  1.1732012e+001
  1.1906719e+001
  1.2081426e+001
  1.2256132e+001
  1.2430839e+001
  1.2605546e+001
  1.2780252e+001
  1.2954959e+001
  1.3129666e+001
  1.3304372e+001
  1.3479079e+001
  1.3653785e+001
  1.3828492e+001
  1.4003199e+001
  1.4177905e+001
  1.4352612e+001
  1.4527319e+001
  1.4702025e+001
  1.4876732e+001
  1.5051439e+001
  1.5226145e+001
  1.5400852e+001
  1.5575559e+001
  1.5750265e+001
  1.5924972e+001
  1.6099678e+001
  1.6274385e+001
  1.6449092e+001
  1.6623798e+001
  1.6798505e+001
  1.6973212e+001
  1.7147918e+001
  1.7322625e+001
  1.7497332e+001
  1.7672038e+001
  1.7846745e+001
  1.8021451e+001
  1.8196158e+001
  1.8370865e+001
  1.8545571e+001
  1.8720278e+001
  1.8894985e+001
  1.9069691e+001
  1.9244398e+001
  1.9419105e+001
  1.9593811e+001
  1.9768518e+001
  1.9943225e+001
  2.0117931e+001
  2.0292638e+001
  2.0467344e+001
  2.0642051e+001
  2.0816758e+001
  2.0991464e+001
  2.1166171e+001
  2.1340878e+001
  2.1515584e+001
  2.1690291e+001
  2.1864998e+001
  2.2039704e+001
  2.1965488e+001
  2.1773471e+001
  2.1581453e+001
  2.1389436e+001
  2.1197419e+001
  2.1005401e+001
  2.0813384e+001
  2.0621366e+001
  2.0429349e+001
  2.0237332e+001
  2.0045314e+001
  1.9853297e+001
  1.9661280e+001
  1.9469262e+001
  1.9277245e+001
  1.9085227e+001
  1.8893210e+001
  1.8701193e+001
  1.8509175e+001
  1.8317158e+001
  1.8125140e+001
  1.7933123e+001
  1.7741106e+001
  1.7549088e+001
  1.7357071e+001
  1.7165054e+001
  1.6973036e+001
  1.6781019e+001
  1.6589001e+001
  1.6396984e+001
  1.6204967e+001
  1.6012949e+001
  1.5820932e+001
  1.5628915e+001
  1.5436897e+001
  1.5244880e+001
  1.5052862e+001
  1.4860845e+001
  1.4668828e+001
  1.4476810e+001
  1.4284793e+001
  1.4092776e+001
  1.3900758e+001
  1.3708741e+001
  1.3516723e+001
  1.3324706e+001
  1.3132689e+001
  1.2940671e+001
  1.2748654e+001
  1.2556636e+001
  1.2364619e+001
  1.2172602e+001
  1.1980584e+001
  1.1788567e+001
  1.1596550e+001
  1.1404532e+001
  1.1212515e+001
  1.1020497e+001
  1.0828480e+001
  1.0636463e+001
  1.0444445e+001
  1.0252428e+001
  1.0060411e+001
  9.8683932e+000
  9.6763758e+000
  9.4843584e+000
  9.2923411e+000
  9.1003237e+000
  8.9083063e+000
  8.7162889e+000
  8.5242715e+000
  8.3322542e+000
  8.1402368e+000
  7.9482194e+000
  7.7562020e+000
  7.5641846e+000
  7.3721673e+000
  7.1801499e+000
  6.9881325e+000
  6.7961151e+000
  6.6040978e+000
  6.4120804e+000
  6.2200630e+000
  6.0280456e+000
  5.8360282e+000
  5.6440109e+000
  5.5240000e+000
  5.5240000e+000
  5.5240000e+000
  5.5240000e+000
  5.5240000e+000
  5.5240000e+000
  5.5240000e+000
  5.5240000e+000
  5.5240000e+000
  5.5240000e+000
  5.5240000e+000
  5.5240000e+000
  5.5240000e+000
  5.5240000e+000
  5.5240000e+000
  5.5240000e+000
  5.5240000e+000
  5.5240000e+000
  5.5240000e+000
  5.5240000e+000
  5.5240000e+000
  5.5240000e+000
  5.5240000e+000
  5.5240000e+000
  5.5240000e+000
  5.5240000e+000
  5.5240000e+000
  5.5240000e+000
  5.5240000e+000
  5.5240000e+000
  5.5240000e+000
  5.5240000e+000
  5.5240000e+000
  5.5240000e+000
  5.5240000e+000
  5.5240000e+000
  5.5240000e+000
  5.5240000e+000
  5.5240000e+000
  5.5240000e+000
  5.5240000e+000
  5.5240000e+000
  5.5240000e+000
  5.5240000e+000
  5.5240000e+000
  5.5240000e+000
  5.5240000e+000
  5.5240000e+000
  5.5240000e+000
  5.5240000e+000
  5.5240000e+000
  5.5240000e+000
  5.5240000e+000
  5.5240000e+000
  5.5240000e+000
  5.5240000e+000
  5.5240000e+000
  5.5240000e+000
  5.5240000e+000
  5.5240000e+000
  5.5240000e+000
  5.5240000e+000
  5.5240000e+000
  5.5240000e+000
  5.5240000e+000
  5.5240000e+000
  5.5240000e+000
  5.5240000e+000
