  1.6816690e+001
  1.6816690e+001
  1.6816690e+001
  1.6816690e+001
  1.6816690e+001
  1.6816690e+001
  1.6816690e+001
  1.6816690e+001
  1.6816690e+001
  1.6816690e+001
  1.6816690e+001
  1.6816690e+001
  1.6816690e+001
  1.6816690e+001
  1.6816690e+001
  1.6816690e+001
  1.6816690e+001
  1.6816690e+001
  1.6816690e+001
  1.6816690e+001
  1.6816690e+001
  1.6816690e+001
  1.7267559e+001
  1.7748485e+001
  1.8229411e+001
  1.8710338e+001
  1.9191264e+001
  1.9672191e+001
  2.0153117e+001
  2.0634044e+001
  2.1114970e+001
  2.1595897e+001
  2.2076823e+001
  2.2557750e+001
  2.3038676e+001
  2.3519602e+001
  2.4000529e+001
  2.4481455e+001
  2.4962382e+001
  2.5443308e+001
  2.5924235e+001
  2.6405161e+001
  2.6886088e+001
  2.7367014e+001
  2.7847941e+001
  2.8328867e+001
  2.8809793e+001
  2.9290720e+001
  2.9771646e+001
  3.0252573e+001
  3.0733499e+001
  3.1214426e+001
  3.1695352e+001
  3.2176279e+001
  3.2657205e+001
  3.3138132e+001
  3.3619058e+001
  3.4099984e+001
  3.4580911e+001
  3.5061837e+001
  3.5542764e+001
  3.6023690e+001
  3.6504617e+001
  3.6985543e+001
  3.7466470e+001
  3.7947396e+001
  3.8428323e+001
  3.8909249e+001
  3.9390175e+001
  3.9871102e+001
  4.0352028e+001
  4.0832955e+001
  4.1313881e+001
  4.1794808e+001
  4.2275734e+001
  4.2756661e+001
  4.3237587e+001
  4.3718514e+001
  4.4199440e+001
  4.4680366e+001
  4.5161293e+001
  4.5642219e+001
  4.6123146e+001
  4.6604072e+001
  4.7084999e+001
  4.7565925e+001
  4.8046852e+001
  4.8527778e+001
  4.9008705e+001
  4.9489631e+001
  4.9970557e+001
  5.0451484e+001
  5.0932410e+001
  5.1413337e+001
  5.1894263e+001
  5.2375190e+001
  5.2856116e+001
  5.3337043e+001
  5.3817969e+001
  5.4298896e+001
  5.4779822e+001
  5.5260748e+001
  5.5741675e+001
  5.6222601e+001
  5.6703528e+001
  5.7184454e+001
  5.7665381e+001
  5.8146307e+001
  5.8627234e+001
  5.9108160e+001
  5.9589087e+001
  6.0070013e+001
  6.0550939e+001
  6.1031866e+001
  6.1512792e+001
  6.1993719e+001
  6.2474645e+001
  6.2955572e+001
  6.3436498e+001
  6.3917425e+001
  6.4398351e+001
  6.4879278e+001
  6.5360204e+001
  6.5841130e+001
  6.5738580e+001
  6.5365372e+001
  6.4992164e+001
  6.4618956e+001
  6.4245748e+001
  6.3872540e+001
  6.3499332e+001
  6.3126124e+001
  6.2752916e+001
  6.2379708e+001
  6.2006500e+001
  6.1633292e+001
  6.1260085e+001
  6.0886877e+001
  6.0513669e+001
  6.0140461e+001
  5.9767253e+001
  5.9394045e+001
  5.9020837e+001
  5.8647629e+001
  5.8274421e+001
  5.7901213e+001
  5.7528005e+001
  5.7154797e+001
  5.6781590e+001
  5.6408382e+001
  5.6035174e+001
  5.5661966e+001
  5.5288758e+001
  5.4915550e+001
  5.4542342e+001
  5.4169134e+001
  5.3795926e+001
  5.3422718e+001
  5.3049510e+001
  5.2676302e+001
  5.2303095e+001
  5.1929887e+001
  5.1556679e+001
  5.1183471e+001
  5.0810263e+001
  5.0437055e+001
  5.0063847e+001
  4.9690639e+001
  4.9317431e+001
  4.8944223e+001
  4.8571015e+001
  4.8197807e+001
  4.7824600e+001
  4.7451392e+001
  4.7078184e+001
  4.6704976e+001
  4.6331768e+001
  4.5958560e+001
  4.5585352e+001
  4.5212144e+001
  4.4838936e+001
  4.4465728e+001
  4.4092520e+001
  4.3719312e+001
  4.3346105e+001
  4.2972897e+001
  4.2599689e+001
  4.2226481e+001
  4.1853273e+001
  4.1480065e+001
  4.1106857e+001
  4.0733649e+001
  4.0360441e+001
  3.9987233e+001
  3.9614025e+001
  3.9240817e+001
  3.8867610e+001
  3.8494402e+001
  3.8121194e+001
  3.7747986e+001
  3.7374778e+001
  3.7001570e+001
  3.6628362e+001
  3.6255154e+001
  3.5881946e+001
  3.5508738e+001
  3.5135530e+001
  3.4762322e+001
  3.4389115e+001
  3.4015907e+001
  3.3642699e+001
  3.3269491e+001
  3.2896283e+001
  3.2523075e+001
  3.2149867e+001
  3.1776659e+001
  3.1403451e+001
  3.1030243e+001
  3.0657035e+001
  3.0283827e+001
  2.9910620e+001
  2.9537412e+001
  2.9164204e+001
  2.8790996e+001
  2.8417788e+001
  2.8044580e+001
  2.7671372e+001
  2.7298164e+001
  2.6924956e+001
  2.6551748e+001
  2.6178540e+001
  2.5805332e+001
  2.5432125e+001
  2.5058917e+001
  2.4685709e+001
  2.4312501e+001
  2.3939293e+001
  2.3566085e+001
  2.3192877e+001
  2.2819669e+001
  2.2446461e+001
  2.2073253e+001
  2.1700045e+001
  2.1326837e+001
  2.0953630e+001
  2.0580422e+001
  2.0207214e+001
  1.9834006e+001
  1.9460798e+001
  1.9087590e+001
  1.8714382e+001
  1.8341174e+001
  1.7967966e+001
  1.7594758e+001
  1.7221550e+001
  1.6848342e+001
