  1.9557500e+001
  1.9557500e+001
  1.9557500e+001
  1.9557500e+001
  1.9557500e+001
  1.9557500e+001
  1.9557500e+001
  1.9557500e+001
  1.9557500e+001
  1.9557500e+001
  1.9557500e+001
  1.9557500e+001
  1.9557500e+001
  1.9622317e+001
  1.9968005e+001
  2.0313693e+001
  2.0659381e+001
  2.1005070e+001
  2.1350758e+001
  2.1696446e+001
  2.2042134e+001
  2.2387822e+001
  2.2733511e+001
  2.3079199e+001
  2.3424887e+001
  2.3770575e+001
  2.4116264e+001
  2.4461952e+001
  2.4807640e+001
  2.5153328e+001
  2.5499017e+001
  2.5844705e+001
  2.6190393e+001
  2.6536081e+001
  2.6881770e+001
  2.7227458e+001
  2.7573146e+001
  2.7918834e+001
  2.8264523e+001
  2.8610211e+001
  2.8955899e+001
  2.9301587e+001
  2.9647276e+001
  2.9992964e+001
  3.0338652e+001
  3.0684340e+001
  3.1030029e+001
  3.1375717e+001
  3.1721405e+001
  3.2067093e+001
  3.2412782e+001
  3.2758470e+001
  3.3104158e+001
  3.3449846e+001
  3.3795535e+001
  3.4141223e+001
  3.4486911e+001
  3.4832599e+001
  3.5178288e+001
  3.5523976e+001
  3.5869664e+001
  3.6215352e+001
  3.6561040e+001
  3.6906729e+001
  3.7252417e+001
  3.7598105e+001
  3.7943793e+001
  3.8289482e+001
  3.8635170e+001
  3.8980858e+001
  3.9326546e+001
  3.9672235e+001
  4.0017923e+001
  4.0363611e+001
  4.0709299e+001
  4.1054988e+001
  4.1400676e+001
  4.1746364e+001
  4.2092052e+001
  4.2437741e+001
  4.2783429e+001
  4.3129117e+001
  4.3474805e+001
  4.3820494e+001
  4.4166182e+001
  4.4511870e+001
  4.4857558e+001
  4.5203247e+001
  4.5548935e+001
  4.5894623e+001
  4.6240311e+001
  4.6586000e+001
  4.6931688e+001
  4.7277376e+001
  4.7623064e+001
  4.7968753e+001
  4.8314441e+001
  4.8660129e+001
  4.9005817e+001
  4.9351506e+001
  4.9697194e+001
  5.0042882e+001
  5.0388570e+001
  5.0734258e+001
  5.1079947e+001
  5.1425635e+001
  5.1771323e+001
  5.2117011e+001
  5.2462700e+001
  5.2808388e+001
  5.3154076e+001
  5.3499764e+001
  5.3845453e+001
  5.4191141e+001
  5.4536829e+001
  5.4882517e+001
  5.5228206e+001
  5.5573894e+001
  5.5919582e+001
  5.6265270e+001
  5.6610959e+001
  5.6956647e+001
  5.7302335e+001
  5.7648023e+001
  5.7993712e+001
  5.8339400e+001
  5.8685088e+001
  5.9030776e+001
  5.9376465e+001
  5.9722153e+001
  6.0067841e+001
  6.0413529e+001
  6.0759218e+001
  6.1104906e+001
  6.1450594e+001
  6.1796282e+001
  6.2141971e+001
  6.2487659e+001
  6.2833347e+001
  6.3179035e+001
  6.3524724e+001
  6.3870412e+001
  6.4201600e+001
  6.3810658e+001
  6.3419715e+001
  6.3028773e+001
  6.2637830e+001
  6.2246888e+001
  6.1855946e+001
  6.1465003e+001
  6.1074061e+001
  6.0683118e+001
  6.0292176e+001
  5.9901234e+001
  5.9510291e+001
  5.9119349e+001
  5.8728406e+001
  5.8337464e+001
  5.7946522e+001
  5.7555579e+001
  5.7164637e+001
  5.6773694e+001
  5.6382752e+001
  5.5991810e+001
  5.5600867e+001
  5.5209925e+001
  5.4818982e+001
  5.4428040e+001
  5.4037098e+001
  5.3646155e+001
  5.3255213e+001
  5.2864270e+001
  5.2473328e+001
  5.2082386e+001
  5.1691443e+001
  5.1300501e+001
  5.0909558e+001
  5.0518616e+001
  5.0127674e+001
  4.9736731e+001
  4.9345789e+001
  4.8954846e+001
  4.8563904e+001
  4.8172961e+001
  4.7782019e+001
  4.7391077e+001
  4.7000134e+001
  4.6609192e+001
  4.6218249e+001
  4.5827307e+001
  4.5436365e+001
  4.5045422e+001
  4.4654480e+001
  4.4263537e+001
  4.3872595e+001
  4.3481653e+001
  4.3090710e+001
  4.2699768e+001
  4.2308825e+001
  4.1917883e+001
  4.1526941e+001
  4.1135998e+001
  4.0745056e+001
  4.0354113e+001
  3.9963171e+001
  3.9572229e+001
  3.9181286e+001
  3.8790344e+001
  3.8399401e+001
  3.8008459e+001
  3.7617517e+001
  3.7226574e+001
  3.6835632e+001
  3.6444689e+001
  3.6053747e+001
  3.5662805e+001
  3.5271862e+001
  3.4880920e+001
  3.4489977e+001
  3.4099035e+001
  3.3708093e+001
  3.3317150e+001
  3.2926208e+001
  3.2535265e+001
  3.2144323e+001
  3.1753381e+001
  3.1362438e+001
  3.0971496e+001
  3.0580553e+001
  3.0189611e+001
  2.9798669e+001
  2.9407726e+001
  2.9016784e+001
  2.8625841e+001
  2.8234899e+001
  2.7843957e+001
  2.7453014e+001
  2.7062072e+001
  2.6671129e+001
  2.6280187e+001
  2.5889245e+001
  2.5498302e+001
  2.5107360e+001
  2.4716417e+001
  2.4325475e+001
  2.3934533e+001
  2.3543590e+001
  2.3152648e+001
  2.2761705e+001
  2.2370763e+001
  2.1979821e+001
  2.1588878e+001
  2.1197936e+001
  2.0806993e+001
  2.0416051e+001
  2.0025109e+001
