  2.3312200e+001
  2.3312200e+001
  2.3312200e+001
  2.3312200e+001
  2.3312200e+001
  2.3312200e+001
  2.3312200e+001
  2.3312200e+001
  2.3312200e+001
  2.3312200e+001
  2.3312200e+001
  2.3312200e+001
  2.3312200e+001
  2.3312200e+001
  2.3926707e+001
  2.4541215e+001
  2.5155722e+001
  2.5770229e+001
  2.6384737e+001
  2.6999244e+001
  2.7613751e+001
  2.8228259e+001
  2.8842766e+001
  2.9457273e+001
  3.0071781e+001
  3.0686288e+001
  3.1300795e+001
  3.1915303e+001
  3.2529810e+001
  3.3144318e+001
  3.3758825e+001
  3.4373332e+001
  3.4987840e+001
  3.5602347e+001
  3.6216854e+001
  3.6831362e+001
  3.7445869e+001
  3.8060376e+001
  3.8674884e+001
  3.9289391e+001
  3.9903898e+001
  4.0518406e+001
  4.1132913e+001
  4.1747420e+001
  4.2361928e+001
  4.2976435e+001
  4.3590942e+001
  4.4205450e+001
  4.4819957e+001
  4.5434464e+001
  4.6048972e+001
  4.6663479e+001
  4.7277986e+001
  4.7892494e+001
  4.8507001e+001
  4.9121509e+001
  4.9736016e+001
  5.0350523e+001
  5.0965031e+001
  5.1579538e+001
  5.2194045e+001
  5.2808553e+001
  5.3423060e+001
  5.4037567e+001
  5.4652075e+001
  5.5266582e+001
  5.5881089e+001
  5.6495597e+001
  5.7110104e+001
  5.7724611e+001
  5.8339119e+001
  5.8953626e+001
  5.9568133e+001
  6.0182641e+001
  6.0797148e+001
  6.1411655e+001
  6.2026163e+001
  6.2640670e+001
  6.3255177e+001
  6.3869685e+001
  6.4484192e+001
  6.5098699e+001
  6.5713207e+001
  6.6327714e+001
  6.6942222e+001
  6.7556729e+001
  6.8171236e+001
  6.8785744e+001
  6.9400251e+001
  7.0014758e+001
  7.0629266e+001
  7.1243773e+001
  7.1858280e+001
  7.2472788e+001
  7.3087295e+001
  7.3701802e+001
  7.4316310e+001
  7.4930817e+001
  7.5545324e+001
  7.6159832e+001
  7.6774339e+001
  7.7388846e+001
  7.8003354e+001
  7.8617861e+001
  7.9232368e+001
  7.9846876e+001
  8.0461383e+001
  8.1075890e+001
  8.1690398e+001
  8.2304905e+001
  8.2919412e+001
  8.3533920e+001
  8.4148427e+001
  8.4762935e+001
  8.5377442e+001
  8.5991949e+001
  8.6606457e+001
  8.7220964e+001
  8.7835471e+001
  8.8449979e+001
  8.9064486e+001
  8.9678993e+001
  8.9226421e+001
  8.8727669e+001
  8.8228918e+001
  8.7730166e+001
  8.7231415e+001
  8.6732663e+001
  8.6233912e+001
  8.5735160e+001
  8.5236409e+001
  8.4737658e+001
  8.4238906e+001
  8.3740155e+001
  8.3241403e+001
  8.2742652e+001
  8.2243900e+001
  8.1745149e+001
  8.1246398e+001
  8.0747646e+001
  8.0248895e+001
  7.9750143e+001
  7.9251392e+001
  7.8752640e+001
  7.8253889e+001
  7.7755137e+001
  7.7256386e+001
  7.6757635e+001
  7.6258883e+001
  7.5760132e+001
  7.5261380e+001
  7.4762629e+001
  7.4263877e+001
  7.3765126e+001
  7.3266375e+001
  7.2767623e+001
  7.2268872e+001
  7.1770120e+001
  7.1271369e+001
  7.0772617e+001
  7.0273866e+001
  6.9775115e+001
  6.9276363e+001
  6.8777612e+001
  6.8278860e+001
  6.7780109e+001
  6.7281357e+001
  6.6782606e+001
  6.6283854e+001
  6.5785103e+001
  6.5286352e+001
  6.4787600e+001
  6.4288849e+001
  6.3790097e+001
  6.3291346e+001
  6.2792594e+001
  6.2293843e+001
  6.1795092e+001
  6.1296340e+001
  6.0797589e+001
  6.0298837e+001
  5.9800086e+001
  5.9301334e+001
  5.8802583e+001
  5.8303831e+001
  5.7805080e+001
  5.7306329e+001
  5.6807577e+001
  5.6308826e+001
  5.5810074e+001
  5.5311323e+001
  5.4812571e+001
  5.4313820e+001
  5.3815069e+001
  5.3316317e+001
  5.2817566e+001
  5.2318814e+001
  5.1820063e+001
  5.1321311e+001
  5.0822560e+001
  5.0323808e+001
  4.9825057e+001
  4.9326306e+001
  4.8827554e+001
  4.8328803e+001
  4.7830051e+001
  4.7331300e+001
  4.6832548e+001
  4.6333797e+001
  4.5835046e+001
  4.5336294e+001
  4.4837543e+001
  4.4338791e+001
  4.3840040e+001
  4.3341288e+001
  4.2842537e+001
  4.2343785e+001
  4.1845034e+001
  4.1346283e+001
  4.0847531e+001
  4.0348780e+001
  3.9850028e+001
  3.9351277e+001
  3.8852525e+001
  3.8353774e+001
  3.7855023e+001
  3.7356271e+001
  3.6857520e+001
  3.6358768e+001
  3.5860017e+001
  3.5361265e+001
  3.4862514e+001
  3.4363763e+001
  3.3865011e+001
  3.3366260e+001
  3.2867508e+001
  3.2368757e+001
  3.1870005e+001
  3.1371254e+001
  3.0872502e+001
  3.0373751e+001
  2.9875000e+001
  2.9376248e+001
  2.8877497e+001
  2.8378745e+001
  2.7879994e+001
  2.7381242e+001
  2.6882491e+001
  2.6383740e+001
  2.5884988e+001
  2.5386237e+001
  2.4887485e+001
  2.4388734e+001
  2.3889982e+001
  2.3391231e+001
  2.2892479e+001
