  8.8375000e+000
  8.8375000e+000
  8.8375000e+000
  8.8375000e+000
  8.8375000e+000
  8.8375000e+000
  8.8375000e+000
  8.8375000e+000
  8.8375000e+000
  8.8375000e+000
  8.8375000e+000
  9.1034635e+000
  9.3694269e+000
  9.6353904e+000
  9.9013538e+000
  1.0167317e+001
  1.0433281e+001
  1.0699244e+001
  1.0965208e+001
  1.1231171e+001
  1.1497135e+001
  1.1763098e+001
  1.2029061e+001
  1.2295025e+001
  1.2560988e+001
  1.2826952e+001
  1.3092915e+001
  1.3358879e+001
  1.3624842e+001
  1.3890806e+001
  1.4156769e+001
  1.4422733e+001
  1.4688696e+001
  1.4954660e+001
  1.5220623e+001
  1.5486586e+001
  1.5752550e+001
  1.6018513e+001
  1.6284477e+001
  1.6550440e+001
  1.6816404e+001
  1.7082367e+001
  1.7348331e+001
  1.7614294e+001
  1.7880258e+001
  1.8146221e+001
  1.8412184e+001
  1.8678148e+001
  1.8944111e+001
  1.9210075e+001
  1.9476038e+001
  1.9742002e+001
  2.0007965e+001
  2.0273929e+001
  2.0539892e+001
  2.0805856e+001
  2.1071819e+001
  2.1337782e+001
  2.1603746e+001
  2.1869709e+001
  2.2135673e+001
  2.2401636e+001
  2.2667600e+001
  2.2933563e+001
  2.3199527e+001
  2.3465490e+001
  2.3731454e+001
  2.3997417e+001
  2.4263380e+001
  2.4529344e+001
  2.4795307e+001
  2.5061271e+001
  2.5327234e+001
  2.5593198e+001
  2.5859161e+001
  2.6125125e+001
  2.6391088e+001
  2.6657052e+001
  2.6923015e+001
  2.7188979e+001
  2.7454942e+001
  2.7720905e+001
  2.7986869e+001
  2.8252832e+001
  2.8518796e+001
  2.8784759e+001
  2.9023502e+001
  2.8831530e+001
  2.8639558e+001
  2.8447586e+001
  2.8255615e+001
  2.8063643e+001
  2.7871671e+001
  2.7679699e+001
  2.7487727e+001
  2.7295756e+001
  2.7103784e+001
  2.6911812e+001
  2.6719840e+001
  2.6527868e+001
  2.6335897e+001
  2.6143925e+001
  2.5951953e+001
  2.5759981e+001
  2.5568010e+001
  2.5376038e+001
  2.5184066e+001
  2.4992094e+001
  2.4800122e+001
  2.4608151e+001
  2.4416179e+001
  2.4224207e+001
  2.4032235e+001
  2.3840263e+001
  2.3648292e+001
  2.3456320e+001
  2.3264348e+001
  2.3072376e+001
  2.2880404e+001
  2.2688433e+001
  2.2496461e+001
  2.2304489e+001
  2.2112517e+001
  2.1920546e+001
  2.1728574e+001
  2.1536602e+001
  2.1344630e+001
  2.1152658e+001
  2.0960687e+001
  2.0768715e+001
  2.0576743e+001
  2.0384771e+001
  2.0192799e+001
  2.0000828e+001
  1.9808856e+001
  1.9616884e+001
  1.9424912e+001
  1.9232940e+001
  1.9040969e+001
  1.8848997e+001
  1.8657025e+001
  1.8465053e+001
  1.8273081e+001
  1.8081110e+001
  1.7889138e+001
  1.7697166e+001
  1.7505194e+001
  1.7313223e+001
  1.7121251e+001
  1.6929279e+001
  1.6737307e+001
  1.6545335e+001
  1.6353364e+001
  1.6161392e+001
  1.5969420e+001
  1.5777448e+001
  1.5585476e+001
  1.5393505e+001
  1.5201533e+001
  1.5009561e+001
  1.4817589e+001
  1.4625617e+001
  1.4433646e+001
  1.4241674e+001
  1.4049702e+001
  1.3857730e+001
  1.3665759e+001
  1.3473787e+001
  1.3281815e+001
  1.3089843e+001
  1.2897871e+001
  1.2705900e+001
  1.2513928e+001
  1.2321956e+001
  1.2129984e+001
  1.1938012e+001
  1.1746041e+001
  1.1554069e+001
  1.1362097e+001
  1.1170125e+001
  1.0978153e+001
  1.0786182e+001
  1.0594210e+001
  1.0402238e+001
  1.0210266e+001
  1.0018294e+001
  9.8263227e+000
  9.6343509e+000
  9.4423791e+000
  9.2504073e+000
  9.0584355e+000
  8.8664637e+000
  8.6744920e+000
  8.4825202e+000
  8.2905484e+000
  8.0985766e+000
  7.9066048e+000
  7.7146330e+000
  7.5226612e+000
  7.3306894e+000
  7.2587000e+000
  7.2587000e+000
  7.2587000e+000
  7.2587000e+000
  7.2587000e+000
  7.2587000e+000
  7.2587000e+000
  7.2587000e+000
  7.2587000e+000
  7.2587000e+000
  7.2587000e+000
  7.2587000e+000
  7.2587000e+000
  7.2587000e+000
  7.2587000e+000
  7.2587000e+000
  7.2587000e+000
  7.2587000e+000
  7.2587000e+000
  7.2587000e+000
  7.2587000e+000
  7.2587000e+000
  7.2587000e+000
  7.2587000e+000
  7.2587000e+000
  7.2587000e+000
  7.2587000e+000
  7.2587000e+000
  7.2587000e+000
  7.2587000e+000
  7.2587000e+000
  7.2587000e+000
  7.2587000e+000
  7.2587000e+000
  7.2587000e+000
  7.2587000e+000
  7.2587000e+000
  7.2587000e+000
  7.2587000e+000
  7.2587000e+000
  7.2587000e+000
  7.2587000e+000
  7.2587000e+000
  7.2587000e+000
  7.2587000e+000
  7.2587000e+000
  7.2587000e+000
  7.2587000e+000
  7.2587000e+000
  7.2587000e+000
  7.2587000e+000
  7.2587000e+000
  7.2587000e+000
  7.2587000e+000
  7.2587000e+000
  7.2587000e+000
