  9.4182000e+000
  9.4182000e+000
  9.4182000e+000
  9.4182000e+000
  9.4182000e+000
  9.4182000e+000
  9.4182000e+000
  9.4182000e+000
  9.4182000e+000
  9.4182000e+000
  9.4182000e+000
  9.6406154e+000
  9.8630307e+000
  1.0085446e+001
  1.0307861e+001
  1.0530277e+001
  1.0752692e+001
  1.0975108e+001
  1.1197523e+001
  1.1419938e+001
  1.1642354e+001
  1.1864769e+001
  1.2087184e+001
  1.2309600e+001
  1.2532015e+001
  1.2754430e+001
  1.2976846e+001
  1.3199261e+001
  1.3421677e+001
  1.3644092e+001
  1.3866507e+001
  1.4088923e+001
  1.4311338e+001
  1.4533753e+001
  1.4756169e+001
  1.4978584e+001
  1.5200999e+001
  1.5423415e+001
  1.5645830e+001
  1.5868246e+001
  1.6090661e+001
  1.6313076e+001
  1.6535492e+001
  1.6757907e+001
  1.6980322e+001
  1.7202738e+001
  1.7425153e+001
  1.7647568e+001
  1.7869984e+001
  1.8092399e+001
  1.8314814e+001
  1.8537230e+001
  1.8759645e+001
  1.8982061e+001
  1.9204476e+001
  1.9426891e+001
  1.9649307e+001
  1.9871722e+001
  2.0094137e+001
  2.0316553e+001
  2.0538968e+001
  2.0761383e+001
  2.0983799e+001
  2.1206214e+001
  2.1428630e+001
  2.1651045e+001
  2.1873460e+001
  2.2095876e+001
  2.2318291e+001
  2.2540706e+001
  2.2763122e+001
  2.2985537e+001
  2.3207952e+001
  2.3430368e+001
  2.3652783e+001
  2.3875199e+001
  2.4097614e+001
  2.4320029e+001
  2.4542445e+001
  2.4764860e+001
  2.4987275e+001
  2.5209691e+001
  2.5432106e+001
  2.5654521e+001
  2.5876937e+001
  2.6099352e+001
  2.6321768e+001
  2.6544183e+001
  2.6766598e+001
  2.6989014e+001
  2.7211429e+001
  2.7433844e+001
  2.7656260e+001
  2.7878675e+001
  2.8101090e+001
  2.8323506e+001
  2.8545921e+001
  2.8768337e+001
  2.8990752e+001
  2.9213167e+001
  2.9435583e+001
  2.9657998e+001
  2.9880413e+001
  3.0102829e+001
  3.0325244e+001
  3.0547659e+001
  3.0770075e+001
  3.0992490e+001
  3.1214906e+001
  3.1437321e+001
  3.1659736e+001
  3.1882152e+001
  3.2104567e+001
  3.2326982e+001
  3.2549398e+001
  3.2771813e+001
  3.2994228e+001
  3.3216644e+001
  3.3439059e+001
  3.3661475e+001
  3.3883890e+001
  3.4106305e+001
  3.4328721e+001
  3.4551136e+001
  3.4773551e+001
  3.4995967e+001
  3.5218382e+001
  3.5440797e+001
  3.5663213e+001
  3.5885628e+001
  3.6108043e+001
  3.6330459e+001
  3.6552874e+001
  3.6775290e+001
  3.6997705e+001
  3.7220120e+001
  3.7442536e+001
  3.7664951e+001
  3.7887366e+001
  3.8109782e+001
  3.8332197e+001
  3.8165815e+001
  3.7917218e+001
  3.7668621e+001
  3.7420024e+001
  3.7171427e+001
  3.6922830e+001
  3.6674233e+001
  3.6425636e+001
  3.6177039e+001
  3.5928442e+001
  3.5679845e+001
  3.5431248e+001
  3.5182651e+001
  3.4934054e+001
  3.4685457e+001
  3.4436860e+001
  3.4188263e+001
  3.3939666e+001
  3.3691069e+001
  3.3442472e+001
  3.3193875e+001
  3.2945278e+001
  3.2696681e+001
  3.2448085e+001
  3.2199488e+001
  3.1950891e+001
  3.1702294e+001
  3.1453697e+001
  3.1205100e+001
  3.0956503e+001
  3.0707906e+001
  3.0459309e+001
  3.0210712e+001
  2.9962115e+001
  2.9713518e+001
  2.9464921e+001
  2.9216324e+001
  2.8967727e+001
  2.8719130e+001
  2.8470533e+001
  2.8221936e+001
  2.7973339e+001
  2.7724742e+001
  2.7476145e+001
  2.7227548e+001
  2.6978951e+001
  2.6730354e+001
  2.6481757e+001
  2.6233160e+001
  2.5984563e+001
  2.5735966e+001
  2.5487369e+001
  2.5238772e+001
  2.4990175e+001
  2.4741578e+001
  2.4492981e+001
  2.4244384e+001
  2.3995787e+001
  2.3747190e+001
  2.3498593e+001
  2.3249996e+001
  2.3001399e+001
  2.2752802e+001
  2.2504205e+001
  2.2255608e+001
  2.2007012e+001
  2.1758415e+001
  2.1509818e+001
  2.1261221e+001
  2.1012624e+001
  2.0764027e+001
  2.0515430e+001
  2.0266833e+001
  2.0018236e+001
  1.9769639e+001
  1.9521042e+001
  1.9272445e+001
  1.9023848e+001
  1.8775251e+001
  1.8526654e+001
  1.8278057e+001
  1.8029460e+001
  1.7780863e+001
  1.7532266e+001
  1.7283669e+001
  1.7035072e+001
  1.6786475e+001
  1.6537878e+001
  1.6289281e+001
  1.6040684e+001
  1.5792087e+001
  1.5543490e+001
  1.5294893e+001
  1.5046296e+001
  1.4797699e+001
  1.4549102e+001
  1.4300505e+001
  1.4051908e+001
  1.3803311e+001
  1.3554714e+001
  1.3306117e+001
  1.3057520e+001
  1.2808923e+001
  1.2560326e+001
  1.2311729e+001
  1.2063132e+001
  1.1814535e+001
  1.1565938e+001
  1.1317342e+001
  1.1068745e+001
  1.0820148e+001
  1.0571551e+001
  1.0322954e+001
  1.0074357e+001
  9.8257597e+000
