  6.6740000e+000
  6.6740000e+000
  6.6740000e+000
  6.6740000e+000
  6.6740000e+000
  6.6740000e+000
  6.6740000e+000
  6.6740000e+000
  6.6740000e+000
  6.6740000e+000
  6.6740000e+000
  6.9257070e+000
  7.1774140e+000
  7.4291210e+000
  7.6808280e+000
  7.9325350e+000
  8.1842420e+000
  8.4359490e+000
  8.6876560e+000
  8.9393630e+000
  9.1910700e+000
  9.4427770e+000
  9.6944840e+000
  9.9461910e+000
  1.0197898e+001
  1.0449605e+001
  1.0701312e+001
  1.0953019e+001
  1.1204726e+001
  1.1456433e+001
  1.1708140e+001
  1.1959847e+001
  1.2211554e+001
  1.2463261e+001
  1.2714968e+001
  1.2966675e+001
  1.3218382e+001
  1.3470089e+001
  1.3721796e+001
  1.3973503e+001
  1.4225210e+001
  1.4476917e+001
  1.4728624e+001
  1.4980331e+001
  1.5232038e+001
  1.5483745e+001
  1.5735452e+001
  1.5987159e+001
  1.6238866e+001
  1.6490573e+001
  1.6742280e+001
  1.6993987e+001
  1.7245694e+001
  1.7497401e+001
  1.7749108e+001
  1.8000815e+001
  1.8252522e+001
  1.8504229e+001
  1.8755936e+001
  1.9007643e+001
  1.9259350e+001
  1.9511057e+001
  1.9762764e+001
  2.0014471e+001
  2.0266178e+001
  2.0517885e+001
  2.0769592e+001
  2.1021299e+001
  2.1273006e+001
  2.1524713e+001
  2.1776420e+001
  2.2028127e+001
  2.2279834e+001
  2.2531541e+001
  2.2783248e+001
  2.3034955e+001
  2.3286662e+001
  2.3538369e+001
  2.3790076e+001
  2.4041783e+001
  2.4131312e+001
  2.3939345e+001
  2.3747378e+001
  2.3555411e+001
  2.3363443e+001
  2.3171476e+001
  2.2979509e+001
  2.2787542e+001
  2.2595575e+001
  2.2403607e+001
  2.2211640e+001
  2.2019673e+001
  2.1827706e+001
  2.1635738e+001
  2.1443771e+001
  2.1251804e+001
  2.1059837e+001
  2.0867870e+001
  2.0675902e+001
  2.0483935e+001
  2.0291968e+001
  2.0100001e+001
  1.9908034e+001
  1.9716066e+001
  1.9524099e+001
  1.9332132e+001
  1.9140165e+001
  1.8948197e+001
  1.8756230e+001
  1.8564263e+001
  1.8372296e+001
  1.8180329e+001
  1.7988361e+001
  1.7796394e+001
  1.7604427e+001
  1.7412460e+001
  1.7220492e+001
  1.7028525e+001
  1.6836558e+001
  1.6644591e+001
  1.6452624e+001
  1.6260656e+001
  1.6068689e+001
  1.5876722e+001
  1.5684755e+001
  1.5492788e+001
  1.5300820e+001
  1.5108853e+001
  1.4916886e+001
  1.4724919e+001
  1.4532951e+001
  1.4340984e+001
  1.4149017e+001
  1.3957050e+001
  1.3765083e+001
  1.3573115e+001
  1.3381148e+001
  1.3189181e+001
  1.2997214e+001
  1.2805246e+001
  1.2613279e+001
  1.2421312e+001
  1.2229345e+001
  1.2037378e+001
  1.1845410e+001
  1.1653443e+001
  1.1461476e+001
  1.1269509e+001
  1.1077542e+001
  1.0885574e+001
  1.0693607e+001
  1.0501640e+001
  1.0309673e+001
  1.0117705e+001
  9.9257382e+000
  9.7337710e+000
  9.5418038e+000
  9.3498365e+000
  9.1578693e+000
  8.9659021e+000
  8.7739349e+000
  8.5819677e+000
  8.3900005e+000
  8.1980332e+000
  8.0060660e+000
  7.8140988e+000
  7.6221316e+000
  7.4301644e+000
  7.2381972e+000
  7.0462299e+000
  6.8542627e+000
  6.6622955e+000
  6.4703283e+000
  6.2783611e+000
  6.0863939e+000
  6.0504000e+000
  6.0504000e+000
  6.0504000e+000
  6.0504000e+000
  6.0504000e+000
  6.0504000e+000
  6.0504000e+000
  6.0504000e+000
  6.0504000e+000
  6.0504000e+000
  6.0504000e+000
  6.0504000e+000
  6.0504000e+000
  6.0504000e+000
  6.0504000e+000
  6.0504000e+000
  6.0504000e+000
  6.0504000e+000
  6.0504000e+000
  6.0504000e+000
  6.0504000e+000
  6.0504000e+000
  6.0504000e+000
  6.0504000e+000
  6.0504000e+000
  6.0504000e+000
  6.0504000e+000
  6.0504000e+000
  6.0504000e+000
  6.0504000e+000
  6.0504000e+000
  6.0504000e+000
  6.0504000e+000
  6.0504000e+000
  6.0504000e+000
  6.0504000e+000
  6.0504000e+000
  6.0504000e+000
  6.0504000e+000
  6.0504000e+000
  6.0504000e+000
  6.0504000e+000
  6.0504000e+000
  6.0504000e+000
  6.0504000e+000
  6.0504000e+000
  6.0504000e+000
  6.0504000e+000
  6.0504000e+000
  6.0504000e+000
  6.0504000e+000
  6.0504000e+000
  6.0504000e+000
  6.0504000e+000
  6.0504000e+000
  6.0504000e+000
  6.0504000e+000
  6.0504000e+000
  6.0504000e+000
  6.0504000e+000
  6.0504000e+000
  6.0504000e+000
  6.0504000e+000
  6.0504000e+000
  6.0504000e+000
  6.0504000e+000
  6.0504000e+000
  6.0504000e+000
  6.0504000e+000
  6.0504000e+000
  6.0504000e+000
  6.0504000e+000
  6.0504000e+000
  6.0504000e+000
  6.0504000e+000
  6.0504000e+000
  6.0504000e+000
  6.0504000e+000
  6.0504000e+000
  6.0504000e+000
  6.0504000e+000
