  1.1730769e+001
  1.2035156e+001
  1.2339543e+001
  1.2643930e+001
  1.2948317e+001
  1.3252704e+001
  1.3557091e+001
  1.3861478e+001
  1.4165865e+001
  1.4470252e+001
  1.4774639e+001
  1.5079026e+001
  1.5383413e+001
  1.5687800e+001
  1.5992187e+001
  1.6296574e+001
  1.6600961e+001
  1.6905348e+001
  1.7209735e+001
  1.7514121e+001
  1.7818508e+001
  1.8122895e+001
  1.8427282e+001
  1.8731669e+001
  1.9036056e+001
  1.9340443e+001
  1.9644830e+001
  1.9949217e+001
  2.0253604e+001
  2.0557991e+001
  2.0862378e+001
  2.1166765e+001
  2.1471152e+001
  2.1775539e+001
  2.2079926e+001
  2.2384313e+001
  2.2688700e+001
  2.2993087e+001
  2.3297474e+001
  2.3601861e+001
  2.3906248e+001
  2.4210635e+001
  2.4515022e+001
  2.4819409e+001
  2.5123795e+001
  2.5428182e+001
  2.5732569e+001
  2.6036956e+001
  2.6341343e+001
  2.6645730e+001
  2.6950117e+001
  2.7254504e+001
  2.7558891e+001
  2.7863278e+001
  2.8167665e+001
  2.8472052e+001
  2.8776439e+001
  2.9080826e+001
  2.9385213e+001
  2.9689600e+001
  2.9993987e+001
  3.0298374e+001
  3.0602761e+001
  3.0907148e+001
  3.1211535e+001
  3.1515922e+001
  3.1820309e+001
  3.2124696e+001
  3.2429083e+001
  3.2733470e+001
  3.3037856e+001
  3.3342243e+001
  3.3646630e+001
  3.3951017e+001
  3.4255404e+001
  3.4559791e+001
  3.4864178e+001
  3.5168565e+001
  3.5472952e+001
  3.5777339e+001
  3.6081726e+001
  3.6386113e+001
  3.6690500e+001
  3.6498487e+001
  3.6306473e+001
  3.6114460e+001
  3.5922447e+001
  3.5730434e+001
  3.5538420e+001
  3.5346407e+001
  3.5154394e+001
  3.4962381e+001
  3.4770367e+001
  3.4578354e+001
  3.4386341e+001
  3.4194328e+001
  3.4002314e+001
  3.3810301e+001
  3.3618288e+001
  3.3426275e+001
  3.3234261e+001
  3.3042248e+001
  3.2850235e+001
  3.2658222e+001
  3.2466208e+001
  3.2274195e+001
  3.2082182e+001
  3.1890169e+001
  3.1698155e+001
  3.1506142e+001
  3.1314129e+001
  3.1122116e+001
  3.0930102e+001
  3.0738089e+001
  3.0546076e+001
  3.0354062e+001
  3.0162049e+001
  2.9970036e+001
  2.9778023e+001
  2.9586009e+001
  2.9393996e+001
  2.9201983e+001
  2.9009970e+001
  2.8817956e+001
  2.8625943e+001
  2.8433930e+001
  2.8241917e+001
  2.8049903e+001
  2.7857890e+001
  2.7665877e+001
  2.7473864e+001
  2.7281850e+001
  2.7089837e+001
  2.6897824e+001
  2.6705811e+001
  2.6513797e+001
  2.6321784e+001
  2.6129771e+001
  2.5937758e+001
  2.5745744e+001
  2.5553731e+001
  2.5361718e+001
  2.5169705e+001
  2.4977691e+001
  2.4785678e+001
  2.4593665e+001
  2.4401652e+001
  2.4209638e+001
  2.4017625e+001
  2.3825612e+001
  2.3633598e+001
  2.3441585e+001
  2.3249572e+001
  2.3057559e+001
  2.2865545e+001
  2.2673532e+001
  2.2481519e+001
  2.2289506e+001
  2.2097492e+001
  2.1905479e+001
  2.1713466e+001
  2.1521453e+001
  2.1329439e+001
  2.1137426e+001
  2.0945413e+001
  2.0753400e+001
  2.0561386e+001
  2.0369373e+001
  2.0177360e+001
  1.9985347e+001
  1.9793333e+001
  1.9601320e+001
  1.9409307e+001
  1.9217294e+001
  1.9025280e+001
  1.8833267e+001
  1.8641254e+001
  1.8449241e+001
  1.8257227e+001
  1.8065214e+001
  1.7873201e+001
  1.7681187e+001
  1.7489174e+001
  1.7297161e+001
  1.7105148e+001
  1.6913134e+001
  1.6721121e+001
  1.6529108e+001
  1.6337095e+001
  1.6145081e+001
  1.5953068e+001
  1.5761055e+001
  1.5569042e+001
  1.5377028e+001
  1.5185015e+001
  1.4993002e+001
  1.4800989e+001
  1.4608975e+001
  1.4416962e+001
  1.4224949e+001
  1.4032936e+001
  1.3840922e+001
  1.3648909e+001
  1.3456896e+001
  1.3264883e+001
  1.3072869e+001
  1.2880856e+001
  1.2688843e+001
  1.2496830e+001
  1.2304816e+001
  1.2112803e+001
  1.1920790e+001
  1.1728776e+001
  1.1536763e+001
  1.1344750e+001
  1.1152737e+001
  1.0960723e+001
  1.0768710e+001
  1.0576697e+001
  1.0384684e+001
  1.0192670e+001
  1.0000657e+001
  9.8086439e+000
  9.6166307e+000
  9.4246174e+000
  9.2326041e+000
  9.1726000e+000
  9.1726000e+000
  9.1726000e+000
  9.1726000e+000
  9.1726000e+000
  9.1726000e+000
  9.1726000e+000
  9.1726000e+000
  9.1726000e+000
  9.1726000e+000
  9.1726000e+000
  9.1726000e+000
  9.1726000e+000
  9.1726000e+000
  9.1726000e+000
  9.1726000e+000
  9.1726000e+000
  9.1726000e+000
  9.1726000e+000
  9.1726000e+000
  9.1726000e+000
  9.1726000e+000
  9.1726000e+000
  9.1726000e+000
  9.1726000e+000
  9.1726000e+000
  9.1726000e+000
  9.1726000e+000
  9.1726000e+000
  9.1726000e+000
