  1.2158120e+001
  1.2386109e+001
  1.2614098e+001
  1.2842087e+001
  1.3070077e+001
  1.3298066e+001
  1.3526055e+001
  1.3754045e+001
  1.3982034e+001
  1.4210023e+001
  1.4438012e+001
  1.4666002e+001
  1.4893991e+001
  1.5121980e+001
  1.5349969e+001
  1.5577959e+001
  1.5805948e+001
  1.6033937e+001
  1.6261927e+001
  1.6489916e+001
  1.6717905e+001
  1.6945894e+001
  1.7173884e+001
  1.7401873e+001
  1.7629862e+001
  1.7857851e+001
  1.8085841e+001
  1.8313830e+001
  1.8541819e+001
  1.8769809e+001
  1.8997798e+001
  1.9225787e+001
  1.9453776e+001
  1.9681766e+001
  1.9909755e+001
  2.0137744e+001
  2.0365734e+001
  2.0593723e+001
  2.0821712e+001
  2.1049701e+001
  2.1277691e+001
  2.1505680e+001
  2.1733669e+001
  2.1961658e+001
  2.2189648e+001
  2.2417637e+001
  2.2645626e+001
  2.2873616e+001
  2.3101605e+001
  2.3329594e+001
  2.3557583e+001
  2.3785573e+001
  2.4013562e+001
  2.4241551e+001
  2.4469540e+001
  2.4697530e+001
  2.4925519e+001
  2.5153508e+001
  2.5381498e+001
  2.5609487e+001
  2.5837476e+001
  2.6065465e+001
  2.6293455e+001
  2.6521444e+001
  2.6749433e+001
  2.6977422e+001
  2.7205412e+001
  2.7433401e+001
  2.7661390e+001
  2.7889380e+001
  2.8117369e+001
  2.8345358e+001
  2.8573347e+001
  2.8801337e+001
  2.9029326e+001
  2.9257315e+001
  2.9485304e+001
  2.9713294e+001
  2.9599983e+001
  2.9407912e+001
  2.9215840e+001
  2.9023768e+001
  2.8831696e+001
  2.8639624e+001
  2.8447553e+001
  2.8255481e+001
  2.8063409e+001
  2.7871337e+001
  2.7679265e+001
  2.7487194e+001
  2.7295122e+001
  2.7103050e+001
  2.6910978e+001
  2.6718906e+001
  2.6526835e+001
  2.6334763e+001
  2.6142691e+001
  2.5950619e+001
  2.5758547e+001
  2.5566476e+001
  2.5374404e+001
  2.5182332e+001
  2.4990260e+001
  2.4798188e+001
  2.4606117e+001
  2.4414045e+001
  2.4221973e+001
  2.4029901e+001
  2.3837830e+001
  2.3645758e+001
  2.3453686e+001
  2.3261614e+001
  2.3069542e+001
  2.2877471e+001
  2.2685399e+001
  2.2493327e+001
  2.2301255e+001
  2.2109183e+001
  2.1917112e+001
  2.1725040e+001
  2.1532968e+001
  2.1340896e+001
  2.1148824e+001
  2.0956753e+001
  2.0764681e+001
  2.0572609e+001
  2.0380537e+001
  2.0188465e+001
  1.9996394e+001
  1.9804322e+001
  1.9612250e+001
  1.9420178e+001
  1.9228106e+001
  1.9036035e+001
  1.8843963e+001
  1.8651891e+001
  1.8459819e+001
  1.8267747e+001
  1.8075676e+001
  1.7883604e+001
  1.7691532e+001
  1.7499460e+001
  1.7307388e+001
  1.7115317e+001
  1.6923245e+001
  1.6731173e+001
  1.6539101e+001
  1.6347029e+001
  1.6154958e+001
  1.5962886e+001
  1.5770814e+001
  1.5578742e+001
  1.5386671e+001
  1.5194599e+001
  1.5002527e+001
  1.4810455e+001
  1.4618383e+001
  1.4426312e+001
  1.4234240e+001
  1.4042168e+001
  1.3850096e+001
  1.3658024e+001
  1.3465953e+001
  1.3273881e+001
  1.3081809e+001
  1.2889737e+001
  1.2697665e+001
  1.2505594e+001
  1.2313522e+001
  1.2121450e+001
  1.1929378e+001
  1.1737306e+001
  1.1545235e+001
  1.1353163e+001
  1.1161091e+001
  1.0969019e+001
  1.0776947e+001
  1.0584876e+001
  1.0392804e+001
  1.0200732e+001
  1.0008660e+001
  9.8165885e+000
  9.6245167e+000
  9.4324449e+000
  9.2403731e+000
  9.0483013e+000
  8.8562295e+000
  8.6641577e+000
  8.4720859e+000
  8.2800141e+000
  8.0879423e+000
  7.8958705e+000
  7.7037987e+000
  7.5117269e+000
  7.4397000e+000
  7.4397000e+000
  7.4397000e+000
  7.4397000e+000
  7.4397000e+000
  7.4397000e+000
  7.4397000e+000
  7.4397000e+000
  7.4397000e+000
  7.4397000e+000
  7.4397000e+000
  7.4397000e+000
  7.4397000e+000
  7.4397000e+000
  7.4397000e+000
  7.4397000e+000
  7.4397000e+000
  7.4397000e+000
  7.4397000e+000
  7.4397000e+000
  7.4397000e+000
  7.4397000e+000
  7.4397000e+000
  7.4397000e+000
  7.4397000e+000
  7.4397000e+000
  7.4397000e+000
  7.4397000e+000
  7.4397000e+000
  7.4397000e+000
  7.4397000e+000
  7.4397000e+000
  7.4397000e+000
  7.4397000e+000
  7.4397000e+000
  7.4397000e+000
  7.4397000e+000
  7.4397000e+000
  7.4397000e+000
  7.4397000e+000
  7.4397000e+000
  7.4397000e+000
  7.4397000e+000
  7.4397000e+000
  7.4397000e+000
  7.4397000e+000
  7.4397000e+000
  7.4397000e+000
  7.4397000e+000
  7.4397000e+000
  7.4397000e+000
  7.4397000e+000
  7.4397000e+000
  7.4397000e+000
  7.4397000e+000
  7.4397000e+000
  7.4397000e+000
  7.4397000e+000
  7.4397000e+000
  7.4397000e+000
  7.4397000e+000
  7.4397000e+000
