  1.2236467e+001
  1.2467645e+001
  1.2698823e+001
  1.2930001e+001
  1.3161178e+001
  1.3392356e+001
  1.3623534e+001
  1.3854712e+001
  1.4085890e+001
  1.4317067e+001
  1.4548245e+001
  1.4779423e+001
  1.5010601e+001
  1.5241779e+001
  1.5472956e+001
  1.5704134e+001
  1.5935312e+001
  1.6166490e+001
  1.6397668e+001
  1.6628845e+001
  1.6860023e+001
  1.7091201e+001
  1.7322379e+001
  1.7553557e+001
  1.7784734e+001
  1.8015912e+001
  1.8247090e+001
  1.8478268e+001
  1.8709446e+001
  1.8940624e+001
  1.9171801e+001
  1.9402979e+001
  1.9634157e+001
  1.9865335e+001
  2.0096513e+001
  2.0327690e+001
  2.0558868e+001
  2.0790046e+001
  2.1021224e+001
  2.1252402e+001
  2.1483579e+001
  2.1714757e+001
  2.1945935e+001
  2.2177113e+001
  2.2408291e+001
  2.2639468e+001
  2.2870646e+001
  2.3101824e+001
  2.3333002e+001
  2.3564180e+001
  2.3795357e+001
  2.4026535e+001
  2.4257713e+001
  2.4488891e+001
  2.4720069e+001
  2.4951246e+001
  2.5182424e+001
  2.5413602e+001
  2.5644780e+001
  2.5875958e+001
  2.6107135e+001
  2.6338313e+001
  2.6569491e+001
  2.6800669e+001
  2.7031847e+001
  2.7263024e+001
  2.7494202e+001
  2.7725380e+001
  2.7956558e+001
  2.8187736e+001
  2.8418913e+001
  2.8650091e+001
  2.8881269e+001
  2.9112447e+001
  2.9343625e+001
  2.9574802e+001
  2.9805980e+001
  3.0037158e+001
  3.0268336e+001
  3.0499514e+001
  3.0730691e+001
  3.0961869e+001
  3.1193047e+001
  3.1424225e+001
  3.1655403e+001
  3.1886580e+001
  3.2117758e+001
  3.2348936e+001
  3.2580114e+001
  3.2811292e+001
  3.3042469e+001
  3.3273647e+001
  3.3504825e+001
  3.3736003e+001
  3.3967181e+001
  3.4198358e+001
  3.4429536e+001
  3.4660714e+001
  3.4891892e+001
  3.5123070e+001
  3.5354247e+001
  3.5585425e+001
  3.5816603e+001
  3.6047781e+001
  3.6278959e+001
  3.6510136e+001
  3.6741314e+001
  3.6972492e+001
  3.7203670e+001
  3.7434848e+001
  3.7666025e+001
  3.7897203e+001
  3.8128381e+001
  3.8359559e+001
  3.8590737e+001
  3.8821914e+001
  3.9053092e+001
  3.9284270e+001
  3.9515448e+001
  3.9746626e+001
  3.9977804e+001
  4.0208981e+001
  4.0440159e+001
  4.0671337e+001
  4.0902515e+001
  4.1133693e+001
  4.1364870e+001
  4.1596048e+001
  4.1827226e+001
  4.2058404e+001
  4.2289582e+001
  4.2520759e+001
  4.2751937e+001
  4.2983115e+001
  4.3214293e+001
  4.3414197e+001
  4.3144998e+001
  4.2875800e+001
  4.2606601e+001
  4.2337403e+001
  4.2068204e+001
  4.1799006e+001
  4.1529807e+001
  4.1260609e+001
  4.0991410e+001
  4.0722212e+001
  4.0453013e+001
  4.0183815e+001
  3.9914616e+001
  3.9645418e+001
  3.9376219e+001
  3.9107021e+001
  3.8837822e+001
  3.8568624e+001
  3.8299425e+001
  3.8030226e+001
  3.7761028e+001
  3.7491829e+001
  3.7222631e+001
  3.6953432e+001
  3.6684234e+001
  3.6415035e+001
  3.6145837e+001
  3.5876638e+001
  3.5607440e+001
  3.5338241e+001
  3.5069043e+001
  3.4799844e+001
  3.4530646e+001
  3.4261447e+001
  3.3992249e+001
  3.3723050e+001
  3.3453851e+001
  3.3184653e+001
  3.2915454e+001
  3.2646256e+001
  3.2377057e+001
  3.2107859e+001
  3.1838660e+001
  3.1569462e+001
  3.1300263e+001
  3.1031065e+001
  3.0761866e+001
  3.0492668e+001
  3.0223469e+001
  2.9954271e+001
  2.9685072e+001
  2.9415874e+001
  2.9146675e+001
  2.8877476e+001
  2.8608278e+001
  2.8339079e+001
  2.8069881e+001
  2.7800682e+001
  2.7531484e+001
  2.7262285e+001
  2.6993087e+001
  2.6723888e+001
  2.6454690e+001
  2.6185491e+001
  2.5916293e+001
  2.5647094e+001
  2.5377896e+001
  2.5108697e+001
  2.4839499e+001
  2.4570300e+001
  2.4301102e+001
  2.4031903e+001
  2.3762704e+001
  2.3493506e+001
  2.3224307e+001
  2.2955109e+001
  2.2685910e+001
  2.2416712e+001
  2.2147513e+001
  2.1878315e+001
  2.1609116e+001
  2.1339918e+001
  2.1070719e+001
  2.0801521e+001
  2.0532322e+001
  2.0263124e+001
  1.9993925e+001
  1.9724727e+001
  1.9455528e+001
  1.9186329e+001
  1.8917131e+001
  1.8647932e+001
  1.8378734e+001
  1.8109535e+001
  1.7840337e+001
  1.7571138e+001
  1.7301940e+001
  1.7032741e+001
  1.6763543e+001
  1.6494344e+001
  1.6225146e+001
  1.5955947e+001
  1.5686749e+001
  1.5417550e+001
  1.5148352e+001
  1.4879153e+001
  1.4609954e+001
  1.4340756e+001
  1.4071557e+001
  1.3802359e+001
  1.3533160e+001
  1.3263962e+001
  1.2994763e+001
  1.2725565e+001
  1.2456366e+001
  1.2187168e+001
  1.1917969e+001
  1.1648771e+001
  1.1379572e+001
  1.1110374e+001
