  1.3649100e+001
  1.3649100e+001
  1.3649100e+001
  1.3649100e+001
  1.3649100e+001
  1.3649100e+001
  1.3649100e+001
  1.3649100e+001
  1.3649100e+001
  1.3649100e+001
  1.3649100e+001
  1.3978562e+001
  1.4308025e+001
  1.4637487e+001
  1.4966949e+001
  1.5296411e+001
  1.5625874e+001
  1.5955336e+001
  1.6284798e+001
  1.6614261e+001
  1.6943723e+001
  1.7273185e+001
  1.7602647e+001
  1.7932110e+001
  1.8261572e+001
  1.8591034e+001
  1.8920497e+001
  1.9249959e+001
  1.9579421e+001
  1.9908883e+001
  2.0238346e+001
  2.0567808e+001
  2.0897270e+001
  2.1226732e+001
  2.1556195e+001
  2.1885657e+001
  2.2215119e+001
  2.2544582e+001
  2.2874044e+001
  2.3203506e+001
  2.3532968e+001
  2.3862431e+001
  2.4191893e+001
  2.4521355e+001
  2.4850818e+001
  2.5180280e+001
  2.5509742e+001
  2.5839204e+001
  2.6168667e+001
  2.6498129e+001
  2.6827591e+001
  2.7157054e+001
  2.7486516e+001
  2.7815978e+001
  2.8145440e+001
  2.8474903e+001
  2.8804365e+001
  2.9133827e+001
  2.9463290e+001
  2.9792752e+001
  3.0122214e+001
  3.0451676e+001
  3.0781139e+001
  3.1110601e+001
  3.1440063e+001
  3.1769526e+001
  3.2098988e+001
  3.2428450e+001
  3.2757912e+001
  3.3087375e+001
  3.3416837e+001
  3.3746299e+001
  3.4075762e+001
  3.4405224e+001
  3.4734686e+001
  3.5064148e+001
  3.5393611e+001
  3.5723073e+001
  3.6052535e+001
  3.6381997e+001
  3.6711460e+001
  3.7040922e+001
  3.7370384e+001
  3.7699847e+001
  3.8029309e+001
  3.8358771e+001
  3.8688233e+001
  3.9017696e+001
  3.9347158e+001
  3.9676620e+001
  4.0006083e+001
  4.0335545e+001
  4.0665007e+001
  4.0994469e+001
  4.1323932e+001
  4.1653394e+001
  4.1982856e+001
  4.2312319e+001
  4.2641781e+001
  4.2971243e+001
  4.3300705e+001
  4.3630168e+001
  4.3959630e+001
  4.4289092e+001
  4.4618555e+001
  4.4948017e+001
  4.5277479e+001
  4.5606941e+001
  4.5936404e+001
  4.6265866e+001
  4.6595328e+001
  4.6924791e+001
  4.7254253e+001
  4.7583715e+001
  4.7913177e+001
  4.8242640e+001
  4.8572102e+001
  4.8901564e+001
  4.9231026e+001
  4.9560489e+001
  4.9889951e+001
  5.0219413e+001
  5.0548876e+001
  5.0878338e+001
  5.1207800e+001
  5.1537262e+001
  5.1866725e+001
  5.2196187e+001
  5.2525649e+001
  5.2855112e+001
  5.3184574e+001
  5.3514036e+001
  5.3843498e+001
  5.4172961e+001
  5.4502423e+001
  5.4831885e+001
  5.5161348e+001
  5.5490810e+001
  5.5820272e+001
  5.6149734e+001
  5.5969484e+001
  5.5607995e+001
  5.5246506e+001
  5.4885018e+001
  5.4523529e+001
  5.4162041e+001
  5.3800552e+001
  5.3439063e+001
  5.3077575e+001
  5.2716086e+001
  5.2354598e+001
  5.1993109e+001
  5.1631620e+001
  5.1270132e+001
  5.0908643e+001
  5.0547155e+001
  5.0185666e+001
  4.9824178e+001
  4.9462689e+001
  4.9101200e+001
  4.8739712e+001
  4.8378223e+001
  4.8016735e+001
  4.7655246e+001
  4.7293757e+001
  4.6932269e+001
  4.6570780e+001
  4.6209292e+001
  4.5847803e+001
  4.5486314e+001
  4.5124826e+001
  4.4763337e+001
  4.4401849e+001
  4.4040360e+001
  4.3678871e+001
  4.3317383e+001
  4.2955894e+001
  4.2594406e+001
  4.2232917e+001
  4.1871428e+001
  4.1509940e+001
  4.1148451e+001
  4.0786963e+001
  4.0425474e+001
  4.0063986e+001
  3.9702497e+001
  3.9341008e+001
  3.8979520e+001
  3.8618031e+001
  3.8256543e+001
  3.7895054e+001
  3.7533565e+001
  3.7172077e+001
  3.6810588e+001
  3.6449100e+001
  3.6087611e+001
  3.5726122e+001
  3.5364634e+001
  3.5003145e+001
  3.4641657e+001
  3.4280168e+001
  3.3918679e+001
  3.3557191e+001
  3.3195702e+001
  3.2834214e+001
  3.2472725e+001
  3.2111237e+001
  3.1749748e+001
  3.1388259e+001
  3.1026771e+001
  3.0665282e+001
  3.0303794e+001
  2.9942305e+001
  2.9580816e+001
  2.9219328e+001
  2.8857839e+001
  2.8496351e+001
  2.8134862e+001
  2.7773373e+001
  2.7411885e+001
  2.7050396e+001
  2.6688908e+001
  2.6327419e+001
  2.5965930e+001
  2.5604442e+001
  2.5242953e+001
  2.4881465e+001
  2.4519976e+001
  2.4158488e+001
  2.3796999e+001
  2.3435510e+001
  2.3074022e+001
  2.2712533e+001
  2.2351045e+001
  2.1989556e+001
  2.1628067e+001
  2.1266579e+001
  2.0905090e+001
  2.0543602e+001
  2.0182113e+001
  1.9820624e+001
  1.9459136e+001
  1.9097647e+001
  1.8736159e+001
  1.8374670e+001
  1.8013181e+001
  1.7651693e+001
  1.7290204e+001
  1.6928716e+001
  1.6567227e+001
  1.6205739e+001
  1.5844250e+001
  1.5482761e+001
  1.5121273e+001
  1.4759784e+001
  1.4398296e+001
