  1.4104300e+001
  1.4104300e+001
  1.4104300e+001
  1.4104300e+001
  1.4104300e+001
  1.4104300e+001
  1.4104300e+001
  1.4104300e+001
  1.4104300e+001
  1.4104300e+001
  1.4104300e+001
  1.4565798e+001
  1.5027297e+001
  1.5488795e+001
  1.5950293e+001
  1.6411792e+001
  1.6873290e+001
  1.7334788e+001
  1.7796286e+001
  1.8257785e+001
  1.8719283e+001
  1.9180781e+001
  1.9642280e+001
  2.0103778e+001
  2.0565276e+001
  2.1026775e+001
  2.1488273e+001
  2.1949771e+001
  2.2411269e+001
  2.2872768e+001
  2.3334266e+001
  2.3795764e+001
  2.4257263e+001
  2.4718761e+001
  2.5180259e+001
  2.5641758e+001
  2.6103256e+001
  2.6564754e+001
  2.7026253e+001
  2.7487751e+001
  2.7949249e+001
  2.8410747e+001
  2.8872246e+001
  2.9333744e+001
  2.9795242e+001
  3.0256741e+001
  3.0718239e+001
  3.1179737e+001
  3.1641236e+001
  3.2102734e+001
  3.2564232e+001
  3.3025731e+001
  3.3487229e+001
  3.3948727e+001
  3.4410225e+001
  3.4871724e+001
  3.5333222e+001
  3.5794720e+001
  3.6256219e+001
  3.6717717e+001
  3.7179215e+001
  3.7640714e+001
  3.8102212e+001
  3.8563710e+001
  3.9025208e+001
  3.9486707e+001
  3.9948205e+001
  4.0409703e+001
  4.0871202e+001
  4.1332700e+001
  4.1794198e+001
  4.2255697e+001
  4.2717195e+001
  4.3178693e+001
  4.3640192e+001
  4.4101690e+001
  4.4563188e+001
  4.5024686e+001
  4.5486185e+001
  4.5947683e+001
  4.6409181e+001
  4.6870680e+001
  4.7332178e+001
  4.7793676e+001
  4.8096368e+001
  4.7886642e+001
  4.7676915e+001
  4.7467189e+001
  4.7257462e+001
  4.7047735e+001
  4.6838009e+001
  4.6628282e+001
  4.6418555e+001
  4.6208829e+001
  4.5999102e+001
  4.5789376e+001
  4.5579649e+001
  4.5369922e+001
  4.5160196e+001
  4.4950469e+001
  4.4740743e+001
  4.4531016e+001
  4.4321289e+001
  4.4111563e+001
  4.3901836e+001
  4.3692110e+001
  4.3482383e+001
  4.3272656e+001
  4.3062930e+001
  4.2853203e+001
  4.2643477e+001
  4.2433750e+001
  4.2224023e+001
  4.2014297e+001
  4.1804570e+001
  4.1594844e+001
  4.1385117e+001
  4.1175390e+001
  4.0965664e+001
  4.0755937e+001
  4.0546211e+001
  4.0336484e+001
  4.0126757e+001
  3.9917031e+001
  3.9707304e+001
  3.9497577e+001
  3.9287851e+001
  3.9078124e+001
  3.8868398e+001
  3.8658671e+001
  3.8448944e+001
  3.8239218e+001
  3.8029491e+001
  3.7819765e+001
  3.7610038e+001
  3.7400311e+001
  3.7190585e+001
  3.6980858e+001
  3.6771132e+001
  3.6561405e+001
  3.6351678e+001
  3.6141952e+001
  3.5932225e+001
  3.5722499e+001
  3.5512772e+001
  3.5303045e+001
  3.5093319e+001
  3.4883592e+001
  3.4673866e+001
  3.4464139e+001
  3.4254412e+001
  3.4044686e+001
  3.3834959e+001
  3.3625233e+001
  3.3415506e+001
  3.3205779e+001
  3.2996053e+001
  3.2786326e+001
  3.2576599e+001
  3.2366873e+001
  3.2157146e+001
  3.1947420e+001
  3.1737693e+001
  3.1527966e+001
  3.1318240e+001
  3.1108513e+001
  3.0898787e+001
  3.0689060e+001
  3.0479333e+001
  3.0269607e+001
  3.0059880e+001
  2.9850154e+001
  2.9640427e+001
  2.9430700e+001
  2.9220974e+001
  2.9011247e+001
  2.8801521e+001
  2.8591794e+001
  2.8382067e+001
  2.8172341e+001
  2.7962614e+001
  2.7752888e+001
  2.7543161e+001
  2.7333434e+001
  2.7123708e+001
  2.6913981e+001
  2.6704255e+001
  2.6494528e+001
  2.6284801e+001
  2.6075075e+001
  2.5865348e+001
  2.5655621e+001
  2.5445895e+001
  2.5236168e+001
  2.5026442e+001
  2.4816715e+001
  2.4606988e+001
  2.4397262e+001
  2.4187535e+001
  2.3977809e+001
  2.3768082e+001
  2.3558355e+001
  2.3348629e+001
  2.3138902e+001
  2.2929176e+001
  2.2719449e+001
  2.2509722e+001
  2.2299996e+001
  2.2090269e+001
  2.1880543e+001
  2.1670816e+001
  2.1461089e+001
  2.1251363e+001
  2.1041636e+001
  2.0831910e+001
  2.0622183e+001
  2.0412456e+001
  2.0202730e+001
  1.9993003e+001
  1.9783277e+001
  1.9573550e+001
  1.9363823e+001
  1.9154097e+001
  1.8944370e+001
  1.8734643e+001
  1.8524917e+001
  1.8315190e+001
  1.8105464e+001
  1.7895737e+001
  1.7686010e+001
  1.7476284e+001
  1.7266557e+001
  1.7056831e+001
  1.6847104e+001
  1.6637377e+001
  1.6427651e+001
  1.6217924e+001
  1.6008198e+001
  1.5798471e+001
  1.5588744e+001
  1.5379018e+001
  1.5169291e+001
  1.4959565e+001
  1.4749838e+001
  1.4540111e+001
  1.4330385e+001
  1.4120658e+001
  1.3910932e+001
  1.3701205e+001
  1.3491478e+001
  1.3281752e+001
  1.3072025e+001
  1.2862299e+001
  1.2652572e+001
  1.2442845e+001
  1.2233119e+001
