  1.2299100e+001
  1.2299100e+001
  1.2299100e+001
  1.2299100e+001
  1.2299100e+001
  1.2299100e+001
  1.2299100e+001
  1.2299100e+001
  1.2299100e+001
  1.2299100e+001
  1.2299100e+001
  1.2738254e+001
  1.3177409e+001
  1.3616563e+001
  1.4055718e+001
  1.4494872e+001
  1.4934027e+001
  1.5373181e+001
  1.5812335e+001
  1.6251490e+001
  1.6690644e+001
  1.7129799e+001
  1.7568953e+001
  1.8008108e+001
  1.8447262e+001
  1.8886416e+001
  1.9325571e+001
  1.9764725e+001
  2.0203880e+001
  2.0643034e+001
  2.1082189e+001
  2.1521343e+001
  2.1960497e+001
  2.2399652e+001
  2.2838806e+001
  2.3277961e+001
  2.3717115e+001
  2.4156270e+001
  2.4595424e+001
  2.5034578e+001
  2.5473733e+001
  2.5912887e+001
  2.6352042e+001
  2.6791196e+001
  2.7230350e+001
  2.7669505e+001
  2.8108659e+001
  2.8547814e+001
  2.8986968e+001
  2.9426123e+001
  2.9865277e+001
  3.0304431e+001
  3.0743586e+001
  3.1182740e+001
  3.1621895e+001
  3.2061049e+001
  3.2500204e+001
  3.2939358e+001
  3.3378512e+001
  3.3817667e+001
  3.4256821e+001
  3.4695976e+001
  3.5135130e+001
  3.5574285e+001
  3.6013439e+001
  3.6452593e+001
  3.6891748e+001
  3.7330902e+001
  3.7770057e+001
  3.8209211e+001
  3.8648366e+001
  3.9087520e+001
  3.9526674e+001
  3.9965829e+001
  4.0404983e+001
  4.0844138e+001
  4.1283292e+001
  4.1722447e+001
  4.2161601e+001
  4.2600755e+001
  4.3039910e+001
  4.3479064e+001
  4.3468204e+001
  4.3276211e+001
  4.3084217e+001
  4.2892224e+001
  4.2700230e+001
  4.2508237e+001
  4.2316243e+001
  4.2124250e+001
  4.1932256e+001
  4.1740263e+001
  4.1548269e+001
  4.1356275e+001
  4.1164282e+001
  4.0972288e+001
  4.0780295e+001
  4.0588301e+001
  4.0396308e+001
  4.0204314e+001
  4.0012321e+001
  3.9820327e+001
  3.9628334e+001
  3.9436340e+001
  3.9244347e+001
  3.9052353e+001
  3.8860359e+001
  3.8668366e+001
  3.8476372e+001
  3.8284379e+001
  3.8092385e+001
  3.7900392e+001
  3.7708398e+001
  3.7516405e+001
  3.7324411e+001
  3.7132418e+001
  3.6940424e+001
  3.6748430e+001
  3.6556437e+001
  3.6364443e+001
  3.6172450e+001
  3.5980456e+001
  3.5788463e+001
  3.5596469e+001
  3.5404476e+001
  3.5212482e+001
  3.5020489e+001
  3.4828495e+001
  3.4636502e+001
  3.4444508e+001
  3.4252514e+001
  3.4060521e+001
  3.3868527e+001
  3.3676534e+001
  3.3484540e+001
  3.3292547e+001
  3.3100553e+001
  3.2908560e+001
  3.2716566e+001
  3.2524573e+001
  3.2332579e+001
  3.2140586e+001
  3.1948592e+001
  3.1756598e+001
  3.1564605e+001
  3.1372611e+001
  3.1180618e+001
  3.0988624e+001
  3.0796631e+001
  3.0604637e+001
  3.0412644e+001
  3.0220650e+001
  3.0028657e+001
  2.9836663e+001
  2.9644669e+001
  2.9452676e+001
  2.9260682e+001
  2.9068689e+001
  2.8876695e+001
  2.8684702e+001
  2.8492708e+001
  2.8300715e+001
  2.8108721e+001
  2.7916728e+001
  2.7724734e+001
  2.7532741e+001
  2.7340747e+001
  2.7148753e+001
  2.6956760e+001
  2.6764766e+001
  2.6572773e+001
  2.6380779e+001
  2.6188786e+001
  2.5996792e+001
  2.5804799e+001
  2.5612805e+001
  2.5420812e+001
  2.5228818e+001
  2.5036824e+001
  2.4844831e+001
  2.4652837e+001
  2.4460844e+001
  2.4268850e+001
  2.4076857e+001
  2.3884863e+001
  2.3692870e+001
  2.3500876e+001
  2.3308883e+001
  2.3116889e+001
  2.2924896e+001
  2.2732902e+001
  2.2540908e+001
  2.2348915e+001
  2.2156921e+001
  2.1964928e+001
  2.1772934e+001
  2.1580941e+001
  2.1388947e+001
  2.1196954e+001
  2.1004960e+001
  2.0812967e+001
  2.0620973e+001
  2.0428979e+001
  2.0236986e+001
  2.0044992e+001
  1.9852999e+001
  1.9661005e+001
  1.9469012e+001
  1.9277018e+001
  1.9085025e+001
  1.8893031e+001
  1.8701038e+001
  1.8509044e+001
  1.8317051e+001
  1.8125057e+001
  1.7933063e+001
  1.7741070e+001
  1.7549076e+001
  1.7357083e+001
  1.7165089e+001
  1.6973096e+001
  1.6781102e+001
  1.6589109e+001
  1.6397115e+001
  1.6205122e+001
  1.6013128e+001
  1.5821134e+001
  1.5629141e+001
  1.5437147e+001
  1.5245154e+001
  1.5053160e+001
  1.4861167e+001
  1.4669173e+001
  1.4477180e+001
  1.4285186e+001
  1.4093193e+001
  1.3901199e+001
  1.3709206e+001
  1.3517212e+001
  1.3325218e+001
  1.3133225e+001
  1.2941231e+001
  1.2749238e+001
  1.2557244e+001
  1.2365251e+001
  1.2173257e+001
  1.1981264e+001
  1.1789270e+001
  1.1597277e+001
  1.1405283e+001
  1.1213290e+001
  1.1021296e+001
  1.0901300e+001
  1.0901300e+001
  1.0901300e+001
  1.0901300e+001
