  2.2611900e+001
  2.2611900e+001
  2.2611900e+001
  2.2611900e+001
  2.2611900e+001
  2.2611900e+001
  2.2611900e+001
  2.2611900e+001
  2.2611900e+001
  2.2611900e+001
  2.2611900e+001
  2.3172790e+001
  2.3733681e+001
  2.4294571e+001
  2.4855462e+001
  2.5416352e+001
  2.5977243e+001
  2.6538133e+001
  2.7099024e+001
  2.7659914e+001
  2.8220805e+001
  2.8781695e+001
  2.9342586e+001
  2.9903476e+001
  3.0464366e+001
  3.1025257e+001
  3.1586147e+001
  3.2147038e+001
  3.2707928e+001
  3.3268819e+001
  3.3829709e+001
  3.4390600e+001
  3.4951490e+001
  3.5512381e+001
  3.6073271e+001
  3.6634161e+001
  3.7195052e+001
  3.7755942e+001
  3.8316833e+001
  3.8877723e+001
  3.9438614e+001
  3.9999504e+001
  4.0560395e+001
  4.1121285e+001
  4.1682176e+001
  4.2243066e+001
  4.2803957e+001
  4.3364847e+001
  4.3925737e+001
  4.4486628e+001
  4.5047518e+001
  4.5608409e+001
  4.6169299e+001
  4.6730190e+001
  4.7291080e+001
  4.7851971e+001
  4.8412861e+001
  4.8973752e+001
  4.9534642e+001
  5.0095533e+001
  5.0656423e+001
  5.1217313e+001
  5.1778204e+001
  5.2339094e+001
  5.2899985e+001
  5.3460875e+001
  5.4021766e+001
  5.4582656e+001
  5.5143547e+001
  5.5704437e+001
  5.6265328e+001
  5.6826218e+001
  5.7387108e+001
  5.7947999e+001
  5.8508889e+001
  5.9069780e+001
  5.9630670e+001
  6.0191561e+001
  6.0752451e+001
  6.1313342e+001
  6.1874232e+001
  6.2247405e+001
  6.1980623e+001
  6.1713841e+001
  6.1447060e+001
  6.1180278e+001
  6.0913497e+001
  6.0646715e+001
  6.0379933e+001
  6.0113152e+001
  5.9846370e+001
  5.9579589e+001
  5.9312807e+001
  5.9046026e+001
  5.8779244e+001
  5.8512462e+001
  5.8245681e+001
  5.7978899e+001
  5.7712118e+001
  5.7445336e+001
  5.7178554e+001
  5.6911773e+001
  5.6644991e+001
  5.6378210e+001
  5.6111428e+001
  5.5844646e+001
  5.5577865e+001
  5.5311083e+001
  5.5044302e+001
  5.4777520e+001
  5.4510738e+001
  5.4243957e+001
  5.3977175e+001
  5.3710394e+001
  5.3443612e+001
  5.3176831e+001
  5.2910049e+001
  5.2643267e+001
  5.2376486e+001
  5.2109704e+001
  5.1842923e+001
  5.1576141e+001
  5.1309359e+001
  5.1042578e+001
  5.0775796e+001
  5.0509015e+001
  5.0242233e+001
  4.9975451e+001
  4.9708670e+001
  4.9441888e+001
  4.9175107e+001
  4.8908325e+001
  4.8641543e+001
  4.8374762e+001
  4.8107980e+001
  4.7841199e+001
  4.7574417e+001
  4.7307635e+001
  4.7040854e+001
  4.6774072e+001
  4.6507291e+001
  4.6240509e+001
  4.5973728e+001
  4.5706946e+001
  4.5440164e+001
  4.5173383e+001
  4.4906601e+001
  4.4639820e+001
  4.4373038e+001
  4.4106256e+001
  4.3839475e+001
  4.3572693e+001
  4.3305912e+001
  4.3039130e+001
  4.2772348e+001
  4.2505567e+001
  4.2238785e+001
  4.1972004e+001
  4.1705222e+001
  4.1438440e+001
  4.1171659e+001
  4.0904877e+001
  4.0638096e+001
  4.0371314e+001
  4.0104533e+001
  3.9837751e+001
  3.9570969e+001
  3.9304188e+001
  3.9037406e+001
  3.8770625e+001
  3.8503843e+001
  3.8237061e+001
  3.7970280e+001
  3.7703498e+001
  3.7436717e+001
  3.7169935e+001
  3.6903153e+001
  3.6636372e+001
  3.6369590e+001
  3.6102809e+001
  3.5836027e+001
  3.5569245e+001
  3.5302464e+001
  3.5035682e+001
  3.4768901e+001
  3.4502119e+001
  3.4235338e+001
  3.3968556e+001
  3.3701774e+001
  3.3434993e+001
  3.3168211e+001
  3.2901430e+001
  3.2634648e+001
  3.2367866e+001
  3.2101085e+001
  3.1834303e+001
  3.1567522e+001
  3.1300740e+001
  3.1033958e+001
  3.0767177e+001
  3.0500395e+001
  3.0233614e+001
  2.9966832e+001
  2.9700050e+001
  2.9433269e+001
  2.9166487e+001
  2.8899706e+001
  2.8632924e+001
  2.8366143e+001
  2.8099361e+001
  2.7832579e+001
  2.7565798e+001
  2.7299016e+001
  2.7032235e+001
  2.6765453e+001
  2.6498671e+001
  2.6231890e+001
  2.5965108e+001
  2.5698327e+001
  2.5431545e+001
  2.5164763e+001
  2.4897982e+001
  2.4631200e+001
  2.4364419e+001
  2.4097637e+001
  2.3830855e+001
  2.3564074e+001
  2.3297292e+001
  2.3030511e+001
  2.2763729e+001
  2.2496948e+001
  2.2230166e+001
  2.1963384e+001
  2.1696603e+001
  2.1429821e+001
  2.1163040e+001
  2.0896258e+001
  2.0629476e+001
  2.0362695e+001
  2.0095913e+001
  1.9829132e+001
  1.9562350e+001
  1.9295568e+001
  1.9028787e+001
  1.8762005e+001
  1.8495224e+001
  1.8228442e+001
  1.7961660e+001
  1.7694879e+001
  1.7428097e+001
  1.7161316e+001
  1.6894534e+001
  1.6627753e+001
  1.6360971e+001
  1.6094189e+001
  1.5827408e+001
