  2.1067700e+001
  2.1067700e+001
  2.1067700e+001
  2.1067700e+001
  2.1067700e+001
  2.1067700e+001
  2.1067700e+001
  2.1067700e+001
  2.1067700e+001
  2.1067700e+001
  2.1067700e+001
  2.1468615e+001
  2.1896257e+001
  2.2323899e+001
  2.2751541e+001
  2.3179184e+001
  2.3606826e+001
  2.4034468e+001
  2.4462110e+001
  2.4889753e+001
  2.5317395e+001
  2.5745037e+001
  2.6172680e+001
  2.6600322e+001
  2.7027964e+001
  2.7455606e+001
  2.7883249e+001
  2.8310891e+001
  2.8738533e+001
  2.9166175e+001
  2.9593818e+001
  3.0021460e+001
  3.0449102e+001
  3.0876744e+001
  3.1304387e+001
  3.1732029e+001
  3.2159671e+001
  3.2587313e+001
  3.3014956e+001
  3.3442598e+001
  3.3870240e+001
  3.4297883e+001
  3.4725525e+001
  3.5153167e+001
  3.5580809e+001
  3.6008452e+001
  3.6436094e+001
  3.6863736e+001
  3.7291378e+001
  3.7719021e+001
  3.8146663e+001
  3.8574305e+001
  3.9001947e+001
  3.9429590e+001
  3.9857232e+001
  4.0284874e+001
  4.0712517e+001
  4.1140159e+001
  4.1567801e+001
  4.1995443e+001
  4.2423086e+001
  4.2850728e+001
  4.3278370e+001
  4.3706012e+001
  4.4133655e+001
  4.4561297e+001
  4.4988939e+001
  4.5416581e+001
  4.5844224e+001
  4.6271866e+001
  4.6699508e+001
  4.7127150e+001
  4.7554793e+001
  4.7982435e+001
  4.8410077e+001
  4.8837720e+001
  4.9265362e+001
  4.9693004e+001
  5.0120646e+001
  5.0548289e+001
  5.0975931e+001
  5.1403573e+001
  5.1831215e+001
  5.2258858e+001
  5.2686500e+001
  5.3114142e+001
  5.3541784e+001
  5.3969427e+001
  5.4397069e+001
  5.4824711e+001
  5.5252353e+001
  5.5679996e+001
  5.6107638e+001
  5.6535280e+001
  5.6962923e+001
  5.7390565e+001
  5.7818207e+001
  5.8245849e+001
  5.8673492e+001
  5.9101134e+001
  5.9528776e+001
  5.9956418e+001
  6.0384061e+001
  6.0811703e+001
  6.1239345e+001
  6.1666987e+001
  6.2094630e+001
  6.2522272e+001
  6.2949914e+001
  6.3377557e+001
  6.3805199e+001
  6.4232841e+001
  6.4660483e+001
  6.5088126e+001
  6.5515768e+001
  6.5943410e+001
  6.6371052e+001
  6.6798695e+001
  6.7226337e+001
  6.7653979e+001
  6.8081621e+001
  6.8509264e+001
  6.8936906e+001
  6.9364548e+001
  6.9792190e+001
  7.0219833e+001
  7.0647475e+001
  7.1075117e+001
  7.1502760e+001
  7.1930402e+001
  7.2358044e+001
  7.2785686e+001
  7.3213329e+001
  7.3640971e+001
  7.4068613e+001
  7.4496255e+001
  7.4923898e+001
  7.5351540e+001
  7.5779182e+001
  7.6206824e+001
  7.6634467e+001
  7.7062109e+001
  7.7489751e+001
  7.7494172e+001
  7.6980051e+001
  7.6465929e+001
  7.5951808e+001
  7.5437687e+001
  7.4923566e+001
  7.4409444e+001
  7.3895323e+001
  7.3381202e+001
  7.2867080e+001
  7.2352959e+001
  7.1838838e+001
  7.1324717e+001
  7.0810595e+001
  7.0296474e+001
  6.9782353e+001
  6.9268231e+001
  6.8754110e+001
  6.8239989e+001
  6.7725868e+001
  6.7211746e+001
  6.6697625e+001
  6.6183504e+001
  6.5669383e+001
  6.5155261e+001
  6.4641140e+001
  6.4127019e+001
  6.3612897e+001
  6.3098776e+001
  6.2584655e+001
  6.2070534e+001
  6.1556412e+001
  6.1042291e+001
  6.0528170e+001
  6.0014048e+001
  5.9499927e+001
  5.8985806e+001
  5.8471685e+001
  5.7957563e+001
  5.7443442e+001
  5.6929321e+001
  5.6415200e+001
  5.5901078e+001
  5.5386957e+001
  5.4872836e+001
  5.4358714e+001
  5.3844593e+001
  5.3330472e+001
  5.2816351e+001
  5.2302229e+001
  5.1788108e+001
  5.1273987e+001
  5.0759865e+001
  5.0245744e+001
  4.9731623e+001
  4.9217502e+001
  4.8703380e+001
  4.8189259e+001
  4.7675138e+001
  4.7161016e+001
  4.6646895e+001
  4.6132774e+001
  4.5618653e+001
  4.5104531e+001
  4.4590410e+001
  4.4076289e+001
  4.3562168e+001
  4.3048046e+001
  4.2533925e+001
  4.2019804e+001
  4.1505682e+001
  4.0991561e+001
  4.0477440e+001
  3.9963319e+001
  3.9449197e+001
  3.8935076e+001
  3.8420955e+001
  3.7906833e+001
  3.7392712e+001
  3.6878591e+001
  3.6364470e+001
  3.5850348e+001
  3.5336227e+001
  3.4822106e+001
  3.4307985e+001
  3.3793863e+001
  3.3279742e+001
  3.2765621e+001
  3.2251499e+001
  3.1737378e+001
  3.1223257e+001
  3.0709136e+001
  3.0195014e+001
  2.9680893e+001
  2.9166772e+001
  2.8652650e+001
  2.8138529e+001
  2.7624408e+001
  2.7110287e+001
  2.6596165e+001
  2.6082044e+001
  2.5567923e+001
  2.5053801e+001
  2.4539680e+001
  2.4025559e+001
  2.3511438e+001
  2.2997316e+001
  2.2483195e+001
  2.1969074e+001
  2.1454953e+001
  2.0940831e+001
  2.0426710e+001
  1.9912589e+001
