  1.9701200e+001
  1.9701200e+001
  1.9701200e+001
  1.9701200e+001
  1.9701200e+001
  1.9701200e+001
  1.9701200e+001
  1.9701200e+001
  1.9701200e+001
  1.9701200e+001
  1.9701200e+001
  2.0305237e+001
  2.0909274e+001
  2.1513311e+001
  2.2117348e+001
  2.2721385e+001
  2.3325422e+001
  2.3929459e+001
  2.4533496e+001
  2.5137533e+001
  2.5741570e+001
  2.6345607e+001
  2.6949644e+001
  2.7553681e+001
  2.8157718e+001
  2.8761755e+001
  2.9365792e+001
  2.9969829e+001
  3.0573866e+001
  3.1177903e+001
  3.1781940e+001
  3.2385977e+001
  3.2990014e+001
  3.3594051e+001
  3.4198088e+001
  3.4802125e+001
  3.5406162e+001
  3.6010199e+001
  3.6614236e+001
  3.7218273e+001
  3.7822309e+001
  3.8426346e+001
  3.9030383e+001
  3.9634420e+001
  4.0238457e+001
  4.0842494e+001
  4.1446531e+001
  4.2050568e+001
  4.2654605e+001
  4.3258642e+001
  4.3862679e+001
  4.4466716e+001
  4.5070753e+001
  4.5674790e+001
  4.6278827e+001
  4.6882864e+001
  4.7486901e+001
  4.8090938e+001
  4.8694975e+001
  4.9299012e+001
  4.9903049e+001
  5.0507086e+001
  5.1111123e+001
  5.1715160e+001
  5.2319197e+001
  5.2923234e+001
  5.3527271e+001
  5.4131308e+001
  5.4735345e+001
  5.5339382e+001
  5.5943419e+001
  5.6547456e+001
  5.7151493e+001
  5.7755530e+001
  5.8359567e+001
  5.8963604e+001
  5.9567641e+001
  6.0171678e+001
  6.0775715e+001
  6.1379752e+001
  6.1983789e+001
  6.2587826e+001
  6.3191863e+001
  6.3795900e+001
  6.4399937e+001
  6.5003974e+001
  6.5608011e+001
  6.6212048e+001
  6.5982027e+001
  6.5687763e+001
  6.5393498e+001
  6.5099234e+001
  6.4804970e+001
  6.4510705e+001
  6.4216441e+001
  6.3922176e+001
  6.3627912e+001
  6.3333648e+001
  6.3039383e+001
  6.2745119e+001
  6.2450854e+001
  6.2156590e+001
  6.1862326e+001
  6.1568061e+001
  6.1273797e+001
  6.0979532e+001
  6.0685268e+001
  6.0391004e+001
  6.0096739e+001
  5.9802475e+001
  5.9508210e+001
  5.9213946e+001
  5.8919682e+001
  5.8625417e+001
  5.8331153e+001
  5.8036888e+001
  5.7742624e+001
  5.7448360e+001
  5.7154095e+001
  5.6859831e+001
  5.6565566e+001
  5.6271302e+001
  5.5977038e+001
  5.5682773e+001
  5.5388509e+001
  5.5094244e+001
  5.4799980e+001
  5.4505716e+001
  5.4211451e+001
  5.3917187e+001
  5.3622922e+001
  5.3328658e+001
  5.3034394e+001
  5.2740129e+001
  5.2445865e+001
  5.2151600e+001
  5.1857336e+001
  5.1563072e+001
  5.1268807e+001
  5.0974543e+001
  5.0680278e+001
  5.0386014e+001
  5.0091750e+001
  4.9797485e+001
  4.9503221e+001
  4.9208957e+001
  4.8914692e+001
  4.8620428e+001
  4.8326163e+001
  4.8031899e+001
  4.7737635e+001
  4.7443370e+001
  4.7149106e+001
  4.6854841e+001
  4.6560577e+001
  4.6266313e+001
  4.5972048e+001
  4.5677784e+001
  4.5383519e+001
  4.5089255e+001
  4.4794991e+001
  4.4500726e+001
  4.4206462e+001
  4.3912197e+001
  4.3617933e+001
  4.3323669e+001
  4.3029404e+001
  4.2735140e+001
  4.2440875e+001
  4.2146611e+001
  4.1852347e+001
  4.1558082e+001
  4.1263818e+001
  4.0969553e+001
  4.0675289e+001
  4.0381025e+001
  4.0086760e+001
  3.9792496e+001
  3.9498231e+001
  3.9203967e+001
  3.8909703e+001
  3.8615438e+001
  3.8321174e+001
  3.8026909e+001
  3.7732645e+001
  3.7438381e+001
  3.7144116e+001
  3.6849852e+001
  3.6555587e+001
  3.6261323e+001
  3.5967059e+001
  3.5672794e+001
  3.5378530e+001
  3.5084265e+001
  3.4790001e+001
  3.4495737e+001
  3.4201472e+001
  3.3907208e+001
  3.3612943e+001
  3.3318679e+001
  3.3024415e+001
  3.2730150e+001
  3.2435886e+001
  3.2141622e+001
  3.1847357e+001
  3.1553093e+001
  3.1258828e+001
  3.0964564e+001
  3.0670300e+001
  3.0376035e+001
  3.0081771e+001
  2.9787506e+001
  2.9493242e+001
  2.9198978e+001
  2.8904713e+001
  2.8610449e+001
  2.8316184e+001
  2.8021920e+001
  2.7727656e+001
  2.7433391e+001
  2.7139127e+001
  2.6844862e+001
  2.6550598e+001
  2.6256334e+001
  2.5962069e+001
  2.5667805e+001
  2.5373540e+001
  2.5079276e+001
  2.4785012e+001
  2.4490747e+001
  2.4196483e+001
  2.3902218e+001
  2.3607954e+001
  2.3313690e+001
  2.3019425e+001
  2.2725161e+001
  2.2430896e+001
  2.2136632e+001
  2.1842368e+001
  2.1548103e+001
  2.1253839e+001
  2.0959574e+001
  2.0665310e+001
  2.0371046e+001
  2.0076781e+001
  1.9782517e+001
  1.9488252e+001
  1.9193988e+001
  1.8899724e+001
  1.8605459e+001
  1.8311195e+001
  1.8016930e+001
  1.7722666e+001
  1.7428402e+001
  1.7134137e+001
  1.6839873e+001
