  2040	  2040	  2040	  2040	
 12631	 12374	 10313	 12375	
 10450	 10208	  8892	 10236	
  8863	  8760	  7755	  8781	
  7876	  7789	  6955	  7782	
  7128	  6988	  6342	  7029	
  6588	  6489	  5923	  6521	
  6205	  6131	  5685	  6155	
  6030	  5978	  5556	  5960	
  5940	  5869	  5533	  5886	
  5838	  5780	  5425	  5781	
  5711	  5662	  5371	  5686	
  5629	  5593	  5307	  5616	
  5553	  5527	  5259	  5555	
  5470	  5430	  5214	  5477	
  5388	  5377	  5129	  5406	
  5335	  5301	  5091	  5351	
  5250	  5232	  5063	  5289	
  5201	  5183	  5006	  5221	
  5150	  5164	  4968	  5184	
  5110	  5089	  4932	  5124	
  5064	  5069	  4909	  5079	
  5040	  5030	  4876	  5056	
  4997	  4998	  4851	  5017	
  4977	  4981	  4848	  5009	
  4967	  4943	  4822	  4989	
  4933	  4941	  4790	  4969	
  4921	  4926	  4793	  4979	
  4939	  4933	  4787	  4972	
  4953	  4919	  4793	  4981	
  4980	  4960	  4830	  5004	
  4995	  4963	  4861	  5009	
  5041	  5006	  4873	  5044	
  5056	  5025	  4889	  5080	
  5115	  5067	  4931	  5133	
  5159	  5109	  4962	  5186	
  5225	  5172	  4980	  5222	
  5281	  5222	  5042	  5266	
  5350	  5297	  5107	  5352	
  5428	  5347	  5157	  5400	
  5505	  5434	  5220	  5493	
  5594	  5487	  5304	  5529	
  5685	  5586	  5339	  5648	
  5775	  5674	  5418	  5728	
  5857	  5728	  5471	  5798	
  5969	  5833	  5537	  5893	
  6101	  5936	  5607	  5984	
  6204	  6024	  5692	  6099	
  6307	  6141	  5799	  6200	
  6414	  6228	  5843	  6299	
  6525	  6354	  5946	  6417	
  6622	  6426	  5980	  6511	
  6743	  6533	  6036	  6623	
  6864	  6645	  6114	  6707	
  7032	  6743	  6167	  6808	
  7183	  6886	  6296	  6945	
  7356	  7077	  6335	  7096	
  7764	  7389	  6630	  7488	
  8337	  7891	  6991	  8021	
  9281	  8816	  7722	  9005	
 10329	  9823	  8372	 10062	
 11227	 10863	  9413	 10890	
  9712	  9481	  8342	  9494	
  8386	  8205	  7320	  8205	
  7541	  7379	  6669	  7371	
  6831	  6716	  6128	  6729	
  6362	  6264	  5758	  6262	
  6073	  5992	  5569	  6001	
  5953	  5886	  5511	  5889	
  5848	  5783	  5436	  5792	
  5771	  5691	  5377	  5730	
  5653	  5579	  5312	  5608	
  5571	  5506	  5239	  5529	
  5491	  5430	  5182	  5450	
  5408	  5355	  5132	  5376	
  5326	  5280	  5063	  5294	
  5248	  5216	  5021	  5241	
  5171	  5135	  4965	  5176	
  5117	  5083	  4937	  5118	
  5057	  5046	  4889	  5079	
  5014	  4987	  4856	  5022	
  4961	  4944	  4820	  4960	
  4931	  4902	  4791	  4933	
  4876	  4862	  4767	  4898	
  4864	  4855	  4745	  4881	
  4850	  4837	  4734	  4876	
  4842	  4818	  4710	  4855	
  4833	  4809	  4697	  4858	
  4837	  4817	  4687	  4846	
  4842	  4810	  4701	  4849	
  4870	  4833	  4735	  4880	
  4885	  4845	  4745	  4886	
  4920	  4886	  4771	  4919	
  4960	  4917	  4794	  4965	
  5005	  4955	  4822	  5001	
  5069	  5011	  4864	  5058	
  5120	  5053	  4911	  5113	
  5186	  5109	  4950	  5153	
  5246	  5169	  5019	  5207	
  5329	  5243	  5060	  5308	
  5403	  5311	  5111	  5372	
  5495	  5393	  5187	  5448	
  5585	  5477	  5248	  5536	
  5671	  5542	  5313	  5608	
  5764	  5637	  5374	  5694	
  5869	  5744	  5448	  5789	
  5982	  5837	  5525	  5897	
  6114	  5936	  5601	  6006	
  6223	  6050	  5720	  6116	
  6350	  6159	  5772	  6212	
  6473	  6267	  5856	  6327	
  6584	  6370	  5890	  6434	
  6701	  6482	  5980	  6532	
  6800	  6569	  6043	  6627	
  6941	  6697	  6114	  6734	
  7115	  6811	  6188	  6892	
  7273	  6956	  6308	  7025	
  7549	  7192	  6454	  7258	
  8041	  7693	  6828	  7780	
  8740	  8314	  7247	  8424	
  9404	  8936	  7688	  9138	
 10030	  9750	  8604	  9703	
  8933	  8708	  7738	  8668	
  7841	  7660	  6923	  7669	
  7113	  6968	  6320	  6957	
  6503	  6381	  5887	  6383	
  6130	  6035	  5600	  6054	
  5964	  5893	  5494	  5863	
  5857	  5793	  5431	  5803	
  5763	  5684	  5360	  5688	
  5650	  5594	  5302	  5617	
  5561	  5511	  5255	  5516	
  5459	  5407	  5165	  5423	
  5376	  5343	  5123	  5345	
  5297	  5248	  5069	  5264	
  5209	  5178	  4988	  5204	
  5143	  5120	  4948	  5129	
  5049	  5043	  4871	  5058	
  4999	  4972	  4847	  5005	
  4932	  4927	  4802	  4948	
  4889	  4875	  4756	  4907	
  4844	  4821	  4720	  4864	
  4812	  4791	  4684	  4823	
  4780	  4759	  4671	  4797	
  4756	  4732	  4646	  4770	
  4746	  4721	  4642	  4751	
  4736	  4698	  4623	  4731	
  4713	  4698	  4621	  4732	
  4714	  4704	  4623	  4737	
  4722	  4711	  4625	  4739	
  4750	  4714	  4640	  4755	
  4776	  4753	  4658	  4784	
  4797	  4769	  4686	  4818	
  4856	  4800	  4708	  4843	
  4886	  4858	  4753	  4884	
  4941	  4885	  4785	  4941	
  4993	  4945	  4823	  4983	
  5055	  5006	  4872	  5048	
  5136	  5064	  4921	  5113	
  5222	  5135	  4997	  5185	
  5283	  5208	  5037	  5266	
  5370	  5298	  5114	  5333	
  5478	  5386	  5174	  5416	
  5559	  5457	  5214	  5502	
  5678	  5545	  5320	  5571	
  5770	  5641	  5383	  5686	
  5882	  5743	  5468	  5773	
  5992	  5849	  5541	  5897	
  6103	  5936	  5630	  6004	
  6253	  6067	  5702	  6135	
  6354	  6188	  5767	  6232	
  6468	  6298	  5843	  6346	
  6606	  6403	  5914	  6453	
  6729	  6504	  5970	  6558	
  6859	  6619	  6052	  6672	
  7020	  6726	  6180	  6801	
  7150	  6867	  6258	  6933	
  7331	  7023	  6354	  7076	
  7736	  7343	  6581	  7444	
  8255	  7869	  6967	  7983	
  8627	  8207	  7225	  8336	
  9151	  8869	  7922	  8868	
  8312	  8059	  7271	  8015	
  7403	  7238	  6590	  7220	
  6770	  6621	  6073	  6595	
  6237	  6132	  5694	  6134	
  5995	  5917	  5545	  5913	
  5884	  5810	  5464	  5807	
  5767	  5693	  5389	  5687	
  5673	  5615	  5340	  5616	
  5569	  5523	  5255	  5519	
  5463	  5407	  5187	  5426	
  5372	  5325	  5107	  5336	
  5286	  5245	  5036	  5256	
  5197	  5160	  4994	  5169	
  5112	  5089	  4933	  5102	
  5033	  5025	  4875	  5038	
  4959	  4958	  4832	  4973	
  4901	  4875	  4816	  4921	
  4851	  4822	  4750	  4859	
  4789	  4776	  4685	  4799	
  4759	  4741	  4662	  4758	
  4711	  4694	  4628	  4724	
  4682	  4663	  4598	  4689	
  4651	  4652	  4601	  4673	
  4650	  4639	  4596	  4659	
  4639	  4618	  4557	  4655	
  4635	  4616	  4565	  4636	
  4629	  4612	  4568	  4638	
  4636	  4616	  4560	  4649	
  4650	  4631	  4595	  4671	
  4682	  4649	  4601	  4676	
  4712	  4671	  4612	  4700	
  4747	  4707	  4646	  4741	
  4780	  4746	  4655	  4775	
  4833	  4807	  4710	  4827	
  4901	  4851	  4752	  4889	
  4962	  4910	  4791	  4954	
  5042	  4971	  4850	  5011	
  5111	  5046	  4912	  5082	
  5189	  5120	  4989	  5162	
  5278	  5197	  5035	  5240	
  5372	  5289	  5101	  5346	
  5479	  5372	  5168	  5424	
  5553	  5455	  5245	  5504	
  5662	  5545	  5326	  5592	
  5781	  5658	  5393	  5701	
  5904	  5763	  5462	  5794	
  6034	  5870	  5543	  5930	
  6180	  5987	  5654	  6023	
  6270	  6093	  5734	  6150	
  6405	  6220	  5789	  6258	
  6542	  6315	  5867	  6378	
  6661	  6445	  5975	  6505	
  6812	  6548	  6039	  6608	
  6963	  6683	  6151	  6751	
  7074	  6796	  6201	  6856	
  7247	  6941	  6314	  6997	
  7500	  7139	  6460	  7198	
  7925	  7574	  6817	  7672	
  8100	  7756	  6929	  7879	
  8684	  8350	  7539	  8295	
  7881	  7647	  6920	  7587	
  7089	  6934	  6309	  6874	
  6496	  6380	  5861	  6351	
  6087	  5984	  5556	  5962	
  5946	  5863	  5494	  5851	
  5823	  5741	  5435	  5750	
  5696	  5641	  5348	  5641	
  5618	  5550	  5299	  5547	
  5503	  5452	  5208	  5465	
  5393	  5350	  5116	  5354	
  5309	  5270	  5068	  5274	
  5232	  5195	  5002	  5202	
  5125	  5100	  4960	  5118	
  5054	  5027	  4893	  5022	
  4970	  4951	  4848	  4960	
  4891	  4890	  4780	  4890	
  4828	  4820	  4736	  4834	
  4767	  4753	  4687	  4785	
  4722	  4712	  4644	  4719	
  4688	  4679	  4620	  4695	
  4651	  4638	  4605	  4658	
  4622	  4624	  4588	  4644	
  4601	  4593	  4585	  4621	
  4595	  4582	  4558	  4613	
  4583	  4571	  4543	  4595	
  4588	  4564	  4523	  4579	
  4570	  4549	  4519	  4580	
  4571	  4551	  4535	  4575	
  4594	  4563	  4533	  4601	
  4603	  4579	  4549	  4609	
  4637	  4611	  4577	  4629	
  4677	  4618	  4586	  4662	
  4719	  4668	  4613	  4702	
  4762	  4727	  4671	  4745	
  4817	  4762	  4700	  4800	
  4886	  4824	  4734	  4868	
  4962	  4901	  4791	  4937	
  5044	  4971	  4865	  5017	
  5122	  5049	  4915	  5070	
  5199	  5138	  4988	  5161	
  5290	  5214	  5052	  5262	
  5385	  5305	  5122	  5340	
  5492	  5399	  5174	  5430	
  5608	  5494	  5247	  5550	
  5728	  5589	  5347	  5631	
  5863	  5699	  5432	  5733	
  5941	  5805	  5500	  5832	
  6094	  5921	  5608	  5965	
  6227	  6048	  5699	  6091	
  6360	  6163	  5780	  6209	
  6490	  6278	  5858	  6325	
  6597	  6395	  5949	  6440	
  6729	  6508	  6002	  6541	
  6868	  6650	  6112	  6689	
  7035	  6760	  6192	  6807	
  7155	  6874	  6283	  6923	
  7332	  7008	  6398	  7035	
  7715	  7345	  6647	  7423	
  7827	  7552	  6826	  7619	
  8137	  7870	  7152	  7845	
  7550	  7286	  6681	  7255	
  6833	  6654	  6100	  6614	
  6314	  6175	  5716	  6157	
  6027	  5933	  5544	  5918	
  5891	  5824	  5450	  5807	
  5785	  5687	  5388	  5691	
  5672	  5592	  5317	  5603	
  5574	  5500	  5241	  5481	
  5453	  5398	  5166	  5390	
  5340	  5307	  5082	  5295	
  5246	  5205	  5039	  5221	
  5164	  5143	  4984	  5142	
  5076	  5047	  4903	  5052	
  4984	  4959	  4848	  4982	
  4909	  4888	  4785	  4909	
  4845	  4811	  4741	  4837	
  4780	  4750	  4696	  4761	
  4723	  4698	  4646	  4718	
  4683	  4648	  4603	  4674	
  4651	  4632	  4611	  4652	
  4623	  4601	  4576	  4619	
  4599	  4565	  4548	  4595	
  4563	  4539	  4530	  4564	
  4544	  4525	  4518	  4557	
  4541	  4515	  4495	  4532	
  4524	  4498	  4497	  4526	
  4527	  4489	  4478	  4521	
  4517	  4502	  4480	  4519	
  4545	  4507	  4481	  4530	
  4553	  4515	  4506	  4546	
  4590	  4536	  4522	  4560	
  4610	  4565	  4532	  4596	
  4647	  4607	  4578	  4634	
  4697	  4648	  4605	  4677	
  4757	  4702	  4643	  4733	
  4808	  4769	  4695	  4792	
  4888	  4832	  4756	  4864	
  4975	  4912	  4814	  4939	
  5049	  4988	  4882	  5009	
  5138	  5059	  4936	  5092	
  5236	  5149	  5008	  5184	
  5336	  5235	  5084	  5266	
  5434	  5324	  5130	  5357	
  5543	  5434	  5209	  5462	
  5668	  5536	  5308	  5568	
  5791	  5640	  5367	  5680	
  5914	  5748	  5466	  5790	
  6040	  5867	  5580	  5918	
  6183	  5987	  5681	  6022	
  6324	  6098	  5747	  6161	
  6445	  6239	  5846	  6277	
  6564	  6362	  5919	  6404	
  6703	  6477	  6006	  6507	
  6837	  6605	  6098	  6657	
  6984	  6750	  6192	  6754	
  7137	  6862	  6287	  6896	
  7269	  6968	  6379	  6995	
  7535	  7185	  6536	  7249	
  7684	  7354	  6653	  7445	
  7759	  7505	  6880	  7452	
  7260	  6996	  6438	  6933	
  6612	  6416	  5925	  6406	
  6180	  6068	  5613	  6030	
  5963	  5874	  5510	  5836	
  5826	  5764	  5421	  5734	
  5723	  5644	  5337	  5625	
  5629	  5555	  5277	  5543	
  5511	  5433	  5193	  5440	
  5417	  5347	  5112	  5356	
  5315	  5241	  5033	  5243	
  5183	  5149	  4975	  5144	
  5104	  5069	  4914	  5062	
  5016	  4976	  4844	  4975	
  4916	  4897	  4783	  4901	
  4852	  4825	  4723	  4834	
  4771	  4757	  4673	  4765	
  4732	  4691	  4627	  4712	
  4675	  4656	  4603	  4670	
  4642	  4618	  4584	  4635	
  4610	  4579	  4550	  4594	
  4569	  4539	  4512	  4574	
  4530	  4514	  4498	  4535	
  4512	  4496	  4485	  4510	
  4481	  4464	  4457	  4482	
  4471	  4455	  4447	  4466	
  4471	  4441	  4439	  4461	
  4459	  4437	  4438	  4453	
  4454	  4424	  4428	  4450	
  4463	  4434	  4431	  4464	
  4479	  4455	  4438	  4482	
  4516	  4478	  4471	  4496	
  4545	  4506	  4485	  4529	
  4583	  4541	  4497	  4562	
  4628	  4579	  4534	  4608	
  4692	  4632	  4580	  4655	
  4736	  4686	  4629	  4710	
  4808	  4751	  4676	  4784	
  4899	  4830	  4751	  4864	
  4975	  4916	  4797	  4947	
  5071	  4979	  4871	  5021	
  5176	  5084	  4947	  5110	
  5258	  5178	  5005	  5191	
  5362	  5267	  5079	  5299	
  5470	  5376	  5164	  5409	
  5606	  5466	  5230	  5518	
  5722	  5580	  5334	  5611	
  5827	  5711	  5408	  5721	
  5979	  5833	  5537	  5864	
  6134	  5931	  5616	  5971	
  6263	  6095	  5709	  6122	
  6405	  6207	  5793	  6234	
  6539	  6320	  5894	  6345	
  6650	  6426	  5972	  6459	
  6802	  6560	  6049	  6616	
  6948	  6699	  6172	  6729	
  7077	  6807	  6263	  6852	
  7246	  6972	  6371	  6999	
  7407	  7088	  6468	  7131	
  7523	  7183	  6539	  7256	
  7474	  7221	  6625	  7135	
  7014	  6760	  6245	  6715	
  6419	  6265	  5788	  6197	
  6074	  5952	  5580	  5937	
  5899	  5811	  5466	  5791	
  5778	  5713	  5366	  5687	
  5663	  5598	  5305	  5583	
  5569	  5494	  5216	  5486	
  5440	  5383	  5148	  5391	
  5333	  5292	  5058	  5281	
  5219	  5174	  4988	  5174	
  5129	  5084	  4935	  5096	
  5046	  5010	  4874	  5002	
  4938	  4914	  4794	  4909	
  4855	  4832	  4722	  4823	
  4782	  4763	  4665	  4764	
  4734	  4695	  4638	  4709	
  4672	  4653	  4604	  4663	
  4635	  4611	  4566	  4617	
  4576	  4562	  4539	  4573	
  4546	  4527	  4502	  4540	
  4505	  4489	  4487	  4513	
  4472	  4457	  4448	  4475	
  4453	  4431	  4415	  4447	
  4425	  4400	  4403	  4424	
  4405	  4378	  4378	  4410	
  4396	  4375	  4388	  4394	
  4388	  4368	  4357	  4380	
  4396	  4367	  4366	  4392	
  4405	  4374	  4376	  4396	
  4426	  4379	  4386	  4403	
  4450	  4414	  4402	  4429	
  4484	  4433	  4421	  4459	
  4506	  4470	  4441	  4493	
  4557	  4507	  4478	  4532	
  4595	  4552	  4505	  4588	
  4658	  4599	  4549	  4642	
  4735	  4687	  4602	  4724	
  4819	  4750	  4681	  4781	
  4897	  4836	  4726	  4864	
  5000	  4910	  4797	  4945	
  5096	  5008	  4883	  5035	
  5187	  5104	  4958	  5130	
  5306	  5191	  5029	  5222	
  5416	  5290	  5095	  5330	
  5528	  5407	  5189	  5450	
  5641	  5514	  5281	  5548	
  5797	  5638	  5378	  5678	
  5924	  5784	  5480	  5796	
  6056	  5885	  5559	  5927	
  6185	  6011	  5657	  6044	
  6322	  6139	  5745	  6172	
  6473	  6284	  5852	  6306	
  6620	  6394	  5954	  6431	
  6766	  6548	  6036	  6576	
  6891	  6648	  6132	  6670	
  7043	  6813	  6214	  6839	
  7170	  6897	  6300	  6953	
  7330	  7035	  6429	  7073	
  7323	  7051	  6428	  7097	
  7283	  6958	  6413	  6895	
  6764	  6520	  6036	  6475	
  6260	  6090	  5653	  6046	
  5971	  5850	  5502	  5843	
  5831	  5750	  5410	  5727	
  5705	  5655	  5333	  5621	
  5606	  5517	  5236	  5527	
  5487	  5446	  5169	  5417	
  5387	  5327	  5078	  5308	
  5255	  5222	  5003	  5214	
  5136	  5112	  4939	  5105	
  5061	  5026	  4862	  5021	
  4964	  4947	  4800	  4934	
  4872	  4842	  4721	  4841	
  4786	  4770	  4664	  4762	
  4720	  4706	  4630	  4708	
  4668	  4652	  4588	  4656	
  4619	  4587	  4546	  4604	
  4560	  4552	  4528	  4546	
  4518	  4491	  4486	  4512	
  4473	  4465	  4451	  4469	
  4438	  4421	  4411	  4441	
  4398	  4387	  4399	  4400	
  4374	  4359	  4368	  4379	
  4346	  4331	  4349	  4348	
  4335	  4320	  4334	  4333	
  4328	  4314	  4323	  4326	
  4328	  4302	  4301	  4327	
  4321	  4306	  4305	  4324	
  4329	  4317	  4320	  4328	
  4348	  4330	  4347	  4341	
  4382	  4348	  4363	  4361	
  4403	  4374	  4362	  4394	
  4443	  4406	  4389	  4419	
  4481	  4444	  4406	  4461	
  4531	  4492	  4442	  4506	
  4601	  4532	  4489	  4572	
  4665	  4599	  4549	  4635	
  4742	  4684	  4600	  4711	
  4824	  4766	  4664	  4780	
  4906	  4845	  4720	  4862	
  5005	  4929	  4806	  4965	
  5112	  5027	  4893	  5054	
  5224	  5137	  4968	  5146	
  5322	  5244	  5036	  5260	
  5446	  5345	  5134	  5370	
  5596	  5461	  5224	  5495	
  5701	  5569	  5307	  5602	
  5841	  5724	  5418	  5737	
  5979	  5824	  5516	  5859	
  6124	  5955	  5608	  5973	
  6255	  6083	  5718	  6118	
  6397	  6211	  5807	  6239	
  6529	  6336	  5908	  6373	
  6687	  6477	  6012	  6506	
  6824	  6599	  6092	  6652	
  6965	  6727	  6167	  6755	
  7082	  6833	  6269	  6879	
  7233	  6985	  6360	  7022	
  7242	  7002	  6378	  7013	
  7038	  6743	  6250	  6672	
  6545	  6345	  5881	  6293	
  6110	  5975	  5565	  5944	
  5909	  5797	  5438	  5784	
  5770	  5700	  5341	  5659	
  5649	  5590	  5273	  5556	
  5540	  5466	  5180	  5468	
  5425	  5371	  5118	  5366	
  5304	  5276	  5027	  5261	
  5200	  5161	  4958	  5154	
  5101	  5065	  4896	  5043	
  4984	  4959	  4805	  4957	
  4901	  4889	  4743	  4882	
  4816	  4794	  4689	  4790	
  4753	  4727	  4635	  4730	
  4681	  4670	  4586	  4674	
  4620	  4603	  4549	  4607	
  4564	  4549	  4517	  4548	
  4503	  4501	  4479	  4490	
  4455	  4445	  4428	  4454	
  4411	  4412	  4406	  4418	
  4372	  4365	  4360	  4383	
  4342	  4336	  4345	  4341	
  4308	  4306	  4308	  4318	
  4290	  4277	  4307	  4299	
  4278	  4260	  4290	  4287	
  4268	  4265	  4262	  4273	
  4266	  4263	  4262	  4274	
  4283	  4267	  4277	  4285	
  4293	  4273	  4285	  4291	
  4297	  4282	  4296	  4303	
  4323	  4313	  4312	  4321	
  4348	  4333	  4317	  4339	
  4371	  4359	  4337	  4376	
  4422	  4383	  4357	  4408	
  4465	  4425	  4381	  4438	
  4517	  4474	  4431	  4483	
  4590	  4533	  4490	  4561	
  4667	  4605	  4529	  4645	
  4750	  4699	  4593	  4703	
  4837	  4775	  4668	  4800	
  4943	  4879	  4761	  4894	
  5040	  4961	  4829	  4991	
  5146	  5065	  4911	  5078	
  5260	  5168	  4978	  5204	
  5391	  5269	  5082	  5307	
  5520	  5405	  5164	  5421	
  5653	  5522	  5259	  5531	
  5788	  5653	  5375	  5673	
  5918	  5761	  5472	  5800	
  6038	  5901	  5568	  5907	
  6202	  6026	  5672	  6064	
  6346	  6168	  5761	  6196	
  6467	  6288	  5864	  6305	
  6620	  6426	  5969	  6449	
  6757	  6577	  6065	  6593	
  6907	  6672	  6141	  6723	
  7054	  6805	  6219	  6816	
  7151	  6925	  6333	  6961	
  7184	  6947	  6320	  6955	
  6851	  6579	  6119	  6519	
  6436	  6200	  5780	  6176	
  6056	  5897	  5517	  5868	
  5853	  5762	  5402	  5728	
  5700	  5624	  5303	  5607	
  5591	  5545	  5219	  5517	
  5484	  5435	  5158	  5404	
  5368	  5312	  5060	  5296	
  5261	  5214	  4988	  5207	
  5154	  5124	  4926	  5101	
  5028	  5001	  4837	  4990	
  4937	  4920	  4789	  4904	
  4851	  4833	  4703	  4822	
  4764	  4740	  4637	  4746	
  4689	  4689	  4607	  4685	
  4635	  4630	  4556	  4619	
  4574	  4567	  4518	  4567	
  4509	  4501	  4472	  4503	
  4462	  4456	  4426	  4452	
  4398	  4392	  4379	  4404	
  4356	  4356	  4341	  4365	
  4318	  4316	  4317	  4330	
  4288	  4282	  4294	  4283	
  4253	  4257	  4270	  4274	
  4241	  4228	  4260	  4248	
  4232	  4228	  4249	  4237	
  4219	  4222	  4229	  4234	
  4228	  4221	  4242	  4239	
  4236	  4231	  4257	  4252	
  4250	  4233	  4258	  4258	
  4261	  4246	  4261	  4269	
  4289	  4277	  4279	  4289	
  4315	  4283	  4290	  4302	
  4348	  4311	  4306	  4330	
  4375	  4331	  4318	  4359	
  4403	  4376	  4350	  4398	
  4456	  4425	  4373	  4443	
  4530	  4473	  4416	  4503	
  4603	  4548	  4488	  4580	
  4682	  4632	  4547	  4652	
  4771	  4717	  4605	  4735	
  4873	  4820	  4710	  4835	
  4979	  4899	  4771	  4933	
  5084	  4998	  4852	  5020	
  5197	  5108	  4939	  5130	
  5319	  5222	  5017	  5247	
  5444	  5340	  5109	  5363	
  5592	  5457	  5223	  5478	
  5720	  5598	  5331	  5605	
  5842	  5710	  5440	  5743	
  5982	  5818	  5549	  5861	
  6128	  5974	  5642	  6014	
  6274	  6107	  5720	  6133	
  6400	  6242	  5824	  6277	
  6564	  6380	  5930	  6420	
  6721	  6525	  6016	  6537	
  6849	  6632	  6115	  6670	
  6989	  6755	  6189	  6773	
  7120	  6902	  6312	  6919	
  7149	  6937	  6318	  6940	
  6662	  6403	  5967	  6346	
  6292	  6080	  5663	  6035	
  5980	  5847	  5505	  5812	
  5810	  5722	  5365	  5679	
  5658	  5589	  5283	  5563	
  5539	  5487	  5208	  5457	
  5434	  5382	  5124	  5362	
  5327	  5283	  5059	  5257	
  5232	  5181	  4983	  5166	
  5113	  5091	  4916	  5065	
  5006	  4971	  4825	  4963	
  4895	  4878	  4772	  4875	
  4812	  4795	  4687	  4790	
  4725	  4723	  4642	  4710	
  4664	  4653	  4578	  4650	
  4603	  4598	  4537	  4583	
  4537	  4521	  4482	  4528	
  4467	  4467	  4442	  4466	
  4409	  4416	  4401	  4406	
  4362	  4371	  4360	  4369	
  4315	  4312	  4317	  4316	
  4276	  4272	  4282	  4284	
  4237	  4235	  4259	  4255	
  4211	  4219	  4249	  4216	
  4197	  4204	  4231	  4214	
  4195	  4192	  4238	  4217	
  4192	  4199	  4229	  4211	
  4202	  4204	  4222	  4218	
  4197	  4197	  4229	  4225	
  4213	  4213	  4233	  4229	
  4235	  4223	  4235	  4240	
  4252	  4244	  4263	  4253	
  4285	  4260	  4265	  4277	
  4314	  4283	  4298	  4305	
  4345	  4321	  4318	  4327	
  4386	  4346	  4316	  4365	
  4420	  4387	  4361	  4402	
  4478	  4437	  4399	  4463	
  4559	  4501	  4455	  4517	
  4629	  4580	  4510	  4605	
  4730	  4667	  4580	  4681	
  4823	  4757	  4670	  4779	
  4929	  4847	  4737	  4863	
  5033	  4954	  4822	  4973	
  5141	  5055	  4906	  5085	
  5276	  5164	  5003	  5195	
  5401	  5290	  5079	  5311	
  5530	  5407	  5188	  5443	
  5670	  5552	  5323	  5556	
  5809	  5675	  5406	  5692	
  5943	  5797	  5510	  5817	
  6091	  5931	  5603	  5947	
  6220	  6066	  5721	  6089	
  6368	  6205	  5820	  6230	
  6521	  6367	  5915	  6380	
  6663	  6491	  6016	  6490	
  6800	  6620	  6083	  6638	
  6948	  6744	  6186	  6746	
  7085	  6883	  6301	  6882	
  7036	  6881	  6280	  6870	
  6576	  6319	  5893	  6251	
  6243	  6051	  5652	  5961	
  5973	  5817	  5496	  5777	
  5802	  5718	  5389	  5677	
  5640	  5577	  5286	  5537	
  5545	  5477	  5218	  5468	
  5429	  5377	  5120	  5350	
  5310	  5259	  5037	  5237	
  5209	  5164	  4971	  5149	
  5099	  5058	  4896	  5036	
  4989	  4952	  4824	  4941	
  4898	  4863	  4751	  4865	
  4815	  4791	  4695	  4768	
  4723	  4708	  4632	  4688	
  4649	  4637	  4562	  4631	
  4577	  4571	  4531	  4567	
  4519	  4510	  4489	  4505	
  4453	  4450	  4432	  4452	
  4395	  4380	  4406	  4402	
  4348	  4331	  4351	  4341	
  4289	  4288	  4324	  4295	
  4251	  4247	  4287	  4255	
  4223	  4222	  4253	  4229	
  4192	  4200	  4233	  4204	
  4189	  4181	  4228	  4201	
  4188	  4187	  4247	  4193	
  4183	  4182	  4237	  4196	
  4183	  4191	  4232	  4209	
  4188	  4196	  4240	  4201	
  4212	  4211	  4230	  4227	
  4223	  4212	  4245	  4234	
  4242	  4225	  4253	  4246	
  4266	  4253	  4260	  4270	
  4295	  4270	  4299	  4291	
  4334	  4297	  4310	  4330	
  4369	  4338	  4319	  4346	
  4405	  4374	  4361	  4383	
  4469	  4417	  4392	  4432	
  4532	  4480	  4449	  4496	
  4622	  4555	  4515	  4575	
  4708	  4635	  4579	  4664	
  4800	  4730	  4663	  4753	
  4888	  4816	  4727	  4837	
  5000	  4925	  4808	  4939	
  5125	  5035	  4898	  5050	
  5241	  5141	  4989	  5158	
  5367	  5253	  5091	  5283	
  5498	  5393	  5210	  5410	
  5656	  5521	  5303	  5543	
  5794	  5649	  5400	  5669	
  5928	  5762	  5513	  5796	
  6053	  5931	  5618	  5948	
  6223	  6063	  5704	  6090	
  6330	  6183	  5827	  6213	
  6519	  6327	  5927	  6363	
  6623	  6475	  6009	  6484	
  6776	  6612	  6095	  6634	
  6907	  6714	  6167	  6736	
  7054	  6859	  6272	  6864	
  7084	  6862	  6295	  6897	
  6490	  6243	  5858	  6177	
  6217	  5984	  5617	  5944	
  5957	  5799	  5493	  5777	
  5817	  5711	  5407	  5676	
  5654	  5576	  5303	  5547	
  5555	  5478	  5203	  5449	
  5446	  5374	  5123	  5352	
  5312	  5263	  5031	  5244	
  5202	  5157	  4986	  5146	
  5087	  5062	  4895	  5032	
  4986	  4952	  4815	  4941	
  4898	  4865	  4756	  4864	
  4821	  4798	  4694	  4776	
  4719	  4698	  4634	  4698	
  4645	  4628	  4591	  4614	
  4574	  4560	  4533	  4546	
  4503	  4489	  4473	  4487	
  4444	  4430	  4416	  4423	
  4378	  4377	  4374	  4372	
  4332	  4321	  4331	  4322	
  4281	  4272	  4301	  4288	
  4245	  4245	  4273	  4239	
  4224	  4215	  4252	  4222	
  4192	  4205	  4244	  4199	
  4205	  4201	  4234	  4207	
  4191	  4201	  4234	  4209	
  4193	  4191	  4231	  4197	
  4197	  4190	  4218	  4201	
  4196	  4185	  4212	  4205	
  4209	  4207	  4243	  4210	
  4225	  4211	  4240	  4226	
  4258	  4218	  4252	  4236	
  4269	  4243	  4266	  4265	
  4297	  4269	  4293	  4285	
  4333	  4298	  4303	  4305	
  4375	  4325	  4340	  4355	
  4427	  4364	  4373	  4386	
  4466	  4423	  4401	  4435	
  4540	  4471	  4451	  4486	
  4614	  4552	  4510	  4562	
  4698	  4623	  4569	  4645	
  4797	  4722	  4646	  4740	
  4890	  4815	  4738	  4833	
  5012	  4916	  4816	  4942	
  5119	  5027	  4899	  5038	
  5247	  5126	  4973	  5154	
  5366	  5260	  5106	  5278	
  5503	  5389	  5198	  5408	
  5653	  5517	  5302	  5530	
  5794	  5654	  5419	  5670	
  5932	  5765	  5519	  5792	
  6052	  5906	  5640	  5922	
  6210	  6053	  5736	  6082	
  6350	  6195	  5814	  6224	
  6527	  6352	  5946	  6360	
  6634	  6475	  6026	  6473	
  6787	  6599	  6124	  6637	
  6926	  6711	  6172	  6748	
  7065	  6871	  6299	  6883	
  7068	  6875	  6328	  6886	
  6474	  6200	  5800	  6147	
  6185	  5958	  5613	  5909	
  5976	  5821	  5475	  5779	
  5802	  5693	  5374	  5633	
  5660	  5577	  5260	  5552	
  5546	  5471	  5200	  5434	
  5433	  5369	  5114	  5346	
  5320	  5280	  5056	  5240	
  5210	  5167	  4971	  5148	
  5108	  5058	  4896	  5046	
  4996	  4953	  4830	  4947	
  4904	  4873	  4762	  4865	
  4819	  4785	  4710	  4776	
  4721	  4698	  4639	  4693	
  4645	  4629	  4580	  4611	
  4571	  4552	  4520	  4551	
  4496	  4483	  4473	  4485	
  4439	  4417	  4416	  4414	
  4379	  4365	  4381	  4365	
  4329	  4315	  4325	  4318	
  4279	  4272	  4288	  4267	
  4239	  4239	  4258	  4230	
  4214	  4212	  4237	  4209	
  4203	  4202	  4252	  4207	
  4212	  4194	  4245	  4207	
  4198	  4197	  4237	  4197	
  4193	  4189	  4224	  4194	
  4193	  4189	  4223	  4195	
  4208	  4183	  4218	  4197	
  4207	  4189	  4207	  4203	
  4217	  4210	  4218	  4221	
  4245	  4213	  4237	  4226	
  4276	  4241	  4251	  4259	
  4310	  4274	  4271	  4270	
  4353	  4302	  4313	  4314	
  4384	  4330	  4334	  4348	
  4422	  4371	  4375	  4383	
  4471	  4410	  4405	  4435	
  4540	  4470	  4447	  4483	
  4609	  4541	  4506	  4553	
  4687	  4619	  4563	  4632	
  4801	  4704	  4646	  4724	
  4901	  4804	  4729	  4820	
  5000	  4912	  4811	  4927	
  5125	  5036	  4914	  5039	
  5264	  5140	  5004	  5150	
  5390	  5252	  5099	  5270	
  5505	  5377	  5205	  5395	
  5663	  5507	  5319	  5521	
  5784	  5640	  5411	  5669	
  5929	  5780	  5520	  5790	
  6054	  5915	  5632	  5916	
  6219	  6051	  5725	  6069	
  6379	  6205	  5825	  6207	
  6535	  6354	  5934	  6384	
  6657	  6493	  6021	  6478	
  6815	  6620	  6104	  6642	
  6928	  6728	  6226	  6747	
  7105	  6889	  6297	  6885	
  7062	  6875	  6305	  6885	
  6463	  6184	  5797	  6128	
  6169	  5963	  5596	  5886	
  5948	  5814	  5468	  5769	
  5823	  5701	  5386	  5664	
  5674	  5594	  5265	  5544	
  5533	  5473	  5193	  5439	
  5436	  5359	  5108	  5353	
  5331	  5275	  5028	  5238	
  5201	  5144	  4939	  5132	
  5092	  5046	  4902	  5023	
  4981	  4954	  4796	  4936	
  4907	  4865	  4745	  4850	
  4809	  4794	  4690	  4770	
  4719	  4683	  4619	  4672	
  4642	  4610	  4561	  4615	
  4555	  4549	  4489	  4528	
  4487	  4470	  4446	  4467	
  4431	  4405	  4393	  4398	
  4369	  4352	  4349	  4348	
  4309	  4300	  4301	  4295	
  4272	  4263	  4276	  4270	
  4224	  4223	  4254	  4232	
  4201	  4202	  4229	  4195	
  4204	  4191	  4224	  4202	
  4204	  4202	  4241	  4211	
  4189	  4185	  4219	  4198	
  4181	  4169	  4207	  4185	
  4183	  4169	  4193	  4186	
  4182	  4165	  4189	  4187	
  4196	  4174	  4184	  4195	
  4214	  4186	  4196	  4207	
  4236	  4209	  4216	  4216	
  4267	  4231	  4244	  4247	
  4292	  4250	  4256	  4277	
  4348	  4295	  4305	  4303	
  4382	  4331	  4339	  4349	
  4430	  4376	  4358	  4394	
  4473	  4417	  4387	  4428	
  4537	  4469	  4437	  4484	
  4601	  4522	  4490	  4538	
  4689	  4606	  4552	  4626	
  4786	  4697	  4628	  4723	
  4886	  4793	  4707	  4815	
  5003	  4901	  4792	  4910	
  5111	  5013	  4903	  5029	
  5240	  5119	  4999	  5133	
  5378	  5262	  5109	  5263	
  5494	  5378	  5179	  5387	
  5654	  5509	  5306	  5527	
  5793	  5628	  5410	  5654	
  5924	  5770	  5511	  5779	
  6080	  5913	  5613	  5911	
  6228	  6037	  5709	  6054	
  6339	  6185	  5809	  6195	
  6512	  6336	  5927	  6350	
  6664	  6488	  6018	  6498	
  6809	  6600	  6120	  6620	
  6927	  6721	  6177	  6731	
  7046	  6867	  6288	  6867	
  7076	  6880	  6275	  6915	
  6402	  6151	  5755	  6083	
  6158	  5921	  5564	  5888	
  5927	  5789	  5419	  5742	
  5791	  5665	  5338	  5632	
  5655	  5562	  5267	  5533	
  5537	  5459	  5155	  5438	
  5419	  5351	  5088	  5341	
  5311	  5264	  5008	  5231	
  5203	  5154	  4954	  5127	
  5102	  5053	  4879	  5036	
  4987	  4951	  4817	  4928	
  4889	  4863	  4738	  4843	
  4802	  4770	  4657	  4755	
  4707	  4689	  4586	  4667	
  4622	  4601	  4541	  4588	
  4545	  4528	  4468	  4525	
  4477	  4455	  4421	  4447	
  4411	  4391	  4369	  4388	
  4346	  4331	  4333	  4325	
  4294	  4295	  4289	  4276	
  4244	  4239	  4246	  4240	
  4216	  4205	  4217	  4209	
  4189	  4185	  4194	  4194	
  4174	  4183	  4201	  4176	
  4181	  4167	  4191	  4180	
  4152	  4151	  4174	  4159	
  4148	  4141	  4173	  4153	
  4161	  4140	  4169	  4159	
  4165	  4144	  4158	  4162	
  4173	  4148	  4163	  4166	
  4200	  4171	  4176	  4186	
  4223	  4188	  4199	  4198	
  4253	  4225	  4231	  4230	
  4289	  4249	  4251	  4262	
  4323	  4287	  4283	  4297	
  4382	  4329	  4322	  4341	
  4403	  4361	  4365	  4385	
  4469	  4413	  4390	  4424	
  4520	  4460	  4423	  4474	
  4594	  4533	  4485	  4543	
  4678	  4597	  4532	  4604	
  4777	  4698	  4619	  4712	
  4884	  4779	  4702	  4808	
  4997	  4895	  4798	  4918	
  5106	  5003	  4879	  5025	
  5229	  5110	  4986	  5124	
  5350	  5234	  5072	  5247	
  5503	  5363	  5187	  5387	
  5654	  5499	  5297	  5514	
  5756	  5616	  5384	  5630	
  5912	  5747	  5491	  5768	
  6064	  5892	  5587	  5907	
  6191	  6053	  5685	  6047	
  6341	  6182	  5815	  6186	
  6488	  6336	  5902	  6342	
  6642	  6460	  6005	  6472	
  6763	  6581	  6066	  6610	
  6926	  6725	  6174	  6754	
  7037	  6851	  6246	  6851	
  7032	  6842	  6254	  6870	
  6397	  6149	  5744	  6073	
  6137	  5914	  5552	  5866	
  5929	  5786	  5415	  5734	
  5780	  5673	  5327	  5628	
  5635	  5556	  5266	  5524	
  5515	  5450	  5154	  5418	
  5415	  5345	  5085	  5322	
  5290	  5255	  5016	  5227	
  5186	  5147	  4915	  5114	
  5094	  5052	  4885	  5035	
  4972	  4944	  4794	  4932	
  4879	  4848	  4726	  4838	
  4779	  4765	  4643	  4746	
  4691	  4676	  4591	  4659	
  4606	  4588	  4523	  4573	
  4532	  4534	  4467	  4514	
  4447	  4452	  4401	  4432	
  4393	  4382	  4355	  4369	
  4329	  4330	  4302	  4320	
  4271	  4264	  4240	  4266	
  4224	  4215	  4214	  4217	
  4184	  4174	  4181	  4181	
  4154	  4149	  4167	  4161	
  4145	  4137	  4146	  4139	
  4121	  4121	  4131	  4124	
  4129	  4113	  4123	  4123	
  4124	  4116	  4133	  4127	
  4137	  4116	  4128	  4130	
  4139	  4123	  4131	  4137	
  4165	  4139	  4150	  4156	
  4179	  4158	  4172	  4171	
  4202	  4180	  4197	  4192	
  4239	  4210	  4227	  4231	
  4275	  4258	  4261	  4266	
  4319	  4286	  4269	  4297	
  4356	  4318	  4306	  4339	
  4402	  4361	  4356	  4381	
  4453	  4406	  4365	  4426	
  4517	  4451	  4420	  4465	
  4588	  4506	  4483	  4524	
  4670	  4587	  4519	  4612	
  4760	  4684	  4615	  4691	
  4866	  4778	  4682	  4797	
  4972	  4878	  4769	  4900	
  5092	  5004	  4882	  5018	
  5216	  5105	  4969	  5125	
  5355	  5225	  5077	  5251	
  5486	  5355	  5174	  5374	
  5620	  5505	  5259	  5503	
  5760	  5624	  5366	  5635	
  5885	  5759	  5458	  5770	
  6039	  5892	  5589	  5910	
  6186	  6043	  5676	  6034	
  6318	  6163	  5785	  6172	
  6480	  6328	  5887	  6323	
  6616	  6459	  5989	  6469	
  6743	  6589	  6060	  6604	
  6909	  6729	  6148	  6742	
  7019	  6825	  6220	  6840	
  7021	  6850	  6262	  6843	
  6405	  6132	  5739	  6069	
  6117	  5916	  5552	  5859	
  5914	  5775	  5432	  5726	
  5775	  5686	  5342	  5633	
  5632	  5565	  5246	  5514	
  5512	  5450	  5154	  5421	
  5397	  5349	  5087	  5316	
  5289	  5257	  5003	  5217	
  5180	  5133	  4919	  5117	
  5082	  5034	  4839	  5016	
  4964	  4923	  4763	  4910	
  4861	  4835	  4712	  4823	
  4783	  4753	  4633	  4741	
  4685	  4665	  4566	  4661	
  4608	  4587	  4501	  4576	
  4525	  4510	  4446	  4507	
  4450	  4437	  4388	  4428	
  4382	  4365	  4340	  4366	
  4328	  4307	  4276	  4308	
  4263	  4250	  4235	  4255	
  4205	  4213	  4192	  4201	
  4164	  4159	  4153	  4154	
  4126	  4127	  4136	  4129	
  4115	  4108	  4110	  4104	
  4109	  4102	  4100	  4108	
  4100	  4106	  4100	  4101	
  4105	  4104	  4118	  4111	
  4130	  4115	  4125	  4118	
  4134	  4122	  4133	  4134	
  4156	  4128	  4137	  4154	
  4168	  4147	  4153	  4163	
  4208	  4175	  4175	  4194	
  4244	  4212	  4207	  4221	
  4270	  4240	  4235	  4261	
  4319	  4274	  4270	  4291	
  4353	  4313	  4322	  4331	
  4407	  4354	  4332	  4373	
  4452	  4397	  4361	  4417	
  4499	  4441	  4403	  4464	
  4575	  4512	  4469	  4525	
  4666	  4589	  4538	  4599	
  4765	  4695	  4614	  4693	
  4870	  4772	  4696	  4811	
  4974	  4886	  4782	  4895	
  5107	  4994	  4878	  5020	
  5208	  5110	  4947	  5127	
  5347	  5215	  5057	  5244	
  5466	  5339	  5157	  5358	
  5629	  5482	  5278	  5503	
  5751	  5604	  5360	  5635	
  5889	  5741	  5460	  5755	
  6023	  5877	  5563	  5903	
  6171	  6031	  5661	  6037	
  6298	  6163	  5769	  6171	
  6477	  6311	  5880	  6319	
  6610	  6444	  5978	  6472	
  6748	  6569	  6045	  6582	
  6883	  6700	  6130	  6703	
  7019	  6806	  6243	  6835	
  7028	  6837	  6205	  6855	
  6390	  6158	  5742	  6093	
  6120	  5917	  5527	  5848	
  5924	  5791	  5437	  5731	
  5755	  5673	  5334	  5620	
  5620	  5540	  5238	  5508	
  5510	  5452	  5138	  5424	
  5405	  5354	  5073	  5320	
  5294	  5254	  5013	  5224	
  5188	  5156	  4947	  5136	
  5081	  5055	  4857	  5027	
  4959	  4940	  4778	  4911	
  4871	  4852	  4708	  4831	
  4778	  4758	  4644	  4746	
  4678	  4667	  4573	  4646	
  4596	  4590	  4521	  4578	
  4518	  4509	  4443	  4505	
  4446	  4437	  4383	  4430	
  4378	  4370	  4343	  4359	
  4314	  4314	  4277	  4308	
  4249	  4248	  4241	  4244	
  4201	  4200	  4201	  4195	
  4160	  4147	  4146	  4152	
  4114	  4111	  4109	  4123	
  4096	  4105	  4096	  4102	
  4102	  4098	  4111	  4102	
  4099	  4096	  4114	  4096	
  4099	  4105	  4113	  4108	
  4126	  4125	  4127	  4129	
  4129	  4121	  4133	  4135	
  4151	  4139	  4146	  4150	
  4171	  4163	  4161	  4171	
  4206	  4188	  4198	  4190	
  4230	  4208	  4206	  4221	
  4268	  4248	  4239	  4249	
  4312	  4288	  4280	  4300	
  4359	  4320	  4307	  4330	
  4406	  4359	  4344	  4372	
  4447	  4392	  4371	  4414	
  4502	  4449	  4420	  4464	
  4579	  4523	  4475	  4531	
  4664	  4593	  4548	  4601	
  4771	  4689	  4624	  4704	
  4866	  4776	  4690	  4799	
  4975	  4885	  4792	  4899	
  5098	  4996	  4888	  5028	
  5203	  5116	  4969	  5125	
  5337	  5233	  5063	  5248	
  5473	  5359	  5167	  5374	
  5605	  5475	  5281	  5495	
  5732	  5611	  5352	  5619	
  5878	  5744	  5474	  5744	
  6019	  5874	  5587	  5901	
  6163	  6031	  5678	  6038	
  6304	  6153	  5772	  6162	
  6461	  6312	  5890	  6314	
  6597	  6432	  5968	  6444	
  6743	  6562	  6051	  6568	
  6893	  6706	  6153	  6699	
  7007	  6818	  6245	  6819	
  7025	  6820	  6229	  6804	
  6465	  6194	  5770	  6100	
  6152	  5957	  5592	  5905	
  5925	  5789	  5453	  5737	
  5780	  5693	  5367	  5637	
  5634	  5568	  5259	  5533	
  5548	  5474	  5194	  5457	
  5429	  5381	  5109	  5362	
  5328	  5278	  5030	  5244	
  5211	  5182	  4956	  5145	
  5109	  5074	  4890	  5043	
  4983	  4955	  4804	  4940	
  4895	  4873	  4747	  4852	
  4797	  4779	  4674	  4761	
  4706	  4681	  4598	  4677	
  4629	  4602	  4545	  4601	
  4538	  4532	  4474	  4516	
  4463	  4448	  4400	  4440	
  4394	  4393	  4357	  4380	
  4335	  4320	  4295	  4324	
  4265	  4256	  4234	  4253	
  4213	  4214	  4204	  4212	
  4158	  4154	  4154	  4153	
  4132	  4127	  4131	  4116	
  4112	  4113	  4118	  4108	
  4108	  4101	  4125	  4115	
  4111	  4109	  4124	  4111	
  4119	  4116	  4130	  4127	
  4139	  4136	  4146	  4127	
  4141	  4133	  4151	  4144	
  4170	  4168	  4182	  4166	
  4197	  4178	  4187	  4185	
  4221	  4201	  4214	  4214	
  4253	  4229	  4234	  4233	
  4285	  4262	  4267	  4282	
  4330	  4306	  4297	  4307	
  4379	  4344	  4313	  4346	
  4413	  4369	  4370	  4389	
  4472	  4411	  4403	  4424	
  4526	  4462	  4434	  4477	
  4605	  4548	  4505	  4554	
  4697	  4621	  4587	  4634	
  4792	  4713	  4664	  4737	
  4900	  4816	  4739	  4823	
  4999	  4911	  4798	  4920	
  5126	  5029	  4909	  5047	
  5249	  5134	  4997	  5156	
  5359	  5250	  5094	  5263	
  5500	  5385	  5186	  5388	
  5637	  5518	  5295	  5507	
  5753	  5640	  5398	  5642	
  5879	  5755	  5482	  5767	
  6025	  5890	  5581	  5909	
  6184	  6044	  5687	  6045	
  6326	  6178	  5787	  6181	
  6479	  6331	  5897	  6326	
  6599	  6447	  5990	  6457	
  6767	  6573	  6085	  6593	
  6890	  6703	  6139	  6695	
  7013	  6836	  6257	  6840	
  7013	  6858	  6257	  6850	
  6540	  6251	  5840	  6193	
  6239	  6040	  5660	  5973	
  5987	  5837	  5495	  5788	
  5831	  5738	  5417	  5686	
  5692	  5607	  5295	  5558	
  5573	  5500	  5201	  5474	
  5475	  5416	  5172	  5385	
  5383	  5301	  5081	  5292	
  5275	  5208	  5013	  5196	
  5146	  5103	  4915	  5086	
  5038	  4994	  4853	  4979	
  4941	  4915	  4787	  4878	
  4835	  4814	  4710	  4802	
  4744	  4722	  4627	  4718	
  4658	  4646	  4573	  4632	
  4578	  4566	  4500	  4555	
  4511	  4490	  4441	  4485	
  4442	  4416	  4393	  4414	
  4368	  4363	  4336	  4346	
  4316	  4285	  4295	  4287	
  4248	  4234	  4221	  4236	
  4204	  4194	  4186	  4185	
  4165	  4160	  4156	  4161	
  4154	  4137	  4148	  4134	
  4149	  4133	  4148	  4139	
  4147	  4143	  4151	  4141	
  4157	  4141	  4152	  4139	
  4169	  4157	  4171	  4170	
  4184	  4169	  4186	  4178	
  4205	  4175	  4189	  4194	
  4232	  4203	  4212	  4208	
  4260	  4234	  4258	  4248	
  4289	  4256	  4287	  4265	
  4330	  4291	  4297	  4303	
  4361	  4332	  4329	  4338	
  4422	  4364	  4365	  4378	
  4450	  4413	  4386	  4411	
  4501	  4456	  4437	  4458	
  4569	  4504	  4486	  4532	
  4643	  4580	  4542	  4587	
  4735	  4673	  4611	  4676	
  4854	  4763	  4704	  4783	
  4940	  4855	  4776	  4883	
  5047	  4963	  4871	  4967	
  5175	  5067	  4942	  5082	
  5290	  5176	  5051	  5191	
  5407	  5306	  5144	  5303	
  5553	  5416	  5252	  5443	
  5687	  5550	  5337	  5540	
  5812	  5663	  5431	  5675	
  5927	  5803	  5537	  5808	
  6093	  5933	  5634	  5940	
  6238	  6066	  5749	  6071	
  6369	  6216	  5850	  6218	
  6524	  6362	  5933	  6373	
  6646	  6462	  6038	  6488	
  6823	  6609	  6094	  6644	
  6923	  6745	  6201	  6751	
  7080	  6872	  6322	  6891	
  7033	  6840	  6278	  6858	
  6642	  6381	  5938	  6322	
  6310	  6090	  5674	  6025	
  6036	  5870	  5513	  5819	
  5887	  5775	  5422	  5722	
  5751	  5660	  5342	  5628	
  5638	  5550	  5252	  5518	
  5527	  5464	  5183	  5418	
  5422	  5367	  5121	  5328	
  5314	  5261	  5039	  5237	
  5215	  5176	  4976	  5145	
  5096	  5045	  4890	  5029	
  5004	  4959	  4810	  4935	
  4905	  4866	  4754	  4852	
  4795	  4772	  4674	  4754	
  4714	  4694	  4612	  4675	
  4636	  4609	  4539	  4601	
  4562	  4529	  4484	  4524	
  4488	  4454	  4409	  4462	
  4421	  4397	  4371	  4389	
  4354	  4322	  4302	  4318	
  4298	  4270	  4263	  4266	
  4262	  4231	  4234	  4235	
  4224	  4204	  4203	  4200	
  4194	  4187	  4198	  4181	
  4194	  4172	  4186	  4186	
  4191	  4177	  4180	  4180	
  4204	  4190	  4196	  4186	
  4228	  4190	  4216	  4209	
  4222	  4208	  4212	  4212	
  4252	  4229	  4224	  4234	
  4279	  4244	  4261	  4253	
  4306	  4275	  4286	  4282	
  4327	  4284	  4303	  4299	
  4372	  4319	  4318	  4329	
  4404	  4363	  4369	  4363	
  4455	  4388	  4401	  4408	
  4501	  4437	  4438	  4456	
  4544	  4491	  4485	  4508	
  4635	  4557	  4545	  4562	
  4718	  4632	  4585	  4653	
  4788	  4722	  4645	  4720	
  4899	  4816	  4727	  4830	
  5004	  4910	  4810	  4930	
  5118	  5013	  4921	  5027	
  5235	  5127	  4999	  5138	
  5359	  5220	  5077	  5248	
  5479	  5347	  5186	  5358	
  5608	  5483	  5270	  5502	
  5750	  5592	  5371	  5607	
  5876	  5726	  5493	  5744	
  5996	  5848	  5570	  5863	
  6154	  5984	  5666	  6009	
  6274	  6106	  5789	  6123	
  6435	  6270	  5858	  6281	
  6568	  6392	  5966	  6410	
  6713	  6527	  6066	  6548	
  6821	  6631	  6116	  6668	
  6990	  6788	  6226	  6781	
  7155	  6903	  6346	  6944	
  7128	  6902	  6331	  6925	
  6784	  6513	  6054	  6438	
  6427	  6174	  5733	  6134	
  6110	  5931	  5543	  5905	
  5960	  5827	  5474	  5785	
  5791	  5701	  5367	  5648	
  5675	  5614	  5305	  5579	
  5595	  5506	  5212	  5473	
  5492	  5396	  5125	  5370	
  5377	  5301	  5063	  5281	
  5275	  5194	  4979	  5185	
  5148	  5096	  4915	  5065	
  5047	  4990	  4834	  4974	
  4955	  4907	  4771	  4896	
  4833	  4805	  4689	  4802	
  4777	  4726	  4633	  4720	
  4685	  4643	  4567	  4642	
  4610	  4566	  4496	  4567	
  4527	  4499	  4434	  4485	
  4462	  4436	  4394	  4423	
  4398	  4365	  4336	  4365	
  4357	  4318	  4304	  4321	
  4310	  4286	  4256	  4278	
  4269	  4251	  4240	  4258	
  4248	  4224	  4221	  4235	
  4234	  4210	  4203	  4218	
  4236	  4212	  4207	  4212	
  4242	  4219	  4218	  4221	
  4251	  4228	  4235	  4232	
  4277	  4236	  4238	  4252	
  4286	  4256	  4257	  4265	
  4314	  4275	  4282	  4279	
  4334	  4298	  4299	  4306	
  4371	  4324	  4310	  4329	
  4408	  4346	  4355	  4362	
  4431	  4386	  4382	  4405	
  4485	  4424	  4416	  4432	
  4546	  4470	  4445	  4490	
  4607	  4542	  4515	  4548	
  4679	  4608	  4558	  4624	
  4765	  4680	  4620	  4706	
  4853	  4765	  4697	  4777	
  4945	  4864	  4771	  4886	
  5055	  4953	  4855	  4971	
  5169	  5049	  4938	  5079	
  5285	  5177	  5038	  5179	
  5403	  5281	  5116	  5305	
  5529	  5404	  5221	  5403	
  5657	  5516	  5298	  5525	
  5782	  5655	  5405	  5659	
  5936	  5774	  5502	  5790	
  6066	  5900	  5605	  5914	
  6186	  6033	  5706	  6041	
  6330	  6165	  5804	  6179	
  6453	  6285	  5905	  6303	
  6615	  6438	  6010	  6447	
  6769	  6584	  6101	  6599	
  6899	  6686	  6156	  6715	
  7051	  6829	  6258	  6837	
  7174	  6949	  6343	  6965	
  7185	  6949	  6374	  6981	
  6940	  6637	  6149	  6580	
  6526	  6297	  5810	  6223	
  6156	  5992	  5569	  5934	
  5991	  5872	  5480	  5832	
  5848	  5766	  5391	  5736	
  5736	  5642	  5326	  5614	
  5628	  5540	  5242	  5511	
  5525	  5467	  5152	  5422	
  5426	  5349	  5090	  5328	
  5299	  5240	  5007	  5210	
  5182	  5143	  4930	  5123	
  5087	  5046	  4865	  5009	
  4998	  4954	  4817	  4942	
  4888	  4849	  4718	  4846	
  4816	  4779	  4646	  4771	
  4732	  4700	  4603	  4698	
  4646	  4606	  4543	  4604	
  4569	  4544	  4468	  4535	
  4516	  4482	  4423	  4472	
  4448	  4425	  4378	  4416	
  4398	  4377	  4332	  4364	
  4369	  4338	  4296	  4332	
  4329	  4303	  4260	  4295	
  4315	  4278	  4255	  4276	
  4290	  4257	  4242	  4269	
  4283	  4253	  4243	  4256	
  4278	  4251	  4231	  4253	
  4280	  4258	  4229	  4262	
  4291	  4263	  4258	  4271	
  4322	  4282	  4270	  4295	
  4345	  4310	  4296	  4309	
  4364	  4322	  4304	  4333	
  4409	  4350	  4333	  4366	
  4431	  4376	  4366	  4391	
  4476	  4422	  4393	  4429	
  4528	  4460	  4421	  4474	
  4580	  4514	  4470	  4541	
  4652	  4580	  4531	  4595	
  4734	  4650	  4601	  4678	
  4819	  4728	  4666	  4752	
  4907	  4808	  4722	  4830	
  5010	  4906	  4811	  4926	
  5110	  5009	  4885	  5025	
  5205	  5109	  4968	  5125	
  5335	  5227	  5059	  5231	
  5439	  5323	  5144	  5348	
  5576	  5455	  5254	  5456	
  5693	  5555	  5332	  5558	
  5843	  5693	  5443	  5699	
  5976	  5809	  5546	  5827	
  6096	  5942	  5625	  5953	
  6232	  6076	  5718	  6082	
  6377	  6203	  5819	  6207	
  6503	  6317	  5903	  6349	
  6650	  6467	  5983	  6484	
  6807	  6599	  6077	  6610	
  6918	  6702	  6162	  6737	
  7049	  6832	  6266	  6845	
  7212	  6979	  6363	  6993	
  7202	  6996	  6346	  6989	
  7132	  6790	  6264	  6716	
  6654	  6404	  5897	  6345	
  6236	  6056	  5591	  6014	
  6035	  5910	  5494	  5880	
  5888	  5797	  5410	  5753	
  5766	  5689	  5350	  5654	
  5654	  5585	  5264	  5546	
  5564	  5490	  5183	  5460	
  5461	  5385	  5105	  5359	
  5351	  5279	  5030	  5260	
  5215	  5177	  4947	  5161	
  5132	  5085	  4881	  5063	
  5046	  5002	  4823	  4976	
  4936	  4907	  4754	  4884	
  4854	  4825	  4679	  4803	
  4766	  4741	  4625	  4740	
  4702	  4667	  4570	  4662	
  4628	  4596	  4517	  4581	
  4570	  4542	  4456	  4529	
  4501	  4481	  4394	  4462	
  4466	  4432	  4386	  4419	
  4414	  4380	  4341	  4384	
  4380	  4345	  4319	  4354	
  4358	  4319	  4292	  4324	
  4349	  4301	  4267	  4311	
  4322	  4286	  4263	  4289	
  4329	  4291	  4258	  4303	
  4322	  4285	  4255	  4299	
  4325	  4299	  4262	  4305	
  4342	  4307	  4300	  4316	
  4370	  4337	  4315	  4345	
  4398	  4355	  4325	  4361	
  4424	  4380	  4345	  4386	
  4469	  4417	  4389	  4427	
  4504	  4473	  4433	  4476	
  4576	  4499	  4456	  4523	
  4622	  4569	  4515	  4570	
  4695	  4634	  4564	  4627	
  4779	  4698	  4620	  4717	
  4869	  4782	  4683	  4795	
  4948	  4864	  4761	  4866	
  5047	  4951	  4830	  4980	
  5145	  5053	  4915	  5066	
  5260	  5155	  5001	  5171	
  5371	  5271	  5093	  5279	
  5485	  5370	  5183	  5388	
  5620	  5486	  5264	  5496	
  5737	  5590	  5352	  5618	
  5878	  5725	  5462	  5743	
  5986	  5849	  5563	  5864	
  6128	  5974	  5655	  5976	
  6265	  6107	  5733	  6123	
  6380	  6226	  5830	  6223	
  6538	  6355	  5925	  6368	
  6708	  6510	  5997	  6513	
  6800	  6641	  6096	  6633	
  6941	  6746	  6202	  6771	
  7095	  6861	  6271	  6892	
  7224	  7019	  6353	  6995	
  7213	  6992	  6361	  7005	
  7244	  6947	  6388	  6890	
  6827	  6538	  5994	  6484	
  6320	  6142	  5689	  6094	
  6080	  5946	  5527	  5905	
  5900	  5813	  5425	  5782	
  5819	  5741	  5367	  5703	
  5703	  5621	  5287	  5597	
  5603	  5515	  5200	  5488	
  5508	  5426	  5139	  5396	
  5405	  5310	  5053	  5304	
  5266	  5220	  4984	  5198	
  5186	  5128	  4932	  5109	
  5106	  5034	  4857	  5027	
  4986	  4958	  4785	  4932	
  4898	  4866	  4728	  4856	
  4822	  4797	  4659	  4787	
  4746	  4711	  4610	  4701	
  4676	  4655	  4555	  4639	
  4624	  4594	  4502	  4590	
  4568	  4528	  4460	  4514	
  4508	  4483	  4430	  4483	
  4479	  4445	  4383	  4440	
  4438	  4411	  4356	  4410	
  4410	  4374	  4327	  4384	
  4395	  4352	  4323	  4360	
  4377	  4343	  4305	  4352	
  4370	  4344	  4305	  4352	
  4371	  4340	  4308	  4340	
  4392	  4340	  4302	  4352	
  4394	  4356	  4323	  4369	
  4416	  4376	  4337	  4381	
  4444	  4399	  4367	  4417	
  4483	  4432	  4383	  4435	
  4516	  4464	  4434	  4474	
  4565	  4509	  4463	  4510	
  4621	  4554	  4497	  4583	
  4668	  4616	  4554	  4629	
  4752	  4680	  4602	  4699	
  4830	  4743	  4673	  4757	
  4913	  4830	  4736	  4851	
  4996	  4913	  4793	  4921	
  5099	  5003	  4878	  5019	
  5194	  5104	  4950	  5118	
  5309	  5197	  5040	  5217	
  5417	  5304	  5120	  5323	
  5532	  5405	  5192	  5427	
  5669	  5519	  5288	  5533	
  5766	  5639	  5372	  5657	
  5895	  5765	  5479	  5768	
  6035	  5885	  5592	  5904	
  6150	  6003	  5669	  6015	
  6292	  6124	  5741	  6137	
  6442	  6265	  5849	  6279	
  6560	  6390	  5938	  6407	
  6696	  6524	  6039	  6558	
  6831	  6630	  6121	  6676	
  6970	  6770	  6215	  6794	
  7103	  6897	  6294	  6908	
  7263	  7047	  6394	  7031	
  7238	  7005	  6363	  7021	
  7475	  7200	  6589	  7103	
  7010	  6737	  6140	  6670	
  6435	  6248	  5742	  6209	
  6111	  5988	  5565	  5946	
  5951	  5862	  5440	  5817	
  5852	  5765	  5375	  5705	
  5752	  5665	  5321	  5623	
  5626	  5550	  5220	  5527	
  5524	  5456	  5170	  5424	
  5418	  5346	  5077	  5332	
  5314	  5265	  5018	  5230	
  5235	  5164	  4925	  5166	
  5144	  5091	  4902	  5071	
  5038	  5006	  4836	  4986	
  4965	  4919	  4755	  4906	
  4882	  4844	  4696	  4830	
  4796	  4766	  4648	  4770	
  4730	  4706	  4590	  4690	
  4679	  4641	  4548	  4638	
  4637	  4573	  4489	  4583	
  4578	  4550	  4475	  4540	
  4542	  4502	  4434	  4504	
  4500	  4460	  4402	  4475	
  4476	  4443	  4395	  4447	
  4455	  4419	  4367	  4420	
  4443	  4410	  4358	  4421	
  4434	  4402	  4342	  4399	
  4442	  4402	  4346	  4415	
  4455	  4415	  4352	  4418	
  4448	  4413	  4368	  4422	
  4477	  4424	  4376	  4446	
  4499	  4457	  4412	  4473	
  4523	  4490	  4434	  4491	
  4571	  4524	  4474	  4534	
  4624	  4571	  4507	  4583	
  4680	  4624	  4554	  4624	
  4742	  4675	  4589	  4680	
  4816	  4740	  4646	  4754	
  4872	  4817	  4707	  4822	
  4952	  4892	  4782	  4899	
  5054	  4974	  4836	  4987	
  5148	  5062	  4923	  5084	
  5245	  5156	  5012	  5167	
  5358	  5250	  5075	  5281	
  5448	  5348	  5143	  5371	
  5599	  5468	  5237	  5484	
  5690	  5560	  5321	  5591	
  5812	  5674	  5429	  5698	
  5956	  5799	  5517	  5822	
  6068	  5930	  5603	  5935	
  6193	  6047	  5696	  6062	
  6338	  6157	  5783	  6188	
  6445	  6293	  5869	  6311	
  6569	  6425	  5948	  6434	
  6737	  6558	  6049	  6575	
  6865	  6698	  6141	  6700	
  7000	  6795	  6199	  6825	
  7121	  6929	  6291	  6931	
  7289	  7052	  6396	  7059	
  7307	  7088	  6422	  7105	
  7750	  7444	  6787	  7331	
  7209	  6921	  6344	  6868	
  6601	  6414	  5845	  6337	
  6196	  6081	  5578	  6027	
  6030	  5917	  5499	  5873	
  5897	  5813	  5409	  5766	
  5782	  5702	  5344	  5657	
  5673	  5607	  5265	  5586	
  5587	  5506	  5209	  5483	
  5481	  5394	  5134	  5376	
  5370	  5319	  5048	  5281	
  5287	  5213	  4988	  5209	
  5190	  5156	  4927	  5124	
  5105	  5065	  4887	  5039	
  5024	  4985	  4811	  4980	
  4942	  4910	  4776	  4894	
  4868	  4839	  4723	  4820	
  4818	  4773	  4655	  4764	
  4746	  4716	  4605	  4706	
  4699	  4663	  4562	  4645	
  4653	  4617	  4545	  4611	
  4604	  4580	  4503	  4576	
  4564	  4534	  4461	  4532	
  4543	  4504	  4454	  4510	
  4529	  4479	  4430	  4499	
  4509	  4476	  4415	  4483	
  4514	  4469	  4412	  4478	
  4511	  4457	  4412	  4483	
  4514	  4474	  4422	  4478	
  4523	  4484	  4420	  4491	
  4547	  4508	  4448	  4507	
  4576	  4522	  4460	  4531	
  4608	  4561	  4499	  4562	
  4664	  4593	  4523	  4607	
  4688	  4640	  4564	  4642	
  4749	  4688	  4608	  4701	
  4808	  4746	  4651	  4759	
  4880	  4807	  4711	  4827	
  4948	  4877	  4760	  4888	
  5025	  4955	  4834	  4969	
  5117	  5031	  4898	  5044	
  5219	  5129	  4982	  5150	
  5311	  5218	  5048	  5238	
  5419	  5324	  5127	  5328	
  5519	  5416	  5201	  5427	
  5628	  5534	  5285	  5532	
  5747	  5621	  5363	  5649	
  5862	  5732	  5466	  5750	
  6010	  5856	  5542	  5883	
  6127	  5977	  5649	  5987	
  6249	  6096	  5720	  6104	
  6356	  6210	  5818	  6242	
  6494	  6339	  5912	  6349	
  6613	  6459	  5982	  6449	
  6760	  6588	  6079	  6613	
  6892	  6729	  6158	  6719	
  7044	  6839	  6235	  6836	
  7174	  6956	  6341	  6964	
  7330	  7101	  6437	  7129	
  7435	  7213	  6525	  7213	
  8109	  7837	  7053	  7745	
  7509	  7234	  6571	  7146	
  6852	  6662	  6075	  6607	
  6360	  6246	  5734	  6180	
  6078	  5972	  5549	  5934	
  5979	  5892	  5494	  5853	
  5872	  5784	  5417	  5755	
  5754	  5683	  5325	  5653	
  5673	  5574	  5266	  5573	
  5565	  5482	  5210	  5463	
  5474	  5382	  5128	  5376	
  5385	  5305	  5078	  5280	
  5279	  5229	  5027	  5212	
  5195	  5153	  4963	  5140	
  5121	  5081	  4911	  5059	
  5040	  4990	  4839	  4986	
  4971	  4926	  4796	  4929	
  4902	  4857	  4741	  4862	
  4847	  4800	  4691	  4800	
  4798	  4752	  4660	  4744	
  4741	  4706	  4618	  4698	
  4706	  4666	  4586	  4670	
  4664	  4626	  4553	  4630	
  4663	  4603	  4552	  4599	
  4627	  4580	  4530	  4578	
  4631	  4573	  4527	  4586	
  4613	  4561	  4522	  4579	
  4618	  4555	  4512	  4573	
  4615	  4567	  4509	  4572	
  4622	  4587	  4526	  4598	
  4652	  4592	  4537	  4604	
  4682	  4624	  4564	  4630	
  4718	  4645	  4583	  4662	
  4755	  4689	  4622	  4705	
  4798	  4727	  4651	  4749	
  4851	  4785	  4709	  4793	
  4913	  4836	  4743	  4851	
  4968	  4899	  4806	  4908	
  5056	  4979	  4854	  4986	
  5144	  5039	  4919	  5053	
  5224	  5120	  5003	  5142	
  5305	  5217	  5071	  5227	
  5419	  5311	  5142	  5311	
  5523	  5399	  5208	  5418	
  5625	  5490	  5286	  5522	
  5738	  5607	  5365	  5634	
  5850	  5699	  5454	  5730	
  5960	  5802	  5540	  5834	
  6094	  5935	  5631	  5958	
  6217	  6037	  5710	  6067	
  6337	  6153	  5804	  6187	
  6440	  6283	  5912	  6316	
  6598	  6399	  5985	  6429	
  6720	  6506	  6048	  6532	
  6842	  6661	  6149	  6656	
  6993	  6781	  6255	  6787	
  7114	  6900	  6282	  6916	
  7243	  7001	  6392	  7029	
  7497	  7263	  6546	  7273	
  7638	  7378	  6618	  7420	
  8555	  8241	  7353	  8158	
  7909	  7616	  6871	  7536	
  7174	  6929	  6298	  6870	
  6585	  6441	  5882	  6374	
  6220	  6087	  5623	  6053	
  6089	  5986	  5557	  5950	
  5994	  5873	  5465	  5851	
  5877	  5757	  5404	  5741	
  5782	  5680	  5339	  5655	
  5656	  5563	  5279	  5539	
  5557	  5476	  5219	  5453	
  5473	  5398	  5138	  5380	
  5381	  5307	  5076	  5299	
  5299	  5231	  5013	  5221	
  5217	  5149	  4971	  5152	
  5151	  5090	  4925	  5084	
  5092	  5020	  4871	  5017	
  5019	  4959	  4827	  4951	
  4961	  4908	  4784	  4908	
  4910	  4849	  4754	  4850	
  4860	  4810	  4700	  4798	
  4824	  4777	  4673	  4777	
  4784	  4728	  4648	  4735	
  4769	  4713	  4643	  4712	
  4744	  4689	  4615	  4692	
  4740	  4675	  4607	  4691	
  4728	  4663	  4613	  4689	
  4719	  4668	  4596	  4678	
  4734	  4670	  4617	  4685	
  4746	  4682	  4613	  4696	
  4778	  4711	  4638	  4719	
  4792	  4728	  4648	  4744	
  4825	  4756	  4676	  4762	
  4861	  4788	  4713	  4805	
  4914	  4838	  4746	  4844	
  4966	  4890	  4790	  4906	
  5016	  4933	  4831	  4959	
  5089	  5002	  4894	  5019	
  5166	  5065	  4936	  5082	
  5235	  5153	  5000	  5165	
  5314	  5215	  5055	  5239	
  5429	  5318	  5145	  5329	
  5535	  5398	  5212	  5431	
  5612	  5484	  5287	  5516	
  5712	  5591	  5357	  5617	
  5823	  5686	  5452	  5706	
  5937	  5773	  5539	  5801	
  6066	  5906	  5642	  5929	
  6185	  6016	  5708	  6050	
  6286	  6105	  5790	  6152	
  6411	  6232	  5855	  6267	
  6550	  6372	  5953	  6397	
  6674	  6508	  6061	  6518	
  6801	  6603	  6133	  6626	
  6937	  6745	  6201	  6757	
  7069	  6852	  6266	  6870	
  7241	  6958	  6378	  7001	
  7373	  7113	  6455	  7135	
  7743	  7476	  6721	  7481	
  7862	  7592	  6804	  7602	
  9203	  8836	  7821	  8713	
  8323	  8018	  7136	  7937	
  7478	  7265	  6531	  7167	
  6870	  6666	  6047	  6612	
  6396	  6217	  5705	  6193	
  6171	  6047	  5585	  6006	
  6069	  5942	  5534	  5896	
  5966	  5857	  5463	  5810	
  5863	  5750	  5393	  5719	
  5751	  5637	  5340	  5628	
  5678	  5555	  5271	  5540	
  5553	  5485	  5191	  5457	
  5506	  5389	  5154	  5377	
  5400	  5323	  5093	  5304	
  5340	  5244	  5028	  5249	
  5258	  5178	  4986	  5187	
  5171	  5106	  4945	  5093	
  5135	  5043	  4896	  5050	
  5063	  4990	  4851	  4992	
  5014	  4946	  4815	  4950	
  4975	  4892	  4796	  4909	
  4939	  4862	  4762	  4863	
  4906	  4837	  4724	  4838	
  4868	  4811	  4720	  4802	
  4861	  4784	  4704	  4795	
  4849	  4769	  4690	  4783	
  4836	  4769	  4677	  4780	
  4845	  4766	  4682	  4776	
  4852	  4765	  4667	  4786	
  4844	  4774	  4694	  4799	
  4872	  4795	  4718	  4819	
  4910	  4823	  4729	  4848	
  4942	  4841	  4754	  4853	
  4977	  4898	  4779	  4900	
  5030	  4936	  4812	  4956	
  5065	  4978	  4863	  5003	
  5141	  5030	  4915	  5068	
  5206	  5090	  4961	  5113	
  5270	  5157	  5001	  5179	
  5350	  5241	  5063	  5256	
  5442	  5311	  5142	  5336	
  5531	  5404	  5204	  5425	
  5618	  5478	  5279	  5503	
  5733	  5579	  5374	  5608	
  5837	  5687	  5434	  5688	
  5948	  5773	  5524	  5805	
  6040	  5880	  5595	  5905	
  6162	  5974	  5683	  5990	
  6300	  6099	  5755	  6121	
  6406	  6216	  5847	  6244	
  6513	  6316	  5928	  6358	
  6629	  6429	  6008	  6473	
  6765	  6551	  6069	  6580	
  6883	  6638	  6130	  6668	
  7014	  6810	  6234	  6808	
  7175	  6931	  6329	  6963	
  7298	  7051	  6400	  7079	
  7538	  7246	  6553	  7295	
  7975	  7685	  6848	  7699	
  8217	  7939	  7000	  7953	
 10025	  9647	  8384	  9538	
  8925	  8570	  7596	  8499	
  7877	  7627	  6806	  7546	
  7162	  6995	  6317	  6921	
  6599	  6418	  5840	  6388	
  6292	  6150	  5659	  6111	
  6167	  6022	  5583	  6010	
  6039	  5909	  5516	  5882	
  5946	  5812	  5461	  5804	
  5863	  5729	  5400	  5699	
  5744	  5616	  5324	  5609	
  5668	  5526	  5249	  5522	
  5594	  5477	  5235	  5465	
  5498	  5384	  5149	  5373	
  5416	  5319	  5099	  5308	
  5348	  5262	  5055	  5247	
  5298	  5192	  5021	  5207	
  5226	  5139	  4967	  5135	
  5168	  5082	  4939	  5083	
  5132	  5038	  4900	  5042	
  5080	  4995	  4870	  4987	
  5054	  4968	  4836	  4958	
  5011	  4926	  4831	  4927	
  4985	  4899	  4796	  4908	
  4961	  4875	  4777	  4893	
  4941	  4870	  4761	  4874	
  4958	  4877	  4768	  4887	
  4953	  4859	  4761	  4877	
  4961	  4871	  4783	  4869	
  4974	  4881	  4778	  4886	
  4988	  4893	  4785	  4900	
  5018	  4926	  4815	  4938	
  5034	  4958	  4838	  4970	
  5088	  4985	  4864	  5003	
  5134	  5030	  4901	  5050	
  5183	  5083	  4945	  5105	
  5262	  5141	  5007	  5156	
  5303	  5188	  5052	  5211	
  5367	  5252	  5087	  5275	
  5461	  5328	  5151	  5350	
  5551	  5411	  5223	  5423	
  5651	  5489	  5274	  5518	
  5723	  5569	  5346	  5598	
  5820	  5671	  5426	  5670	
  5918	  5744	  5503	  5771	
  6022	  5840	  5586	  5860	
  6128	  5947	  5671	  5982	
  6235	  6065	  5761	  6077	
  6354	  6144	  5859	  6197	
  6480	  6281	  5904	  6320	
  6600	  6405	  5981	  6418	
  6699	  6487	  6021	  6534	
  6834	  6612	  6114	  6648	
  6967	  6715	  6187	  6743	
  7119	  6872	  6309	  6884	
  7229	  6971	  6350	  6975	
  7434	  7130	  6496	  7168	
  7784	  7482	  6715	  7504	
  8302	  7993	  7089	  8028	
  8789	  8419	  7401	  8515	
 11107	 10673	  8994	 10424	
  9363	  9074	  7899	  9016	
  8236	  7976	  6996	  7896	
  7410	  7261	  6412	  7191	
  6772	  6662	  5944	  6587	
  6416	  6282	  5699	  6216	
  6211	  6131	  5613	  6076	
  6098	  5982	  5531	  5972	
  6009	  5929	  5497	  5888	
  5913	  5820	  5408	  5803	
  5825	  5709	  5355	  5707	
  5731	  5654	  5307	  5629	
  5663	  5591	  5260	  5577	
  5567	  5507	  5183	  5469	
  5505	  5441	  5147	  5416	
  5441	  5367	  5107	  5371	
  5379	  5303	  5069	  5322	
  5311	  5262	  5042	  5264	
  5270	  5210	  4994	  5198	
  5231	  5165	  4950	  5153	
  5171	  5124	  4913	  5107	
  5123	  5080	  4882	  5085	
  5098	  5039	  4874	  5059	
  5093	  5027	  4851	  5034	
  5048	  5022	  4841	  5001	
  5039	  4983	  4822	  4993	
  5040	  4990	  4844	  5009	
  5063	  5001	  4814	  4993	
  5059	  4986	  4837	  4990	
  5055	  5005	  4828	  5015	
  5071	  5027	  4849	  5042	
  5111	  5043	  4856	  5063	
  5152	  5088	  4885	  5100	
  5185	  5118	  4903	  5132	
  5211	  5164	  4957	  5168	
  5273	  5221	  4993	  5218	
  5317	  5242	  5039	  5276	
  5396	  5315	  5099	  5331	
  5464	  5381	  5131	  5403	
  5542	  5459	  5202	  5466	
  5623	  5521	  5261	  5528	
  5723	  5624	  5325	  5642	
  5814	  5695	  5391	  5723	
  5902	  5749	  5455	  5782	
  5989	  5870	  5538	  5893	
  6085	  5964	  5618	  5981	
  6206	  6050	  5708	  6092	
  6313	  6178	  5761	  6170	
  6428	  6274	  5845	  6297	
  6555	  6400	  5939	  6431	
  6644	  6477	  5999	  6486	
  6772	  6571	  6071	  6601	
  6921	  6689	  6157	  6745	
  7016	  6801	  6194	  6829	
  7173	  6946	  6293	  6982	
  7271	  7046	  6376	  7081	
  7582	  7301	  6523	  7312	
  7955	  7664	  6770	  7706	
  8668	  8368	  7249	  8391	
  9402	  9010	  7754	  9152	
