  2040	  2040	  2040	  2040	
 13037	 12481	 10210	 12589	
 10840	 10398	  8813	 10420	
  9183	  8897	  7749	  8891	
  8088	  7883	  7032	  7916	
  7267	  7119	  6391	  7112	
  6719	  6569	  6001	  6596	
  6348	  6204	  5755	  6226	
  6152	  6043	  5595	  6060	
  6053	  5931	  5585	  5950	
  5927	  5854	  5449	  5870	
  5819	  5746	  5405	  5766	
  5717	  5670	  5357	  5664	
  5649	  5574	  5308	  5606	
  5537	  5487	  5252	  5499	
  5489	  5404	  5200	  5455	
  5417	  5350	  5157	  5389	
  5339	  5300	  5129	  5324	
  5267	  5233	  5048	  5267	
  5231	  5190	  5012	  5232	
  5178	  5137	  4984	  5152	
  5144	  5098	  4926	  5112	
  5090	  5062	  4907	  5094	
  5063	  5033	  4879	  5059	
  5046	  5003	  4845	  5055	
  5025	  4997	  4848	  5036	
  5004	  4980	  4834	  5016	
  5012	  4971	  4796	  5005	
  5017	  4976	  4822	  4998	
  5006	  4975	  4841	  5023	
  5046	  5003	  4828	  5047	
  5074	  5013	  4862	  5046	
  5118	  5047	  4895	  5086	
  5132	  5075	  4926	  5117	
  5184	  5120	  4981	  5151	
  5233	  5158	  5000	  5218	
  5290	  5211	  5038	  5259	
  5352	  5268	  5069	  5313	
  5424	  5353	  5156	  5397	
  5499	  5412	  5194	  5444	
  5590	  5467	  5265	  5536	
  5652	  5547	  5323	  5604	
  5760	  5645	  5382	  5702	
  5856	  5716	  5464	  5763	
  5947	  5804	  5490	  5839	
  6062	  5919	  5572	  5924	
  6166	  5972	  5652	  6055	
  6282	  6079	  5706	  6129	
  6388	  6195	  5814	  6250	
  6525	  6312	  5889	  6364	
  6636	  6427	  5979	  6485	
  6764	  6502	  6004	  6580	
  6916	  6608	  6106	  6685	
  7035	  6728	  6185	  6815	
  7161	  6841	  6211	  6891	
  7297	  6970	  6340	  7061	
  7517	  7118	  6412	  7190	
  7964	  7491	  6654	  7586	
  8522	  7970	  7050	  8092	
  9555	  8897	  7679	  9164	
 10649	  9932	  8320	 10210	
 11606	 11013	  9331	 10990	
 10058	  9598	  8284	  9603	
  8617	  8336	  7350	  8302	
  7685	  7477	  6701	  7462	
  6990	  6803	  6198	  6801	
  6477	  6357	  5810	  6338	
  6196	  6055	  5629	  6076	
  6077	  5938	  5536	  5955	
  5958	  5840	  5466	  5852	
  5845	  5762	  5431	  5762	
  5743	  5633	  5333	  5650	
  5649	  5568	  5283	  5569	
  5570	  5482	  5226	  5494	
  5466	  5399	  5188	  5408	
  5390	  5319	  5120	  5346	
  5324	  5262	  5072	  5281	
  5234	  5186	  4990	  5200	
  5179	  5125	  4973	  5149	
  5124	  5079	  4933	  5102	
  5083	  5037	  4878	  5043	
  5029	  4982	  4844	  5006	
  4991	  4943	  4814	  4957	
  4951	  4913	  4795	  4938	
  4927	  4896	  4763	  4906	
  4930	  4878	  4750	  4895	
  4896	  4864	  4729	  4879	
  4897	  4874	  4748	  4877	
  4893	  4848	  4726	  4884	
  4902	  4851	  4735	  4884	
  4925	  4881	  4754	  4907	
  4947	  4903	  4767	  4924	
  4983	  4923	  4800	  4955	
  5029	  4972	  4832	  4995	
  5079	  5003	  4870	  5044	
  5119	  5049	  4898	  5085	
  5200	  5104	  4952	  5135	
  5243	  5158	  4997	  5197	
  5316	  5214	  5039	  5257	
  5402	  5284	  5098	  5332	
  5488	  5365	  5175	  5405	
  5562	  5434	  5231	  5493	
  5651	  5520	  5315	  5571	
  5744	  5596	  5363	  5639	
  5839	  5699	  5454	  5735	
  5970	  5789	  5518	  5840	
  6066	  5894	  5577	  5916	
  6194	  5991	  5654	  6035	
  6325	  6111	  5729	  6138	
  6445	  6213	  5817	  6273	
  6578	  6314	  5893	  6368	
  6703	  6418	  5966	  6480	
  6821	  6551	  6034	  6582	
  6949	  6641	  6126	  6710	
  7095	  6730	  6187	  6797	
  7241	  6889	  6243	  6946	
  7425	  7058	  6345	  7079	
  7727	  7256	  6504	  7359	
  8273	  7762	  6856	  7870	
  9007	  8423	  7292	  8541	
  9684	  9025	  7741	  9232	
 10394	  9966	  8570	  9883	
  9249	  8828	  7759	  8825	
  8070	  7819	  6958	  7770	
  7308	  7079	  6392	  7059	
  6656	  6476	  5969	  6477	
  6267	  6146	  5673	  6134	
  6095	  5964	  5563	  5953	
  5982	  5869	  5500	  5871	
  5867	  5764	  5413	  5764	
  5766	  5673	  5358	  5663	
  5660	  5573	  5301	  5568	
  5545	  5473	  5242	  5471	
  5462	  5394	  5173	  5393	
  5387	  5304	  5108	  5325	
  5291	  5241	  5046	  5246	
  5229	  5172	  4995	  5176	
  5148	  5089	  4942	  5095	
  5080	  5038	  4898	  5048	
  5029	  4973	  4849	  4988	
  4974	  4935	  4807	  4947	
  4925	  4881	  4772	  4908	
  4882	  4846	  4741	  4864	
  4858	  4808	  4712	  4831	
  4836	  4781	  4713	  4810	
  4812	  4769	  4693	  4789	
  4799	  4759	  4665	  4770	
  4805	  4754	  4666	  4780	
  4797	  4753	  4644	  4776	
  4805	  4743	  4663	  4771	
  4827	  4772	  4694	  4796	
  4852	  4798	  4702	  4825	
  4875	  4827	  4736	  4850	
  4926	  4852	  4771	  4893	
  4963	  4906	  4797	  4929	
  5028	  4949	  4843	  4982	
  5072	  4991	  4878	  5028	
  5151	  5054	  4943	  5090	
  5223	  5118	  4980	  5160	
  5300	  5197	  5034	  5231	
  5364	  5271	  5100	  5321	
  5466	  5349	  5177	  5387	
  5554	  5434	  5259	  5475	
  5661	  5509	  5304	  5569	
  5764	  5599	  5368	  5641	
  5859	  5705	  5447	  5741	
  5987	  5800	  5539	  5836	
  6106	  5916	  5589	  5946	
  6205	  6023	  5668	  6056	
  6363	  6143	  5757	  6199	
  6484	  6246	  5840	  6291	
  6625	  6360	  5894	  6408	
  6750	  6489	  5976	  6516	
  6880	  6583	  6062	  6622	
  7009	  6694	  6145	  6771	
  7193	  6833	  6239	  6888	
  7331	  6965	  6316	  7040	
  7525	  7117	  6406	  7183	
  7915	  7455	  6625	  7526	
  8496	  7991	  7039	  8081	
  8881	  8346	  7277	  8470	
  9545	  9093	  7970	  9021	
  8618	  8241	  7370	  8204	
  7661	  7401	  6682	  7369	
  6969	  6762	  6173	  6722	
  6420	  6246	  5792	  6230	
  6171	  6039	  5610	  6012	
  6037	  5910	  5547	  5887	
  5916	  5802	  5463	  5786	
  5817	  5703	  5409	  5694	
  5705	  5604	  5320	  5599	
  5594	  5491	  5253	  5495	
  5505	  5411	  5187	  5419	
  5395	  5320	  5133	  5329	
  5297	  5232	  5097	  5237	
  5228	  5171	  5010	  5168	
  5156	  5087	  4950	  5094	
  5079	  5021	  4910	  5034	
  5014	  4948	  4845	  4974	
  4954	  4901	  4794	  4923	
  4901	  4844	  4749	  4852	
  4857	  4796	  4716	  4829	
  4813	  4763	  4682	  4778	
  4765	  4734	  4651	  4745	
  4754	  4706	  4648	  4725	
  4732	  4692	  4629	  4699	
  4722	  4661	  4610	  4694	
  4711	  4664	  4603	  4687	
  4705	  4662	  4615	  4687	
  4722	  4666	  4612	  4691	
  4749	  4696	  4627	  4712	
  4773	  4713	  4646	  4738	
  4801	  4746	  4673	  4767	
  4854	  4786	  4705	  4811	
  4888	  4822	  4727	  4844	
  4938	  4870	  4785	  4894	
  5004	  4920	  4829	  4949	
  5063	  4980	  4883	  5006	
  5144	  5035	  4930	  5086	
  5216	  5126	  4998	  5164	
  5313	  5197	  5051	  5239	
  5394	  5277	  5116	  5316	
  5482	  5371	  5207	  5420	
  5588	  5452	  5269	  5489	
  5685	  5521	  5340	  5562	
  5793	  5639	  5409	  5677	
  5912	  5733	  5483	  5775	
  6025	  5847	  5561	  5880	
  6160	  5950	  5631	  6009	
  6295	  6090	  5726	  6117	
  6426	  6180	  5805	  6244	
  6556	  6300	  5886	  6343	
  6703	  6428	  5949	  6468	
  6876	  6533	  6074	  6583	
  6982	  6650	  6134	  6724	
  7139	  6805	  6245	  6853	
  7274	  6908	  6297	  6959	
  7452	  7042	  6390	  7097	
  7712	  7255	  6564	  7326	
  8226	  7704	  6882	  7812	
  8400	  7926	  7052	  8029	
  8990	  8579	  7609	  8471	
  8184	  7826	  7030	  7763	
  7359	  7100	  6402	  7034	
  6720	  6517	  5986	  6498	
  6280	  6123	  5673	  6103	
  6125	  5996	  5590	  5970	
  6004	  5875	  5502	  5859	
  5880	  5766	  5426	  5744	
  5765	  5670	  5350	  5641	
  5662	  5563	  5305	  5541	
  5542	  5451	  5213	  5440	
  5437	  5364	  5157	  5350	
  5366	  5286	  5088	  5288	
  5269	  5198	  5024	  5194	
  5174	  5113	  4970	  5120	
  5089	  5043	  4909	  5039	
  5015	  4969	  4834	  4983	
  4948	  4899	  4807	  4908	
  4889	  4829	  4743	  4856	
  4847	  4787	  4714	  4793	
  4796	  4748	  4658	  4745	
  4753	  4693	  4632	  4722	
  4717	  4664	  4615	  4684	
  4678	  4639	  4578	  4643	
  4669	  4606	  4570	  4635	
  4650	  4606	  4561	  4623	
  4660	  4599	  4549	  4612	
  4650	  4593	  4554	  4609	
  4660	  4597	  4564	  4621	
  4679	  4625	  4575	  4644	
  4704	  4643	  4599	  4661	
  4738	  4680	  4628	  4702	
  4783	  4702	  4648	  4737	
  4825	  4745	  4692	  4781	
  4888	  4799	  4726	  4831	
  4927	  4861	  4765	  4882	
  5006	  4914	  4825	  4948	
  5080	  4982	  4878	  5015	
  5153	  5066	  4947	  5096	
  5246	  5137	  4989	  5169	
  5337	  5219	  5073	  5254	
  5438	  5311	  5147	  5350	
  5542	  5397	  5210	  5438	
  5641	  5489	  5307	  5513	
  5757	  5583	  5342	  5645	
  5874	  5696	  5449	  5736	
  5994	  5805	  5543	  5833	
  6109	  5901	  5591	  5954	
  6256	  6042	  5687	  6067	
  6395	  6156	  5791	  6188	
  6523	  6264	  5858	  6313	
  6673	  6403	  5967	  6446	
  6803	  6518	  6064	  6559	
  6971	  6613	  6112	  6670	
  7135	  6766	  6218	  6826	
  7245	  6900	  6300	  6948	
  7394	  6998	  6400	  7049	
  7552	  7141	  6471	  7223	
  7970	  7515	  6751	  7591	
  8169	  7716	  6895	  7786	
  8487	  8023	  7230	  8005	
  7816	  7481	  6767	  7412	
  7065	  6808	  6233	  6763	
  6525	  6332	  5838	  6313	
  6232	  6066	  5629	  6048	
  6069	  5920	  5521	  5908	
  5959	  5824	  5466	  5804	
  5849	  5726	  5373	  5708	
  5713	  5608	  5299	  5590	
  5617	  5500	  5250	  5493	
  5491	  5406	  5176	  5390	
  5393	  5309	  5113	  5312	
  5301	  5227	  5030	  5216	
  5210	  5144	  4986	  5136	
  5127	  5054	  4909	  5054	
  5042	  4977	  4854	  4985	
  4971	  4893	  4792	  4908	
  4890	  4845	  4740	  4838	
  4825	  4773	  4678	  4781	
  4774	  4721	  4646	  4717	
  4714	  4670	  4615	  4684	
  4684	  4628	  4572	  4640	
  4645	  4587	  4550	  4607	
  4612	  4569	  4534	  4580	
  4597	  4552	  4506	  4553	
  4582	  4535	  4490	  4542	
  4582	  4522	  4488	  4547	
  4594	  4543	  4484	  4533	
  4598	  4536	  4499	  4551	
  4624	  4546	  4513	  4573	
  4639	  4571	  4539	  4592	
  4684	  4606	  4549	  4625	
  4719	  4634	  4588	  4664	
  4756	  4676	  4640	  4698	
  4822	  4732	  4675	  4753	
  4877	  4786	  4708	  4805	
  4942	  4841	  4771	  4869	
  5021	  4918	  4817	  4952	
  5102	  4994	  4873	  5038	
  5188	  5060	  4936	  5096	
  5272	  5163	  4996	  5176	
  5374	  5255	  5083	  5280	
  5469	  5346	  5166	  5351	
  5568	  5430	  5243	  5441	
  5683	  5528	  5302	  5567	
  5825	  5623	  5368	  5669	
  5935	  5744	  5466	  5776	
  6059	  5843	  5537	  5891	
  6209	  5993	  5646	  6020	
  6352	  6115	  5745	  6142	
  6496	  6226	  5823	  6280	
  6640	  6367	  5904	  6400	
  6772	  6494	  6017	  6520	
  6903	  6601	  6112	  6646	
  7064	  6727	  6202	  6768	
  7235	  6853	  6271	  6890	
  7368	  6979	  6375	  7038	
  7503	  7102	  6472	  7153	
  7789	  7336	  6636	  7381	
  7981	  7511	  6766	  7583	
  8060	  7670	  6947	  7621	
  7480	  7154	  6515	  7113	
  6834	  6568	  5983	  6531	
  6351	  6158	  5686	  6149	
  6134	  5986	  5605	  5953	
  5997	  5872	  5473	  5847	
  5886	  5752	  5382	  5733	
  5764	  5653	  5327	  5641	
  5642	  5534	  5260	  5524	
  5550	  5436	  5172	  5433	
  5411	  5339	  5105	  5329	
  5324	  5234	  5064	  5226	
  5217	  5139	  4969	  5132	
  5124	  5055	  4895	  5049	
  5040	  4966	  4830	  4966	
  4953	  4901	  4782	  4890	
  4872	  4815	  4717	  4821	
  4811	  4751	  4645	  4760	
  4745	  4691	  4595	  4703	
  4689	  4644	  4568	  4653	
  4633	  4589	  4525	  4589	
  4605	  4551	  4502	  4559	
  4553	  4515	  4474	  4521	
  4533	  4489	  4455	  4505	
  4518	  4469	  4445	  4470	
  4500	  4456	  4417	  4468	
  4498	  4447	  4417	  4454	
  4498	  4441	  4430	  4460	
  4510	  4446	  4421	  4468	
  4520	  4466	  4452	  4466	
  4555	  4487	  4457	  4510	
  4584	  4527	  4492	  4543	
  4629	  4552	  4507	  4572	
  4676	  4595	  4553	  4612	
  4726	  4644	  4589	  4671	
  4784	  4701	  4630	  4714	
  4850	  4766	  4678	  4775	
  4920	  4829	  4726	  4865	
  5013	  4911	  4798	  4931	
  5098	  4989	  4858	  5017	
  5182	  5078	  4938	  5094	
  5290	  5168	  4995	  5200	
  5384	  5247	  5077	  5295	
  5489	  5357	  5150	  5371	
  5603	  5453	  5239	  5480	
  5734	  5557	  5323	  5601	
  5862	  5673	  5404	  5710	
  5978	  5782	  5487	  5822	
  6116	  5925	  5589	  5948	
  6267	  6039	  5669	  6075	
  6405	  6177	  5776	  6213	
  6566	  6294	  5852	  6353	
  6689	  6431	  5947	  6445	
  6830	  6545	  6037	  6584	
  7007	  6662	  6164	  6726	
  7148	  6826	  6245	  6862	
  7311	  6937	  6337	  6976	
  7452	  7086	  6442	  7139	
  7611	  7204	  6537	  7259	
  7781	  7317	  6608	  7376	
  7714	  7355	  6661	  7280	
  7218	  6901	  6278	  6840	
  6595	  6363	  5853	  6325	
  6218	  6067	  5620	  6015	
  6018	  5906	  5495	  5869	
  5906	  5794	  5420	  5763	
  5807	  5671	  5336	  5656	
  5662	  5560	  5264	  5545	
  5557	  5470	  5182	  5445	
  5443	  5362	  5128	  5355	
  5321	  5247	  5029	  5230	
  5223	  5168	  4967	  5148	
  5133	  5075	  4900	  5063	
  5037	  4960	  4805	  4964	
  4941	  4881	  4748	  4884	
  4862	  4810	  4702	  4813	
  4785	  4739	  4639	  4751	
  4714	  4658	  4581	  4671	
  4644	  4605	  4533	  4614	
  4595	  4555	  4485	  4555	
  4544	  4488	  4456	  4505	
  4500	  4458	  4426	  4475	
  4461	  4424	  4393	  4427	
  4441	  4394	  4374	  4419	
  4421	  4379	  4361	  4395	
  4405	  4358	  4339	  4378	
  4406	  4356	  4342	  4374	
  4399	  4354	  4335	  4377	
  4413	  4360	  4348	  4385	
  4431	  4381	  4354	  4400	
  4456	  4399	  4376	  4428	
  4493	  4437	  4414	  4452	
  4529	  4470	  4442	  4486	
  4571	  4515	  4472	  4526	
  4619	  4549	  4497	  4568	
  4679	  4603	  4549	  4632	
  4749	  4665	  4601	  4690	
  4826	  4748	  4654	  4771	
  4908	  4820	  4716	  4845	
  4998	  4894	  4774	  4918	
  5082	  4976	  4833	  5005	
  5190	  5085	  4938	  5107	
  5289	  5168	  4994	  5197	
  5386	  5256	  5063	  5283	
  5505	  5376	  5151	  5393	
  5635	  5486	  5248	  5516	
  5771	  5604	  5337	  5626	
  5901	  5709	  5435	  5739	
  6043	  5846	  5543	  5865	
  6170	  5965	  5622	  5998	
  6314	  6086	  5717	  6139	
  6456	  6230	  5799	  6258	
  6624	  6370	  5903	  6401	
  6758	  6496	  5998	  6522	
  6933	  6614	  6106	  6664	
  7051	  6725	  6207	  6766	
  7228	  6885	  6282	  6913	
  7380	  7004	  6379	  7053	
  7485	  7126	  6496	  7181	
  7522	  7162	  6488	  7223	
  7430	  7064	  6441	  7025	
  6905	  6614	  6067	  6572	
  6370	  6160	  5712	  6142	
  6095	  5949	  5541	  5917	
  5937	  5821	  5448	  5792	
  5789	  5700	  5351	  5678	
  5681	  5589	  5253	  5563	
  5573	  5481	  5192	  5465	
  5448	  5376	  5106	  5350	
  5332	  5271	  5034	  5251	
  5226	  5161	  4948	  5144	
  5133	  5071	  4883	  5062	
  5025	  4977	  4804	  4968	
  4931	  4880	  4755	  4876	
  4842	  4790	  4682	  4793	
  4757	  4716	  4612	  4706	
  4680	  4639	  4532	  4638	
  4608	  4580	  4488	  4571	
  4542	  4503	  4448	  4508	
  4490	  4450	  4406	  4460	
  4435	  4404	  4362	  4416	
  4394	  4366	  4340	  4376	
  4365	  4334	  4308	  4342	
  4339	  4309	  4298	  4319	
  4314	  4283	  4285	  4300	
  4301	  4289	  4273	  4289	
  4309	  4279	  4263	  4286	
  4310	  4282	  4273	  4284	
  4321	  4277	  4274	  4292	
  4341	  4295	  4282	  4310	
  4369	  4320	  4312	  4338	
  4396	  4352	  4331	  4374	
  4437	  4383	  4360	  4402	
  4471	  4421	  4392	  4442	
  4517	  4457	  4431	  4486	
  4582	  4526	  4468	  4544	
  4655	  4576	  4492	  4603	
  4720	  4630	  4549	  4660	
  4805	  4716	  4635	  4743	
  4898	  4805	  4694	  4819	
  4975	  4884	  4758	  4906	
  5081	  4987	  4831	  4990	
  5177	  5073	  4902	  5095	
  5288	  5179	  4992	  5199	
  5402	  5281	  5093	  5301	
  5517	  5391	  5169	  5426	
  5661	  5511	  5242	  5531	
  5791	  5610	  5351	  5643	
  5937	  5758	  5459	  5785	
  6065	  5877	  5536	  5905	
  6207	  6007	  5633	  6046	
  6367	  6140	  5740	  6177	
  6492	  6274	  5846	  6285	
  6646	  6402	  5947	  6419	
  6789	  6549	  6039	  6563	
  6959	  6674	  6167	  6708	
  7098	  6800	  6237	  6825	
  7225	  6915	  6320	  6945	
  7381	  7066	  6412	  7105	
  7410	  7075	  6412	  7105	
  7113	  6854	  6262	  6752	
  6699	  6419	  5922	  6362	
  6222	  6052	  5602	  6012	
  5994	  5854	  5464	  5828	
  5838	  5742	  5384	  5710	
  5718	  5634	  5292	  5604	
  5595	  5517	  5213	  5486	
  5486	  5407	  5134	  5386	
  5370	  5298	  5041	  5279	
  5259	  5203	  4980	  5173	
  5134	  5083	  4893	  5075	
  5037	  4996	  4814	  4978	
  4941	  4898	  4748	  4887	
  4845	  4811	  4676	  4802	
  4771	  4733	  4621	  4729	
  4675	  4642	  4545	  4638	
  4588	  4561	  4495	  4552	
  4529	  4498	  4421	  4505	
  4469	  4436	  4390	  4436	
  4408	  4380	  4350	  4368	
  4357	  4332	  4312	  4345	
  4307	  4290	  4260	  4304	
  4270	  4259	  4241	  4264	
  4257	  4237	  4234	  4238	
  4229	  4224	  4223	  4222	
  4233	  4201	  4203	  4219	
  4223	  4217	  4213	  4217	
  4229	  4218	  4214	  4219	
  4257	  4223	  4227	  4242	
  4270	  4238	  4248	  4254	
  4294	  4265	  4269	  4275	
  4322	  4295	  4296	  4308	
  4360	  4318	  4313	  4329	
  4399	  4359	  4336	  4375	
  4451	  4393	  4355	  4408	
  4490	  4449	  4405	  4452	
  4552	  4506	  4451	  4516	
  4627	  4570	  4494	  4586	
  4705	  4647	  4545	  4647	
  4787	  4720	  4617	  4734	
  4888	  4799	  4680	  4816	
  4991	  4906	  4764	  4929	
  5095	  4992	  4849	  5015	
  5204	  5099	  4933	  5113	
  5310	  5216	  5014	  5226	
  5439	  5314	  5106	  5339	
  5559	  5429	  5210	  5468	
  5695	  5551	  5300	  5581	
  5840	  5680	  5408	  5705	
  5982	  5793	  5488	  5842	
  6111	  5929	  5579	  5959	
  6280	  6069	  5696	  6103	
  6409	  6190	  5800	  6233	
  6560	  6316	  5880	  6351	
  6713	  6458	  6007	  6505	
  6869	  6607	  6126	  6630	
  7009	  6713	  6186	  6764	
  7128	  6840	  6282	  6877	
  7277	  6971	  6355	  7006	
  7275	  7001	  6388	  6997	
  6958	  6653	  6155	  6604	
  6565	  6283	  5834	  6235	
  6153	  5971	  5558	  5934	
  5955	  5819	  5443	  5792	
  5778	  5681	  5339	  5651	
  5670	  5597	  5267	  5559	
  5549	  5480	  5207	  5448	
  5429	  5349	  5107	  5328	
  5321	  5264	  5033	  5238	
  5198	  5152	  4965	  5124	
  5089	  5026	  4855	  5011	
  4995	  4950	  4796	  4925	
  4898	  4845	  4719	  4845	
  4790	  4749	  4646	  4745	
  4697	  4674	  4571	  4662	
  4614	  4596	  4519	  4586	
  4540	  4515	  4464	  4511	
  4467	  4450	  4412	  4434	
  4401	  4386	  4342	  4371	
  4338	  4331	  4303	  4315	
  4295	  4285	  4263	  4280	
  4256	  4240	  4239	  4247	
  4218	  4206	  4211	  4211	
  4199	  4190	  4193	  4198	
  4189	  4173	  4190	  4177	
  4181	  4164	  4175	  4175	
  4196	  4172	  4187	  4179	
  4191	  4186	  4189	  4199	
  4218	  4201	  4217	  4214	
  4239	  4208	  4216	  4223	
  4252	  4236	  4241	  4239	
  4292	  4267	  4270	  4274	
  4325	  4283	  4290	  4306	
  4355	  4326	  4318	  4345	
  4398	  4346	  4330	  4379	
  4439	  4397	  4375	  4417	
  4500	  4449	  4422	  4465	
  4570	  4515	  4460	  4528	
  4655	  4584	  4529	  4599	
  4733	  4656	  4580	  4677	
  4831	  4740	  4656	  4764	
  4928	  4847	  4728	  4865	
  5037	  4933	  4822	  4955	
  5145	  5038	  4900	  5043	
  5260	  5154	  5002	  5167	
  5389	  5264	  5080	  5284	
  5491	  5369	  5169	  5388	
  5648	  5498	  5267	  5523	
  5787	  5623	  5386	  5638	
  5920	  5754	  5485	  5778	
  6061	  5885	  5576	  5910	
  6230	  6019	  5687	  6052	
  6346	  6161	  5780	  6183	
  6510	  6280	  5864	  6307	
  6675	  6432	  5988	  6465	
  6813	  6583	  6094	  6608	
  6953	  6708	  6188	  6714	
  7102	  6832	  6277	  6873	
  7214	  6941	  6381	  6977	
  7225	  6946	  6382	  6986	
  6819	  6518	  6060	  6423	
  6448	  6194	  5743	  6123	
  6103	  5944	  5544	  5893	
  5938	  5801	  5430	  5772	
  5778	  5671	  5342	  5649	
  5650	  5563	  5258	  5523	
  5528	  5448	  5186	  5406	
  5419	  5345	  5114	  5320	
  5307	  5238	  5024	  5222	
  5195	  5127	  4961	  5103	
  5082	  5016	  4865	  4993	
  4969	  4919	  4805	  4913	
  4864	  4826	  4715	  4816	
  4773	  4733	  4631	  4705	
  4675	  4641	  4582	  4641	
  4595	  4564	  4505	  4560	
  4522	  4480	  4435	  4484	
  4449	  4420	  4403	  4417	
  4372	  4366	  4344	  4353	
  4324	  4309	  4305	  4297	
  4266	  4245	  4247	  4250	
  4231	  4223	  4237	  4213	
  4202	  4176	  4205	  4189	
  4173	  4159	  4186	  4162	
  4173	  4144	  4188	  4147	
  4170	  4149	  4180	  4164	
  4178	  4164	  4206	  4170	
  4192	  4187	  4216	  4183	
  4199	  4185	  4219	  4200	
  4237	  4208	  4229	  4218	
  4246	  4223	  4251	  4235	
  4278	  4253	  4265	  4261	
  4313	  4279	  4304	  4301	
  4349	  4316	  4328	  4319	
  4393	  4366	  4347	  4358	
  4447	  4387	  4375	  4393	
  4481	  4427	  4423	  4442	
  4548	  4494	  4454	  4501	
  4618	  4559	  4509	  4563	
  4706	  4628	  4573	  4653	
  4799	  4707	  4637	  4726	
  4895	  4817	  4727	  4833	
  5008	  4898	  4818	  4928	
  5120	  5002	  4895	  5022	
  5236	  5114	  4975	  5142	
  5357	  5228	  5065	  5255	
  5498	  5349	  5167	  5379	
  5625	  5480	  5259	  5513	
  5766	  5599	  5361	  5609	
  5907	  5740	  5491	  5741	
  6051	  5866	  5598	  5883	
  6186	  6010	  5682	  6030	
  6338	  6130	  5791	  6174	
  6490	  6289	  5889	  6296	
  6656	  6450	  5985	  6458	
  6801	  6558	  6077	  6597	
  6940	  6697	  6219	  6706	
  7092	  6815	  6281	  6823	
  7222	  6975	  6364	  6977	
  7201	  6967	  6379	  6955	
  6758	  6418	  5959	  6374	
  6431	  6145	  5762	  6097	
  6128	  5925	  5548	  5889	
  5946	  5812	  5448	  5763	
  5777	  5669	  5342	  5632	
  5673	  5570	  5284	  5537	
  5553	  5459	  5193	  5427	
  5413	  5330	  5108	  5308	
  5318	  5239	  5063	  5220	
  5191	  5133	  4949	  5108	
  5082	  5016	  4877	  4990	
  4977	  4921	  4805	  4889	
  4873	  4827	  4724	  4799	
  4758	  4725	  4620	  4706	
  4673	  4631	  4578	  4618	
  4596	  4559	  4495	  4543	
  4516	  4480	  4450	  4480	
  4444	  4407	  4388	  4402	
  4383	  4349	  4340	  4339	
  4320	  4285	  4288	  4291	
  4272	  4240	  4251	  4251	
  4226	  4199	  4221	  4199	
  4195	  4173	  4196	  4172	
  4178	  4155	  4178	  4163	
  4172	  4154	  4189	  4165	
  4182	  4166	  4207	  4163	
  4190	  4173	  4194	  4180	
  4195	  4183	  4203	  4179	
  4211	  4192	  4213	  4208	
  4237	  4214	  4229	  4221	
  4261	  4236	  4240	  4244	
  4289	  4259	  4276	  4261	
  4322	  4294	  4295	  4295	
  4360	  4313	  4326	  4324	
  4407	  4352	  4362	  4370	
  4456	  4388	  4386	  4401	
  4489	  4437	  4418	  4441	
  4551	  4476	  4464	  4500	
  4627	  4537	  4496	  4552	
  4710	  4626	  4560	  4650	
  4798	  4708	  4642	  4724	
  4902	  4816	  4735	  4820	
  5002	  4896	  4800	  4915	
  5116	  4995	  4893	  5018	
  5239	  5107	  4980	  5129	
  5360	  5214	  5074	  5246	
  5490	  5350	  5187	  5357	
  5623	  5477	  5293	  5485	
  5777	  5592	  5413	  5629	
  5909	  5732	  5497	  5762	
  6048	  5871	  5598	  5890	
  6193	  6019	  5693	  6027	
  6361	  6152	  5803	  6165	
  6508	  6293	  5928	  6315	
  6678	  6432	  6019	  6461	
  6798	  6562	  6087	  6588	
  6964	  6704	  6198	  6729	
  7100	  6832	  6288	  6847	
  7243	  6960	  6393	  6985	
  7244	  6977	  6407	  6990	
  6718	  6376	  5961	  6302	
  6427	  6117	  5734	  6064	
  6142	  5927	  5569	  5876	
  5973	  5816	  5459	  5789	
  5807	  5698	  5349	  5638	
  5686	  5585	  5267	  5533	
  5575	  5460	  5186	  5438	
  5434	  5340	  5109	  5312	
  5330	  5232	  5047	  5216	
  5212	  5132	  4949	  5099	
  5092	  5000	  4873	  4991	
  4988	  4922	  4797	  4897	
  4893	  4825	  4726	  4807	
  4777	  4728	  4648	  4707	
  4699	  4636	  4566	  4631	
  4609	  4556	  4491	  4543	
  4522	  4482	  4431	  4469	
  4440	  4405	  4374	  4391	
  4379	  4338	  4323	  4330	
  4312	  4291	  4288	  4282	
  4272	  4238	  4254	  4231	
  4235	  4198	  4212	  4198	
  4212	  4174	  4203	  4173	
  4181	  4161	  4178	  4161	
  4206	  4168	  4191	  4174	
  4189	  4163	  4194	  4175	
  4218	  4174	  4197	  4190	
  4222	  4184	  4200	  4203	
  4230	  4197	  4234	  4212	
  4254	  4219	  4241	  4240	
  4279	  4242	  4249	  4248	
  4315	  4259	  4277	  4270	
  4343	  4287	  4313	  4302	
  4380	  4332	  4347	  4334	
  4422	  4355	  4369	  4375	
  4470	  4402	  4411	  4418	
  4517	  4442	  4433	  4451	
  4568	  4478	  4472	  4500	
  4637	  4544	  4509	  4566	
  4715	  4631	  4565	  4625	
  4800	  4706	  4623	  4726	
  4906	  4810	  4711	  4816	
  5014	  4897	  4811	  4906	
  5130	  5003	  4890	  5013	
  5239	  5111	  5004	  5125	
  5373	  5226	  5066	  5240	
  5500	  5348	  5190	  5370	
  5636	  5485	  5286	  5500	
  5777	  5612	  5414	  5623	
  5930	  5754	  5524	  5753	
  6053	  5870	  5615	  5896	
  6214	  6020	  5710	  6022	
  6378	  6149	  5810	  6178	
  6519	  6305	  5931	  6313	
  6686	  6459	  6032	  6459	
  6818	  6571	  6105	  6585	
  7002	  6718	  6185	  6732	
  7110	  6841	  6274	  6865	
  7267	  6984	  6396	  7001	
  7283	  6988	  6434	  6999	
  6681	  6330	  5891	  6264	
  6375	  6083	  5698	  6016	
  6136	  5937	  5543	  5878	
  5949	  5806	  5424	  5763	
  5796	  5681	  5343	  5634	
  5672	  5566	  5242	  5533	
  5554	  5448	  5166	  5402	
  5433	  5334	  5106	  5310	
  5328	  5230	  5013	  5205	
  5218	  5134	  4934	  5104	
  5090	  5005	  4862	  4994	
  4987	  4916	  4766	  4890	
  4880	  4829	  4688	  4798	
  4785	  4705	  4628	  4701	
  4683	  4626	  4555	  4610	
  4595	  4551	  4495	  4540	
  4520	  4475	  4418	  4468	
  4438	  4404	  4368	  4385	
  4373	  4331	  4312	  4318	
  4321	  4270	  4274	  4277	
  4254	  4227	  4235	  4221	
  4223	  4190	  4199	  4192	
  4197	  4169	  4187	  4174	
  4192	  4164	  4177	  4164	
  4206	  4155	  4177	  4172	
  4192	  4164	  4186	  4174	
  4204	  4175	  4198	  4172	
  4216	  4180	  4200	  4197	
  4234	  4190	  4215	  4209	
  4250	  4215	  4225	  4219	
  4270	  4227	  4242	  4235	
  4309	  4260	  4265	  4267	
  4341	  4281	  4305	  4295	
  4369	  4312	  4327	  4320	
  4423	  4356	  4360	  4367	
  4477	  4398	  4383	  4406	
  4517	  4437	  4427	  4451	
  4562	  4484	  4462	  4500	
  4630	  4538	  4505	  4549	
  4711	  4605	  4556	  4629	
  4800	  4692	  4634	  4697	
  4903	  4779	  4690	  4802	
  5012	  4884	  4793	  4903	
  5124	  4979	  4886	  5008	
  5239	  5098	  4959	  5114	
  5377	  5218	  5063	  5244	
  5488	  5327	  5187	  5352	
  5627	  5476	  5277	  5479	
  5785	  5601	  5388	  5626	
  5927	  5715	  5500	  5754	
  6072	  5882	  5576	  5882	
  6220	  6008	  5698	  6021	
  6373	  6149	  5811	  6165	
  6538	  6298	  5901	  6319	
  6710	  6471	  6031	  6469	
  6842	  6583	  6091	  6604	
  6992	  6714	  6220	  6733	
  7137	  6851	  6276	  6869	
  7270	  6995	  6389	  6995	
  7249	  6973	  6375	  6965	
  6610	  6286	  5841	  6238	
  6345	  6047	  5650	  5997	
  6090	  5891	  5520	  5839	
  5932	  5771	  5410	  5750	
  5771	  5660	  5310	  5631	
  5657	  5540	  5234	  5514	
  5543	  5433	  5169	  5401	
  5420	  5326	  5088	  5297	
  5289	  5211	  4988	  5174	
  5173	  5099	  4921	  5070	
  5053	  4987	  4818	  4963	
  4946	  4899	  4757	  4868	
  4854	  4807	  4677	  4773	
  4749	  4699	  4597	  4677	
  4657	  4613	  4520	  4587	
  4568	  4528	  4450	  4502	
  4483	  4451	  4398	  4444	
  4409	  4378	  4335	  4369	
  4344	  4309	  4289	  4304	
  4281	  4247	  4244	  4245	
  4234	  4209	  4197	  4209	
  4201	  4185	  4171	  4169	
  4171	  4154	  4156	  4147	
  4165	  4153	  4147	  4148	
  4178	  4154	  4163	  4147	
  4179	  4150	  4161	  4159	
  4189	  4163	  4168	  4154	
  4199	  4165	  4175	  4169	
  4207	  4181	  4178	  4191	
  4230	  4192	  4196	  4205	
  4249	  4217	  4230	  4220	
  4278	  4237	  4241	  4236	
  4325	  4263	  4272	  4273	
  4356	  4288	  4294	  4322	
  4408	  4336	  4326	  4351	
  4446	  4386	  4371	  4388	
  4501	  4426	  4394	  4429	
  4544	  4475	  4441	  4481	
  4600	  4519	  4475	  4543	
  4684	  4582	  4523	  4599	
  4771	  4658	  4587	  4671	
  4871	  4765	  4671	  4778	
  4969	  4861	  4756	  4871	
  5087	  4957	  4839	  4984	
  5218	  5076	  4951	  5096	
  5329	  5196	  5063	  5208	
  5472	  5322	  5163	  5326	
  5601	  5445	  5251	  5459	
  5752	  5579	  5363	  5586	
  5895	  5711	  5448	  5731	
  6042	  5852	  5570	  5861	
  6181	  5991	  5687	  5996	
  6321	  6129	  5772	  6148	
  6483	  6260	  5892	  6270	
  6653	  6413	  5994	  6447	
  6811	  6567	  6082	  6596	
  6964	  6695	  6161	  6709	
  7080	  6820	  6254	  6832	
  7222	  6959	  6362	  6980	
  7233	  6964	  6348	  7003	
  6565	  6247	  5822	  6156	
  6276	  6001	  5590	  5954	
  6056	  5856	  5457	  5829	
  5891	  5745	  5376	  5704	
  5744	  5633	  5288	  5576	
  5616	  5510	  5202	  5468	
  5502	  5397	  5117	  5367	
  5377	  5304	  5049	  5251	
  5259	  5184	  4965	  5145	
  5142	  5071	  4884	  5047	
  5017	  4952	  4791	  4935	
  4929	  4866	  4716	  4845	
  4816	  4766	  4639	  4742	
  4706	  4670	  4560	  4642	
  4617	  4576	  4509	  4565	
  4537	  4501	  4433	  4484	
  4446	  4414	  4359	  4405	
  4382	  4357	  4318	  4347	
  4318	  4286	  4269	  4272	
  4247	  4237	  4216	  4221	
  4199	  4182	  4176	  4176	
  4160	  4155	  4142	  4144	
  4144	  4128	  4129	  4127	
  4142	  4129	  4134	  4120	
  4145	  4130	  4134	  4121	
  4150	  4131	  4138	  4131	
  4163	  4134	  4147	  4146	
  4174	  4146	  4156	  4156	
  4184	  4150	  4171	  4160	
  4202	  4167	  4163	  4169	
  4222	  4188	  4191	  4191	
  4253	  4216	  4213	  4230	
  4286	  4253	  4255	  4257	
  4320	  4273	  4269	  4292	
  4370	  4309	  4310	  4326	
  4411	  4368	  4352	  4365	
  4461	  4405	  4379	  4406	
  4512	  4443	  4405	  4457	
  4574	  4492	  4463	  4505	
  4653	  4549	  4511	  4567	
  4715	  4635	  4557	  4639	
  4837	  4732	  4655	  4747	
  4933	  4824	  4738	  4842	
  5054	  4936	  4829	  4946	
  5175	  5042	  4939	  5057	
  5298	  5166	  5020	  5176	
  5436	  5286	  5134	  5304	
  5566	  5412	  5250	  5443	
  5721	  5550	  5340	  5562	
  5833	  5669	  5439	  5684	
  5993	  5811	  5535	  5817	
  6138	  5962	  5639	  5971	
  6286	  6085	  5733	  6119	
  6438	  6233	  5837	  6242	
  6605	  6388	  5941	  6416	
  6749	  6512	  6038	  6554	
  6899	  6641	  6143	  6657	
  7051	  6776	  6223	  6788	
  7149	  6903	  6329	  6927	
  7144	  6929	  6360	  6936	
  6489	  6199	  5778	  6140	
  6233	  5955	  5548	  5918	
  6011	  5812	  5446	  5784	
  5854	  5698	  5344	  5677	
  5695	  5606	  5269	  5557	
  5575	  5496	  5177	  5457	
  5459	  5371	  5102	  5358	
  5339	  5269	  5015	  5226	
  5220	  5162	  4918	  5118	
  5104	  5039	  4849	  5023	
  4991	  4938	  4780	  4903	
  4893	  4839	  4697	  4807	
  4783	  4752	  4631	  4718	
  4677	  4640	  4531	  4631	
  4594	  4551	  4468	  4535	
  4501	  4476	  4424	  4458	
  4422	  4390	  4347	  4392	
  4347	  4327	  4294	  4322	
  4277	  4271	  4252	  4249	
  4228	  4215	  4190	  4201	
  4167	  4155	  4156	  4159	
  4133	  4128	  4117	  4122	
  4119	  4104	  4113	  4102	
  4111	  4109	  4118	  4110	
  4113	  4103	  4113	  4112	
  4121	  4108	  4108	  4112	
  4131	  4116	  4132	  4116	
  4139	  4127	  4128	  4121	
  4148	  4132	  4146	  4133	
  4176	  4146	  4155	  4165	
  4183	  4163	  4172	  4174	
  4226	  4193	  4192	  4201	
  4253	  4223	  4229	  4233	
  4295	  4265	  4243	  4264	
  4333	  4303	  4285	  4307	
  4381	  4330	  4330	  4344	
  4428	  4375	  4359	  4383	
  4488	  4416	  4383	  4437	
  4537	  4467	  4419	  4482	
  4600	  4535	  4484	  4544	
  4705	  4611	  4542	  4627	
  4794	  4701	  4633	  4717	
  4909	  4794	  4698	  4812	
  5015	  4903	  4800	  4915	
  5135	  5021	  4883	  5040	
  5247	  5127	  4990	  5144	
  5400	  5244	  5084	  5267	
  5522	  5380	  5207	  5396	
  5662	  5518	  5308	  5538	
  5803	  5651	  5418	  5658	
  5946	  5783	  5508	  5793	
  6104	  5922	  5623	  5943	
  6234	  6065	  5706	  6070	
  6388	  6202	  5797	  6215	
  6558	  6346	  5898	  6368	
  6700	  6495	  6017	  6508	
  6853	  6619	  6076	  6628	
  7009	  6761	  6223	  6784	
  7135	  6861	  6280	  6900	
  7121	  6906	  6292	  6924	
  6500	  6198	  5775	  6120	
  6219	  5956	  5539	  5904	
  5986	  5818	  5448	  5757	
  5832	  5717	  5361	  5663	
  5682	  5595	  5274	  5555	
  5560	  5470	  5194	  5433	
  5433	  5352	  5099	  5321	
  5329	  5255	  5005	  5227	
  5197	  5152	  4926	  5115	
  5080	  5039	  4853	  5011	
  4971	  4926	  4777	  4889	
  4869	  4814	  4678	  4801	
  4764	  4737	  4615	  4707	
  4663	  4634	  4534	  4610	
  4565	  4555	  4472	  4526	
  4490	  4471	  4420	  4451	
  4410	  4392	  4328	  4378	
  4336	  4323	  4269	  4321	
  4272	  4254	  4227	  4256	
  4213	  4202	  4183	  4200	
  4154	  4157	  4148	  4149	
  4121	  4126	  4122	  4119	
  4097	  4100	  4107	  4096	
  4104	  4097	  4096	  4100	
  4096	  4096	  4108	  4103	
  4105	  4101	  4123	  4096	
  4108	  4101	  4123	  4107	
  4125	  4110	  4118	  4117	
  4136	  4127	  4131	  4127	
  4160	  4140	  4147	  4152	
  4175	  4159	  4168	  4166	
  4217	  4191	  4190	  4192	
  4240	  4218	  4205	  4226	
  4284	  4254	  4252	  4253	
  4338	  4289	  4281	  4299	
  4370	  4332	  4331	  4345	
  4422	  4366	  4351	  4384	
  4462	  4410	  4391	  4420	
  4527	  4454	  4417	  4470	
  4599	  4517	  4481	  4537	
  4683	  4608	  4562	  4610	
  4776	  4699	  4625	  4711	
  4887	  4788	  4712	  4807	
  4995	  4900	  4806	  4915	
  5129	  5018	  4897	  5021	
  5247	  5127	  5006	  5126	
  5382	  5254	  5085	  5259	
  5503	  5377	  5185	  5380	
  5641	  5501	  5317	  5516	
  5782	  5629	  5394	  5654	
  5932	  5762	  5500	  5786	
  6057	  5916	  5592	  5922	
  6221	  6044	  5679	  6051	
  6365	  6190	  5799	  6199	
  6547	  6342	  5912	  6355	
  6685	  6485	  5998	  6497	
  6823	  6607	  6112	  6629	
  6959	  6746	  6179	  6751	
  7103	  6850	  6269	  6900	
  7106	  6865	  6259	  6918	
  6519	  6234	  5785	  6139	
  6228	  5981	  5594	  5911	
  5994	  5856	  5478	  5781	
  5849	  5721	  5380	  5666	
  5691	  5606	  5277	  5566	
  5575	  5495	  5200	  5450	
  5450	  5384	  5110	  5325	
  5331	  5278	  5035	  5241	
  5231	  5165	  4976	  5140	
  5112	  5084	  4887	  5041	
  4990	  4936	  4772	  4926	
  4888	  4857	  4709	  4828	
  4781	  4750	  4634	  4725	
  4687	  4657	  4561	  4636	
  4596	  4576	  4499	  4547	
  4513	  4496	  4419	  4476	
  4437	  4409	  4362	  4404	
  4369	  4347	  4320	  4330	
  4300	  4284	  4259	  4276	
  4235	  4230	  4215	  4207	
  4181	  4178	  4169	  4173	
  4149	  4132	  4148	  4141	
  4118	  4113	  4110	  4106	
  4119	  4109	  4122	  4107	
  4118	  4101	  4133	  4109	
  4117	  4107	  4145	  4108	
  4137	  4117	  4143	  4117	
  4146	  4127	  4150	  4141	
  4164	  4137	  4147	  4151	
  4179	  4157	  4180	  4165	
  4196	  4172	  4185	  4175	
  4228	  4199	  4231	  4201	
  4264	  4236	  4259	  4243	
  4302	  4265	  4274	  4267	
  4351	  4306	  4315	  4312	
  4391	  4347	  4331	  4355	
  4433	  4375	  4384	  4401	
  4487	  4421	  4417	  4434	
  4546	  4480	  4460	  4490	
  4611	  4533	  4507	  4555	
  4704	  4619	  4578	  4635	
  4810	  4720	  4661	  4724	
  4908	  4811	  4726	  4806	
  5028	  4915	  4832	  4922	
  5153	  5024	  4926	  5048	
  5276	  5144	  5031	  5141	
  5387	  5269	  5143	  5269	
  5520	  5387	  5217	  5400	
  5667	  5504	  5338	  5538	
  5800	  5646	  5428	  5658	
  5944	  5782	  5540	  5785	
  6087	  5928	  5618	  5924	
  6232	  6074	  5731	  6094	
  6401	  6212	  5818	  6224	
  6539	  6365	  5947	  6375	
  6706	  6473	  6010	  6496	
  6842	  6613	  6102	  6632	
  6986	  6757	  6214	  6760	
  7140	  6874	  6307	  6906	
  7091	  6875	  6319	  6893	
  6587	  6253	  5871	  6209	
  6303	  6060	  5659	  5977	
  6060	  5880	  5520	  5821	
  5909	  5768	  5413	  5714	
  5746	  5637	  5317	  5594	
  5645	  5543	  5233	  5501	
  5517	  5438	  5176	  5398	
  5390	  5310	  5094	  5278	
  5281	  5215	  5002	  5175	
  5170	  5106	  4923	  5065	
  5052	  4979	  4821	  4958	
  4939	  4900	  4761	  4864	
  4842	  4808	  4684	  4770	
  4746	  4707	  4610	  4675	
  4647	  4614	  4537	  4594	
  4567	  4541	  4474	  4531	
  4484	  4460	  4398	  4450	
  4414	  4389	  4365	  4372	
  4355	  4329	  4294	  4317	
  4294	  4261	  4241	  4258	
  4239	  4216	  4221	  4213	
  4198	  4180	  4186	  4164	
  4172	  4147	  4167	  4146	
  4154	  4143	  4164	  4136	
  4157	  4144	  4158	  4146	
  4155	  4144	  4169	  4142	
  4169	  4145	  4164	  4152	
  4184	  4156	  4187	  4165	
  4198	  4170	  4203	  4167	
  4224	  4195	  4233	  4193	
  4250	  4205	  4226	  4208	
  4276	  4236	  4258	  4239	
  4308	  4267	  4279	  4277	
  4347	  4298	  4312	  4309	
  4391	  4338	  4343	  4347	
  4430	  4376	  4392	  4380	
  4479	  4410	  4416	  4428	
  4519	  4448	  4456	  4458	
  4586	  4506	  4480	  4525	
  4658	  4577	  4548	  4592	
  4759	  4679	  4615	  4677	
  4861	  4758	  4708	  4776	
  4960	  4857	  4793	  4861	
  5077	  4963	  4870	  4970	
  5197	  5083	  4966	  5091	
  5321	  5186	  5068	  5197	
  5444	  5314	  5187	  5319	
  5572	  5431	  5252	  5443	
  5725	  5583	  5355	  5569	
  5849	  5696	  5462	  5698	
  5990	  5812	  5576	  5838	
  6132	  5949	  5659	  5959	
  6309	  6095	  5763	  6120	
  6465	  6235	  5858	  6252	
  6603	  6396	  5974	  6426	
  6730	  6519	  6054	  6532	
  6894	  6655	  6157	  6670	
  7033	  6796	  6233	  6790	
  7187	  6914	  6362	  6927	
  7204	  6908	  6365	  6969	
  6733	  6371	  5930	  6312	
  6422	  6130	  5720	  6072	
  6153	  5934	  5579	  5887	
  5990	  5835	  5480	  5800	
  5834	  5712	  5354	  5660	
  5691	  5591	  5277	  5552	
  5587	  5489	  5232	  5452	
  5464	  5381	  5142	  5338	
  5367	  5279	  5062	  5247	
  5250	  5165	  4960	  5146	
  5122	  5058	  4895	  5021	
  5020	  4956	  4809	  4929	
  4912	  4856	  4724	  4832	
  4820	  4769	  4664	  4743	
  4733	  4674	  4582	  4664	
  4631	  4594	  4523	  4580	
  4555	  4516	  4454	  4501	
  4485	  4447	  4410	  4432	
  4430	  4392	  4355	  4367	
  4358	  4327	  4307	  4319	
  4312	  4280	  4266	  4266	
  4270	  4233	  4233	  4226	
  4230	  4201	  4196	  4197	
  4212	  4184	  4197	  4175	
  4214	  4182	  4208	  4178	
  4223	  4185	  4207	  4190	
  4226	  4194	  4218	  4189	
  4239	  4207	  4229	  4211	
  4258	  4220	  4239	  4222	
  4269	  4238	  4256	  4243	
  4309	  4262	  4265	  4268	
  4325	  4289	  4319	  4289	
  4357	  4307	  4324	  4311	
  4399	  4349	  4347	  4355	
  4439	  4385	  4383	  4396	
  4487	  4416	  4433	  4430	
  4523	  4455	  4470	  4464	
  4586	  4514	  4503	  4508	
  4657	  4568	  4534	  4572	
  4741	  4636	  4590	  4650	
  4835	  4728	  4677	  4733	
  4941	  4827	  4765	  4837	
  5036	  4918	  4847	  4937	
  5145	  5024	  4944	  5036	
  5272	  5131	  5024	  5152	
  5394	  5251	  5126	  5256	
  5525	  5373	  5234	  5387	
  5643	  5491	  5313	  5505	
  5811	  5628	  5425	  5618	
  5938	  5746	  5514	  5757	
  6083	  5880	  5626	  5898	
  6216	  6034	  5728	  6028	
  6375	  6178	  5838	  6186	
  6516	  6298	  5913	  6323	
  6686	  6458	  6045	  6471	
  6809	  6587	  6118	  6593	
  6975	  6707	  6212	  6734	
  7137	  6848	  6292	  6864	
  7260	  6990	  6423	  7001	
  7211	  6969	  6421	  6990	
  6849	  6499	  6031	  6441	
  6501	  6212	  5764	  6134	
  6191	  5989	  5589	  5924	
  6040	  5877	  5492	  5815	
  5899	  5760	  5396	  5723	
  5758	  5643	  5326	  5610	
  5641	  5533	  5251	  5504	
  5553	  5450	  5180	  5404	
  5408	  5328	  5086	  5298	
  5300	  5229	  5028	  5199	
  5184	  5101	  4936	  5076	
  5084	  5010	  4851	  4978	
  4992	  4917	  4787	  4897	
  4886	  4816	  4699	  4799	
  4776	  4735	  4640	  4712	
  4711	  4653	  4570	  4642	
  4621	  4571	  4503	  4559	
  4547	  4497	  4438	  4496	
  4480	  4447	  4396	  4429	
  4432	  4376	  4343	  4365	
  4370	  4327	  4307	  4320	
  4334	  4288	  4279	  4283	
  4297	  4257	  4259	  4247	
  4269	  4237	  4241	  4237	
  4264	  4220	  4233	  4230	
  4265	  4222	  4237	  4213	
  4272	  4233	  4232	  4243	
  4295	  4244	  4258	  4248	
  4305	  4258	  4258	  4261	
  4331	  4278	  4296	  4281	
  4357	  4300	  4298	  4299	
  4374	  4321	  4315	  4321	
  4403	  4349	  4341	  4361	
  4459	  4374	  4376	  4388	
  4484	  4419	  4412	  4415	
  4535	  4466	  4436	  4461	
  4574	  4502	  4476	  4497	
  4650	  4550	  4519	  4559	
  4719	  4611	  4580	  4639	
  4797	  4702	  4641	  4713	
  4903	  4788	  4718	  4789	
  5007	  4877	  4791	  4893	
  5114	  4977	  4888	  4993	
  5220	  5083	  4986	  5084	
  5341	  5198	  5086	  5206	
  5467	  5297	  5169	  5323	
  5587	  5445	  5267	  5448	
  5717	  5538	  5358	  5564	
  5867	  5684	  5470	  5688	
  5995	  5810	  5543	  5809	
  6137	  5944	  5659	  5961	
  6287	  6092	  5738	  6094	
  6425	  6214	  5852	  6208	
  6584	  6351	  5935	  6373	
  6741	  6494	  6039	  6520	
  6877	  6636	  6141	  6655	
  7012	  6759	  6250	  6777	
  7163	  6912	  6335	  6909	
  7341	  7048	  6448	  7074	
  7308	  7027	  6397	  7040	
  7001	  6598	  6129	  6534	
  6591	  6266	  5826	  6208	
  6260	  6044	  5597	  5973	
  6079	  5928	  5510	  5871	
  5919	  5775	  5412	  5741	
  5815	  5707	  5341	  5631	
  5697	  5571	  5265	  5526	
  5564	  5464	  5197	  5428	
  5457	  5362	  5111	  5328	
  5356	  5259	  5020	  5230	
  5222	  5145	  4951	  5110	
  5121	  5039	  4866	  5009	
  5022	  4956	  4793	  4933	
  4921	  4856	  4713	  4828	
  4841	  4774	  4652	  4749	
  4751	  4685	  4586	  4678	
  4676	  4618	  4528	  4595	
  4593	  4539	  4474	  4540	
  4527	  4482	  4424	  4464	
  4468	  4415	  4373	  4406	
  4420	  4368	  4327	  4359	
  4387	  4330	  4293	  4324	
  4340	  4296	  4268	  4286	
  4322	  4273	  4252	  4269	
  4295	  4259	  4249	  4256	
  4281	  4241	  4242	  4245	
  4297	  4260	  4254	  4252	
  4315	  4273	  4255	  4267	
  4334	  4285	  4270	  4282	
  4342	  4296	  4300	  4306	
  4372	  4316	  4321	  4329	
  4403	  4346	  4327	  4349	
  4432	  4367	  4369	  4380	
  4472	  4403	  4395	  4405	
  4513	  4432	  4413	  4444	
  4557	  4488	  4452	  4485	
  4615	  4524	  4497	  4542	
  4686	  4583	  4545	  4603	
  4769	  4664	  4596	  4669	
  4848	  4738	  4656	  4746	
  4935	  4834	  4767	  4830	
  5049	  4921	  4812	  4924	
  5149	  5017	  4921	  5035	
  5265	  5110	  4979	  5124	
  5380	  5243	  5097	  5236	
  5505	  5348	  5189	  5367	
  5626	  5472	  5279	  5478	
  5739	  5575	  5370	  5591	
  5899	  5721	  5490	  5728	
  6032	  5857	  5587	  5872	
  6182	  5983	  5660	  6005	
  6330	  6120	  5776	  6134	
  6466	  6271	  5871	  6272	
  6613	  6386	  5959	  6396	
  6772	  6544	  6076	  6548	
  6930	  6671	  6182	  6702	
  7069	  6789	  6262	  6834	
  7196	  6913	  6344	  6919	
  7342	  7045	  6418	  7075	
  7347	  7082	  6418	  7092	
  7100	  6752	  6174	  6666	
  6687	  6368	  5905	  6315	
  6280	  6068	  5617	  6027	
  6103	  5933	  5521	  5906	
  5952	  5820	  5437	  5781	
  5829	  5710	  5338	  5670	
  5709	  5597	  5278	  5562	
  5602	  5508	  5195	  5462	
  5484	  5381	  5115	  5366	
  5362	  5274	  5046	  5248	
  5241	  5170	  4950	  5143	
  5156	  5064	  4874	  5053	
  5061	  4999	  4833	  4968	
  4955	  4889	  4734	  4867	
  4864	  4814	  4680	  4795	
  4797	  4727	  4617	  4716	
  4704	  4654	  4561	  4634	
  4637	  4576	  4503	  4576	
  4569	  4519	  4449	  4508	
  4508	  4461	  4399	  4451	
  4451	  4406	  4357	  4399	
  4410	  4374	  4336	  4357	
  4373	  4331	  4297	  4332	
  4353	  4312	  4275	  4295	
  4336	  4290	  4264	  4286	
  4320	  4277	  4258	  4281	
  4311	  4275	  4279	  4281	
  4322	  4278	  4266	  4282	
  4340	  4290	  4290	  4296	
  4355	  4307	  4303	  4320	
  4370	  4337	  4321	  4338	
  4409	  4359	  4354	  4364	
  4452	  4387	  4370	  4382	
  4477	  4420	  4393	  4416	
  4517	  4451	  4421	  4463	
  4576	  4498	  4458	  4509	
  4643	  4559	  4511	  4567	
  4706	  4621	  4561	  4633	
  4791	  4696	  4639	  4713	
  4880	  4775	  4687	  4779	
  4972	  4858	  4772	  4869	
  5070	  4957	  4857	  4963	
  5175	  5050	  4931	  5060	
  5288	  5156	  5007	  5157	
  5393	  5276	  5105	  5289	
  5528	  5382	  5186	  5393	
  5646	  5489	  5306	  5515	
  5781	  5613	  5376	  5627	
  5924	  5745	  5492	  5757	
  6053	  5883	  5596	  5883	
  6191	  6003	  5681	  6037	
  6329	  6144	  5762	  6155	
  6474	  6256	  5870	  6284	
  6627	  6389	  5956	  6413	
  6763	  6561	  6097	  6555	
  6947	  6669	  6157	  6691	
  7057	  6797	  6245	  6816	
  7202	  6922	  6323	  6937	
  7373	  7065	  6415	  7075	
  7327	  7085	  6410	  7077	
  7225	  6856	  6324	  6787	
  6795	  6479	  5919	  6406	
  6318	  6116	  5613	  6067	
  6113	  5955	  5515	  5913	
  5956	  5845	  5398	  5790	
  5843	  5730	  5354	  5689	
  5722	  5618	  5264	  5584	
  5611	  5517	  5204	  5482	
  5493	  5404	  5139	  5371	
  5383	  5294	  5047	  5277	
  5276	  5194	  4976	  5172	
  5176	  5105	  4880	  5085	
  5092	  5012	  4838	  5000	
  4979	  4919	  4754	  4896	
  4896	  4844	  4701	  4820	
  4808	  4761	  4630	  4736	
  4720	  4695	  4567	  4674	
  4653	  4613	  4518	  4598	
  4589	  4550	  4458	  4538	
  4535	  4490	  4423	  4481	
  4480	  4439	  4383	  4439	
  4439	  4403	  4351	  4395	
  4415	  4361	  4320	  4363	
  4373	  4337	  4308	  4332	
  4359	  4321	  4279	  4316	
  4345	  4313	  4277	  4307	
  4340	  4311	  4266	  4308	
  4341	  4312	  4274	  4304	
  4358	  4310	  4294	  4319	
  4366	  4331	  4305	  4321	
  4399	  4346	  4319	  4352	
  4425	  4373	  4343	  4374	
  4450	  4404	  4373	  4415	
  4497	  4441	  4390	  4443	
  4542	  4488	  4430	  4494	
  4604	  4529	  4474	  4544	
  4668	  4587	  4517	  4597	
  4736	  4657	  4580	  4646	
  4809	  4727	  4649	  4734	
  4906	  4806	  4700	  4815	
  4977	  4883	  4768	  4894	
  5097	  4969	  4864	  4999	
  5199	  5076	  4948	  5086	
  5295	  5185	  5021	  5195	
  5422	  5292	  5132	  5323	
  5531	  5402	  5211	  5408	
  5674	  5511	  5311	  5550	
  5787	  5622	  5386	  5639	
  5938	  5771	  5512	  5780	
  6058	  5883	  5581	  5896	
  6183	  6022	  5693	  6028	
  6345	  6148	  5761	  6171	
  6476	  6261	  5850	  6299	
  6616	  6409	  5976	  6427	
  6761	  6562	  6055	  6563	
  6915	  6663	  6166	  6699	
  7063	  6792	  6218	  6829	
  7205	  6927	  6294	  6942	
  7298	  7061	  6415	  7067	
  7306	  7094	  6420	  7090	
  7346	  6996	  6383	  6944	
  6913	  6628	  6046	  6541	
  6411	  6195	  5685	  6134	
  6141	  5976	  5530	  5947	
  5969	  5843	  5426	  5798	
  5849	  5751	  5363	  5707	
  5741	  5636	  5300	  5602	
  5621	  5527	  5197	  5512	
  5522	  5438	  5143	  5392	
  5410	  5325	  5064	  5304	
  5298	  5224	  4995	  5203	
  5202	  5135	  4937	  5100	
  5104	  5042	  4854	  5032	
  5009	  4953	  4778	  4940	
  4925	  4885	  4730	  4863	
  4838	  4801	  4670	  4783	
  4764	  4715	  4610	  4696	
  4695	  4662	  4563	  4637	
  4642	  4591	  4495	  4585	
  4580	  4536	  4444	  4532	
  4524	  4487	  4426	  4481	
  4496	  4447	  4393	  4451	
  4452	  4403	  4352	  4405	
  4419	  4388	  4341	  4378	
  4394	  4364	  4328	  4364	
  4395	  4346	  4317	  4352	
  4390	  4340	  4307	  4342	
  4383	  4344	  4303	  4345	
  4396	  4349	  4319	  4347	
  4402	  4365	  4323	  4367	
  4427	  4382	  4355	  4385	
  4458	  4401	  4380	  4411	
  4499	  4427	  4401	  4446	
  4522	  4479	  4444	  4467	
  4575	  4516	  4448	  4533	
  4634	  4568	  4515	  4581	
  4701	  4621	  4555	  4623	
  4771	  4693	  4616	  4699	
  4850	  4763	  4675	  4770	
  4928	  4845	  4761	  4862	
  5020	  4918	  4807	  4943	
  5123	  5014	  4890	  5028	
  5225	  5109	  4982	  5125	
  5328	  5209	  5069	  5227	
  5443	  5326	  5149	  5348	
  5564	  5433	  5237	  5459	
  5691	  5538	  5314	  5558	
  5807	  5647	  5412	  5674	
  5946	  5781	  5518	  5802	
  6081	  5921	  5610	  5930	
  6200	  6025	  5696	  6047	
  6337	  6150	  5766	  6177	
  6505	  6271	  5903	  6319	
  6626	  6421	  5982	  6434	
  6786	  6568	  6080	  6590	
  6913	  6672	  6151	  6715	
  7069	  6817	  6250	  6829	
  7201	  6935	  6316	  6984	
  7357	  7062	  6433	  7123	
  7331	  7049	  6393	  7072	
  7585	  7265	  6582	  7187	
  7118	  6784	  6186	  6737	
  6524	  6307	  5800	  6248	
  6199	  6051	  5583	  6004	
  6018	  5881	  5441	  5848	
  5919	  5791	  5383	  5764	
  5785	  5702	  5334	  5661	
  5685	  5574	  5245	  5545	
  5571	  5469	  5192	  5452	
  5466	  5373	  5133	  5345	
  5346	  5282	  5029	  5247	
  5251	  5188	  4975	  5175	
  5159	  5114	  4921	  5084	
  5076	  5026	  4851	  4998	
  4992	  4944	  4787	  4913	
  4905	  4862	  4717	  4852	
  4831	  4778	  4673	  4768	
  4759	  4716	  4604	  4706	
  4703	  4658	  4558	  4648	
  4650	  4606	  4524	  4600	
  4596	  4562	  4502	  4554	
  4559	  4520	  4456	  4515	
  4514	  4477	  4437	  4480	
  4487	  4449	  4418	  4454	
  4472	  4442	  4401	  4433	
  4457	  4414	  4374	  4418	
  4449	  4405	  4379	  4406	
  4450	  4418	  4384	  4416	
  4470	  4419	  4376	  4425	
  4473	  4427	  4388	  4421	
  4493	  4437	  4408	  4455	
  4523	  4468	  4431	  4466	
  4553	  4499	  4462	  4501	
  4598	  4537	  4492	  4548	
  4645	  4591	  4524	  4584	
  4700	  4644	  4577	  4645	
  4765	  4701	  4623	  4690	
  4823	  4760	  4682	  4766	
  4914	  4825	  4742	  4834	
  5006	  4919	  4807	  4918	
  5095	  4997	  4887	  5010	
  5188	  5085	  4943	  5099	
  5287	  5184	  5052	  5184	
  5386	  5274	  5129	  5288	
  5499	  5374	  5222	  5390	
  5633	  5497	  5320	  5496	
  5750	  5604	  5408	  5629	
  5873	  5728	  5500	  5747	
  6024	  5865	  5601	  5873	
  6155	  5980	  5680	  6001	
  6273	  6101	  5761	  6118	
  6407	  6237	  5852	  6246	
  6546	  6346	  5936	  6361	
  6662	  6457	  6022	  6478	
  6825	  6602	  6129	  6616	
  6962	  6736	  6206	  6753	
  7087	  6846	  6264	  6874	
  7223	  6975	  6362	  6979	
  7365	  7102	  6454	  7144	
  7461	  7161	  6447	  7177	
  7920	  7561	  6835	  7456	
  7385	  7052	  6386	  6968	
  6752	  6493	  5947	  6455	
  6330	  6145	  5665	  6107	
  6133	  5982	  5545	  5942	
  5994	  5868	  5473	  5838	
  5875	  5773	  5401	  5719	
  5778	  5672	  5341	  5638	
  5665	  5560	  5267	  5533	
  5556	  5449	  5184	  5418	
  5439	  5350	  5134	  5331	
  5349	  5262	  5060	  5246	
  5258	  5195	  4999	  5163	
  5167	  5086	  4927	  5077	
  5087	  5014	  4869	  4997	
  5015	  4956	  4789	  4940	
  4925	  4879	  4767	  4858	
  4863	  4807	  4701	  4802	
  4799	  4753	  4644	  4741	
  4743	  4696	  4595	  4672	
  4700	  4639	  4567	  4646	
  4660	  4610	  4528	  4610	
  4628	  4569	  4515	  4568	
  4588	  4547	  4485	  4536	
  4571	  4519	  4466	  4521	
  4554	  4506	  4455	  4515	
  4551	  4499	  4460	  4506	
  4546	  4509	  4456	  4506	
  4557	  4508	  4474	  4513	
  4566	  4517	  4463	  4527	
  4595	  4534	  4493	  4543	
  4622	  4566	  4499	  4563	
  4647	  4595	  4542	  4592	
  4708	  4631	  4568	  4634	
  4745	  4684	  4618	  4682	
  4798	  4727	  4664	  4738	
  4869	  4787	  4711	  4786	
  4937	  4853	  4770	  4867	
  5013	  4913	  4826	  4932	
  5097	  5001	  4898	  5005	
  5187	  5080	  4971	  5102	
  5289	  5181	  5048	  5197	
  5400	  5267	  5127	  5275	
  5502	  5385	  5216	  5397	
  5614	  5497	  5326	  5513	
  5745	  5613	  5403	  5623	
  5882	  5744	  5520	  5741	
  5984	  5838	  5587	  5865	
  6130	  5967	  5662	  5984	
  6258	  6094	  5770	  6099	
  6375	  6191	  5842	  6223	
  6509	  6325	  5940	  6324	
  6614	  6429	  6012	  6430	
  6737	  6541	  6074	  6556	
  6920	  6666	  6190	  6699	
  7047	  6796	  6270	  6789	
  7174	  6908	  6327	  6947	
  7315	  7011	  6399	  7059	
  7498	  7182	  6503	  7217	
  7626	  7297	  6597	  7347	
  8403	  7951	  7151	  7840	
  7743	  7360	  6659	  7298	
  7060	  6773	  6159	  6701	
  6540	  6321	  5806	  6288	
  6253	  6074	  5617	  6023	
  6128	  5978	  5535	  5942	
  5996	  5861	  5478	  5840	
  5888	  5761	  5413	  5728	
  5792	  5670	  5334	  5625	
  5682	  5570	  5283	  5527	
  5562	  5454	  5208	  5439	
  5472	  5382	  5135	  5354	
  5392	  5299	  5102	  5276	
  5299	  5226	  5027	  5196	
  5212	  5147	  4975	  5118	
  5121	  5058	  4902	  5041	
  5057	  4991	  4861	  4974	
  4988	  4933	  4825	  4913	
  4936	  4863	  4753	  4862	
  4871	  4813	  4719	  4802	
  4823	  4766	  4683	  4751	
  4793	  4733	  4642	  4713	
  4747	  4681	  4608	  4684	
  4722	  4665	  4604	  4667	
  4699	  4640	  4590	  4633	
  4703	  4628	  4563	  4623	
  4683	  4623	  4573	  4620	
  4679	  4613	  4559	  4613	
  4680	  4621	  4565	  4620	
  4700	  4630	  4584	  4637	
  4730	  4650	  4602	  4659	
  4759	  4674	  4616	  4683	
  4793	  4709	  4649	  4708	
  4829	  4744	  4698	  4751	
  4890	  4790	  4718	  4802	
  4945	  4842	  4759	  4846	
  5007	  4907	  4800	  4915	
  5054	  4948	  4854	  4962	
  5144	  5031	  4943	  5050	
  5233	  5110	  5007	  5124	
  5324	  5205	  5069	  5219	
  5444	  5305	  5173	  5319	
  5541	  5418	  5268	  5423	
  5664	  5515	  5354	  5531	
  5798	  5643	  5444	  5661	
  5910	  5754	  5532	  5769	
  6041	  5866	  5646	  5873	
  6147	  5961	  5712	  5972	
  6284	  6099	  5800	  6096	
  6411	  6193	  5889	  6213	
  6505	  6296	  5921	  6329	
  6628	  6430	  6028	  6422	
  6758	  6507	  6106	  6528	
  6866	  6611	  6166	  6639	
  7023	  6750	  6258	  6753	
  7179	  6889	  6365	  6915	
  7297	  7018	  6400	  7030	
  7424	  7127	  6486	  7147	
  7703	  7371	  6623	  7388	
  7857	  7538	  6745	  7598	
  8912	  8457	  7440	  8362	
  8179	  7763	  6962	  7685	
  7367	  7081	  6412	  7012	
  6798	  6534	  5994	  6498	
  6391	  6194	  5693	  6158	
  6250	  6093	  5621	  6046	
  6124	  5988	  5538	  5931	
  6009	  5857	  5495	  5819	
  5914	  5758	  5433	  5747	
  5802	  5663	  5373	  5641	
  5698	  5564	  5286	  5532	
  5608	  5489	  5249	  5451	
  5502	  5394	  5168	  5376	
  5414	  5304	  5124	  5290	
  5340	  5239	  5043	  5238	
  5256	  5179	  5009	  5160	
  5198	  5100	  4949	  5086	
  5124	  5040	  4914	  5039	
  5070	  4978	  4858	  4961	
  5012	  4924	  4821	  4921	
  4966	  4872	  4774	  4869	
  4913	  4836	  4742	  4833	
  4879	  4806	  4722	  4790	
  4858	  4778	  4716	  4785	
  4836	  4755	  4680	  4755	
  4829	  4749	  4674	  4740	
  4823	  4742	  4654	  4743	
  4818	  4731	  4647	  4739	
  4825	  4750	  4673	  4748	
  4823	  4748	  4680	  4744	
  4857	  4778	  4694	  4783	
  4897	  4805	  4714	  4794	
  4928	  4825	  4729	  4826	
  4960	  4857	  4771	  4872	
  5024	  4906	  4820	  4921	
  5066	  4956	  4866	  4976	
  5131	  5006	  4907	  5026	
  5213	  5080	  4953	  5097	
  5283	  5149	  5022	  5168	
  5386	  5246	  5116	  5266	
  5481	  5340	  5202	  5346	
  5594	  5455	  5303	  5473	
  5708	  5564	  5387	  5577	
  5814	  5641	  5459	  5672	
  5933	  5766	  5548	  5791	
  6057	  5874	  5633	  5904	
  6150	  5984	  5730	  6003	
  6285	  6095	  5813	  6127	
  6425	  6222	  5893	  6235	
  6509	  6304	  5955	  6322	
  6645	  6394	  5998	  6428	
  6743	  6501	  6087	  6531	
  6880	  6614	  6207	  6649	
  6992	  6711	  6258	  6752	
  7140	  6867	  6340	  6885	
  7268	  6975	  6419	  6982	
  7422	  7095	  6494	  7135	
  7601	  7255	  6569	  7276	
  7966	  7605	  6787	  7662	
  8109	  7742	  6900	  7792	
  9531	  8975	  7884	  8884	
  8655	  8182	  7234	  8094	
  7707	  7385	  6613	  7309	
  7056	  6790	  6139	  6730	
  6562	  6344	  5774	  6302	
  6353	  6147	  5676	  6120	
  6219	  6058	  5581	  6013	
  6121	  5950	  5536	  5910	
  6007	  5835	  5454	  5802	
  5890	  5755	  5382	  5707	
  5803	  5654	  5355	  5624	
  5701	  5550	  5282	  5531	
  5612	  5466	  5234	  5461	
  5514	  5390	  5179	  5392	
  5449	  5328	  5124	  5305	
  5372	  5258	  5060	  5252	
  5290	  5185	  5007	  5176	
  5235	  5119	  4969	  5106	
  5162	  5061	  4925	  5054	
  5129	  5007	  4882	  5013	
  5073	  4962	  4844	  4961	
  5043	  4930	  4803	  4929	
  5000	  4895	  4782	  4894	
  4972	  4873	  4749	  4869	
  4943	  4857	  4744	  4853	
  4947	  4841	  4742	  4834	
  4934	  4829	  4735	  4839	
  4941	  4832	  4733	  4846	
  4937	  4824	  4728	  4854	
  4953	  4840	  4746	  4846	
  4974	  4875	  4761	  4870	
  5008	  4891	  4794	  4892	
  5039	  4917	  4808	  4920	
  5091	  4965	  4837	  4965	
  5133	  5009	  4895	  5010	
  5180	  5052	  4931	  5069	
  5250	  5116	  4981	  5129	
  5335	  5165	  5020	  5200	
  5409	  5258	  5108	  5283	
  5492	  5352	  5187	  5359	
  5610	  5443	  5281	  5463	
  5721	  5561	  5368	  5592	
  5832	  5651	  5454	  5675	
  5929	  5751	  5548	  5776	
  6053	  5888	  5620	  5894	
  6176	  5955	  5719	  5994	
  6276	  6082	  5788	  6109	
  6408	  6165	  5876	  6189	
  6532	  6295	  5968	  6313	
  6615	  6386	  6015	  6402	
  6744	  6478	  6087	  6509	
  6831	  6563	  6124	  6589	
  6961	  6660	  6206	  6700	
  7070	  6765	  6277	  6806	
  7206	  6891	  6352	  6930	
  7368	  7031	  6417	  7077	
  7498	  7145	  6489	  7188	
  7770	  7376	  6637	  7408	
  8235	  7813	  6948	  7861	
  8451	  8066	  7096	  8111	
 10420	  9860	  8400	  9674	
  9218	  8731	  7624	  8636	
  8106	  7763	  6856	  7670	
  7373	  7100	  6367	  7017	
  6764	  6531	  5913	  6487	
  6435	  6239	  5722	  6206	
  6280	  6089	  5610	  6064	
  6166	  6003	  5583	  5958	
  6072	  5884	  5526	  5864	
  5949	  5807	  5435	  5784	
  5866	  5704	  5385	  5670	
  5769	  5611	  5311	  5598	
  5692	  5552	  5290	  5521	
  5583	  5456	  5228	  5440	
  5512	  5388	  5167	  5355	
  5439	  5315	  5125	  5309	
  5375	  5250	  5076	  5242	
  5330	  5204	  5032	  5190	
  5248	  5141	  4981	  5135	
  5204	  5082	  4950	  5085	
  5159	  5048	  4908	  5035	
  5119	  5011	  4880	  4994	
  5086	  4962	  4860	  4973	
  5073	  4957	  4850	  4953	
  5045	  4940	  4834	  4932	
  5021	  4912	  4804	  4920	
  5030	  4913	  4821	  4925	
  5031	  4899	  4786	  4919	
  5034	  4918	  4802	  4920	
  5049	  4930	  4814	  4937	
  5056	  4946	  4836	  4956	
  5102	  4971	  4852	  4981	
  5132	  5006	  4888	  4999	
  5178	  5043	  4915	  5046	
  5206	  5082	  4963	  5095	
  5285	  5139	  5011	  5144	
  5340	  5202	  5072	  5213	
  5419	  5277	  5122	  5291	
  5513	  5357	  5205	  5371	
  5609	  5444	  5290	  5465	
  5706	  5542	  5359	  5557	
  5822	  5642	  5436	  5670	
  5907	  5736	  5523	  5761	
  6025	  5840	  5600	  5847	
  6138	  5950	  5678	  5958	
  6247	  6054	  5750	  6060	
  6348	  6136	  5853	  6145	
  6463	  6246	  5910	  6264	
  6575	  6325	  5966	  6374	
  6698	  6442	  6060	  6461	
  6800	  6527	  6099	  6576	
  6892	  6598	  6165	  6639	
  6995	  6722	  6253	  6761	
  7134	  6800	  6276	  6849	
  7278	  6954	  6369	  6977	
  7377	  7060	  6414	  7080	
  7595	  7212	  6543	  7262	
  7975	  7579	  6777	  7606	
  8548	  8111	  7130	  8181	
  9031	  8526	  7424	  8656	
 11467	 10878	  8943	 10674	
  9758	  9282	  7878	  9171	
  8464	  8140	  7084	  8040	
  7599	  7375	  6521	  7316	
  6946	  6771	  6034	  6672	
  6548	  6393	  5760	  6321	
  6351	  6205	  5693	  6157	
  6234	  6097	  5570	  6036	
  6113	  6016	  5542	  5952	
  6021	  5880	  5464	  5880	
  5905	  5814	  5405	  5777	
  5833	  5740	  5363	  5693	
  5748	  5659	  5304	  5622	
  5661	  5569	  5260	  5550	
  5568	  5493	  5195	  5468	
  5506	  5457	  5164	  5412	
  5446	  5386	  5121	  5359	
  5386	  5331	  5065	  5294	
  5339	  5261	  5025	  5249	
  5273	  5222	  4986	  5200	
  5234	  5174	  4948	  5150	
  5215	  5133	  4938	  5129	
  5160	  5090	  4911	  5095	
  5143	  5077	  4884	  5072	
  5114	  5069	  4887	  5060	
  5115	  5060	  4859	  5038	
  5094	  5026	  4821	  5033	
  5112	  5039	  4847	  5048	
  5099	  5044	  4859	  5056	
  5133	  5069	  4876	  5067	
  5151	  5061	  4893	  5063	
  5200	  5087	  4933	  5105	
  5203	  5124	  4944	  5130	
  5249	  5159	  4949	  5178	
  5299	  5202	  5008	  5218	
  5361	  5272	  5072	  5268	
  5412	  5334	  5090	  5348	
  5512	  5427	  5204	  5434	
  5599	  5503	  5264	  5511	
  5685	  5580	  5339	  5583	
  5762	  5652	  5413	  5689	
  5892	  5787	  5510	  5798	
  6000	  5869	  5561	  5892	
  6090	  5968	  5650	  5992	
  6203	  6092	  5738	  6102	
  6305	  6147	  5806	  6173	
  6423	  6254	  5883	  6271	
  6513	  6353	  5948	  6367	
  6611	  6434	  5974	  6452	
  6743	  6535	  6068	  6544	
  6804	  6589	  6104	  6648	
  6931	  6701	  6200	  6723	
  7031	  6800	  6232	  6819	
  7178	  6908	  6276	  6917	
  7322	  7009	  6381	  7056	
  7439	  7140	  6425	  7166	
  7721	  7379	  6590	  7420	
  8128	  7770	  6834	  7827	
  8917	  8438	  7341	  8563	
  9695	  9150	  7802	  9244	
