  2040	  2040	  2040	  2040	
 12552	 12097	 10480	 11921	
 10633	  9983	  8945	 10004	
  9193	  8545	  7804	  8557	
  8180	  7583	  6996	  7596	
  7473	  6822	  6333	  6846	
  6922	  6327	  5905	  6356	
  6544	  6026	  5644	  6003	
  6322	  5842	  5545	  5847	
  6223	  5763	  5464	  5765	
  6096	  5655	  5395	  5672	
  5951	  5555	  5324	  5580	
  5839	  5480	  5262	  5504	
  5748	  5408	  5207	  5460	
  5675	  5330	  5154	  5363	
  5556	  5255	  5100	  5276	
  5493	  5197	  5050	  5237	
  5409	  5162	  4988	  5188	
  5334	  5073	  4938	  5118	
  5286	  5035	  4916	  5083	
  5236	  4998	  4865	  5024	
  5177	  4965	  4851	  4977	
  5126	  4916	  4820	  4965	
  5097	  4886	  4789	  4923	
  5082	  4867	  4778	  4899	
  5065	  4837	  4763	  4889	
  5042	  4839	  4743	  4877	
  5016	  4835	  4732	  4890	
  5022	  4840	  4753	  4885	
  5049	  4846	  4756	  4865	
  5041	  4864	  4763	  4910	
  5076	  4856	  4782	  4924	
  5127	  4909	  4813	  4958	
  5142	  4925	  4830	  4979	
  5185	  4966	  4858	  5016	
  5248	  5002	  4888	  5063	
  5314	  5054	  4908	  5093	
  5358	  5107	  4980	  5148	
  5453	  5156	  5039	  5215	
  5503	  5233	  5084	  5279	
  5612	  5295	  5135	  5360	
  5701	  5374	  5211	  5421	
  5807	  5454	  5285	  5513	
  5905	  5502	  5311	  5586	
  5980	  5599	  5392	  5649	
  6116	  5685	  5469	  5739	
  6201	  5768	  5536	  5837	
  6366	  5857	  5641	  5912	
  6513	  5965	  5712	  6004	
  6621	  6082	  5810	  6135	
  6755	  6192	  5875	  6247	
  6890	  6254	  5930	  6313	
  6989	  6362	  6016	  6395	
  7173	  6464	  6075	  6506	
  7266	  6585	  6182	  6618	
  7475	  6701	  6249	  6769	
  7605	  6825	  6353	  6887	
  8047	  7202	  6637	  7289	
  8559	  7700	  6999	  7779	
  9517	  8592	  7723	  8716	
 10456	  9564	  8500	  9821	
 11392	 10586	  9506	 10553	
 10025	  9242	  8397	  9199	
  8701	  8042	  7333	  8022	
  7845	  7214	  6682	  7207	
  7158	  6598	  6123	  6563	
  6684	  6131	  5749	  6131	
  6413	  5878	  5589	  5881	
  6283	  5780	  5486	  5777	
  6148	  5679	  5403	  5684	
  6026	  5602	  5348	  5599	
  5896	  5477	  5278	  5502	
  5781	  5410	  5210	  5427	
  5692	  5336	  5144	  5358	
  5585	  5262	  5089	  5275	
  5487	  5191	  5038	  5215	
  5409	  5138	  4989	  5157	
  5330	  5063	  4916	  5082	
  5247	  5015	  4879	  5026	
  5196	  4949	  4853	  4982	
  5152	  4913	  4812	  4938	
  5076	  4871	  4774	  4889	
  5041	  4838	  4736	  4866	
  5010	  4794	  4717	  4823	
  4972	  4771	  4697	  4804	
  4973	  4761	  4679	  4792	
  4949	  4750	  4678	  4784	
  4933	  4745	  4670	  4772	
  4925	  4739	  4662	  4779	
  4935	  4744	  4663	  4781	
  4954	  4753	  4687	  4784	
  4976	  4789	  4708	  4818	
  5020	  4803	  4727	  4841	
  5049	  4847	  4758	  4879	
  5103	  4874	  4802	  4912	
  5158	  4911	  4826	  4955	
  5215	  4973	  4865	  5004	
  5279	  5017	  4906	  5053	
  5352	  5070	  4954	  5109	
  5449	  5139	  5016	  5193	
  5535	  5202	  5069	  5251	
  5601	  5284	  5132	  5335	
  5713	  5370	  5204	  5406	
  5812	  5450	  5263	  5474	
  5915	  5524	  5320	  5565	
  6039	  5607	  5401	  5648	
  6163	  5701	  5490	  5735	
  6292	  5795	  5577	  5854	
  6419	  5910	  5666	  5936	
  6538	  6007	  5729	  6063	
  6678	  6116	  5812	  6165	
  6801	  6210	  5868	  6256	
  6938	  6311	  5967	  6343	
  7061	  6420	  6020	  6448	
  7200	  6527	  6108	  6555	
  7418	  6634	  6186	  6677	
  7580	  6762	  6287	  6812	
  7840	  7000	  6459	  7060	
  8343	  7467	  6863	  7545	
  8990	  8075	  7312	  8189	
  9675	  8679	  7795	  8845	
 10293	  9605	  8723	  9543	
  9258	  8510	  7792	  8477	
  8167	  7527	  6952	  7508	
  7463	  6852	  6355	  6845	
  6855	  6295	  5867	  6275	
  6484	  5935	  5600	  5951	
  6319	  5799	  5484	  5801	
  6173	  5714	  5432	  5696	
  6044	  5594	  5363	  5608	
  5917	  5519	  5282	  5512	
  5796	  5422	  5202	  5435	
  5677	  5338	  5130	  5349	
  5580	  5262	  5086	  5284	
  5506	  5182	  5020	  5208	
  5391	  5114	  4967	  5142	
  5315	  5046	  4905	  5069	
  5218	  4976	  4864	  4996	
  5149	  4915	  4802	  4935	
  5089	  4867	  4784	  4890	
  5034	  4829	  4737	  4843	
  4969	  4783	  4692	  4799	
  4924	  4741	  4661	  4775	
  4901	  4701	  4644	  4744	
  4872	  4681	  4624	  4720	
  4837	  4673	  4612	  4692	
  4823	  4650	  4584	  4691	
  4815	  4650	  4589	  4680	
  4828	  4644	  4585	  4675	
  4828	  4652	  4587	  4682	
  4844	  4656	  4614	  4697	
  4876	  4697	  4624	  4721	
  4913	  4709	  4643	  4748	
  4942	  4757	  4668	  4783	
  4984	  4785	  4705	  4815	
  5040	  4831	  4746	  4872	
  5103	  4881	  4780	  4913	
  5161	  4937	  4837	  4979	
  5233	  4999	  4881	  5037	
  5338	  5066	  4931	  5095	
  5395	  5125	  4991	  5164	
  5502	  5205	  5062	  5241	
  5607	  5293	  5138	  5324	
  5714	  5357	  5190	  5414	
  5807	  5444	  5255	  5489	
  5938	  5522	  5347	  5587	
  6052	  5635	  5409	  5675	
  6191	  5723	  5482	  5763	
  6312	  5825	  5565	  5866	
  6462	  5942	  5666	  5981	
  6586	  6057	  5742	  6098	
  6742	  6156	  5821	  6188	
  6870	  6240	  5901	  6312	
  6992	  6359	  5993	  6397	
  7146	  6468	  6047	  6503	
  7311	  6597	  6151	  6628	
  7471	  6726	  6264	  6744	
  7632	  6869	  6332	  6889	
  8033	  7188	  6600	  7224	
  8552	  7686	  7016	  7741	
  8893	  8016	  7278	  8109	
  9469	  8733	  8006	  8650	
  8640	  7934	  7308	  7871	
  7754	  7152	  6583	  7086	
  7144	  6521	  6060	  6498	
  6601	  6053	  5670	  6040	
  6346	  5849	  5519	  5816	
  6193	  5734	  5453	  5723	
  6063	  5628	  5354	  5616	
  5963	  5545	  5278	  5539	
  5824	  5450	  5211	  5428	
  5710	  5353	  5148	  5361	
  5582	  5268	  5078	  5267	
  5487	  5177	  5011	  5184	
  5369	  5101	  4943	  5121	
  5285	  5039	  4896	  5036	
  5198	  4961	  4832	  4975	
  5114	  4905	  4791	  4920	
  5048	  4829	  4741	  4856	
  4978	  4792	  4697	  4813	
  4912	  4727	  4637	  4747	
  4860	  4686	  4615	  4721	
  4821	  4655	  4589	  4673	
  4775	  4616	  4555	  4637	
  4756	  4589	  4541	  4625	
  4742	  4578	  4523	  4603	
  4712	  4557	  4510	  4590	
  4697	  4559	  4505	  4584	
  4710	  4547	  4504	  4576	
  4722	  4558	  4507	  4590	
  4734	  4578	  4532	  4597	
  4758	  4595	  4541	  4625	
  4787	  4627	  4565	  4654	
  4832	  4660	  4595	  4692	
  4879	  4693	  4632	  4719	
  4914	  4747	  4669	  4769	
  4987	  4801	  4717	  4830	
  5053	  4837	  4757	  4877	
  5132	  4904	  4804	  4937	
  5217	  4979	  4863	  5015	
  5318	  5055	  4932	  5093	
  5400	  5120	  4980	  5152	
  5513	  5220	  5056	  5251	
  5603	  5291	  5126	  5351	
  5699	  5378	  5193	  5405	
  5823	  5466	  5268	  5499	
  5945	  5546	  5335	  5596	
  6074	  5657	  5431	  5683	
  6220	  5762	  5498	  5789	
  6373	  5867	  5580	  5894	
  6491	  5969	  5652	  6021	
  6647	  6083	  5749	  6113	
  6765	  6187	  5833	  6218	
  6945	  6323	  5928	  6340	
  7046	  6417	  6016	  6456	
  7223	  6540	  6098	  6565	
  7369	  6633	  6181	  6684	
  7539	  6763	  6323	  6819	
  7798	  6974	  6449	  7028	
  8257	  7403	  6810	  7457	
  8483	  7620	  6943	  7647	
  8882	  8201	  7506	  8118	
  8183	  7492	  6950	  7455	
  7434	  6816	  6313	  6751	
  6844	  6270	  5838	  6238	
  6413	  5913	  5554	  5874	
  6246	  5792	  5457	  5769	
  6121	  5669	  5382	  5661	
  5965	  5568	  5306	  5548	
  5854	  5479	  5227	  5458	
  5713	  5380	  5156	  5373	
  5596	  5273	  5088	  5286	
  5501	  5198	  5020	  5191	
  5394	  5124	  4947	  5118	
  5286	  5050	  4883	  5041	
  5207	  4969	  4837	  4963	
  5107	  4894	  4780	  4904	
  5013	  4833	  4718	  4834	
  4959	  4768	  4683	  4777	
  4871	  4713	  4627	  4723	
  4811	  4651	  4580	  4676	
  4769	  4630	  4550	  4640	
  4717	  4572	  4523	  4587	
  4690	  4537	  4484	  4559	
  4651	  4515	  4468	  4531	
  4619	  4492	  4449	  4519	
  4617	  4487	  4444	  4498	
  4596	  4474	  4442	  4492	
  4605	  4478	  4440	  4499	
  4612	  4480	  4433	  4504	
  4629	  4494	  4455	  4523	
  4645	  4513	  4485	  4553	
  4692	  4544	  4504	  4574	
  4712	  4576	  4524	  4593	
  4767	  4611	  4562	  4642	
  4831	  4663	  4591	  4692	
  4883	  4709	  4624	  4743	
  4949	  4775	  4682	  4794	
  5040	  4832	  4746	  4873	
  5139	  4929	  4815	  4941	
  5214	  4994	  4865	  5024	
  5325	  5070	  4945	  5106	
  5440	  5183	  5037	  5202	
  5534	  5252	  5106	  5286	
  5640	  5338	  5171	  5381	
  5770	  5434	  5246	  5472	
  5865	  5529	  5321	  5546	
  5978	  5616	  5389	  5644	
  6118	  5696	  5444	  5722	
  6273	  5802	  5531	  5836	
  6426	  5919	  5625	  5949	
  6550	  6028	  5706	  6062	
  6697	  6131	  5802	  6157	
  6819	  6239	  5879	  6274	
  6980	  6345	  5971	  6384	
  7125	  6480	  6076	  6516	
  7303	  6597	  6165	  6629	
  7465	  6701	  6231	  6721	
  7630	  6838	  6372	  6848	
  8028	  7155	  6602	  7218	
  8193	  7361	  6764	  7401	
  8449	  7738	  7177	  7658	
  7862	  7155	  6664	  7099	
  7138	  6516	  6060	  6483	
  6616	  6084	  5687	  6052	
  6326	  5829	  5513	  5812	
  6187	  5723	  5395	  5703	
  6029	  5613	  5316	  5591	
  5915	  5520	  5255	  5508	
  5784	  5416	  5180	  5403	
  5650	  5317	  5108	  5308	
  5518	  5226	  5024	  5209	
  5412	  5139	  4952	  5139	
  5306	  5068	  4898	  5061	
  5187	  4976	  4828	  4976	
  5109	  4895	  4778	  4898	
  5026	  4832	  4712	  4837	
  4939	  4752	  4650	  4764	
  4860	  4696	  4606	  4715	
  4784	  4631	  4560	  4645	
  4705	  4570	  4511	  4594	
  4676	  4545	  4481	  4549	
  4621	  4499	  4454	  4516	
  4587	  4462	  4426	  4480	
  4564	  4444	  4409	  4451	
  4535	  4423	  4384	  4436	
  4509	  4402	  4375	  4421	
  4501	  4394	  4374	  4427	
  4522	  4399	  4378	  4427	
  4512	  4408	  4379	  4419	
  4532	  4417	  4385	  4450	
  4561	  4439	  4407	  4464	
  4598	  4472	  4435	  4493	
  4641	  4501	  4450	  4538	
  4685	  4550	  4495	  4560	
  4739	  4581	  4523	  4616	
  4800	  4635	  4566	  4654	
  4855	  4700	  4629	  4728	
  4948	  4776	  4695	  4807	
  5056	  4861	  4766	  4888	
  5160	  4940	  4843	  4967	
  5245	  5023	  4907	  5053	
  5353	  5126	  4998	  5152	
  5463	  5206	  5064	  5230	
  5573	  5300	  5139	  5325	
  5677	  5391	  5186	  5413	
  5814	  5479	  5281	  5509	
  5922	  5574	  5340	  5601	
  6065	  5670	  5403	  5686	
  6196	  5775	  5507	  5800	
  6343	  5861	  5585	  5901	
  6486	  5971	  5677	  6012	
  6616	  6087	  5765	  6128	
  6779	  6210	  5830	  6228	
  6890	  6320	  5943	  6330	
  7059	  6428	  6022	  6457	
  7217	  6555	  6114	  6587	
  7402	  6669	  6203	  6667	
  7521	  6786	  6301	  6812	
  7852	  6997	  6495	  7028	
  7939	  7162	  6605	  7191	
  8012	  7362	  6882	  7257	
  7533	  6875	  6379	  6782	
  6899	  6297	  5900	  6263	
  6464	  5950	  5579	  5909	
  6250	  5789	  5467	  5751	
  6084	  5658	  5360	  5640	
  5945	  5562	  5273	  5534	
  5836	  5473	  5206	  5455	
  5716	  5365	  5132	  5361	
  5573	  5274	  5060	  5251	
  5437	  5173	  4975	  5151	
  5316	  5077	  4917	  5073	
  5225	  5005	  4851	  4990	
  5119	  4912	  4788	  4911	
  5019	  4841	  4697	  4824	
  4932	  4762	  4670	  4760	
  4846	  4687	  4601	  4696	
  4756	  4623	  4548	  4635	
  4708	  4572	  4500	  4584	
  4644	  4514	  4457	  4525	
  4590	  4460	  4431	  4479	
  4537	  4426	  4391	  4447	
  4501	  4390	  4374	  4406	
  4471	  4375	  4344	  4380	
  4447	  4350	  4332	  4362	
  4426	  4340	  4314	  4351	
  4420	  4331	  4310	  4340	
  4414	  4334	  4304	  4350	
  4425	  4330	  4324	  4349	
  4439	  4350	  4331	  4364	
  4466	  4358	  4353	  4390	
  4507	  4404	  4373	  4420	
  4554	  4432	  4416	  4455	
  4595	  4475	  4441	  4502	
  4646	  4515	  4466	  4547	
  4726	  4574	  4516	  4595	
  4778	  4647	  4578	  4660	
  4880	  4724	  4656	  4745	
  4970	  4809	  4713	  4838	
  5091	  4901	  4797	  4923	
  5181	  4966	  4867	  5010	
  5281	  5080	  4942	  5105	
  5394	  5161	  5018	  5180	
  5489	  5249	  5097	  5269	
  5631	  5351	  5159	  5371	
  5756	  5440	  5237	  5471	
  5874	  5531	  5330	  5562	
  5997	  5618	  5389	  5643	
  6132	  5745	  5480	  5752	
  6272	  5842	  5548	  5849	
  6414	  5947	  5629	  5965	
  6552	  6050	  5724	  6077	
  6692	  6162	  5813	  6178	
  6851	  6273	  5893	  6278	
  7015	  6403	  6002	  6406	
  7176	  6529	  6107	  6534	
  7312	  6614	  6184	  6649	
  7510	  6785	  6312	  6776	
  7695	  6886	  6400	  6909	
  7788	  6980	  6453	  7018	
  7726	  7084	  6613	  6964	
  7333	  6639	  6230	  6574	
  6716	  6163	  5769	  6104	
  6383	  5897	  5516	  5812	
  6169	  5725	  5417	  5685	
  6033	  5638	  5309	  5596	
  5913	  5526	  5237	  5489	
  5747	  5427	  5165	  5401	
  5630	  5327	  5094	  5312	
  5507	  5225	  5015	  5222	
  5376	  5121	  4927	  5110	
  5271	  5032	  4880	  5036	
  5163	  4953	  4806	  4947	
  5045	  4855	  4744	  4859	
  4955	  4785	  4675	  4776	
  4846	  4706	  4610	  4702	
  4772	  4635	  4558	  4631	
  4695	  4561	  4499	  4569	
  4633	  4505	  4447	  4519	
  4569	  4455	  4410	  4466	
  4500	  4400	  4371	  4421	
  4451	  4368	  4353	  4376	
  4412	  4329	  4319	  4343	
  4405	  4311	  4299	  4325	
  4372	  4286	  4273	  4305	
  4354	  4286	  4266	  4295	
  4342	  4279	  4268	  4289	
  4345	  4269	  4266	  4288	
  4360	  4269	  4270	  4296	
  4373	  4292	  4283	  4309	
  4391	  4317	  4299	  4328	
  4440	  4352	  4337	  4361	
  4482	  4373	  4356	  4387	
  4526	  4413	  4383	  4431	
  4574	  4463	  4438	  4480	
  4643	  4522	  4492	  4550	
  4736	  4593	  4534	  4625	
  4813	  4672	  4601	  4699	
  4895	  4753	  4687	  4779	
  5004	  4839	  4751	  4869	
  5117	  4918	  4819	  4942	
  5214	  5034	  4910	  5048	
  5333	  5119	  4980	  5139	
  5436	  5213	  5070	  5236	
  5557	  5292	  5132	  5312	
  5685	  5396	  5207	  5406	
  5825	  5487	  5285	  5512	
  5951	  5589	  5389	  5627	
  6091	  5702	  5442	  5714	
  6221	  5808	  5521	  5822	
  6363	  5881	  5590	  5905	
  6499	  6014	  5685	  6022	
  6659	  6124	  5787	  6141	
  6810	  6245	  5879	  6256	
  7007	  6365	  5991	  6386	
  7095	  6488	  6072	  6506	
  7291	  6616	  6177	  6630	
  7420	  6729	  6261	  6728	
  7600	  6873	  6353	  6878	
  7625	  6877	  6377	  6881	
  7546	  6840	  6403	  6780	
  7095	  6442	  6024	  6347	
  6571	  6016	  5652	  5963	
  6295	  5810	  5475	  5766	
  6118	  5689	  5381	  5641	
  5975	  5582	  5291	  5537	
  5820	  5478	  5213	  5441	
  5711	  5384	  5141	  5362	
  5567	  5284	  5042	  5263	
  5447	  5185	  4961	  5159	
  5305	  5080	  4888	  5035	
  5196	  4981	  4835	  4972	
  5092	  4895	  4752	  4891	
  4978	  4805	  4695	  4801	
  4880	  4724	  4631	  4725	
  4781	  4652	  4563	  4651	
  4703	  4568	  4514	  4580	
  4618	  4508	  4454	  4505	
  4551	  4456	  4408	  4456	
  4499	  4386	  4368	  4397	
  4441	  4351	  4331	  4359	
  4397	  4311	  4294	  4324	
  4346	  4277	  4261	  4287	
  4320	  4252	  4245	  4264	
  4300	  4229	  4226	  4245	
  4282	  4235	  4223	  4245	
  4286	  4232	  4216	  4238	
  4259	  4222	  4215	  4240	
  4286	  4226	  4222	  4240	
  4302	  4237	  4232	  4260	
  4333	  4268	  4260	  4280	
  4372	  4293	  4294	  4307	
  4401	  4331	  4317	  4342	
  4465	  4377	  4360	  4392	
  4520	  4426	  4404	  4454	
  4585	  4493	  4459	  4510	
  4684	  4559	  4507	  4577	
  4761	  4625	  4570	  4649	
  4837	  4708	  4635	  4731	
  4937	  4801	  4705	  4812	
  5037	  4886	  4787	  4901	
  5159	  4977	  4854	  4990	
  5264	  5065	  4951	  5086	
  5380	  5170	  5025	  5200	
  5496	  5261	  5103	  5277	
  5605	  5361	  5193	  5376	
  5749	  5458	  5277	  5460	
  5879	  5565	  5343	  5578	
  6031	  5675	  5431	  5678	
  6162	  5761	  5502	  5781	
  6320	  5870	  5589	  5885	
  6457	  5983	  5668	  5979	
  6588	  6084	  5759	  6101	
  6733	  6191	  5852	  6213	
  6929	  6341	  5961	  6336	
  7081	  6464	  6057	  6474	
  7239	  6579	  6137	  6585	
  7381	  6689	  6236	  6685	
  7550	  6802	  6351	  6825	
  7585	  6829	  6345	  6856	
  7358	  6669	  6257	  6583	
  6928	  6276	  5907	  6234	
  6473	  5940	  5601	  5886	
  6258	  5774	  5444	  5728	
  6070	  5648	  5346	  5610	
  5913	  5542	  5246	  5500	
  5775	  5438	  5179	  5411	
  5652	  5340	  5119	  5309	
  5522	  5233	  5025	  5211	
  5388	  5145	  4940	  5116	
  5253	  5028	  4861	  5013	
  5146	  4937	  4788	  4935	
  5045	  4852	  4725	  4841	
  4926	  4778	  4665	  4759	
  4830	  4691	  4589	  4683	
  4746	  4609	  4527	  4600	
  4637	  4530	  4459	  4529	
  4569	  4464	  4420	  4463	
  4490	  4414	  4372	  4403	
  4431	  4348	  4315	  4348	
  4377	  4306	  4293	  4308	
  4331	  4271	  4252	  4275	
  4299	  4240	  4221	  4246	
  4258	  4214	  4221	  4219	
  4241	  4199	  4188	  4204	
  4231	  4185	  4186	  4204	
  4228	  4185	  4191	  4190	
  4232	  4190	  4187	  4205	
  4243	  4206	  4207	  4211	
  4267	  4223	  4232	  4233	
  4294	  4239	  4244	  4257	
  4326	  4280	  4279	  4288	
  4370	  4311	  4294	  4317	
  4407	  4357	  4341	  4354	
  4477	  4403	  4383	  4411	
  4539	  4460	  4432	  4472	
  4625	  4522	  4485	  4528	
  4697	  4592	  4543	  4606	
  4789	  4662	  4603	  4679	
  4867	  4756	  4667	  4756	
  4982	  4825	  4750	  4851	
  5087	  4928	  4837	  4953	
  5226	  5020	  4900	  5036	
  5335	  5119	  4995	  5132	
  5448	  5226	  5063	  5231	
  5569	  5317	  5143	  5330	
  5705	  5424	  5237	  5432	
  5835	  5520	  5303	  5534	
  5989	  5654	  5412	  5648	
  6105	  5736	  5473	  5750	
  6268	  5832	  5557	  5829	
  6414	  5962	  5645	  5941	
  6550	  6047	  5732	  6066	
  6701	  6165	  5817	  6161	
  6876	  6315	  5930	  6311	
  7036	  6448	  6051	  6452	
  7180	  6534	  6138	  6547	
  7333	  6668	  6232	  6651	
  7504	  6766	  6317	  6777	
  7513	  6773	  6315	  6801	
  7206	  6520	  6176	  6438	
  6793	  6174	  5815	  6112	
  6416	  5888	  5550	  5821	
  6229	  5756	  5443	  5691	
  6030	  5609	  5308	  5570	
  5879	  5517	  5216	  5478	
  5742	  5410	  5158	  5382	
  5593	  5310	  5059	  5263	
  5478	  5218	  5002	  5185	
  5352	  5106	  4920	  5087	
  5207	  5003	  4829	  4980	
  5102	  4910	  4766	  4889	
  4985	  4821	  4700	  4807	
  4874	  4721	  4618	  4711	
  4771	  4640	  4549	  4632	
  4662	  4569	  4504	  4557	
  4597	  4492	  4429	  4485	
  4510	  4423	  4384	  4415	
  4441	  4361	  4324	  4364	
  4379	  4312	  4285	  4316	
  4322	  4263	  4247	  4273	
  4274	  4221	  4221	  4234	
  4233	  4194	  4198	  4200	
  4210	  4177	  4170	  4179	
  4197	  4160	  4162	  4172	
  4197	  4150	  4150	  4167	
  4195	  4153	  4168	  4174	
  4206	  4176	  4183	  4176	
  4225	  4187	  4204	  4198	
  4242	  4207	  4194	  4213	
  4264	  4234	  4226	  4246	
  4310	  4262	  4258	  4280	
  4356	  4302	  4295	  4305	
  4389	  4343	  4339	  4355	
  4451	  4386	  4360	  4396	
  4510	  4428	  4400	  4434	
  4568	  4489	  4446	  4492	
  4653	  4555	  4490	  4570	
  4741	  4624	  4570	  4656	
  4833	  4721	  4646	  4729	
  4932	  4793	  4714	  4817	
  5031	  4888	  4799	  4917	
  5158	  4983	  4885	  5000	
  5269	  5077	  4965	  5094	
  5396	  5164	  5024	  5198	
  5529	  5289	  5119	  5299	
  5643	  5381	  5199	  5381	
  5808	  5496	  5279	  5505	
  5934	  5598	  5393	  5600	
  6067	  5713	  5446	  5724	
  6225	  5808	  5556	  5821	
  6378	  5924	  5616	  5930	
  6502	  6042	  5729	  6042	
  6674	  6153	  5806	  6150	
  6851	  6288	  5931	  6298	
  6997	  6414	  6009	  6433	
  7160	  6527	  6106	  6533	
  7313	  6626	  6206	  6646	
  7479	  6765	  6274	  6752	
  7483	  6791	  6290	  6752	
  7083	  6372	  5994	  6286	
  6685	  6069	  5719	  5984	
  6346	  5845	  5528	  5786	
  6158	  5708	  5413	  5666	
  5977	  5589	  5304	  5541	
  5832	  5483	  5206	  5433	
  5689	  5382	  5118	  5331	
  5564	  5281	  5050	  5241	
  5443	  5173	  4973	  5155	
  5308	  5073	  4890	  5054	
  5178	  4969	  4809	  4951	
  5066	  4887	  4747	  4849	
  4940	  4786	  4660	  4773	
  4829	  4688	  4582	  4671	
  4727	  4610	  4520	  4599	
  4636	  4539	  4468	  4516	
  4547	  4459	  4405	  4457	
  4457	  4396	  4363	  4396	
  4387	  4327	  4307	  4321	
  4338	  4278	  4259	  4271	
  4279	  4238	  4215	  4229	
  4236	  4192	  4189	  4186	
  4196	  4171	  4159	  4168	
  4173	  4140	  4150	  4144	
  4158	  4134	  4137	  4145	
  4161	  4135	  4149	  4142	
  4161	  4146	  4160	  4152	
  4175	  4160	  4167	  4159	
  4190	  4175	  4179	  4182	
  4216	  4196	  4203	  4201	
  4247	  4211	  4226	  4221	
  4284	  4254	  4262	  4260	
  4325	  4286	  4282	  4301	
  4386	  4335	  4317	  4340	
  4430	  4375	  4352	  4380	
  4476	  4410	  4395	  4424	
  4536	  4467	  4426	  4462	
  4600	  4518	  4484	  4526	
  4679	  4595	  4553	  4598	
  4778	  4678	  4615	  4686	
  4876	  4755	  4675	  4765	
  4998	  4856	  4758	  4872	
  5103	  4961	  4841	  4958	
  5232	  5055	  4934	  5063	
  5347	  5143	  5030	  5158	
  5488	  5249	  5097	  5255	
  5623	  5354	  5183	  5361	
  5742	  5460	  5266	  5489	
  5880	  5582	  5338	  5571	
  6024	  5674	  5443	  5681	
  6163	  5783	  5523	  5774	
  6332	  5881	  5607	  5890	
  6473	  6021	  5704	  6022	
  6616	  6118	  5778	  6122	
  6819	  6270	  5903	  6264	
  6952	  6400	  5977	  6372	
  7128	  6519	  6098	  6518	
  7275	  6636	  6169	  6626	
  7414	  6750	  6280	  6741	
  7445	  6740	  6272	  6758	
  6964	  6299	  5946	  6195	
  6624	  6022	  5675	  5940	
  6333	  5818	  5505	  5763	
  6135	  5698	  5400	  5639	
  5947	  5574	  5277	  5523	
  5813	  5473	  5185	  5427	
  5682	  5362	  5121	  5330	
  5526	  5261	  5037	  5223	
  5402	  5156	  4962	  5123	
  5268	  5057	  4868	  5026	
  5136	  4939	  4789	  4930	
  5025	  4852	  4724	  4820	
  4916	  4762	  4661	  4740	
  4794	  4668	  4575	  4643	
  4697	  4578	  4499	  4555	
  4606	  4507	  4437	  4486	
  4507	  4436	  4382	  4427	
  4425	  4364	  4329	  4371	
  4368	  4304	  4280	  4306	
  4292	  4243	  4223	  4248	
  4238	  4195	  4189	  4206	
  4191	  4166	  4160	  4163	
  4162	  4142	  4139	  4141	
  4141	  4120	  4122	  4123	
  4132	  4120	  4125	  4118	
  4139	  4118	  4144	  4126	
  4150	  4145	  4142	  4138	
  4158	  4147	  4158	  4144	
  4179	  4159	  4174	  4166	
  4197	  4189	  4203	  4193	
  4241	  4218	  4212	  4214	
  4263	  4237	  4243	  4244	
  4304	  4273	  4268	  4285	
  4349	  4310	  4303	  4321	
  4391	  4353	  4341	  4367	
  4448	  4394	  4375	  4415	
  4506	  4443	  4416	  4447	
  4573	  4499	  4468	  4514	
  4637	  4567	  4516	  4573	
  4742	  4656	  4587	  4654	
  4847	  4739	  4666	  4745	
  4967	  4828	  4745	  4847	
  5078	  4930	  4815	  4933	
  5182	  5023	  4910	  5035	
  5305	  5131	  4995	  5143	
  5436	  5232	  5082	  5232	
  5577	  5338	  5163	  5330	
  5699	  5435	  5238	  5444	
  5856	  5551	  5328	  5559	
  5995	  5660	  5423	  5672	
  6128	  5753	  5497	  5761	
  6299	  5872	  5586	  5856	
  6456	  5991	  5680	  5995	
  6586	  6107	  5774	  6098	
  6784	  6237	  5866	  6252	
  6912	  6380	  5949	  6360	
  7072	  6504	  6065	  6493	
  7233	  6606	  6147	  6589	
  7395	  6744	  6260	  6711	
  7405	  6746	  6263	  6738	
  6882	  6213	  5870	  6101	
  6563	  5959	  5637	  5893	
  6298	  5796	  5488	  5724	
  6132	  5690	  5393	  5628	
  5925	  5545	  5251	  5490	
  5777	  5453	  5176	  5413	
  5648	  5355	  5078	  5311	
  5517	  5247	  5005	  5202	
  5385	  5143	  4942	  5097	
  5255	  5037	  4854	  5010	
  5114	  4922	  4773	  4899	
  4993	  4834	  4701	  4815	
  4890	  4752	  4645	  4711	
  4788	  4650	  4549	  4626	
  4662	  4570	  4491	  4554	
  4568	  4481	  4426	  4465	
  4489	  4407	  4357	  4396	
  4409	  4346	  4307	  4334	
  4333	  4285	  4258	  4274	
  4271	  4227	  4214	  4218	
  4214	  4185	  4169	  4175	
  4155	  4138	  4146	  4138	
  4145	  4122	  4121	  4116	
  4121	  4110	  4120	  4111	
  4123	  4108	  4124	  4125	
  4118	  4115	  4137	  4111	
  4129	  4127	  4134	  4128	
  4132	  4133	  4139	  4137	
  4162	  4154	  4170	  4148	
  4193	  4183	  4186	  4187	
  4220	  4204	  4206	  4214	
  4261	  4224	  4225	  4238	
  4294	  4258	  4256	  4278	
  4331	  4302	  4309	  4308	
  4377	  4344	  4333	  4348	
  4443	  4385	  4365	  4402	
  4481	  4427	  4405	  4434	
  4550	  4478	  4444	  4480	
  4627	  4541	  4494	  4550	
  4725	  4631	  4575	  4623	
  4815	  4717	  4641	  4717	
  4932	  4806	  4721	  4817	
  5034	  4899	  4802	  4908	
  5164	  5007	  4890	  5014	
  5297	  5100	  4976	  5126	
  5402	  5209	  5063	  5207	
  5552	  5302	  5148	  5317	
  5672	  5411	  5210	  5416	
  5800	  5520	  5318	  5537	
  5969	  5634	  5403	  5636	
  6097	  5742	  5477	  5727	
  6240	  5875	  5568	  5836	
  6403	  5963	  5666	  5977	
  6567	  6092	  5778	  6093	
  6758	  6244	  5867	  6236	
  6871	  6363	  5946	  6351	
  7048	  6492	  6067	  6492	
  7190	  6587	  6147	  6584	
  7374	  6728	  6232	  6697	
  7390	  6738	  6255	  6723	
  6817	  6198	  5835	  6073	
  6496	  5910	  5613	  5844	
  6279	  5776	  5481	  5734	
  6080	  5649	  5361	  5615	
  5932	  5538	  5243	  5485	
  5755	  5442	  5155	  5388	
  5620	  5342	  5079	  5288	
  5485	  5247	  5008	  5191	
  5368	  5128	  4926	  5097	
  5239	  5031	  4855	  4994	
  5101	  4908	  4769	  4892	
  4985	  4817	  4695	  4795	
  4862	  4736	  4614	  4702	
  4749	  4645	  4551	  4610	
  4663	  4555	  4478	  4530	
  4570	  4476	  4399	  4450	
  4467	  4385	  4342	  4390	
  4387	  4322	  4308	  4323	
  4306	  4267	  4226	  4261	
  4262	  4209	  4196	  4208	
  4187	  4162	  4153	  4163	
  4149	  4129	  4135	  4130	
  4129	  4115	  4114	  4101	
  4105	  4104	  4116	  4107	
  4120	  4096	  4107	  4110	
  4110	  4100	  4121	  4109	
  4115	  4120	  4136	  4114	
  4130	  4135	  4140	  4129	
  4145	  4138	  4159	  4146	
  4173	  4173	  4181	  4176	
  4190	  4181	  4197	  4196	
  4228	  4221	  4228	  4222	
  4277	  4255	  4250	  4262	
  4318	  4286	  4286	  4298	
  4364	  4328	  4325	  4337	
  4419	  4370	  4364	  4383	
  4468	  4412	  4398	  4419	
  4528	  4459	  4442	  4468	
  4604	  4522	  4482	  4531	
  4695	  4605	  4547	  4599	
  4787	  4683	  4615	  4687	
  4913	  4772	  4708	  4791	
  5017	  4869	  4787	  4885	
  5126	  4978	  4884	  4977	
  5266	  5085	  4962	  5094	
  5396	  5190	  5067	  5199	
  5525	  5281	  5133	  5290	
  5642	  5390	  5228	  5401	
  5804	  5494	  5310	  5511	
  5934	  5610	  5381	  5613	
  6077	  5712	  5483	  5734	
  6212	  5845	  5558	  5822	
  6400	  5963	  5654	  5952	
  6581	  6079	  5746	  6093	
  6745	  6231	  5866	  6232	
  6885	  6351	  5941	  6328	
  7043	  6471	  6061	  6475	
  7188	  6593	  6157	  6576	
  7383	  6726	  6231	  6701	
  7358	  6712	  6230	  6679	
  6766	  6133	  5811	  6052	
  6495	  5890	  5593	  5830	
  6260	  5782	  5468	  5707	
  6092	  5664	  5355	  5603	
  5899	  5543	  5244	  5486	
  5760	  5440	  5151	  5396	
  5619	  5332	  5082	  5295	
  5490	  5240	  5006	  5198	
  5361	  5122	  4912	  5091	
  5209	  5023	  4845	  4983	
  5092	  4911	  4750	  4876	
  4968	  4806	  4691	  4789	
  4861	  4735	  4601	  4700	
  4746	  4631	  4527	  4600	
  4639	  4537	  4461	  4518	
  4543	  4463	  4390	  4444	
  4455	  4384	  4335	  4378	
  4379	  4310	  4285	  4304	
  4305	  4262	  4235	  4262	
  4238	  4204	  4185	  4189	
  4190	  4160	  4149	  4155	
  4143	  4126	  4125	  4120	
  4105	  4108	  4106	  4109	
  4105	  4100	  4122	  4105	
  4113	  4104	  4117	  4109	
  4112	  4108	  4115	  4108	
  4109	  4105	  4113	  4116	
  4128	  4129	  4131	  4128	
  4150	  4138	  4148	  4152	
  4157	  4160	  4163	  4174	
  4189	  4188	  4199	  4197	
  4223	  4209	  4217	  4219	
  4266	  4242	  4241	  4249	
  4316	  4280	  4269	  4291	
  4360	  4321	  4308	  4341	
  4405	  4362	  4352	  4375	
  4471	  4401	  4388	  4415	
  4521	  4454	  4425	  4461	
  4583	  4510	  4479	  4520	
  4671	  4585	  4531	  4581	
  4782	  4665	  4601	  4675	
  4881	  4763	  4677	  4783	
  4993	  4859	  4771	  4873	
  5122	  4956	  4868	  4961	
  5254	  5077	  4944	  5081	
  5372	  5177	  5052	  5180	
  5510	  5276	  5125	  5278	
  5638	  5380	  5201	  5373	
  5771	  5507	  5297	  5489	
  5902	  5606	  5371	  5597	
  6073	  5718	  5460	  5706	
  6216	  5840	  5547	  5825	
  6398	  5940	  5637	  5948	
  6547	  6062	  5728	  6069	
  6707	  6227	  5845	  6219	
  6871	  6352	  5951	  6344	
  7032	  6497	  6029	  6466	
  7172	  6587	  6115	  6573	
  7323	  6698	  6228	  6689	
  7355	  6709	  6208	  6698	
  6725	  6107	  5789	  6013	
  6476	  5892	  5598	  5821	
  6242	  5747	  5438	  5673	
  6083	  5662	  5336	  5614	
  5897	  5541	  5250	  5483	
  5749	  5434	  5142	  5385	
  5611	  5333	  5075	  5295	
  5491	  5238	  5007	  5185	
  5344	  5125	  4918	  5080	
  5226	  5019	  4844	  4990	
  5075	  4917	  4746	  4872	
  4972	  4810	  4691	  4792	
  4845	  4726	  4595	  4703	
  4724	  4625	  4527	  4601	
  4640	  4538	  4468	  4531	
  4551	  4460	  4394	  4436	
  4443	  4380	  4331	  4362	
  4365	  4319	  4283	  4311	
  4296	  4247	  4225	  4240	
  4233	  4205	  4179	  4189	
  4178	  4157	  4137	  4151	
  4131	  4130	  4116	  4134	
  4108	  4106	  4096	  4103	
  4102	  4109	  4111	  4096	
  4105	  4101	  4118	  4104	
  4096	  4101	  4117	  4107	
  4126	  4114	  4117	  4117	
  4119	  4123	  4129	  4129	
  4138	  4138	  4139	  4144	
  4154	  4153	  4153	  4165	
  4194	  4187	  4190	  4175	
  4221	  4205	  4216	  4207	
  4257	  4243	  4232	  4251	
  4293	  4277	  4275	  4284	
  4348	  4324	  4317	  4332	
  4402	  4359	  4358	  4378	
  4450	  4406	  4377	  4410	
  4519	  4456	  4430	  4457	
  4564	  4498	  4468	  4509	
  4666	  4578	  4524	  4576	
  4759	  4650	  4576	  4643	
  4867	  4744	  4672	  4760	
  4982	  4835	  4749	  4848	
  5089	  4941	  4826	  4948	
  5224	  5055	  4926	  5045	
  5327	  5142	  5021	  5139	
  5460	  5243	  5083	  5240	
  5612	  5362	  5186	  5371	
  5753	  5476	  5268	  5482	
  5891	  5592	  5352	  5578	
  6032	  5699	  5437	  5703	
  6207	  5818	  5531	  5819	
  6352	  5951	  5634	  5934	
  6522	  6087	  5745	  6065	
  6706	  6237	  5851	  6206	
  6860	  6360	  5949	  6324	
  7016	  6464	  6014	  6462	
  7191	  6595	  6139	  6564	
  7304	  6716	  6210	  6678	
  7338	  6752	  6212	  6672	
  6740	  6118	  5775	  6014	
  6480	  5890	  5585	  5817	
  6250	  5778	  5440	  5698	
  6082	  5671	  5342	  5601	
  5912	  5549	  5254	  5496	
  5756	  5440	  5169	  5381	
  5620	  5333	  5071	  5295	
  5486	  5241	  5003	  5189	
  5341	  5127	  4899	  5084	
  5222	  5021	  4841	  4990	
  5084	  4915	  4756	  4882	
  4969	  4816	  4674	  4790	
  4854	  4739	  4592	  4691	
  4730	  4628	  4525	  4603	
  4638	  4542	  4461	  4519	
  4548	  4466	  4408	  4443	
  4463	  4388	  4338	  4368	
  4384	  4325	  4280	  4312	
  4301	  4275	  4240	  4256	
  4234	  4207	  4180	  4206	
  4183	  4157	  4146	  4151	
  4147	  4128	  4123	  4117	
  4121	  4111	  4115	  4109	
  4115	  4108	  4120	  4113	
  4124	  4108	  4130	  4100	
  4109	  4111	  4125	  4121	
  4119	  4121	  4129	  4125	
  4119	  4124	  4126	  4126	
  4143	  4134	  4140	  4146	
  4155	  4158	  4163	  4168	
  4182	  4180	  4192	  4192	
  4218	  4212	  4205	  4223	
  4259	  4254	  4235	  4256	
  4301	  4281	  4282	  4276	
  4346	  4322	  4314	  4326	
  4411	  4355	  4354	  4367	
  4461	  4403	  4388	  4413	
  4516	  4444	  4419	  4457	
  4570	  4496	  4462	  4503	
  4647	  4563	  4502	  4568	
  4752	  4634	  4571	  4648	
  4845	  4731	  4662	  4729	
  4966	  4818	  4720	  4825	
  5057	  4903	  4807	  4907	
  5190	  5004	  4889	  5008	
  5299	  5084	  4948	  5099	
  5435	  5202	  5055	  5220	
  5600	  5332	  5145	  5343	
  5749	  5460	  5257	  5457	
  5880	  5578	  5341	  5567	
  6028	  5689	  5444	  5697	
  6212	  5843	  5532	  5816	
  6377	  5950	  5641	  5944	
  6512	  6082	  5743	  6065	
  6700	  6208	  5857	  6202	
  6870	  6360	  5960	  6342	
  7024	  6468	  6018	  6437	
  7178	  6595	  6137	  6577	
  7333	  6715	  6224	  6684	
  7363	  6741	  6221	  6717	
  6767	  6112	  5795	  6024	
  6492	  5905	  5580	  5824	
  6247	  5776	  5449	  5715	
  6095	  5679	  5378	  5609	
  5937	  5560	  5255	  5495	
  5766	  5464	  5170	  5393	
  5631	  5337	  5080	  5299	
  5500	  5231	  4999	  5208	
  5356	  5141	  4909	  5086	
  5236	  5020	  4851	  4989	
  5108	  4918	  4755	  4884	
  4983	  4824	  4695	  4807	
  4872	  4739	  4609	  4709	
  4761	  4643	  4523	  4614	
  4648	  4541	  4464	  4533	
  4549	  4479	  4395	  4463	
  4466	  4401	  4338	  4380	
  4383	  4330	  4283	  4314	
  4313	  4273	  4227	  4267	
  4251	  4217	  4198	  4208	
  4196	  4168	  4156	  4155	
  4157	  4135	  4120	  4132	
  4132	  4117	  4114	  4117	
  4124	  4117	  4115	  4115	
  4124	  4118	  4120	  4124	
  4118	  4119	  4133	  4117	
  4116	  4125	  4126	  4123	
  4136	  4138	  4141	  4139	
  4154	  4148	  4165	  4152	
  4168	  4165	  4169	  4175	
  4197	  4181	  4201	  4197	
  4233	  4227	  4221	  4232	
  4269	  4250	  4236	  4263	
  4316	  4291	  4286	  4293	
  4361	  4327	  4319	  4329	
  4407	  4369	  4347	  4374	
  4462	  4403	  4383	  4404	
  4517	  4446	  4432	  4447	
  4572	  4502	  4444	  4504	
  4650	  4562	  4512	  4562	
  4755	  4649	  4577	  4647	
  4847	  4726	  4655	  4731	
  4959	  4810	  4713	  4809	
  5062	  4897	  4788	  4910	
  5187	  4999	  4866	  4989	
  5303	  5099	  4946	  5102	
  5447	  5201	  5060	  5215	
  5576	  5343	  5136	  5322	
  5773	  5462	  5236	  5473	
  5909	  5577	  5343	  5586	
  6053	  5703	  5441	  5703	
  6193	  5836	  5551	  5823	
  6367	  5973	  5647	  5943	
  6541	  6094	  5745	  6069	
  6737	  6222	  5851	  6236	
  6876	  6362	  5948	  6356	
  7026	  6476	  6041	  6465	
  7187	  6608	  6115	  6569	
  7324	  6707	  6210	  6694	
  7348	  6734	  6240	  6678	
  6788	  6150	  5810	  6056	
  6500	  5927	  5582	  5835	
  6303	  5807	  5481	  5729	
  6088	  5676	  5358	  5621	
  5939	  5567	  5271	  5512	
  5785	  5470	  5175	  5410	
  5651	  5354	  5097	  5308	
  5524	  5267	  5020	  5220	
  5394	  5156	  4941	  5129	
  5256	  5063	  4869	  5013	
  5117	  4947	  4780	  4904	
  5000	  4853	  4701	  4818	
  4891	  4754	  4626	  4715	
  4780	  4657	  4551	  4640	
  4672	  4581	  4483	  4556	
  4591	  4496	  4419	  4470	
  4494	  4427	  4359	  4414	
  4414	  4353	  4301	  4339	
  4344	  4290	  4249	  4277	
  4273	  4238	  4204	  4221	
  4212	  4195	  4159	  4178	
  4184	  4158	  4139	  4156	
  4150	  4127	  4113	  4134	
  4130	  4135	  4122	  4126	
  4137	  4129	  4140	  4120	
  4140	  4137	  4130	  4131	
  4138	  4140	  4152	  4128	
  4153	  4156	  4152	  4155	
  4166	  4163	  4164	  4175	
  4185	  4190	  4189	  4193	
  4210	  4198	  4200	  4202	
  4251	  4237	  4235	  4230	
  4289	  4261	  4257	  4270	
  4328	  4298	  4302	  4309	
  4365	  4334	  4315	  4339	
  4412	  4373	  4358	  4371	
  4455	  4402	  4389	  4412	
  4520	  4441	  4422	  4460	
  4591	  4503	  4459	  4508	
  4673	  4563	  4515	  4568	
  4754	  4636	  4582	  4646	
  4854	  4720	  4647	  4738	
  4947	  4807	  4713	  4800	
  5064	  4902	  4781	  4913	
  5187	  5005	  4868	  5009	
  5329	  5118	  4961	  5110	
  5460	  5228	  5063	  5223	
  5596	  5341	  5152	  5346	
  5745	  5465	  5235	  5461	
  5887	  5584	  5352	  5587	
  6064	  5699	  5453	  5702	
  6225	  5834	  5539	  5822	
  6391	  5994	  5650	  5968	
  6548	  6117	  5759	  6100	
  6733	  6245	  5879	  6239	
  6898	  6360	  5959	  6343	
  7052	  6499	  6042	  6486	
  7207	  6612	  6135	  6600	
  7382	  6743	  6237	  6722	
  7367	  6752	  6236	  6720	
  6799	  6176	  5827	  6103	
  6558	  5960	  5620	  5868	
  6294	  5820	  5487	  5744	
  6125	  5715	  5378	  5638	
  5949	  5576	  5269	  5533	
  5814	  5499	  5181	  5447	
  5669	  5384	  5109	  5354	
  5534	  5269	  5034	  5244	
  5411	  5177	  4956	  5133	
  5279	  5079	  4873	  5037	
  5143	  4968	  4783	  4930	
  5034	  4869	  4711	  4839	
  4916	  4786	  4649	  4748	
  4808	  4685	  4570	  4648	
  4705	  4595	  4497	  4580	
  4626	  4533	  4434	  4503	
  4525	  4452	  4378	  4433	
  4440	  4380	  4321	  4368	
  4372	  4313	  4268	  4309	
  4293	  4269	  4218	  4259	
  4244	  4220	  4186	  4206	
  4195	  4181	  4149	  4175	
  4167	  4156	  4143	  4144	
  4158	  4134	  4144	  4136	
  4154	  4143	  4145	  4143	
  4149	  4148	  4145	  4136	
  4160	  4151	  4155	  4149	
  4174	  4165	  4166	  4165	
  4179	  4180	  4184	  4180	
  4213	  4201	  4197	  4192	
  4237	  4211	  4218	  4219	
  4271	  4248	  4241	  4250	
  4303	  4273	  4269	  4274	
  4339	  4311	  4311	  4311	
  4384	  4346	  4336	  4357	
  4425	  4382	  4373	  4386	
  4479	  4412	  4397	  4429	
  4533	  4457	  4434	  4455	
  4603	  4515	  4468	  4521	
  4685	  4583	  4533	  4579	
  4772	  4655	  4585	  4665	
  4871	  4737	  4660	  4741	
  4971	  4820	  4723	  4821	
  5084	  4907	  4799	  4926	
  5207	  5023	  4895	  5029	
  5340	  5125	  4971	  5128	
  5484	  5241	  5078	  5232	
  5625	  5366	  5157	  5367	
  5795	  5489	  5259	  5487	
  5935	  5610	  5374	  5612	
  6068	  5707	  5463	  5733	
  6227	  5867	  5543	  5843	
  6406	  5988	  5659	  5988	
  6562	  6124	  5765	  6096	
  6755	  6273	  5863	  6255	
  6881	  6395	  5963	  6355	
  7048	  6518	  6059	  6500	
  7229	  6613	  6147	  6602	
  7361	  6758	  6251	  6713	
  7381	  6752	  6268	  6738	
  6890	  6255	  5868	  6161	
  6599	  6013	  5652	  5925	
  6332	  5845	  5500	  5766	
  6156	  5746	  5405	  5657	
  5983	  5620	  5280	  5568	
  5840	  5505	  5204	  5457	
  5707	  5418	  5137	  5366	
  5582	  5300	  5043	  5259	
  5443	  5207	  4978	  5171	
  5314	  5110	  4892	  5072	
  5184	  5004	  4803	  4967	
  5069	  4909	  4737	  4882	
  4956	  4806	  4661	  4784	
  4834	  4718	  4594	  4695	
  4739	  4628	  4516	  4605	
  4642	  4559	  4457	  4542	
  4551	  4478	  4397	  4457	
  4473	  4405	  4354	  4393	
  4404	  4352	  4299	  4338	
  4348	  4291	  4247	  4286	
  4294	  4241	  4207	  4239	
  4240	  4208	  4184	  4195	
  4205	  4177	  4156	  4174	
  4184	  4168	  4159	  4154	
  4167	  4167	  4159	  4154	
  4173	  4165	  4155	  4161	
  4180	  4168	  4164	  4169	
  4202	  4180	  4172	  4191	
  4209	  4201	  4187	  4201	
  4229	  4217	  4210	  4220	
  4251	  4239	  4227	  4241	
  4288	  4259	  4261	  4262	
  4316	  4288	  4275	  4287	
  4364	  4322	  4312	  4329	
  4396	  4363	  4338	  4367	
  4447	  4396	  4364	  4400	
  4495	  4427	  4406	  4431	
  4554	  4473	  4441	  4474	
  4616	  4525	  4476	  4535	
  4697	  4598	  4530	  4605	
  4796	  4666	  4592	  4673	
  4895	  4755	  4675	  4756	
  5008	  4855	  4736	  4848	
  5114	  4955	  4814	  4945	
  5243	  5066	  4900	  5061	
  5368	  5159	  5007	  5161	
  5527	  5276	  5087	  5288	
  5664	  5398	  5181	  5395	
  5803	  5514	  5275	  5502	
  5959	  5631	  5377	  5639	
  6110	  5759	  5476	  5745	
  6266	  5884	  5579	  5883	
  6445	  6023	  5677	  6015	
  6597	  6142	  5784	  6135	
  6816	  6289	  5913	  6295	
  6920	  6413	  5980	  6402	
  7100	  6543	  6071	  6525	
  7244	  6659	  6167	  6631	
  7420	  6787	  6272	  6741	
  7414	  6765	  6223	  6716	
  6945	  6347	  5930	  6220	
  6644	  6049	  5676	  5970	
  6338	  5849	  5502	  5798	
  6197	  5736	  5413	  5696	
  6019	  5652	  5308	  5590	
  5879	  5541	  5217	  5485	
  5751	  5438	  5142	  5401	
  5608	  5355	  5071	  5304	
  5484	  5230	  4987	  5194	
  5351	  5141	  4926	  5102	
  5235	  5035	  4833	  5005	
  5110	  4933	  4759	  4904	
  5000	  4847	  4700	  4819	
  4880	  4753	  4612	  4720	
  4782	  4676	  4564	  4644	
  4690	  4596	  4486	  4582	
  4607	  4514	  4425	  4503	
  4518	  4448	  4378	  4429	
  4446	  4390	  4333	  4370	
  4388	  4333	  4288	  4316	
  4323	  4286	  4238	  4284	
  4283	  4243	  4206	  4244	
  4241	  4215	  4191	  4207	
  4221	  4194	  4165	  4189	
  4219	  4187	  4172	  4181	
  4202	  4183	  4167	  4188	
  4219	  4198	  4186	  4191	
  4230	  4211	  4198	  4213	
  4238	  4219	  4199	  4221	
  4259	  4233	  4233	  4244	
  4283	  4252	  4244	  4263	
  4305	  4279	  4259	  4280	
  4337	  4301	  4287	  4315	
  4389	  4334	  4318	  4343	
  4414	  4378	  4341	  4377	
  4472	  4407	  4373	  4413	
  4507	  4445	  4410	  4446	
  4579	  4488	  4450	  4498	
  4659	  4556	  4490	  4555	
  4741	  4623	  4548	  4630	
  4825	  4703	  4608	  4711	
  4931	  4792	  4678	  4801	
  5043	  4879	  4787	  4890	
  5174	  4983	  4836	  4989	
  5286	  5100	  4939	  5091	
  5414	  5197	  5026	  5207	
  5549	  5308	  5114	  5312	
  5697	  5430	  5222	  5436	
  5854	  5538	  5302	  5554	
  5990	  5667	  5401	  5671	
  6127	  5790	  5494	  5788	
  6301	  5914	  5606	  5918	
  6453	  6028	  5694	  6039	
  6625	  6173	  5803	  6170	
  6800	  6291	  5902	  6300	
  6946	  6446	  5990	  6422	
  7101	  6547	  6091	  6524	
  7290	  6684	  6195	  6649	
  7445	  6808	  6290	  6792	
  7414	  6811	  6270	  6760	
  7138	  6456	  6004	  6346	
  6748	  6119	  5749	  6050	
  6444	  5905	  5522	  5847	
  6249	  5799	  5439	  5740	
  6067	  5675	  5324	  5611	
  5944	  5583	  5264	  5532	
  5800	  5474	  5192	  5429	
  5651	  5369	  5087	  5320	
  5539	  5273	  5009	  5247	
  5398	  5177	  4941	  5130	
  5261	  5070	  4866	  5035	
  5158	  4976	  4793	  4946	
  5056	  4884	  4739	  4871	
  4914	  4804	  4637	  4762	
  4837	  4707	  4586	  4690	
  4744	  4628	  4522	  4623	
  4663	  4557	  4474	  4548	
  4578	  4491	  4411	  4489	
  4502	  4427	  4362	  4424	
  4443	  4367	  4307	  4356	
  4376	  4337	  4282	  4317	
  4335	  4281	  4250	  4286	
  4299	  4246	  4221	  4249	
  4262	  4238	  4196	  4229	
  4251	  4215	  4187	  4216	
  4245	  4213	  4193	  4206	
  4241	  4221	  4207	  4225	
  4247	  4240	  4213	  4236	
  4273	  4243	  4227	  4238	
  4277	  4265	  4244	  4267	
  4320	  4280	  4258	  4282	
  4340	  4299	  4267	  4296	
  4369	  4327	  4296	  4332	
  4409	  4354	  4334	  4359	
  4452	  4382	  4357	  4389	
  4502	  4421	  4384	  4425	
  4572	  4466	  4418	  4473	
  4611	  4516	  4468	  4531	
  4696	  4585	  4506	  4591	
  4785	  4669	  4561	  4665	
  4881	  4743	  4639	  4742	
  4977	  4836	  4725	  4838	
  5098	  4930	  4807	  4929	
  5205	  5017	  4885	  5025	
  5339	  5140	  4975	  5133	
  5473	  5237	  5057	  5248	
  5599	  5344	  5146	  5336	
  5735	  5462	  5246	  5465	
  5886	  5592	  5355	  5572	
  6047	  5719	  5432	  5717	
  6192	  5827	  5533	  5817	
  6376	  5956	  5636	  5952	
  6526	  6077	  5733	  6090	
  6670	  6200	  5814	  6202	
  6842	  6351	  5945	  6338	
  7018	  6460	  6036	  6484	
  7131	  6589	  6118	  6577	
  7313	  6709	  6207	  6666	
  7482	  6837	  6301	  6807	
  7476	  6848	  6299	  6819	
  7276	  6592	  6131	  6445	
  6873	  6248	  5842	  6145	
  6489	  5955	  5586	  5883	
  6289	  5857	  5457	  5786	
  6139	  5715	  5379	  5669	
  5997	  5612	  5288	  5563	
  5852	  5521	  5203	  5475	
  5726	  5423	  5122	  5384	
  5591	  5339	  5048	  5287	
  5451	  5217	  4971	  5185	
  5332	  5115	  4896	  5075	
  5208	  5026	  4833	  4989	
  5114	  4943	  4771	  4922	
  4993	  4847	  4690	  4831	
  4889	  4766	  4627	  4740	
  4812	  4688	  4569	  4675	
  4716	  4616	  4506	  4602	
  4646	  4540	  4452	  4538	
  4569	  4492	  4403	  4475	
  4508	  4429	  4363	  4417	
  4435	  4381	  4318	  4369	
  4399	  4344	  4296	  4337	
  4359	  4308	  4262	  4293	
  4335	  4288	  4243	  4278	
  4313	  4261	  4231	  4252	
  4289	  4263	  4220	  4260	
  4286	  4262	  4224	  4257	
  4282	  4258	  4223	  4264	
  4300	  4259	  4251	  4270	
  4334	  4277	  4269	  4286	
  4347	  4299	  4280	  4307	
  4362	  4321	  4306	  4323	
  4406	  4349	  4327	  4350	
  4440	  4375	  4347	  4373	
  4480	  4408	  4377	  4418	
  4539	  4447	  4413	  4458	
  4603	  4508	  4448	  4518	
  4670	  4576	  4496	  4571	
  4761	  4638	  4572	  4641	
  4841	  4715	  4625	  4717	
  4948	  4791	  4680	  4793	
  5051	  4878	  4770	  4888	
  5143	  4987	  4852	  4984	
  5270	  5083	  4912	  5084	
  5400	  5186	  5012	  5187	
  5525	  5292	  5108	  5293	
  5662	  5401	  5192	  5395	
  5794	  5504	  5274	  5509	
  5959	  5630	  5380	  5626	
  6095	  5755	  5458	  5753	
  6251	  5870	  5566	  5867	
  6405	  6001	  5659	  5990	
  6559	  6133	  5750	  6111	
  6714	  6236	  5858	  6240	
  6892	  6369	  5956	  6356	
  7031	  6515	  6072	  6485	
  7188	  6603	  6143	  6580	
  7346	  6716	  6227	  6695	
  7511	  6853	  6315	  6809	
  7521	  6866	  6330	  6814	
  7468	  6742	  6286	  6630	
  7036	  6377	  5919	  6257	
  6581	  6020	  5624	  5943	
  6358	  5888	  5498	  5836	
  6198	  5778	  5409	  5707	
  6050	  5666	  5315	  5610	
  5929	  5576	  5241	  5523	
  5788	  5480	  5169	  5425	
  5642	  5366	  5091	  5321	
  5524	  5273	  5027	  5225	
  5394	  5163	  4933	  5138	
  5292	  5078	  4861	  5041	
  5186	  4989	  4809	  4972	
  5056	  4891	  4727	  4873	
  4959	  4818	  4674	  4802	
  4869	  4744	  4604	  4722	
  4790	  4673	  4557	  4653	
  4701	  4605	  4499	  4588	
  4629	  4556	  4438	  4532	
  4565	  4478	  4403	  4468	
  4519	  4441	  4369	  4436	
  4463	  4394	  4346	  4384	
  4428	  4363	  4314	  4355	
  4392	  4334	  4284	  4337	
  4380	  4307	  4275	  4317	
  4357	  4299	  4255	  4310	
  4352	  4304	  4258	  4298	
  4352	  4301	  4254	  4304	
  4347	  4312	  4257	  4307	
  4364	  4322	  4288	  4323	
  4389	  4333	  4297	  4339	
  4418	  4351	  4318	  4353	
  4456	  4374	  4346	  4387	
  4493	  4418	  4375	  4430	
  4550	  4457	  4407	  4463	
  4606	  4505	  4454	  4502	
  4659	  4552	  4481	  4564	
  4736	  4628	  4541	  4629	
  4816	  4695	  4595	  4693	
  4901	  4762	  4648	  4769	
  4999	  4845	  4710	  4856	
  5100	  4933	  4797	  4949	
  5209	  5027	  4889	  5029	
  5338	  5120	  4976	  5127	
  5451	  5240	  5054	  5235	
  5574	  5324	  5132	  5336	
  5723	  5451	  5221	  5439	
  5853	  5548	  5314	  5551	
  6004	  5675	  5399	  5667	
  6150	  5783	  5508	  5782	
  6288	  5905	  5582	  5902	
  6473	  6045	  5676	  6022	
  6600	  6150	  5788	  6126	
  6772	  6279	  5881	  6273	
  6939	  6414	  5987	  6411	
  7083	  6546	  6081	  6516	
  7234	  6634	  6164	  6642	
  7411	  6765	  6226	  6734	
  7538	  6890	  6343	  6849	
  7578	  6883	  6342	  6851	
  7614	  6901	  6428	  6801	
  7192	  6531	  6051	  6442	
  6696	  6137	  5694	  6061	
  6424	  5933	  5532	  5870	
  6234	  5806	  5426	  5759	
  6097	  5723	  5357	  5676	
  5981	  5615	  5267	  5566	
  5848	  5516	  5207	  5462	
  5721	  5428	  5139	  5384	
  5602	  5323	  5057	  5298	
  5467	  5222	  4964	  5185	
  5363	  5144	  4905	  5091	
  5254	  5043	  4858	  5029	
  5151	  4961	  4792	  4938	
  5040	  4886	  4722	  4860	
  4954	  4807	  4665	  4786	
  4864	  4743	  4596	  4717	
  4781	  4683	  4559	  4648	
  4708	  4608	  4511	  4603	
  4648	  4561	  4466	  4543	
  4594	  4512	  4420	  4493	
  4543	  4465	  4390	  4465	
  4502	  4428	  4348	  4421	
  4479	  4398	  4352	  4392	
  4437	  4372	  4322	  4374	
  4424	  4363	  4320	  4363	
  4416	  4358	  4313	  4356	
  4416	  4355	  4311	  4357	
  4426	  4372	  4308	  4361	
  4436	  4374	  4335	  4377	
  4462	  4390	  4353	  4389	
  4485	  4414	  4363	  4412	
  4511	  4442	  4393	  4440	
  4556	  4484	  4411	  4485	
  4608	  4513	  4435	  4520	
  4683	  4559	  4492	  4579	
  4728	  4610	  4535	  4615	
  4804	  4674	  4581	  4697	
  4888	  4746	  4642	  4760	
  4982	  4827	  4717	  4847	
  5058	  4903	  4782	  4909	
  5171	  4997	  4854	  4999	
  5289	  5090	  4939	  5098	
  5404	  5174	  5012	  5185	
  5531	  5285	  5084	  5301	
  5636	  5399	  5179	  5394	
  5801	  5490	  5255	  5500	
  5914	  5604	  5362	  5608	
  6054	  5714	  5434	  5726	
  6207	  5848	  5553	  5842	
  6359	  5948	  5622	  5951	
  6488	  6068	  5703	  6064	
  6678	  6205	  5833	  6205	
  6821	  6336	  5922	  6338	
  6989	  6468	  6014	  6462	
  7128	  6567	  6105	  6552	
  7279	  6703	  6231	  6677	
  7447	  6816	  6286	  6771	
  7610	  6933	  6395	  6922	
  7589	  6912	  6339	  6898	
  7862	  7136	  6619	  7028	
  7415	  6714	  6220	  6628	
  6840	  6263	  5789	  6170	
  6521	  5993	  5596	  5950	
  6310	  5874	  5483	  5806	
  6192	  5765	  5400	  5715	
  6046	  5675	  5320	  5615	
  5936	  5577	  5257	  5519	
  5784	  5479	  5173	  5439	
  5665	  5367	  5096	  5334	
  5535	  5270	  5031	  5239	
  5442	  5190	  4947	  5167	
  5325	  5110	  4898	  5095	
  5207	  5038	  4826	  4999	
  5110	  4953	  4786	  4932	
  5019	  4873	  4718	  4850	
  4947	  4804	  4673	  4789	
  4876	  4741	  4616	  4715	
  4815	  4686	  4554	  4672	
  4742	  4628	  4525	  4618	
  4684	  4585	  4486	  4562	
  4637	  4535	  4448	  4535	
  4587	  4493	  4426	  4489	
  4557	  4477	  4410	  4472	
  4541	  4448	  4385	  4455	
  4519	  4441	  4375	  4436	
  4510	  4429	  4366	  4425	
  4496	  4416	  4371	  4429	
  4522	  4438	  4385	  4435	
  4521	  4440	  4388	  4442	
  4545	  4456	  4398	  4458	
  4574	  4475	  4421	  4478	
  4599	  4504	  4449	  4503	
  4636	  4536	  4471	  4550	
  4701	  4589	  4506	  4598	
  4748	  4631	  4550	  4636	
  4817	  4689	  4592	  4701	
  4888	  4751	  4654	  4752	
  4968	  4825	  4717	  4823	
  5067	  4901	  4776	  4893	
  5163	  4973	  4839	  4989	
  5262	  5073	  4911	  5082	
  5361	  5159	  4997	  5150	
  5488	  5241	  5056	  5256	
  5601	  5350	  5137	  5356	
  5730	  5456	  5236	  5462	
  5874	  5545	  5309	  5566	
  5998	  5657	  5397	  5668	
  6147	  5793	  5496	  5789	
  6307	  5912	  5583	  5896	
  6449	  6022	  5700	  6011	
  6579	  6133	  5758	  6131	
  6715	  6249	  5870	  6260	
  6868	  6367	  5959	  6354	
  7060	  6497	  6069	  6492	
  7218	  6627	  6160	  6615	
  7370	  6718	  6236	  6709	
  7508	  6838	  6293	  6816	
  7691	  6963	  6399	  6954	
  7738	  6996	  6401	  7003	
  8155	  7418	  6842	  7282	
  7613	  6948	  6415	  6839	
  6994	  6413	  5907	  6332	
  6603	  6080	  5643	  6030	
  6393	  5941	  5519	  5892	
  6255	  5819	  5430	  5772	
  6122	  5724	  5371	  5677	
  6007	  5639	  5285	  5582	
  5873	  5537	  5224	  5487	
  5734	  5441	  5157	  5398	
  5615	  5342	  5072	  5305	
  5514	  5252	  5005	  5224	
  5402	  5173	  4953	  5151	
  5294	  5088	  4892	  5069	
  5210	  5026	  4830	  4999	
  5126	  4948	  4786	  4914	
  5040	  4884	  4727	  4855	
  4964	  4814	  4682	  4794	
  4875	  4755	  4629	  4737	
  4813	  4696	  4580	  4688	
  4781	  4652	  4549	  4649	
  4715	  4613	  4513	  4596	
  4681	  4579	  4484	  4570	
  4644	  4551	  4469	  4535	
  4631	  4515	  4435	  4519	
  4613	  4516	  4441	  4511	
  4599	  4510	  4447	  4501	
  4585	  4496	  4430	  4507	
  4600	  4519	  4437	  4510	
  4612	  4516	  4444	  4511	
  4632	  4531	  4466	  4532	
  4665	  4556	  4485	  4554	
  4691	  4583	  4496	  4585	
  4732	  4620	  4529	  4623	
  4789	  4669	  4572	  4668	
  4829	  4706	  4608	  4711	
  4902	  4767	  4650	  4778	
  4975	  4826	  4722	  4826	
  5061	  4899	  4760	  4914	
  5139	  4967	  4842	  4987	
  5240	  5056	  4897	  5061	
  5351	  5138	  4965	  5154	
  5456	  5228	  5038	  5225	
  5579	  5330	  5124	  5324	
  5686	  5424	  5186	  5425	
  5801	  5521	  5276	  5524	
  5949	  5621	  5381	  5629	
  6063	  5728	  5442	  5741	
  6212	  5854	  5549	  5840	
  6382	  5949	  5628	  5962	
  6513	  6064	  5719	  6055	
  6662	  6192	  5823	  6188	
  6814	  6310	  5901	  6308	
  6943	  6406	  5969	  6402	
  7123	  6549	  6077	  6536	
  7254	  6658	  6180	  6637	
  7433	  6769	  6235	  6755	
  7524	  6854	  6327	  6880	
  7748	  7023	  6425	  7026	
  7867	  7135	  6502	  7110	
  8495	  7812	  7155	  7655	
  7953	  7240	  6614	  7135	
  7251	  6655	  6112	  6567	
  6756	  6217	  5762	  6156	
  6485	  5994	  5561	  5938	
  6343	  5901	  5475	  5857	
  6230	  5798	  5412	  5752	
  6091	  5689	  5338	  5645	
  5960	  5598	  5274	  5573	
  5849	  5512	  5205	  5488	
  5725	  5407	  5136	  5378	
  5613	  5333	  5079	  5299	
  5505	  5265	  5020	  5235	
  5410	  5180	  4958	  5141	
  5320	  5104	  4914	  5084	
  5222	  5037	  4829	  5012	
  5141	  4964	  4803	  4952	
  5067	  4896	  4740	  4885	
  4994	  4836	  4682	  4832	
  4935	  4793	  4649	  4781	
  4873	  4730	  4608	  4730	
  4828	  4706	  4588	  4690	
  4776	  4655	  4557	  4655	
  4758	  4637	  4532	  4634	
  4736	  4605	  4514	  4615	
  4711	  4600	  4518	  4601	
  4691	  4594	  4500	  4598	
  4709	  4584	  4496	  4593	
  4701	  4582	  4509	  4590	
  4704	  4607	  4519	  4612	
  4729	  4624	  4529	  4620	
  4767	  4644	  4550	  4643	
  4778	  4681	  4568	  4673	
  4838	  4717	  4609	  4711	
  4892	  4745	  4653	  4754	
  4937	  4788	  4681	  4802	
  5005	  4850	  4736	  4861	
  5071	  4905	  4779	  4911	
  5164	  4981	  4837	  4996	
  5257	  5040	  4907	  5050	
  5329	  5136	  4965	  5142	
  5449	  5223	  5037	  5217	
  5560	  5302	  5098	  5309	
  5671	  5392	  5188	  5410	
  5779	  5493	  5267	  5512	
  5919	  5589	  5353	  5603	
  6044	  5683	  5418	  5700	
  6202	  5795	  5507	  5793	
  6322	  5909	  5607	  5918	
  6446	  6005	  5694	  6028	
  6606	  6119	  5771	  6124	
  6726	  6234	  5894	  6251	
  6877	  6355	  5952	  6376	
  7023	  6462	  6025	  6470	
  7187	  6602	  6163	  6592	
  7345	  6725	  6220	  6709	
  7496	  6820	  6299	  6819	
  7655	  6923	  6372	  6905	
  7923	  7141	  6548	  7143	
  8043	  7303	  6641	  7312	
  8968	  8207	  7453	  8062	
  8299	  7580	  6903	  7440	
  7534	  6897	  6293	  6822	
  6953	  6425	  5892	  6336	
  6573	  6082	  5622	  6019	
  6459	  5970	  5567	  5924	
  6327	  5884	  5485	  5826	
  6175	  5767	  5418	  5720	
  6074	  5675	  5326	  5643	
  5932	  5571	  5269	  5538	
  5820	  5483	  5191	  5456	
  5719	  5415	  5136	  5379	
  5602	  5331	  5061	  5297	
  5483	  5247	  5000	  5227	
  5430	  5175	  4960	  5157	
  5336	  5122	  4911	  5093	
  5246	  5040	  4863	  5034	
  5166	  4981	  4804	  4981	
  5105	  4920	  4775	  4912	
  5045	  4867	  4721	  4861	
  4986	  4818	  4684	  4812	
  4938	  4776	  4651	  4776	
  4888	  4747	  4625	  4737	
  4863	  4715	  4614	  4714	
  4831	  4702	  4607	  4704	
  4821	  4684	  4589	  4686	
  4798	  4676	  4579	  4690	
  4799	  4675	  4569	  4679	
  4798	  4687	  4585	  4683	
  4804	  4693	  4580	  4692	
  4843	  4706	  4608	  4701	
  4877	  4733	  4630	  4735	
  4895	  4762	  4645	  4762	
  4934	  4800	  4672	  4794	
  4988	  4832	  4706	  4848	
  5046	  4876	  4756	  4895	
  5109	  4930	  4795	  4949	
  5176	  4996	  4845	  5009	
  5255	  5067	  4901	  5075	
  5353	  5131	  4971	  5147	
  5439	  5212	  5032	  5226	
  5556	  5305	  5097	  5309	
  5661	  5381	  5171	  5400	
  5752	  5479	  5239	  5481	
  5864	  5566	  5311	  5578	
  6000	  5657	  5392	  5659	
  6116	  5754	  5477	  5768	
  6267	  5859	  5557	  5876	
  6409	  5979	  5672	  5996	
  6537	  6076	  5729	  6085	
  6678	  6173	  5821	  6186	
  6807	  6291	  5920	  6286	
  6991	  6427	  6011	  6425	
  7091	  6518	  6076	  6516	
  7268	  6642	  6165	  6651	
  7370	  6736	  6234	  6737	
  7578	  6875	  6314	  6878	
  7742	  7010	  6430	  7011	
  8125	  7346	  6689	  7337	
  8243	  7462	  6788	  7475	
  9532	  8730	  7874	  8616	
  8701	  7933	  7195	  7818	
  7810	  7180	  6546	  7094	
  7226	  6611	  6046	  6535	
  6737	  6199	  5693	  6140	
  6521	  6023	  5585	  5978	
  6403	  5921	  5517	  5873	
  6285	  5831	  5447	  5780	
  6163	  5718	  5384	  5693	
  6039	  5655	  5305	  5602	
  5936	  5541	  5244	  5528	
  5805	  5464	  5176	  5437	
  5712	  5391	  5125	  5363	
  5603	  5321	  5062	  5300	
  5530	  5246	  5021	  5234	
  5426	  5172	  4955	  5165	
  5327	  5110	  4914	  5101	
  5280	  5048	  4864	  5046	
  5195	  4996	  4824	  4992	
  5154	  4950	  4789	  4938	
  5078	  4898	  4764	  4906	
  5034	  4855	  4712	  4859	
  4995	  4819	  4684	  4821	
  4974	  4797	  4681	  4791	
  4951	  4789	  4670	  4797	
  4921	  4771	  4650	  4771	
  4911	  4756	  4648	  4765	
  4908	  4758	  4648	  4762	
  4920	  4747	  4629	  4764	
  4924	  4761	  4657	  4780	
  4947	  4783	  4673	  4791	
  4968	  4812	  4686	  4829	
  4989	  4832	  4712	  4839	
  5045	  4873	  4748	  4885	
  5092	  4923	  4776	  4923	
  5173	  4956	  4810	  4959	
  5211	  5016	  4866	  5018	
  5294	  5067	  4904	  5092	
  5373	  5141	  4965	  5162	
  5437	  5197	  5022	  5213	
  5544	  5292	  5097	  5300	
  5637	  5370	  5162	  5386	
  5757	  5449	  5230	  5466	
  5860	  5543	  5319	  5545	
  5971	  5636	  5366	  5645	
  6095	  5728	  5442	  5734	
  6220	  5819	  5545	  5825	
  6358	  5911	  5612	  5928	
  6514	  6037	  5718	  6053	
  6628	  6138	  5788	  6149	
  6779	  6231	  5871	  6239	
  6893	  6348	  5941	  6354	
  7010	  6453	  6027	  6463	
  7155	  6556	  6104	  6561	
  7315	  6680	  6206	  6672	
  7492	  6789	  6300	  6813	
  7640	  6907	  6355	  6912	
  7877	  7115	  6484	  7120	
  8293	  7520	  6839	  7532	
  8516	  7755	  6993	  7780	
 10263	  9506	  8518	  9374	
  9233	  8470	  7646	  8337	
  8216	  7532	  6863	  7441	
  7542	  6937	  6320	  6825	
  6964	  6380	  5867	  6313	
  6651	  6129	  5654	  6050	
  6497	  5975	  5593	  5939	
  6362	  5881	  5515	  5843	
  6262	  5810	  5438	  5760	
  6125	  5717	  5383	  5662	
  6020	  5603	  5315	  5578	
  5905	  5531	  5241	  5513	
  5809	  5466	  5196	  5440	
  5715	  5373	  5148	  5364	
  5606	  5313	  5075	  5306	
  5533	  5255	  5034	  5239	
  5457	  5194	  4996	  5178	
  5385	  5126	  4960	  5114	
  5313	  5072	  4912	  5065	
  5260	  5030	  4885	  5015	
  5205	  4981	  4837	  4978	
  5149	  4943	  4804	  4943	
  5108	  4907	  4792	  4903	
  5088	  4884	  4763	  4876	
  5053	  4864	  4756	  4865	
  5036	  4852	  4739	  4855	
  5039	  4850	  4734	  4856	
  5022	  4833	  4722	  4854	
  5022	  4839	  4734	  4848	
  5043	  4847	  4736	  4859	
  5073	  4870	  4754	  4870	
  5096	  4898	  4771	  4902	
  5113	  4921	  4799	  4924	
  5160	  4955	  4833	  4959	
  5217	  4995	  4881	  5011	
  5256	  5048	  4906	  5056	
  5335	  5108	  4953	  5123	
  5403	  5149	  4992	  5161	
  5477	  5216	  5041	  5227	
  5559	  5287	  5093	  5296	
  5640	  5356	  5179	  5361	
  5744	  5445	  5231	  5457	
  5845	  5526	  5295	  5548	
  5948	  5593	  5384	  5618	
  6064	  5694	  5447	  5703	
  6177	  5767	  5508	  5791	
  6308	  5881	  5587	  5887	
  6444	  5985	  5695	  5999	
  6602	  6071	  5759	  6088	
  6737	  6182	  5868	  6212	
  6854	  6301	  5937	  6315	
  6966	  6386	  6009	  6403	
  7092	  6501	  6067	  6503	
  7240	  6588	  6155	  6598	
  7403	  6717	  6274	  6747	
  7553	  6825	  6291	  6833	
  7742	  6988	  6424	  6984	
  8123	  7307	  6694	  7304	
  8621	  7799	  7025	  7856	
  9078	  8255	  7377	  8294	
 11170	 10515	  9109	 10214	
  9700	  8953	  7933	  8878	
  8529	  7920	  7048	  7813	
  7812	  7237	  6476	  7117	
  7095	  6627	  5994	  6531	
  6756	  6263	  5724	  6202	
  6551	  6089	  5608	  6033	
  6440	  5977	  5549	  5958	
  6291	  5912	  5449	  5859	
  6194	  5798	  5400	  5769	
  6074	  5699	  5316	  5670	
  5993	  5647	  5286	  5613	
  5888	  5591	  5221	  5540	
  5781	  5483	  5163	  5482	
  5686	  5422	  5119	  5417	
  5620	  5377	  5092	  5352	
  5547	  5314	  5034	  5304	
  5463	  5251	  4976	  5246	
  5409	  5215	  4941	  5181	
  5357	  5130	  4926	  5145	
  5288	  5108	  4880	  5100	
  5253	  5080	  4840	  5061	
  5210	  5041	  4847	  5044	
  5182	  5012	  4821	  5012	
  5146	  4991	  4793	  4969	
  5120	  4975	  4772	  4988	
  5109	  4965	  4783	  4954	
  5116	  4960	  4765	  4976	
  5124	  4956	  4779	  4956	
  5139	  4986	  4790	  4995	
  5136	  5007	  4801	  4999	
  5186	  5012	  4817	  5041	
  5210	  5059	  4861	  5046	
  5271	  5084	  4874	  5111	
  5308	  5137	  4912	  5140	
  5372	  5195	  4940	  5185	
  5404	  5226	  5007	  5226	
  5464	  5282	  5045	  5284	
  5544	  5345	  5098	  5362	
  5643	  5409	  5152	  5420	
  5735	  5472	  5180	  5487	
  5829	  5561	  5271	  5573	
  5941	  5626	  5360	  5657	
  6032	  5713	  5384	  5730	
  6172	  5819	  5485	  5819	
  6265	  5886	  5551	  5917	
  6371	  5968	  5621	  6002	
  6507	  6105	  5710	  6110	
  6660	  6204	  5787	  6195	
  6802	  6308	  5875	  6334	
  6895	  6377	  5944	  6414	
  7034	  6483	  6002	  6504	
  7177	  6605	  6082	  6591	
  7270	  6697	  6153	  6696	
  7497	  6827	  6236	  6837	
  7615	  6918	  6279	  6931	
  7843	  7144	  6480	  7139	
  8231	  7528	  6780	  7500	
  8930	  8168	  7253	  8214	
  9668	  8857	  7757	  8929	
