  2040	  2040	  2040	  2040	
 12414	 12196	 10642	 12128	
 10481	 10190	  9051	 10175	
  8980	  8789	  7953	  8795	
  8059	  7843	  7240	  7849	
  7304	  7112	  6577	  7138	
  6816	  6621	  6230	  6637	
  6427	  6283	  5896	  6275	
  6197	  6116	  5762	  6100	
  6086	  5988	  5710	  5985	
  5967	  5861	  5591	  5873	
  5828	  5717	  5486	  5731	
  5725	  5620	  5413	  5628	
  5632	  5541	  5327	  5567	
  5503	  5437	  5251	  5460	
  5448	  5384	  5174	  5387	
  5367	  5297	  5117	  5338	
  5277	  5232	  5073	  5259	
  5210	  5162	  5045	  5204	
  5193	  5135	  4984	  5161	
  5125	  5087	  4948	  5093	
  5074	  5040	  4919	  5076	
  5045	  4993	  4885	  5024	
  4999	  4975	  4873	  5011	
  4989	  4962	  4831	  4982	
  4989	  4930	  4836	  4964	
  4947	  4923	  4812	  4960	
  4962	  4928	  4824	  4965	
  4956	  4926	  4804	  4956	
  4971	  4918	  4830	  4975	
  4988	  4954	  4841	  4993	
  5029	  4977	  4864	  4994	
  5054	  4988	  4890	  5044	
  5095	  5018	  4904	  5066	
  5136	  5074	  4955	  5107	
  5183	  5107	  4968	  5156	
  5256	  5161	  5014	  5192	
  5315	  5206	  5064	  5265	
  5388	  5272	  5126	  5329	
  5453	  5350	  5171	  5391	
  5526	  5421	  5255	  5473	
  5618	  5492	  5302	  5514	
  5715	  5580	  5370	  5624	
  5797	  5647	  5440	  5705	
  5889	  5719	  5492	  5755	
  6006	  5805	  5573	  5854	
  6109	  5908	  5643	  5951	
  6243	  6004	  5704	  6041	
  6358	  6090	  5816	  6152	
  6458	  6194	  5892	  6249	
  6584	  6332	  5943	  6353	
  6666	  6418	  6041	  6443	
  6829	  6509	  6093	  6555	
  6946	  6632	  6175	  6663	
  7049	  6705	  6280	  6724	
  7279	  6869	  6361	  6898	
  7424	  7016	  6439	  7056	
  7837	  7369	  6704	  7423	
  8314	  7874	  7077	  7929	
  9361	  8755	  7804	  8910	
 10518	  9756	  8618	 10004	
 11198	 10887	  9639	 10833	
  9849	  9492	  8560	  9447	
  8583	  8330	  7604	  8323	
  7778	  7554	  6960	  7545	
  7109	  6903	  6410	  6879	
  6627	  6451	  6048	  6426	
  6338	  6175	  5825	  6154	
  6187	  6041	  5734	  6030	
  6058	  5910	  5624	  5905	
  5911	  5804	  5545	  5792	
  5778	  5655	  5413	  5664	
  5680	  5555	  5344	  5559	
  5553	  5471	  5269	  5459	
  5474	  5370	  5200	  5370	
  5373	  5287	  5120	  5306	
  5306	  5232	  5063	  5251	
  5221	  5143	  4985	  5172	
  5164	  5100	  4980	  5115	
  5116	  5055	  4931	  5063	
  5061	  4998	  4869	  5005	
  5007	  4966	  4843	  4976	
  4981	  4920	  4807	  4943	
  4940	  4877	  4787	  4909	
  4906	  4857	  4777	  4874	
  4917	  4850	  4764	  4873	
  4888	  4840	  4743	  4862	
  4876	  4841	  4750	  4859	
  4884	  4826	  4731	  4855	
  4897	  4831	  4747	  4867	
  4919	  4862	  4751	  4883	
  4943	  4869	  4772	  4898	
  4975	  4904	  4806	  4920	
  5029	  4930	  4837	  4962	
  5055	  4978	  4863	  5010	
  5113	  5020	  4900	  5055	
  5174	  5074	  4956	  5120	
  5233	  5129	  4989	  5168	
  5302	  5186	  5045	  5224	
  5382	  5253	  5089	  5296	
  5463	  5339	  5164	  5364	
  5544	  5407	  5236	  5447	
  5660	  5492	  5301	  5528	
  5731	  5559	  5380	  5603	
  5839	  5648	  5439	  5691	
  5958	  5750	  5511	  5789	
  6054	  5833	  5578	  5870	
  6180	  5931	  5665	  5979	
  6290	  6042	  5761	  6089	
  6442	  6154	  5832	  6196	
  6526	  6269	  5907	  6307	
  6666	  6364	  5965	  6407	
  6786	  6464	  6046	  6507	
  6928	  6579	  6124	  6609	
  7040	  6674	  6196	  6699	
  7214	  6807	  6300	  6821	
  7385	  6943	  6383	  7004	
  7640	  7174	  6553	  7228	
  8181	  7674	  6930	  7744	
  8824	  8281	  7417	  8390	
  9487	  8903	  7932	  9054	
 10229	  9801	  8852	  9715	
  9162	  8809	  7995	  8787	
  8105	  7845	  7193	  7813	
  7386	  7157	  6642	  7152	
  6792	  6611	  6134	  6582	
  6412	  6245	  5849	  6222	
  6219	  6084	  5746	  6062	
  6078	  5950	  5664	  5948	
  5947	  5816	  5552	  5806	
  5809	  5674	  5433	  5682	
  5703	  5567	  5351	  5568	
  5574	  5465	  5270	  5452	
  5468	  5380	  5171	  5376	
  5377	  5281	  5096	  5294	
  5278	  5208	  5031	  5210	
  5216	  5136	  4968	  5161	
  5133	  5077	  4924	  5071	
  5078	  5007	  4883	  5028	
  5007	  4946	  4846	  4972	
  4966	  4907	  4778	  4927	
  4914	  4851	  4752	  4882	
  4877	  4824	  4719	  4834	
  4858	  4790	  4695	  4820	
  4828	  4771	  4668	  4792	
  4788	  4744	  4662	  4770	
  4798	  4735	  4655	  4754	
  4796	  4736	  4643	  4755	
  4790	  4741	  4653	  4757	
  4799	  4728	  4657	  4762	
  4814	  4747	  4679	  4776	
  4854	  4775	  4693	  4810	
  4870	  4802	  4719	  4827	
  4919	  4836	  4745	  4862	
  4957	  4885	  4778	  4913	
  5010	  4933	  4818	  4964	
  5065	  4986	  4852	  5002	
  5137	  5034	  4908	  5065	
  5214	  5102	  4951	  5141	
  5283	  5172	  5007	  5214	
  5379	  5228	  5068	  5273	
  5451	  5317	  5140	  5362	
  5548	  5406	  5211	  5441	
  5645	  5477	  5280	  5531	
  5755	  5572	  5354	  5599	
  5860	  5662	  5440	  5702	
  5980	  5758	  5499	  5797	
  6093	  5866	  5596	  5895	
  6214	  5966	  5683	  6006	
  6348	  6082	  5768	  6101	
  6464	  6186	  5838	  6213	
  6598	  6313	  5926	  6328	
  6723	  6397	  5975	  6432	
  6858	  6510	  6046	  6559	
  7004	  6620	  6153	  6658	
  7146	  6739	  6258	  6772	
  7282	  6869	  6338	  6908	
  7465	  7017	  6416	  7072	
  7845	  7370	  6677	  7393	
  8427	  7862	  7095	  7950	
  8774	  8235	  7358	  8336	
  9301	  8977	  8193	  8916	
  8531	  8203	  7526	  8163	
  7676	  7420	  6836	  7361	
  7043	  6802	  6306	  6778	
  6514	  6319	  5907	  6314	
  6257	  6124	  5759	  6091	
  6117	  5982	  5654	  5970	
  5986	  5827	  5553	  5835	
  5850	  5704	  5461	  5700	
  5704	  5588	  5345	  5568	
  5573	  5459	  5240	  5460	
  5470	  5363	  5159	  5356	
  5354	  5257	  5078	  5266	
  5276	  5187	  5004	  5177	
  5178	  5107	  4959	  5103	
  5120	  5040	  4894	  5045	
  5036	  4967	  4847	  4978	
  4975	  4908	  4780	  4915	
  4909	  4859	  4742	  4859	
  4853	  4799	  4700	  4814	
  4814	  4756	  4661	  4772	
  4757	  4714	  4624	  4733	
  4733	  4677	  4616	  4707	
  4713	  4664	  4596	  4688	
  4691	  4649	  4573	  4660	
  4692	  4620	  4559	  4655	
  4668	  4621	  4551	  4648	
  4669	  4623	  4547	  4640	
  4688	  4635	  4558	  4657	
  4711	  4653	  4587	  4669	
  4739	  4670	  4596	  4707	
  4767	  4703	  4610	  4724	
  4806	  4736	  4642	  4754	
  4838	  4768	  4686	  4793	
  4894	  4817	  4733	  4843	
  4974	  4880	  4750	  4911	
  5034	  4931	  4801	  4958	
  5102	  4982	  4861	  5035	
  5187	  5070	  4925	  5097	
  5272	  5139	  4985	  5174	
  5347	  5220	  5051	  5253	
  5463	  5325	  5144	  5344	
  5548	  5391	  5190	  5426	
  5645	  5472	  5266	  5505	
  5751	  5580	  5336	  5598	
  5868	  5664	  5408	  5689	
  5986	  5768	  5498	  5796	
  6102	  5877	  5593	  5920	
  6243	  5996	  5665	  6026	
  6355	  6085	  5742	  6129	
  6500	  6217	  5828	  6219	
  6628	  6347	  5897	  6339	
  6775	  6448	  5996	  6470	
  6905	  6547	  6092	  6586	
  7046	  6674	  6172	  6701	
  7194	  6793	  6234	  6813	
  7364	  6906	  6367	  6946	
  7607	  7136	  6523	  7179	
  8098	  7578	  6864	  7630	
  8269	  7788	  7010	  7855	
  8782	  8411	  7698	  8385	
  8060	  7722	  7106	  7665	
  7295	  7061	  6538	  6997	
  6724	  6540	  6064	  6475	
  6299	  6141	  5746	  6114	
  6153	  6012	  5661	  5989	
  6012	  5871	  5573	  5854	
  5836	  5706	  5435	  5693	
  5701	  5598	  5331	  5560	
  5586	  5477	  5242	  5472	
  5456	  5360	  5129	  5363	
  5358	  5272	  5064	  5270	
  5282	  5191	  5014	  5187	
  5180	  5103	  4929	  5092	
  5084	  5025	  4860	  5029	
  5005	  4953	  4805	  4946	
  4927	  4884	  4753	  4885	
  4872	  4818	  4705	  4821	
  4805	  4755	  4673	  4772	
  4751	  4708	  4614	  4720	
  4714	  4663	  4574	  4668	
  4660	  4625	  4548	  4634	
  4629	  4582	  4519	  4597	
  4591	  4564	  4501	  4568	
  4585	  4546	  4484	  4554	
  4570	  4537	  4465	  4538	
  4566	  4525	  4465	  4535	
  4569	  4516	  4456	  4548	
  4570	  4527	  4475	  4555	
  4592	  4548	  4494	  4573	
  4621	  4564	  4520	  4582	
  4657	  4604	  4532	  4612	
  4687	  4625	  4548	  4646	
  4734	  4668	  4598	  4701	
  4793	  4726	  4629	  4747	
  4853	  4776	  4678	  4791	
  4918	  4828	  4712	  4853	
  5002	  4907	  4780	  4930	
  5077	  4962	  4830	  5009	
  5143	  5051	  4910	  5066	
  5258	  5123	  4956	  5166	
  5340	  5222	  5030	  5250	
  5443	  5294	  5106	  5328	
  5538	  5383	  5176	  5423	
  5654	  5478	  5256	  5521	
  5764	  5583	  5328	  5602	
  5887	  5686	  5430	  5708	
  6006	  5789	  5487	  5805	
  6145	  5917	  5602	  5942	
  6286	  6019	  5676	  6042	
  6417	  6151	  5766	  6169	
  6532	  6253	  5852	  6275	
  6663	  6363	  5934	  6395	
  6817	  6486	  6021	  6497	
  6978	  6616	  6116	  6629	
  7106	  6715	  6194	  6756	
  7212	  6839	  6278	  6857	
  7409	  6978	  6402	  6991	
  7784	  7303	  6654	  7344	
  7986	  7508	  6848	  7551	
  8306	  7910	  7269	  7815	
  7695	  7347	  6797	  7280	
  6978	  6724	  6238	  6694	
  6476	  6280	  5848	  6232	
  6164	  6016	  5659	  5982	
  5999	  5861	  5522	  5834	
  5855	  5717	  5401	  5695	
  5720	  5588	  5316	  5574	
  5591	  5485	  5222	  5461	
  5479	  5383	  5145	  5370	
  5348	  5277	  5060	  5261	
  5267	  5190	  4996	  5167	
  5186	  5106	  4932	  5095	
  5077	  5015	  4857	  5019	
  4995	  4929	  4779	  4929	
  4918	  4873	  4737	  4873	
  4838	  4788	  4664	  4792	
  4768	  4722	  4631	  4725	
  4714	  4661	  4574	  4665	
  4650	  4608	  4515	  4614	
  4611	  4579	  4500	  4584	
  4567	  4541	  4464	  4543	
  4533	  4493	  4440	  4502	
  4506	  4467	  4420	  4494	
  4478	  4443	  4403	  4476	
  4472	  4447	  4403	  4448	
  4475	  4431	  4385	  4451	
  4471	  4439	  4374	  4446	
  4476	  4445	  4396	  4446	
  4507	  4459	  4403	  4484	
  4516	  4470	  4420	  4482	
  4569	  4505	  4464	  4531	
  4597	  4540	  4470	  4548	
  4628	  4571	  4523	  4586	
  4696	  4628	  4548	  4649	
  4751	  4676	  4597	  4693	
  4810	  4744	  4647	  4760	
  4888	  4804	  4689	  4830	
  4987	  4874	  4752	  4907	
  5046	  4964	  4825	  4959	
  5140	  5035	  4862	  5057	
  5245	  5119	  4957	  5146	
  5355	  5208	  5021	  5235	
  5436	  5302	  5082	  5313	
  5552	  5387	  5161	  5414	
  5669	  5492	  5267	  5516	
  5783	  5606	  5339	  5620	
  5914	  5696	  5413	  5731	
  6052	  5834	  5522	  5856	
  6180	  5940	  5618	  5971	
  6327	  6057	  5714	  6071	
  6472	  6169	  5789	  6206	
  6608	  6292	  5869	  6318	
  6703	  6419	  5951	  6416	
  6871	  6537	  6052	  6553	
  7015	  6666	  6145	  6682	
  7142	  6769	  6238	  6801	
  7288	  6894	  6355	  6913	
  7546	  7095	  6504	  7144	
  7717	  7268	  6621	  7302	
  7834	  7488	  6944	  7423	
  7336	  7001	  6520	  6958	
  6709	  6457	  6013	  6410	
  6236	  6065	  5688	  6029	
  6017	  5875	  5535	  5835	
  5851	  5719	  5410	  5699	
  5728	  5607	  5309	  5578	
  5630	  5506	  5233	  5484	
  5506	  5405	  5160	  5365	
  5393	  5302	  5084	  5287	
  5280	  5199	  4991	  5179	
  5181	  5093	  4915	  5085	
  5083	  5014	  4857	  5002	
  4987	  4930	  4789	  4928	
  4897	  4846	  4729	  4844	
  4815	  4777	  4670	  4766	
  4745	  4705	  4605	  4709	
  4674	  4646	  4556	  4642	
  4605	  4584	  4511	  4581	
  4571	  4527	  4465	  4533	
  4508	  4487	  4426	  4490	
  4479	  4451	  4395	  4450	
  4445	  4408	  4375	  4421	
  4416	  4384	  4352	  4397	
  4386	  4371	  4338	  4378	
  4391	  4354	  4321	  4368	
  4376	  4348	  4313	  4358	
  4369	  4353	  4321	  4360	
  4387	  4349	  4317	  4361	
  4395	  4362	  4328	  4383	
  4424	  4388	  4340	  4405	
  4467	  4419	  4384	  4433	
  4504	  4456	  4407	  4463	
  4543	  4482	  4443	  4508	
  4598	  4533	  4461	  4552	
  4656	  4589	  4517	  4601	
  4713	  4642	  4568	  4658	
  4792	  4706	  4608	  4728	
  4883	  4785	  4681	  4810	
  4957	  4863	  4745	  4881	
  5048	  4939	  4798	  4954	
  5154	  5037	  4862	  5065	
  5238	  5117	  4951	  5137	
  5346	  5208	  5011	  5224	
  5457	  5313	  5085	  5331	
  5577	  5411	  5176	  5444	
  5699	  5529	  5282	  5545	
  5824	  5637	  5337	  5645	
  5974	  5745	  5465	  5778	
  6107	  5873	  5552	  5897	
  6241	  5992	  5636	  5995	
  6375	  6112	  5736	  6127	
  6497	  6220	  5830	  6238	
  6630	  6327	  5891	  6349	
  6813	  6479	  6006	  6490	
  6954	  6610	  6101	  6606	
  7083	  6706	  6212	  6732	
  7236	  6858	  6342	  6858	
  7403	  6985	  6423	  6988	
  7512	  7077	  6502	  7122	
  7497	  7208	  6705	  7137	
  7079	  6774	  6325	  6684	
  6501	  6266	  5855	  6215	
  6132	  5963	  5608	  5902	
  5913	  5771	  5457	  5741	
  5774	  5662	  5361	  5633	
  5665	  5549	  5288	  5518	
  5543	  5453	  5194	  5424	
  5439	  5352	  5128	  5333	
  5320	  5248	  5046	  5225	
  5195	  5139	  4962	  5128	
  5112	  5058	  4886	  5032	
  5017	  4964	  4812	  4959	
  4919	  4874	  4748	  4863	
  4834	  4799	  4690	  4788	
  4745	  4714	  4614	  4701	
  4679	  4636	  4560	  4642	
  4612	  4580	  4500	  4584	
  4542	  4530	  4461	  4517	
  4497	  4471	  4421	  4467	
  4446	  4423	  4377	  4418	
  4403	  4385	  4344	  4394	
  4371	  4355	  4322	  4358	
  4337	  4329	  4300	  4331	
  4330	  4305	  4276	  4315	
  4316	  4297	  4263	  4311	
  4304	  4291	  4259	  4303	
  4304	  4286	  4274	  4296	
  4317	  4292	  4269	  4307	
  4331	  4306	  4284	  4329	
  4358	  4331	  4303	  4340	
  4399	  4359	  4335	  4377	
  4427	  4388	  4356	  4408	
  4472	  4425	  4384	  4435	
  4518	  4467	  4419	  4488	
  4582	  4511	  4468	  4541	
  4637	  4579	  4511	  4605	
  4709	  4641	  4559	  4664	
  4792	  4720	  4611	  4741	
  4878	  4797	  4678	  4801	
  4963	  4877	  4755	  4891	
  5062	  4970	  4820	  4986	
  5180	  5069	  4912	  5077	
  5277	  5151	  4957	  5164	
  5374	  5253	  5042	  5268	
  5507	  5362	  5138	  5369	
  5626	  5469	  5229	  5487	
  5756	  5598	  5316	  5592	
  5904	  5706	  5424	  5719	
  6042	  5814	  5530	  5842	
  6146	  5915	  5599	  5953	
  6296	  6050	  5680	  6065	
  6446	  6188	  5807	  6202	
  6584	  6321	  5902	  6329	
  6754	  6428	  6008	  6477	
  6855	  6549	  6084	  6562	
  7045	  6686	  6199	  6713	
  7168	  6803	  6296	  6803	
  7310	  6951	  6388	  6952	
  7348	  6957	  6380	  6976	
  7348	  6954	  6549	  6902	
  6848	  6546	  6141	  6470	
  6315	  6107	  5722	  6051	
  6029	  5854	  5540	  5808	
  5853	  5734	  5447	  5697	
  5726	  5625	  5328	  5581	
  5616	  5514	  5256	  5487	
  5508	  5424	  5191	  5386	
  5387	  5322	  5111	  5285	
  5281	  5213	  5012	  5184	
  5165	  5101	  4941	  5079	
  5062	  5024	  4867	  4994	
  4962	  4920	  4799	  4904	
  4872	  4840	  4727	  4825	
  4787	  4764	  4651	  4749	
  4698	  4677	  4587	  4673	
  4628	  4599	  4540	  4590	
  4555	  4536	  4486	  4530	
  4496	  4482	  4432	  4477	
  4434	  4425	  4374	  4421	
  4386	  4381	  4356	  4378	
  4344	  4338	  4318	  4344	
  4314	  4311	  4292	  4312	
  4279	  4278	  4268	  4289	
  4256	  4258	  4246	  4263	
  4258	  4263	  4254	  4259	
  4254	  4249	  4243	  4250	
  4252	  4253	  4236	  4259	
  4267	  4244	  4250	  4260	
  4275	  4263	  4256	  4280	
  4312	  4290	  4279	  4304	
  4347	  4318	  4318	  4336	
  4379	  4364	  4332	  4353	
  4435	  4388	  4349	  4399	
  4475	  4431	  4396	  4438	
  4536	  4478	  4442	  4484	
  4585	  4528	  4478	  4547	
  4658	  4604	  4531	  4615	
  4738	  4678	  4586	  4696	
  4815	  4744	  4660	  4764	
  4907	  4829	  4721	  4849	
  5007	  4915	  4788	  4939	
  5108	  5014	  4858	  5027	
  5230	  5118	  4957	  5125	
  5333	  5221	  5047	  5228	
  5455	  5325	  5124	  5333	
  5582	  5437	  5239	  5441	
  5701	  5549	  5308	  5574	
  5868	  5681	  5429	  5688	
  5986	  5802	  5513	  5798	
  6126	  5908	  5612	  5930	
  6272	  6042	  5714	  6059	
  6388	  6170	  5805	  6178	
  6544	  6290	  5901	  6299	
  6708	  6425	  6005	  6433	
  6847	  6564	  6113	  6571	
  6978	  6668	  6185	  6681	
  7108	  6788	  6301	  6781	
  7242	  6924	  6418	  6944	
  7270	  6960	  6401	  6950	
  7116	  6804	  6389	  6734	
  6701	  6394	  6015	  6323	
  6243	  6009	  5674	  5951	
  6006	  5828	  5525	  5786	
  5840	  5703	  5415	  5679	
  5711	  5606	  5340	  5560	
  5604	  5492	  5267	  5468	
  5469	  5408	  5170	  5368	
  5383	  5288	  5085	  5270	
  5252	  5198	  5016	  5170	
  5130	  5076	  4923	  5059	
  5029	  4988	  4859	  4970	
  4954	  4913	  4784	  4890	
  4851	  4821	  4707	  4797	
  4756	  4746	  4645	  4724	
  4678	  4657	  4586	  4647	
  4593	  4573	  4520	  4567	
  4528	  4507	  4450	  4510	
  4461	  4457	  4409	  4453	
  4406	  4396	  4377	  4395	
  4368	  4347	  4337	  4349	
  4314	  4317	  4303	  4315	
  4283	  4282	  4274	  4277	
  4260	  4254	  4251	  4257	
  4229	  4235	  4241	  4233	
  4228	  4222	  4242	  4226	
  4226	  4230	  4224	  4238	
  4248	  4235	  4227	  4246	
  4251	  4241	  4256	  4250	
  4266	  4259	  4261	  4263	
  4291	  4275	  4280	  4290	
  4335	  4313	  4312	  4315	
  4356	  4335	  4331	  4346	
  4399	  4376	  4360	  4381	
  4433	  4409	  4393	  4418	
  4490	  4455	  4411	  4460	
  4545	  4506	  4461	  4511	
  4617	  4577	  4513	  4581	
  4701	  4634	  4567	  4658	
  4773	  4728	  4628	  4722	
  4892	  4802	  4701	  4806	
  4987	  4903	  4779	  4904	
  5090	  4986	  4854	  4998	
  5196	  5085	  4931	  5102	
  5293	  5186	  5014	  5195	
  5434	  5300	  5099	  5319	
  5542	  5407	  5213	  5414	
  5680	  5532	  5310	  5542	
  5850	  5663	  5404	  5645	
  5971	  5779	  5510	  5792	
  6096	  5895	  5603	  5910	
  6265	  6027	  5709	  6034	
  6399	  6157	  5817	  6178	
  6530	  6278	  5909	  6295	
  6719	  6421	  6029	  6413	
  6840	  6556	  6118	  6559	
  6966	  6678	  6217	  6680	
  7126	  6792	  6308	  6796	
  7252	  6906	  6407	  6914	
  7271	  6921	  6422	  6895	
  6986	  6635	  6254	  6539	
  6556	  6251	  5889	  6178	
  6165	  5951	  5603	  5886	
  5970	  5824	  5492	  5753	
  5812	  5668	  5383	  5627	
  5680	  5581	  5332	  5548	
  5597	  5479	  5235	  5444	
  5469	  5371	  5141	  5336	
  5333	  5277	  5072	  5246	
  5244	  5169	  4988	  5134	
  5127	  5052	  4890	  5035	
  5009	  4974	  4824	  4937	
  4932	  4869	  4750	  4864	
  4812	  4773	  4668	  4761	
  4715	  4697	  4610	  4680	
  4645	  4627	  4547	  4604	
  4566	  4551	  4474	  4528	
  4492	  4476	  4432	  4462	
  4433	  4414	  4379	  4408	
  4374	  4358	  4327	  4354	
  4332	  4316	  4298	  4311	
  4293	  4280	  4269	  4276	
  4248	  4249	  4236	  4244	
  4228	  4218	  4224	  4229	
  4220	  4206	  4208	  4202	
  4209	  4200	  4207	  4211	
  4215	  4204	  4204	  4204	
  4220	  4209	  4219	  4229	
  4241	  4232	  4243	  4241	
  4253	  4238	  4244	  4253	
  4277	  4263	  4261	  4277	
  4302	  4296	  4294	  4306	
  4348	  4320	  4313	  4344	
  4387	  4358	  4340	  4367	
  4427	  4386	  4349	  4392	
  4463	  4430	  4385	  4430	
  4521	  4478	  4437	  4482	
  4583	  4532	  4477	  4543	
  4677	  4600	  4523	  4612	
  4753	  4677	  4590	  4687	
  4849	  4762	  4661	  4778	
  4959	  4856	  4749	  4866	
  5055	  4942	  4817	  4962	
  5158	  5044	  4903	  5060	
  5268	  5154	  4983	  5166	
  5398	  5257	  5080	  5268	
  5504	  5372	  5179	  5370	
  5669	  5496	  5254	  5508	
  5806	  5628	  5387	  5629	
  5933	  5745	  5488	  5750	
  6090	  5860	  5573	  5888	
  6228	  6001	  5698	  6021	
  6370	  6131	  5807	  6127	
  6507	  6244	  5899	  6269	
  6674	  6411	  5999	  6403	
  6837	  6535	  6112	  6558	
  6969	  6665	  6205	  6650	
  7104	  6796	  6281	  6759	
  7238	  6903	  6400	  6894	
  7234	  6924	  6399	  6922	
  6800	  6442	  6070	  6337	
  6419	  6126	  5790	  6045	
  6105	  5886	  5554	  5838	
  5933	  5761	  5453	  5709	
  5761	  5651	  5356	  5603	
  5654	  5529	  5254	  5487	
  5541	  5436	  5183	  5396	
  5419	  5345	  5102	  5297	
  5326	  5238	  5028	  5201	
  5196	  5128	  4950	  5098	
  5097	  5023	  4866	  5003	
  4973	  4923	  4770	  4900	
  4876	  4831	  4707	  4799	
  4774	  4746	  4645	  4718	
  4695	  4647	  4571	  4641	
  4604	  4579	  4503	  4554	
  4530	  4504	  4444	  4500	
  4456	  4433	  4394	  4427	
  4401	  4378	  4353	  4370	
  4334	  4323	  4288	  4312	
  4292	  4271	  4255	  4264	
  4245	  4238	  4226	  4233	
  4208	  4199	  4203	  4206	
  4185	  4179	  4171	  4184	
  4181	  4167	  4187	  4171	
  4177	  4176	  4169	  4181	
  4181	  4184	  4186	  4180	
  4203	  4195	  4178	  4199	
  4220	  4217	  4205	  4212	
  4228	  4227	  4225	  4234	
  4250	  4243	  4231	  4242	
  4281	  4271	  4255	  4276	
  4312	  4307	  4281	  4309	
  4363	  4333	  4308	  4337	
  4402	  4373	  4338	  4360	
  4441	  4395	  4369	  4412	
  4479	  4447	  4391	  4449	
  4546	  4486	  4432	  4498	
  4617	  4555	  4481	  4569	
  4709	  4645	  4535	  4643	
  4811	  4715	  4630	  4729	
  4897	  4803	  4699	  4811	
  4997	  4899	  4764	  4900	
  5117	  4991	  4864	  5017	
  5240	  5113	  4951	  5125	
  5353	  5224	  5038	  5224	
  5487	  5323	  5133	  5352	
  5609	  5463	  5239	  5470	
  5778	  5593	  5346	  5592	
  5905	  5712	  5456	  5708	
  6048	  5834	  5550	  5836	
  6182	  5957	  5657	  5964	
  6344	  6095	  5769	  6112	
  6487	  6239	  5869	  6246	
  6649	  6382	  5969	  6375	
  6786	  6511	  6057	  6519	
  6936	  6653	  6158	  6640	
  7081	  6763	  6259	  6762	
  7201	  6892	  6358	  6867	
  7189	  6887	  6347	  6855	
  6678	  6332	  5959	  6273	
  6345	  6057	  5713	  5985	
  6049	  5860	  5530	  5792	
  5903	  5747	  5436	  5701	
  5727	  5617	  5315	  5572	
  5640	  5519	  5245	  5483	
  5514	  5422	  5147	  5383	
  5389	  5301	  5054	  5268	
  5285	  5204	  4986	  5172	
  5170	  5094	  4894	  5073	
  5053	  4990	  4820	  4972	
  4935	  4895	  4746	  4855	
  4839	  4792	  4674	  4779	
  4726	  4710	  4600	  4682	
  4651	  4624	  4521	  4598	
  4578	  4540	  4460	  4527	
  4495	  4471	  4408	  4453	
  4413	  4393	  4354	  4385	
  4368	  4343	  4311	  4329	
  4303	  4279	  4262	  4276	
  4249	  4229	  4213	  4233	
  4201	  4201	  4181	  4189	
  4180	  4173	  4174	  4175	
  4156	  4152	  4153	  4146	
  4154	  4150	  4149	  4149	
  4152	  4157	  4152	  4151	
  4170	  4163	  4168	  4156	
  4181	  4174	  4156	  4183	
  4186	  4189	  4192	  4190	
  4208	  4208	  4192	  4217	
  4230	  4216	  4211	  4229	
  4259	  4240	  4242	  4249	
  4285	  4271	  4253	  4281	
  4325	  4307	  4273	  4303	
  4376	  4337	  4310	  4349	
  4426	  4376	  4333	  4385	
  4463	  4415	  4354	  4414	
  4520	  4466	  4412	  4470	
  4581	  4521	  4453	  4527	
  4667	  4594	  4507	  4613	
  4756	  4673	  4580	  4683	
  4859	  4767	  4652	  4779	
  4967	  4868	  4733	  4870	
  5075	  4959	  4814	  4965	
  5198	  5072	  4906	  5068	
  5314	  5182	  4998	  5191	
  5442	  5293	  5089	  5291	
  5588	  5412	  5189	  5428	
  5719	  5546	  5310	  5547	
  5857	  5676	  5409	  5676	
  6009	  5803	  5508	  5804	
  6164	  5931	  5625	  5922	
  6305	  6063	  5736	  6070	
  6435	  6200	  5830	  6204	
  6583	  6341	  5936	  6349	
  6715	  6464	  6011	  6455	
  6893	  6602	  6107	  6607	
  7020	  6734	  6210	  6712	
  7161	  6861	  6321	  6832	
  7154	  6883	  6350	  6833	
  6574	  6239	  5878	  6134	
  6268	  5980	  5644	  5908	
  6008	  5815	  5499	  5750	
  5866	  5704	  5404	  5663	
  5708	  5584	  5285	  5540	
  5604	  5500	  5211	  5444	
  5474	  5385	  5141	  5343	
  5359	  5275	  5023	  5230	
  5247	  5170	  4966	  5142	
  5139	  5056	  4874	  5036	
  5015	  4944	  4790	  4922	
  4916	  4859	  4728	  4834	
  4822	  4780	  4645	  4749	
  4712	  4656	  4560	  4644	
  4621	  4584	  4506	  4555	
  4533	  4508	  4437	  4493	
  4461	  4430	  4371	  4425	
  4388	  4367	  4313	  4357	
  4320	  4303	  4266	  4288	
  4261	  4245	  4211	  4240	
  4210	  4206	  4193	  4202	
  4167	  4164	  4152	  4158	
  4140	  4142	  4146	  4132	
  4113	  4129	  4124	  4117	
  4140	  4131	  4128	  4132	
  4139	  4137	  4140	  4130	
  4148	  4139	  4139	  4150	
  4157	  4144	  4134	  4163	
  4158	  4163	  4155	  4165	
  4182	  4184	  4174	  4183	
  4211	  4202	  4184	  4212	
  4240	  4216	  4203	  4225	
  4276	  4244	  4231	  4252	
  4304	  4284	  4259	  4289	
  4348	  4321	  4291	  4316	
  4402	  4359	  4319	  4369	
  4436	  4383	  4353	  4401	
  4488	  4428	  4375	  4438	
  4551	  4485	  4427	  4506	
  4634	  4563	  4486	  4560	
  4716	  4649	  4542	  4651	
  4824	  4735	  4625	  4746	
  4932	  4824	  4704	  4830	
  5037	  4923	  4796	  4934	
  5150	  5036	  4867	  5045	
  5278	  5139	  4954	  5145	
  5411	  5263	  5063	  5258	
  5532	  5396	  5169	  5385	
  5669	  5508	  5294	  5509	
  5820	  5631	  5386	  5645	
  5949	  5752	  5497	  5763	
  6083	  5897	  5592	  5888	
  6258	  6023	  5692	  6037	
  6401	  6164	  5798	  6160	
  6544	  6309	  5899	  6303	
  6695	  6442	  5979	  6422	
  6857	  6573	  6089	  6575	
  6987	  6699	  6189	  6703	
  7126	  6815	  6278	  6803	
  7132	  6857	  6270	  6840	
  6503	  6173	  5817	  6083	
  6206	  5920	  5582	  5825	
  5969	  5776	  5475	  5723	
  5821	  5659	  5355	  5601	
  5689	  5556	  5261	  5521	
  5561	  5451	  5184	  5412	
  5445	  5350	  5089	  5311	
  5327	  5249	  5005	  5206	
  5222	  5139	  4923	  5110	
  5111	  5040	  4842	  5000	
  4975	  4925	  4750	  4897	
  4883	  4825	  4691	  4799	
  4776	  4739	  4627	  4704	
  4683	  4631	  4538	  4622	
  4588	  4563	  4480	  4540	
  4505	  4477	  4407	  4458	
  4422	  4402	  4352	  4391	
  4346	  4334	  4294	  4321	
  4286	  4284	  4230	  4270	
  4228	  4221	  4201	  4209	
  4170	  4180	  4150	  4168	
  4147	  4145	  4131	  4128	
  4122	  4111	  4102	  4116	
  4101	  4111	  4106	  4099	
  4108	  4109	  4100	  4115	
  4118	  4118	  4108	  4112	
  4116	  4125	  4112	  4120	
  4123	  4128	  4122	  4126	
  4141	  4138	  4122	  4140	
  4158	  4157	  4140	  4158	
  4178	  4174	  4162	  4168	
  4211	  4197	  4190	  4196	
  4246	  4219	  4197	  4223	
  4287	  4250	  4239	  4260	
  4325	  4291	  4273	  4301	
  4369	  4331	  4290	  4341	
  4421	  4364	  4332	  4375	
  4461	  4410	  4362	  4417	
  4533	  4463	  4397	  4463	
  4596	  4527	  4460	  4534	
  4681	  4599	  4520	  4608	
  4791	  4692	  4590	  4704	
  4881	  4790	  4675	  4790	
  4996	  4895	  4745	  4886	
  5129	  5003	  4846	  5009	
  5248	  5117	  4948	  5114	
  5373	  5216	  5036	  5232	
  5503	  5344	  5135	  5349	
  5657	  5473	  5248	  5476	
  5786	  5619	  5349	  5593	
  5915	  5725	  5465	  5730	
  6048	  5864	  5565	  5851	
  6202	  6003	  5667	  5983	
  6371	  6146	  5778	  6131	
  6529	  6279	  5886	  6282	
  6676	  6407	  5959	  6406	
  6838	  6541	  6072	  6538	
  6963	  6679	  6151	  6656	
  7099	  6794	  6259	  6787	
  7092	  6796	  6235	  6766	
  6465	  6156	  5784	  6037	
  6179	  5883	  5569	  5827	
  5953	  5754	  5447	  5693	
  5814	  5649	  5353	  5600	
  5666	  5533	  5251	  5505	
  5530	  5443	  5155	  5401	
  5417	  5338	  5081	  5296	
  5315	  5247	  4992	  5192	
  5193	  5122	  4913	  5081	
  5087	  5019	  4829	  4988	
  4956	  4906	  4722	  4877	
  4868	  4815	  4677	  4780	
  4758	  4722	  4605	  4698	
  4657	  4631	  4531	  4602	
  4561	  4534	  4463	  4515	
  4481	  4455	  4381	  4441	
  4394	  4389	  4329	  4374	
  4335	  4322	  4276	  4309	
  4283	  4258	  4210	  4258	
  4212	  4207	  4171	  4194	
  4153	  4158	  4134	  4152	
  4123	  4129	  4112	  4132	
  4109	  4098	  4096	  4104	
  4096	  4098	  4097	  4096	
  4098	  4105	  4098	  4098	
  4097	  4096	  4104	  4100	
  4100	  4096	  4102	  4101	
  4124	  4119	  4098	  4119	
  4125	  4126	  4115	  4134	
  4141	  4145	  4134	  4139	
  4173	  4160	  4161	  4167	
  4200	  4189	  4158	  4180	
  4228	  4211	  4202	  4214	
  4266	  4240	  4214	  4243	
  4316	  4284	  4259	  4287	
  4350	  4316	  4292	  4320	
  4405	  4357	  4324	  4364	
  4463	  4398	  4355	  4417	
  4500	  4461	  4387	  4456	
  4581	  4507	  4442	  4511	
  4669	  4587	  4513	  4589	
  4764	  4679	  4580	  4680	
  4865	  4777	  4655	  4768	
  4981	  4866	  4744	  4866	
  5101	  4986	  4845	  4981	
  5221	  5088	  4927	  5095	
  5364	  5215	  5038	  5211	
  5486	  5322	  5134	  5322	
  5629	  5470	  5242	  5470	
  5762	  5583	  5343	  5590	
  5909	  5719	  5446	  5709	
  6041	  5852	  5545	  5848	
  6179	  5981	  5645	  5964	
  6338	  6116	  5766	  6095	
  6499	  6257	  5853	  6260	
  6649	  6404	  5957	  6399	
  6811	  6539	  6041	  6533	
  6926	  6654	  6157	  6617	
  7068	  6782	  6223	  6771	
  7089	  6798	  6242	  6754	
  6463	  6116	  5774	  6014	
  6182	  5889	  5575	  5825	
  5952	  5753	  5462	  5685	
  5804	  5662	  5342	  5603	
  5665	  5548	  5261	  5509	
  5545	  5452	  5176	  5395	
  5424	  5340	  5102	  5297	
  5319	  5242	  5019	  5204	
  5194	  5132	  4925	  5089	
  5093	  5033	  4856	  4995	
  4967	  4925	  4787	  4886	
  4867	  4825	  4695	  4784	
  4768	  4721	  4601	  4699	
  4648	  4640	  4531	  4606	
  4573	  4547	  4470	  4519	
  4487	  4468	  4404	  4451	
  4395	  4390	  4319	  4373	
  4325	  4335	  4297	  4315	
  4264	  4276	  4235	  4253	
  4211	  4219	  4195	  4194	
  4150	  4171	  4157	  4159	
  4120	  4137	  4123	  4128	
  4106	  4115	  4110	  4107	
  4096	  4116	  4114	  4098	
  4096	  4118	  4107	  4116	
  4100	  4115	  4111	  4111	
  4102	  4115	  4120	  4110	
  4120	  4134	  4122	  4117	
  4117	  4127	  4125	  4134	
  4140	  4146	  4142	  4150	
  4173	  4162	  4152	  4159	
  4199	  4192	  4180	  4183	
  4238	  4227	  4224	  4228	
  4277	  4246	  4249	  4256	
  4320	  4293	  4272	  4288	
  4369	  4329	  4307	  4334	
  4411	  4382	  4336	  4370	
  4448	  4412	  4375	  4422	
  4505	  4463	  4415	  4454	
  4583	  4521	  4460	  4529	
  4666	  4591	  4520	  4582	
  4764	  4694	  4600	  4696	
  4864	  4774	  4666	  4780	
  4986	  4880	  4760	  4882	
  5096	  4994	  4845	  4986	
  5224	  5097	  4949	  5087	
  5352	  5219	  5050	  5212	
  5492	  5347	  5156	  5346	
  5625	  5479	  5244	  5469	
  5757	  5602	  5352	  5583	
  5919	  5727	  5465	  5714	
  6028	  5860	  5568	  5850	
  6169	  5999	  5663	  5987	
  6336	  6128	  5776	  6102	
  6464	  6281	  5888	  6263	
  6636	  6416	  5964	  6388	
  6789	  6539	  6061	  6503	
  6928	  6680	  6178	  6666	
  7052	  6774	  6251	  6752	
  7055	  6784	  6268	  6764	
  6463	  6131	  5825	  6032	
  6179	  5917	  5619	  5856	
  5963	  5792	  5492	  5712	
  5820	  5682	  5401	  5635	
  5693	  5583	  5301	  5526	
  5577	  5476	  5217	  5418	
  5452	  5375	  5125	  5325	
  5324	  5263	  5042	  5218	
  5218	  5161	  4950	  5120	
  5118	  5064	  4889	  5017	
  4998	  4949	  4793	  4913	
  4887	  4842	  4716	  4820	
  4776	  4750	  4646	  4713	
  4690	  4655	  4569	  4629	
  4579	  4565	  4488	  4552	
  4507	  4504	  4449	  4477	
  4422	  4410	  4368	  4391	
  4350	  4359	  4328	  4327	
  4297	  4292	  4260	  4276	
  4228	  4233	  4220	  4220	
  4190	  4192	  4172	  4174	
  4144	  4153	  4153	  4145	
  4128	  4130	  4138	  4129	
  4119	  4137	  4139	  4122	
  4116	  4131	  4143	  4133	
  4125	  4144	  4148	  4138	
  4126	  4138	  4144	  4142	
  4131	  4144	  4139	  4148	
  4140	  4154	  4161	  4152	
  4171	  4165	  4161	  4173	
  4182	  4184	  4189	  4187	
  4217	  4208	  4214	  4222	
  4246	  4245	  4236	  4247	
  4287	  4277	  4271	  4280	
  4332	  4315	  4305	  4320	
  4379	  4352	  4341	  4367	
  4432	  4397	  4381	  4399	
  4467	  4431	  4398	  4436	
  4524	  4477	  4453	  4486	
  4591	  4539	  4494	  4544	
  4688	  4625	  4562	  4619	
  4791	  4708	  4629	  4713	
  4893	  4804	  4722	  4812	
  5006	  4903	  4796	  4899	
  5109	  5010	  4888	  5015	
  5249	  5117	  4980	  5119	
  5369	  5235	  5072	  5237	
  5508	  5370	  5177	  5371	
  5633	  5498	  5282	  5487	
  5800	  5633	  5386	  5623	
  5930	  5744	  5502	  5745	
  6073	  5882	  5587	  5888	
  6214	  6030	  5701	  6017	
  6343	  6152	  5817	  6142	
  6509	  6314	  5911	  6286	
  6670	  6442	  6022	  6438	
  6823	  6570	  6098	  6553	
  6968	  6707	  6220	  6682	
  7085	  6826	  6286	  6803	
  7066	  6823	  6326	  6832	
  6491	  6182	  5828	  6079	
  6236	  5958	  5655	  5876	
  6003	  5814	  5515	  5746	
  5860	  5727	  5425	  5653	
  5750	  5612	  5328	  5553	
  5602	  5498	  5249	  5453	
  5489	  5399	  5147	  5358	
  5364	  5287	  5070	  5259	
  5247	  5180	  4972	  5146	
  5126	  5074	  4898	  5042	
  5010	  4960	  4808	  4929	
  4909	  4867	  4729	  4827	
  4807	  4781	  4659	  4740	
  4709	  4684	  4583	  4653	
  4624	  4594	  4514	  4588	
  4534	  4520	  4446	  4505	
  4459	  4443	  4380	  4419	
  4385	  4379	  4329	  4359	
  4311	  4316	  4274	  4300	
  4250	  4261	  4230	  4247	
  4207	  4221	  4201	  4198	
  4170	  4180	  4172	  4173	
  4136	  4157	  4155	  4147	
  4132	  4154	  4150	  4143	
  4152	  4143	  4148	  4154	
  4146	  4150	  4159	  4155	
  4146	  4162	  4164	  4152	
  4165	  4163	  4167	  4162	
  4172	  4170	  4170	  4179	
  4198	  4187	  4190	  4197	
  4206	  4209	  4204	  4205	
  4242	  4237	  4235	  4240	
  4277	  4263	  4271	  4271	
  4323	  4306	  4292	  4300	
  4358	  4334	  4320	  4343	
  4406	  4376	  4367	  4386	
  4456	  4401	  4378	  4422	
  4500	  4453	  4426	  4459	
  4556	  4501	  4448	  4507	
  4625	  4566	  4504	  4561	
  4712	  4643	  4580	  4650	
  4818	  4737	  4649	  4744	
  4919	  4839	  4733	  4827	
  5019	  4940	  4828	  4928	
  5148	  5045	  4916	  5050	
  5278	  5156	  4995	  5153	
  5403	  5268	  5103	  5276	
  5528	  5384	  5192	  5391	
  5691	  5539	  5329	  5530	
  5820	  5641	  5407	  5653	
  5952	  5774	  5535	  5774	
  6108	  5914	  5630	  5907	
  6259	  6055	  5717	  6046	
  6393	  6190	  5830	  6169	
  6577	  6326	  5953	  6322	
  6704	  6479	  6048	  6473	
  6861	  6599	  6134	  6588	
  6987	  6710	  6231	  6692	
  7137	  6834	  6325	  6808	
  7162	  6859	  6324	  6831	
  6531	  6215	  5866	  6095	
  6245	  5967	  5621	  5887	
  6039	  5848	  5544	  5777	
  5881	  5734	  5414	  5658	
  5742	  5632	  5321	  5561	
  5629	  5511	  5239	  5470	
  5505	  5409	  5154	  5369	
  5393	  5320	  5080	  5267	
  5278	  5214	  4991	  5176	
  5170	  5104	  4904	  5068	
  5054	  4986	  4817	  4954	
  4931	  4893	  4747	  4870	
  4836	  4801	  4666	  4762	
  4740	  4702	  4579	  4681	
  4646	  4632	  4531	  4591	
  4556	  4547	  4466	  4529	
  4495	  4470	  4398	  4451	
  4420	  4403	  4338	  4387	
  4353	  4334	  4289	  4331	
  4283	  4286	  4243	  4259	
  4231	  4230	  4205	  4222	
  4204	  4197	  4176	  4191	
  4170	  4173	  4147	  4165	
  4155	  4170	  4152	  4157	
  4165	  4168	  4171	  4160	
  4160	  4166	  4156	  4153	
  4175	  4175	  4170	  4165	
  4187	  4182	  4178	  4181	
  4205	  4184	  4189	  4192	
  4216	  4207	  4194	  4211	
  4230	  4231	  4210	  4226	
  4262	  4253	  4247	  4254	
  4301	  4288	  4270	  4280	
  4352	  4312	  4293	  4317	
  4392	  4356	  4327	  4359	
  4432	  4391	  4350	  4380	
  4472	  4426	  4408	  4425	
  4523	  4469	  4423	  4474	
  4585	  4524	  4479	  4530	
  4656	  4588	  4526	  4597	
  4748	  4659	  4586	  4659	
  4834	  4761	  4675	  4760	
  4945	  4858	  4752	  4846	
  5062	  4939	  4830	  4954	
  5193	  5062	  4923	  5064	
  5298	  5179	  5009	  5161	
  5423	  5280	  5119	  5276	
  5559	  5415	  5213	  5413	
  5709	  5533	  5332	  5525	
  5841	  5662	  5412	  5655	
  5983	  5787	  5514	  5785	
  6118	  5927	  5628	  5919	
  6280	  6083	  5731	  6048	
  6426	  6206	  5820	  6209	
  6591	  6338	  5960	  6328	
  6712	  6489	  6022	  6452	
  6897	  6622	  6145	  6606	
  7034	  6737	  6247	  6730	
  7169	  6859	  6326	  6856	
  7138	  6864	  6314	  6839	
  6555	  6234	  5843	  6138	
  6312	  6020	  5649	  5940	
  6059	  5853	  5520	  5777	
  5900	  5749	  5417	  5688	
  5755	  5634	  5312	  5572	
  5656	  5535	  5241	  5480	
  5538	  5440	  5159	  5389	
  5413	  5329	  5077	  5282	
  5300	  5220	  4995	  5177	
  5191	  5115	  4898	  5077	
  5073	  5003	  4832	  4975	
  4965	  4915	  4757	  4883	
  4863	  4819	  4689	  4791	
  4766	  4719	  4596	  4688	
  4661	  4631	  4537	  4620	
  4598	  4568	  4476	  4543	
  4519	  4490	  4411	  4466	
  4431	  4419	  4370	  4394	
  4373	  4357	  4305	  4341	
  4309	  4300	  4262	  4284	
  4263	  4259	  4220	  4239	
  4210	  4221	  4181	  4194	
  4192	  4185	  4163	  4174	
  4176	  4173	  4152	  4164	
  4184	  4178	  4160	  4164	
  4176	  4182	  4166	  4169	
  4191	  4179	  4162	  4177	
  4197	  4196	  4170	  4186	
  4211	  4208	  4185	  4199	
  4233	  4224	  4202	  4219	
  4249	  4232	  4220	  4237	
  4290	  4257	  4248	  4266	
  4332	  4291	  4276	  4297	
  4353	  4331	  4301	  4327	
  4410	  4369	  4329	  4364	
  4447	  4401	  4368	  4404	
  4489	  4437	  4396	  4436	
  4530	  4478	  4432	  4472	
  4602	  4526	  4467	  4529	
  4668	  4597	  4525	  4606	
  4758	  4679	  4605	  4684	
  4875	  4772	  4681	  4784	
  4970	  4868	  4753	  4865	
  5081	  4959	  4842	  4965	
  5189	  5077	  4929	  5081	
  5327	  5193	  5015	  5195	
  5453	  5307	  5118	  5297	
  5586	  5433	  5222	  5415	
  5724	  5550	  5341	  5551	
  5870	  5693	  5445	  5673	
  5999	  5790	  5520	  5801	
  6141	  5934	  5622	  5928	
  6288	  6078	  5734	  6065	
  6452	  6206	  5824	  6212	
  6581	  6348	  5947	  6340	
  6717	  6491	  6041	  6466	
  6885	  6612	  6149	  6601	
  7038	  6732	  6226	  6717	
  7155	  6853	  6320	  6843	
  7174	  6865	  6326	  6837	
  6616	  6290	  5921	  6189	
  6327	  6036	  5673	  5954	
  6057	  5871	  5525	  5796	
  5927	  5784	  5426	  5702	
  5786	  5649	  5309	  5590	
  5666	  5532	  5221	  5484	
  5568	  5449	  5163	  5391	
  5432	  5343	  5066	  5287	
  5336	  5246	  4999	  5200	
  5206	  5140	  4930	  5100	
  5096	  5023	  4840	  5004	
  4993	  4950	  4756	  4898	
  4890	  4847	  4684	  4816	
  4793	  4755	  4613	  4725	
  4702	  4661	  4545	  4632	
  4613	  4585	  4489	  4556	
  4529	  4513	  4412	  4483	
  4463	  4442	  4373	  4419	
  4395	  4379	  4306	  4359	
  4338	  4324	  4262	  4310	
  4293	  4277	  4226	  4259	
  4246	  4228	  4185	  4215	
  4211	  4196	  4172	  4195	
  4197	  4190	  4163	  4174	
  4184	  4176	  4164	  4173	
  4188	  4191	  4157	  4183	
  4201	  4189	  4174	  4186	
  4220	  4208	  4176	  4205	
  4220	  4219	  4203	  4212	
  4249	  4235	  4197	  4224	
  4269	  4251	  4229	  4250	
  4311	  4284	  4258	  4277	
  4335	  4298	  4275	  4302	
  4370	  4342	  4300	  4335	
  4410	  4369	  4335	  4380	
  4467	  4409	  4369	  4415	
  4494	  4446	  4408	  4446	
  4544	  4484	  4435	  4487	
  4618	  4553	  4484	  4547	
  4702	  4614	  4540	  4607	
  4791	  4704	  4609	  4708	
  4897	  4808	  4681	  4799	
  5011	  4888	  4756	  4888	
  5099	  4986	  4849	  4989	
  5233	  5100	  4934	  5098	
  5336	  5207	  5028	  5205	
  5467	  5329	  5139	  5325	
  5600	  5456	  5224	  5448	
  5738	  5567	  5335	  5566	
  5874	  5693	  5433	  5690	
  6001	  5826	  5533	  5810	
  6135	  5954	  5628	  5934	
  6317	  6080	  5728	  6077	
  6453	  6220	  5818	  6202	
  6609	  6365	  5934	  6361	
  6747	  6482	  6026	  6472	
  6908	  6626	  6118	  6617	
  7038	  6746	  6224	  6735	
  7187	  6861	  6355	  6853	
  7146	  6839	  6302	  6819	
  6670	  6374	  5958	  6263	
  6355	  6061	  5671	  5979	
  6070	  5847	  5508	  5804	
  5917	  5753	  5398	  5711	
  5800	  5649	  5330	  5603	
  5678	  5556	  5249	  5498	
  5565	  5462	  5170	  5407	
  5455	  5370	  5086	  5325	
  5350	  5249	  5008	  5212	
  5234	  5156	  4943	  5118	
  5119	  5054	  4830	  5020	
  5023	  4945	  4779	  4915	
  4915	  4870	  4692	  4827	
  4812	  4774	  4613	  4740	
  4724	  4696	  4557	  4656	
  4642	  4613	  4494	  4589	
  4558	  4525	  4436	  4509	
  4489	  4457	  4380	  4445	
  4421	  4409	  4336	  4395	
  4373	  4345	  4280	  4333	
  4309	  4293	  4242	  4285	
  4277	  4253	  4214	  4245	
  4242	  4225	  4181	  4214	
  4224	  4205	  4162	  4194	
  4210	  4200	  4169	  4189	
  4200	  4194	  4179	  4192	
  4208	  4201	  4182	  4200	
  4219	  4212	  4190	  4217	
  4240	  4224	  4198	  4224	
  4260	  4243	  4210	  4243	
  4289	  4261	  4246	  4259	
  4315	  4293	  4257	  4287	
  4340	  4316	  4284	  4324	
  4386	  4344	  4312	  4348	
  4413	  4383	  4335	  4376	
  4457	  4409	  4360	  4419	
  4503	  4447	  4403	  4456	
  4575	  4493	  4432	  4516	
  4632	  4568	  4495	  4566	
  4725	  4650	  4552	  4645	
  4813	  4730	  4613	  4720	
  4914	  4812	  4692	  4821	
  5016	  4902	  4786	  4925	
  5140	  5004	  4872	  5009	
  5249	  5130	  4948	  5110	
  5363	  5225	  5029	  5232	
  5489	  5337	  5136	  5334	
  5624	  5452	  5238	  5452	
  5753	  5589	  5319	  5584	
  5893	  5699	  5437	  5720	
  6028	  5821	  5531	  5836	
  6167	  5960	  5643	  5951	
  6309	  6075	  5722	  6080	
  6456	  6231	  5821	  6230	
  6616	  6371	  5924	  6352	
  6743	  6499	  6025	  6486	
  6898	  6620	  6122	  6600	
  7043	  6760	  6215	  6746	
  7212	  6885	  6331	  6882	
  7185	  6896	  6338	  6862	
  6827	  6426	  6054	  6351	
  6449	  6136	  5729	  6062	
  6110	  5904	  5517	  5830	
  5958	  5794	  5430	  5732	
  5809	  5658	  5338	  5604	
  5702	  5585	  5273	  5524	
  5600	  5491	  5192	  5427	
  5470	  5379	  5094	  5339	
  5368	  5283	  5034	  5240	
  5257	  5183	  4943	  5134	
  5148	  5070	  4854	  5029	
  5052	  4970	  4778	  4938	
  4946	  4893	  4718	  4866	
  4844	  4799	  4635	  4757	
  4765	  4711	  4568	  4685	
  4682	  4639	  4516	  4625	
  4598	  4561	  4454	  4540	
  4526	  4499	  4392	  4483	
  4457	  4430	  4357	  4420	
  4409	  4386	  4298	  4367	
  4348	  4327	  4268	  4318	
  4316	  4291	  4227	  4279	
  4266	  4251	  4210	  4248	
  4248	  4232	  4181	  4224	
  4233	  4206	  4173	  4213	
  4228	  4212	  4178	  4209	
  4230	  4217	  4182	  4207	
  4242	  4228	  4198	  4231	
  4262	  4243	  4206	  4247	
  4279	  4252	  4228	  4253	
  4299	  4278	  4244	  4275	
  4329	  4309	  4274	  4300	
  4357	  4322	  4277	  4317	
  4389	  4355	  4313	  4354	
  4427	  4384	  4343	  4390	
  4476	  4421	  4374	  4421	
  4544	  4477	  4410	  4475	
  4592	  4532	  4467	  4523	
  4670	  4600	  4506	  4598	
  4753	  4671	  4565	  4677	
  4854	  4741	  4646	  4750	
  4940	  4847	  4714	  4847	
  5059	  4936	  4811	  4940	
  5159	  5040	  4880	  5034	
  5269	  5141	  4965	  5153	
  5389	  5257	  5055	  5254	
  5520	  5372	  5146	  5362	
  5642	  5477	  5254	  5473	
  5772	  5611	  5360	  5605	
  5929	  5732	  5450	  5733	
  6042	  5860	  5552	  5857	
  6187	  5998	  5619	  5978	
  6334	  6112	  5739	  6109	
  6469	  6236	  5835	  6226	
  6610	  6375	  5957	  6377	
  6775	  6508	  6040	  6510	
  6941	  6637	  6123	  6630	
  7038	  6758	  6231	  6745	
  7185	  6897	  6327	  6866	
  7189	  6917	  6314	  6840	
  6955	  6583	  6159	  6496	
  6544	  6242	  5820	  6165	
  6163	  5948	  5577	  5886	
  6006	  5836	  5467	  5766	
  5854	  5726	  5381	  5665	
  5740	  5620	  5284	  5574	
  5636	  5529	  5225	  5464	
  5528	  5443	  5148	  5384	
  5421	  5326	  5077	  5273	
  5303	  5223	  4994	  5178	
  5207	  5118	  4899	  5079	
  5111	  5026	  4829	  5000	
  5005	  4943	  4759	  4927	
  4904	  4855	  4694	  4832	
  4800	  4763	  4627	  4742	
  4742	  4696	  4565	  4671	
  4639	  4619	  4508	  4584	
  4575	  4553	  4456	  4528	
  4514	  4485	  4407	  4474	
  4449	  4433	  4365	  4423	
  4399	  4385	  4324	  4370	
  4357	  4347	  4279	  4324	
  4321	  4310	  4256	  4296	
  4298	  4283	  4241	  4272	
  4280	  4269	  4221	  4253	
  4279	  4258	  4220	  4249	
  4273	  4256	  4204	  4249	
  4279	  4258	  4210	  4254	
  4287	  4267	  4239	  4267	
  4308	  4282	  4260	  4286	
  4320	  4309	  4274	  4306	
  4355	  4332	  4292	  4324	
  4389	  4357	  4313	  4357	
  4415	  4386	  4340	  4375	
  4460	  4420	  4372	  4418	
  4515	  4460	  4405	  4465	
  4573	  4521	  4460	  4508	
  4643	  4581	  4513	  4579	
  4726	  4644	  4555	  4657	
  4802	  4728	  4633	  4721	
  4892	  4805	  4697	  4806	
  4991	  4896	  4775	  4900	
  5100	  4993	  4855	  4981	
  5217	  5087	  4930	  5085	
  5337	  5192	  5024	  5195	
  5433	  5303	  5108	  5299	
  5561	  5421	  5211	  5411	
  5677	  5527	  5285	  5522	
  5836	  5660	  5389	  5652	
  5968	  5790	  5488	  5757	
  6095	  5908	  5598	  5912	
  6233	  6029	  5677	  6005	
  6374	  6153	  5779	  6132	
  6503	  6270	  5856	  6283	
  6660	  6421	  5967	  6414	
  6801	  6561	  6067	  6546	
  6940	  6660	  6142	  6641	
  7073	  6786	  6250	  6768	
  7204	  6894	  6343	  6885	
  7184	  6905	  6365	  6887	
  7114	  6767	  6336	  6673	
  6723	  6396	  5981	  6312	
  6260	  6052	  5648	  5972	
  6072	  5900	  5544	  5847	
  5935	  5793	  5447	  5732	
  5816	  5690	  5350	  5646	
  5705	  5605	  5281	  5530	
  5595	  5490	  5209	  5439	
  5482	  5399	  5134	  5351	
  5372	  5293	  5053	  5249	
  5267	  5193	  4959	  5156	
  5163	  5092	  4895	  5066	
  5068	  5009	  4831	  4982	
  4975	  4914	  4766	  4883	
  4885	  4836	  4692	  4811	
  4800	  4769	  4626	  4744	
  4713	  4701	  4586	  4669	
  4651	  4622	  4525	  4603	
  4589	  4559	  4477	  4539	
  4527	  4500	  4429	  4490	
  4477	  4449	  4396	  4437	
  4427	  4411	  4358	  4396	
  4404	  4378	  4333	  4374	
  4368	  4337	  4304	  4340	
  4354	  4332	  4280	  4330	
  4339	  4325	  4283	  4316	
  4339	  4321	  4278	  4310	
  4343	  4316	  4276	  4310	
  4340	  4317	  4284	  4318	
  4357	  4343	  4306	  4329	
  4368	  4356	  4306	  4345	
  4404	  4381	  4349	  4366	
  4436	  4410	  4359	  4397	
  4471	  4437	  4392	  4443	
  4525	  4484	  4427	  4488	
  4583	  4521	  4471	  4521	
  4636	  4587	  4527	  4589	
  4706	  4641	  4552	  4651	
  4788	  4719	  4620	  4723	
  4873	  4788	  4689	  4800	
  4960	  4877	  4755	  4877	
  5069	  4959	  4825	  4972	
  5177	  5060	  4916	  5055	
  5271	  5144	  4999	  5158	
  5384	  5276	  5093	  5261	
  5512	  5376	  5178	  5372	
  5646	  5494	  5270	  5481	
  5745	  5599	  5357	  5600	
  5888	  5733	  5461	  5713	
  6008	  5842	  5544	  5819	
  6141	  5952	  5679	  5952	
  6282	  6091	  5735	  6078	
  6411	  6211	  5821	  6205	
  6576	  6335	  5931	  6325	
  6721	  6485	  6033	  6476	
  6851	  6617	  6150	  6605	
  6998	  6723	  6208	  6722	
  7116	  6823	  6315	  6827	
  7255	  6975	  6398	  6933	
  7249	  6987	  6390	  6955	
  7297	  6981	  6477	  6856	
  6927	  6586	  6148	  6498	
  6418	  6189	  5752	  6104	
  6159	  5977	  5594	  5935	
  6003	  5859	  5494	  5804	
  5893	  5770	  5425	  5714	
  5777	  5663	  5350	  5624	
  5670	  5570	  5268	  5514	
  5554	  5469	  5197	  5428	
  5462	  5358	  5115	  5334	
  5341	  5272	  5050	  5221	
  5253	  5171	  4980	  5140	
  5166	  5090	  4909	  5063	
  5063	  5006	  4842	  4977	
  4965	  4923	  4771	  4896	
  4901	  4846	  4714	  4823	
  4812	  4776	  4656	  4753	
  4741	  4711	  4607	  4696	
  4683	  4657	  4545	  4627	
  4618	  4587	  4510	  4575	
  4572	  4540	  4462	  4533	
  4530	  4506	  4435	  4491	
  4496	  4465	  4409	  4446	
  4466	  4436	  4387	  4425	
  4436	  4411	  4360	  4404	
  4418	  4398	  4363	  4393	
  4424	  4392	  4351	  4380	
  4423	  4389	  4340	  4392	
  4421	  4397	  4362	  4393	
  4435	  4414	  4380	  4410	
  4465	  4429	  4384	  4427	
  4489	  4453	  4406	  4449	
  4519	  4483	  4428	  4489	
  4566	  4512	  4459	  4513	
  4606	  4561	  4492	  4558	
  4669	  4610	  4541	  4611	
  4739	  4672	  4589	  4674	
  4803	  4736	  4642	  4730	
  4882	  4804	  4703	  4807	
  4967	  4883	  4765	  4884	
  5059	  4958	  4828	  4955	
  5155	  5047	  4920	  5058	
  5255	  5142	  4987	  5143	
  5367	  5237	  5065	  5246	
  5453	  5332	  5153	  5355	
  5584	  5449	  5245	  5460	
  5700	  5562	  5337	  5562	
  5825	  5675	  5431	  5657	
  5954	  5795	  5528	  5781	
  6106	  5911	  5641	  5915	
  6226	  6029	  5720	  6019	
  6361	  6141	  5793	  6144	
  6497	  6296	  5911	  6292	
  6641	  6428	  6009	  6410	
  6784	  6562	  6107	  6553	
  6917	  6671	  6186	  6644	
  7093	  6803	  6290	  6793	
  7193	  6924	  6377	  6896	
  7342	  7054	  6459	  7006	
  7314	  7010	  6425	  7010	
  7597	  7223	  6721	  7158	
  7156	  6794	  6300	  6692	
  6585	  6319	  5847	  6235	
  6257	  6061	  5664	  6001	
  6085	  5917	  5530	  5863	
  5989	  5827	  5472	  5786	
  5865	  5725	  5395	  5686	
  5748	  5632	  5309	  5576	
  5645	  5528	  5254	  5490	
  5547	  5427	  5182	  5400	
  5441	  5342	  5100	  5294	
  5346	  5256	  5022	  5222	
  5259	  5182	  4964	  5141	
  5161	  5079	  4909	  5046	
  5079	  5007	  4832	  4979	
  4977	  4924	  4779	  4902	
  4909	  4845	  4716	  4835	
  4832	  4785	  4673	  4760	
  4787	  4737	  4623	  4719	
  4724	  4675	  4577	  4661	
  4675	  4627	  4550	  4615	
  4632	  4580	  4494	  4579	
  4585	  4547	  4483	  4541	
  4554	  4530	  4459	  4506	
  4537	  4494	  4424	  4490	
  4520	  4484	  4414	  4480	
  4522	  4479	  4411	  4472	
  4510	  4475	  4403	  4477	
  4509	  4481	  4423	  4475	
  4531	  4486	  4431	  4485	
  4547	  4499	  4444	  4503	
  4586	  4529	  4464	  4530	
  4612	  4566	  4486	  4556	
  4652	  4598	  4540	  4590	
  4701	  4655	  4567	  4647	
  4762	  4686	  4607	  4685	
  4820	  4754	  4662	  4744	
  4891	  4811	  4705	  4818	
  4971	  4882	  4770	  4881	
  5053	  4964	  4838	  4955	
  5161	  5046	  4894	  5047	
  5255	  5129	  4981	  5132	
  5356	  5216	  5047	  5218	
  5449	  5325	  5144	  5323	
  5557	  5419	  5219	  5421	
  5668	  5532	  5314	  5530	
  5801	  5629	  5381	  5629	
  5925	  5732	  5472	  5746	
  6054	  5870	  5588	  5872	
  6187	  5999	  5664	  5990	
  6310	  6111	  5775	  6099	
  6441	  6231	  5858	  6232	
  6561	  6356	  5949	  6352	
  6737	  6471	  6033	  6479	
  6900	  6619	  6142	  6617	
  7021	  6745	  6251	  6732	
  7130	  6850	  6307	  6843	
  7286	  6947	  6406	  6961	
  7427	  7095	  6503	  7088	
  7470	  7151	  6500	  7116	
  7886	  7480	  6915	  7382	
  7359	  7026	  6468	  6932	
  6767	  6469	  5980	  6403	
  6363	  6142	  5700	  6076	
  6168	  6007	  5571	  5935	
  6035	  5894	  5507	  5834	
  5931	  5772	  5422	  5722	
  5837	  5681	  5358	  5639	
  5725	  5598	  5285	  5547	
  5616	  5482	  5203	  5454	
  5497	  5398	  5142	  5348	
  5418	  5311	  5073	  5273	
  5315	  5230	  5015	  5208	
  5239	  5133	  4941	  5120	
  5153	  5064	  4890	  5047	
  5070	  4996	  4835	  4985	
  4989	  4926	  4771	  4906	
  4927	  4856	  4737	  4855	
  4862	  4799	  4672	  4767	
  4799	  4749	  4635	  4732	
  4743	  4694	  4576	  4688	
  4721	  4657	  4549	  4649	
  4670	  4617	  4517	  4604	
  4637	  4591	  4520	  4571	
  4618	  4565	  4482	  4570	
  4606	  4562	  4480	  4549	
  4603	  4551	  4471	  4543	
  4607	  4540	  4467	  4543	
  4596	  4553	  4479	  4556	
  4616	  4567	  4491	  4576	
  4627	  4588	  4496	  4584	
  4670	  4603	  4525	  4608	
  4703	  4639	  4536	  4629	
  4747	  4668	  4566	  4673	
  4782	  4720	  4620	  4710	
  4855	  4756	  4648	  4757	
  4919	  4826	  4703	  4817	
  4986	  4885	  4769	  4888	
  5054	  4958	  4818	  4947	
  5145	  5032	  4885	  5023	
  5232	  5113	  4945	  5114	
  5322	  5217	  5026	  5207	
  5424	  5298	  5104	  5294	
  5533	  5390	  5189	  5382	
  5641	  5485	  5252	  5493	
  5739	  5581	  5347	  5586	
  5868	  5705	  5441	  5690	
  5973	  5799	  5510	  5808	
  6120	  5921	  5629	  5923	
  6231	  6030	  5714	  6039	
  6399	  6149	  5782	  6137	
  6508	  6274	  5903	  6266	
  6613	  6395	  5966	  6374	
  6768	  6516	  6050	  6521	
  6928	  6648	  6173	  6641	
  7050	  6777	  6254	  6772	
  7200	  6880	  6327	  6875	
  7318	  7011	  6424	  6991	
  7506	  7149	  6516	  7152	
  7611	  7263	  6572	  7263	
  8260	  7853	  7174	  7727	
  7644	  7297	  6672	  7196	
  6993	  6710	  6148	  6602	
  6521	  6276	  5797	  6202	
  6225	  6031	  5599	  5984	
  6110	  5947	  5534	  5894	
  6001	  5842	  5466	  5794	
  5884	  5749	  5380	  5689	
  5803	  5657	  5336	  5612	
  5688	  5555	  5259	  5529	
  5596	  5461	  5191	  5437	
  5486	  5380	  5147	  5346	
  5415	  5317	  5068	  5277	
  5315	  5225	  4995	  5192	
  5246	  5148	  4939	  5120	
  5155	  5064	  4885	  5049	
  5086	  5000	  4828	  4987	
  5006	  4935	  4774	  4920	
  4950	  4878	  4723	  4858	
  4890	  4817	  4677	  4807	
  4843	  4782	  4648	  4759	
  4813	  4738	  4614	  4723	
  4753	  4693	  4587	  4689	
  4734	  4680	  4569	  4668	
  4721	  4654	  4549	  4647	
  4696	  4640	  4537	  4651	
  4697	  4638	  4540	  4631	
  4699	  4620	  4531	  4626	
  4683	  4636	  4545	  4624	
  4703	  4641	  4550	  4646	
  4732	  4664	  4569	  4666	
  4763	  4687	  4571	  4688	
  4790	  4711	  4611	  4710	
  4844	  4752	  4652	  4755	
  4885	  4792	  4670	  4802	
  4936	  4848	  4727	  4838	
  4994	  4895	  4761	  4907	
  5073	  4953	  4817	  4973	
  5139	  5031	  4875	  5039	
  5230	  5107	  4934	  5112	
  5308	  5180	  5006	  5192	
  5415	  5276	  5089	  5278	
  5510	  5356	  5140	  5355	
  5603	  5442	  5224	  5453	
  5717	  5543	  5321	  5558	
  5838	  5636	  5398	  5653	
  5939	  5750	  5493	  5759	
  6056	  5864	  5575	  5868	
  6195	  5978	  5683	  5972	
  6306	  6095	  5753	  6094	
  6429	  6200	  5830	  6213	
  6586	  6321	  5937	  6315	
  6715	  6426	  5996	  6446	
  6836	  6550	  6081	  6552	
  6995	  6697	  6176	  6678	
  7139	  6814	  6276	  6813	
  7238	  6927	  6371	  6915	
  7389	  7051	  6436	  7019	
  7666	  7263	  6607	  7277	
  7820	  7426	  6754	  7441	
  8649	  8243	  7430	  8140	
  8008	  7618	  6945	  7512	
  7246	  6946	  6324	  6856	
  6694	  6450	  5908	  6361	
  6302	  6103	  5647	  6055	
  6184	  6002	  5566	  5953	
  6076	  5904	  5504	  5830	
  5948	  5794	  5429	  5747	
  5860	  5707	  5375	  5677	
  5758	  5621	  5321	  5586	
  5663	  5516	  5233	  5494	
  5580	  5450	  5170	  5421	
  5478	  5359	  5093	  5330	
  5389	  5283	  5032	  5259	
  5300	  5195	  4970	  5183	
  5236	  5144	  4928	  5117	
  5148	  5068	  4885	  5057	
  5097	  5011	  4827	  5008	
  5036	  4948	  4792	  4936	
  4982	  4898	  4753	  4892	
  4926	  4847	  4697	  4842	
  4893	  4811	  4676	  4800	
  4847	  4779	  4653	  4771	
  4831	  4756	  4637	  4750	
  4798	  4727	  4612	  4715	
  4791	  4713	  4599	  4713	
  4783	  4713	  4598	  4711	
  4775	  4705	  4594	  4711	
  4785	  4709	  4604	  4710	
  4799	  4718	  4613	  4722	
  4828	  4739	  4629	  4743	
  4855	  4772	  4643	  4765	
  4867	  4800	  4673	  4773	
  4910	  4817	  4695	  4833	
  4971	  4863	  4736	  4877	
  5018	  4932	  4782	  4921	
  5072	  4974	  4817	  4979	
  5143	  5027	  4878	  5042	
  5220	  5107	  4932	  5097	
  5306	  5184	  4982	  5180	
  5370	  5259	  5049	  5258	
  5496	  5343	  5151	  5350	
  5579	  5425	  5190	  5419	
  5673	  5506	  5268	  5524	
  5770	  5600	  5349	  5617	
  5887	  5705	  5435	  5718	
  6010	  5810	  5515	  5808	
  6126	  5915	  5612	  5921	
  6263	  6030	  5703	  6030	
  6355	  6126	  5772	  6137	
  6486	  6244	  5854	  6235	
  6600	  6372	  5971	  6362	
  6760	  6504	  6048	  6494	
  6885	  6588	  6124	  6611	
  7047	  6732	  6223	  6744	
  7149	  6828	  6281	  6817	
  7300	  6977	  6387	  6974	
  7473	  7079	  6478	  7102	
  7857	  7448	  6707	  7444	
  7966	  7583	  6774	  7575	
  9245	  8817	  7906	  8659	
  8398	  7976	  7153	  7871	
  7524	  7202	  6546	  7131	
  6903	  6635	  6045	  6568	
  6453	  6225	  5730	  6172	
  6253	  6044	  5580	  6006	
  6120	  5940	  5520	  5887	
  6040	  5840	  5461	  5808	
  5921	  5747	  5385	  5718	
  5824	  5667	  5346	  5624	
  5736	  5578	  5275	  5555	
  5637	  5478	  5197	  5466	
  5539	  5418	  5147	  5387	
  5465	  5340	  5095	  5310	
  5383	  5269	  5034	  5253	
  5313	  5186	  4986	  5184	
  5237	  5124	  4926	  5116	
  5168	  5062	  4886	  5067	
  5108	  5014	  4841	  5002	
  5065	  4965	  4797	  4954	
  5008	  4915	  4760	  4922	
  4974	  4874	  4729	  4866	
  4933	  4850	  4700	  4848	
  4915	  4820	  4682	  4814	
  4897	  4804	  4671	  4793	
  4868	  4787	  4648	  4784	
  4869	  4779	  4653	  4787	
  4877	  4777	  4658	  4776	
  4876	  4770	  4652	  4778	
  4878	  4797	  4646	  4795	
  4900	  4807	  4680	  4805	
  4928	  4827	  4693	  4834	
  4957	  4858	  4719	  4858	
  5007	  4901	  4751	  4908	
  5057	  4941	  4793	  4949	
  5102	  4980	  4824	  4985	
  5173	  5041	  4876	  5046	
  5219	  5104	  4922	  5103	
  5301	  5157	  4969	  5178	
  5370	  5236	  5045	  5238	
  5458	  5306	  5109	  5317	
  5559	  5414	  5187	  5404	
  5649	  5479	  5251	  5485	
  5758	  5558	  5334	  5581	
  5846	  5658	  5397	  5670	
  5952	  5755	  5489	  5759	
  6078	  5862	  5555	  5854	
  6182	  5957	  5640	  5973	
  6326	  6060	  5744	  6089	
  6428	  6181	  5828	  6192	
  6560	  6299	  5872	  6300	
  6685	  6400	  5962	  6421	
  6798	  6513	  6049	  6511	
  6937	  6622	  6121	  6631	
  7058	  6747	  6243	  6755	
  7222	  6867	  6329	  6873	
  7354	  6985	  6384	  7002	
  7559	  7188	  6520	  7223	
  8018	  7596	  6821	  7614	
  8281	  7834	  7031	  7866	
  9934	  9587	  8458	  9380	
  8879	  8518	  7623	  8368	
  7860	  7594	  6823	  7471	
  7197	  6930	  6315	  6843	
  6655	  6384	  5849	  6322	
  6337	  6126	  5676	  6062	
  6203	  5997	  5580	  5959	
  6092	  5890	  5518	  5838	
  5984	  5809	  5463	  5767	
  5896	  5721	  5396	  5681	
  5791	  5629	  5322	  5603	
  5703	  5552	  5275	  5514	
  5634	  5483	  5221	  5458	
  5537	  5388	  5148	  5374	
  5464	  5323	  5101	  5299	
  5396	  5269	  5047	  5235	
  5328	  5196	  5007	  5187	
  5266	  5138	  4958	  5126	
  5208	  5090	  4920	  5088	
  5155	  5037	  4875	  5028	
  5103	  5002	  4835	  4986	
  5057	  4949	  4821	  4957	
  5036	  4918	  4787	  4933	
  5001	  4907	  4776	  4897	
  4981	  4882	  4753	  4882	
  4965	  4863	  4736	  4868	
  4973	  4867	  4745	  4860	
  4961	  4860	  4734	  4856	
  4956	  4869	  4743	  4853	
  4973	  4867	  4743	  4877	
  4990	  4894	  4759	  4891	
  5031	  4915	  4786	  4926	
  5056	  4935	  4790	  4948	
  5089	  4977	  4831	  4984	
  5130	  5022	  4871	  5025	
  5191	  5066	  4921	  5061	
  5263	  5118	  4960	  5128	
  5321	  5170	  5010	  5178	
  5392	  5222	  5044	  5242	
  5461	  5302	  5102	  5315	
  5554	  5393	  5183	  5411	
  5634	  5465	  5255	  5471	
  5725	  5556	  5327	  5564	
  5843	  5625	  5387	  5646	
  5920	  5717	  5474	  5729	
  6045	  5805	  5534	  5820	
  6118	  5899	  5638	  5911	
  6243	  5999	  5702	  6003	
  6363	  6106	  5783	  6133	
  6508	  6235	  5874	  6258	
  6624	  6337	  5955	  6341	
  6737	  6433	  6008	  6450	
  6874	  6573	  6101	  6554	
  6998	  6650	  6175	  6666	
  7156	  6790	  6275	  6800	
  7240	  6890	  6351	  6905	
  7440	  7055	  6445	  7055	
  7807	  7386	  6657	  7399	
  8333	  7884	  7063	  7915	
  8767	  8333	  7418	  8367	
 10932	 10537	  9138	 10385	
  9381	  9042	  7954	  8876	
  8240	  7936	  7058	  7827	
  7434	  7228	  6488	  7117	
  6836	  6627	  6010	  6552	
  6454	  6304	  5728	  6215	
  6241	  6119	  5621	  6027	
  6172	  6007	  5564	  5951	
  6083	  5912	  5496	  5890	
  5965	  5837	  5422	  5765	
  5868	  5733	  5354	  5679	
  5781	  5673	  5305	  5626	
  5706	  5615	  5268	  5568	
  5609	  5521	  5198	  5481	
  5552	  5471	  5141	  5413	
  5479	  5399	  5071	  5343	
  5395	  5317	  5070	  5324	
  5339	  5276	  5021	  5254	
  5290	  5215	  4975	  5196	
  5234	  5167	  4940	  5148	
  5191	  5128	  4886	  5114	
  5165	  5086	  4882	  5075	
  5138	  5060	  4847	  5044	
  5103	  5043	  4849	  5025	
  5072	  5005	  4825	  5003	
  5042	  5019	  4804	  4988	
  5048	  5007	  4789	  4983	
  5050	  4998	  4792	  4984	
  5057	  5001	  4797	  4988	
  5073	  5012	  4818	  5008	
  5079	  5028	  4810	  5002	
  5133	  5052	  4841	  5063	
  5151	  5068	  4865	  5068	
  5209	  5112	  4896	  5116	
  5246	  5151	  4933	  5153	
  5297	  5209	  5000	  5201	
  5331	  5257	  5033	  5248	
  5415	  5310	  5070	  5306	
  5487	  5369	  5103	  5374	
  5557	  5440	  5178	  5434	
  5637	  5503	  5259	  5508	
  5732	  5604	  5328	  5611	
  5823	  5670	  5375	  5697	
  5915	  5740	  5424	  5750	
  6017	  5868	  5528	  5860	
  6101	  5920	  5576	  5935	
  6204	  6020	  5640	  6043	
  6322	  6133	  5750	  6132	
  6439	  6235	  5832	  6235	
  6564	  6349	  5898	  6354	
  6664	  6419	  5958	  6444	
  6779	  6529	  6038	  6526	
  6933	  6643	  6106	  6671	
  7060	  6724	  6191	  6761	
  7215	  6884	  6287	  6886	
  7331	  6992	  6356	  6977	
  7569	  7220	  6514	  7251	
  7962	  7582	  6771	  7578	
  8672	  8243	  7306	  8282	
  9456	  9002	  7841	  8987	
