  2.1896475e+001
  2.1896475e+001
  2.1896475e+001
  2.1896475e+001
  2.1896475e+001
  2.1896475e+001
  2.1896475e+001
  2.1896475e+001
  2.1896475e+001
  2.1896475e+001
  2.1896475e+001
  2.2323511e+001
  2.2750547e+001
  2.3177583e+001
  2.3604619e+001
  2.4031655e+001
  2.4458690e+001
  2.4885726e+001
  2.5312762e+001
  2.5739798e+001
  2.6166834e+001
  2.6593870e+001
  2.7020906e+001
  2.7447942e+001
  2.7874978e+001
  2.8302014e+001
  2.8729050e+001
  2.9156086e+001
  2.9583122e+001
  3.0010158e+001
  3.0437194e+001
  3.0864230e+001
  3.1291265e+001
  3.1718301e+001
  3.2145337e+001
  3.2572373e+001
  3.2999409e+001
  3.3426445e+001
  3.3853481e+001
  3.4280517e+001
  3.4707553e+001
  3.5134589e+001
  3.5561625e+001
  3.5988661e+001
  3.6415697e+001
  3.6842733e+001
  3.7269769e+001
  3.7696804e+001
  3.8123840e+001
  3.8550876e+001
  3.8977912e+001
  3.9404948e+001
  3.9831984e+001
  4.0259020e+001
  4.0686056e+001
  4.1113092e+001
  4.1540128e+001
  4.1967164e+001
  4.2394200e+001
  4.2821236e+001
  4.3248272e+001
  4.3675308e+001
  4.4102344e+001
  4.4529379e+001
  4.4956415e+001
  4.5383451e+001
  4.5810487e+001
  4.6237523e+001
  4.6664559e+001
  4.7091595e+001
  4.7518631e+001
  4.7945667e+001
  4.8372703e+001
  4.8799739e+001
  4.9226775e+001
  4.9653811e+001
  5.0080847e+001
  5.0507883e+001
  5.0934919e+001
  5.1361954e+001
  5.1788990e+001
  5.2216026e+001
  5.2643062e+001
  5.3070098e+001
  5.3497134e+001
  5.3924170e+001
  5.4351206e+001
  5.4778242e+001
  5.5205278e+001
  5.5632314e+001
  5.6059350e+001
  5.6486386e+001
  5.6913422e+001
  5.7340458e+001
  5.7767493e+001
  5.8194529e+001
  5.8621565e+001
  5.9048601e+001
  5.9475637e+001
  5.9902673e+001
  6.0329709e+001
  6.0756745e+001
  6.1183781e+001
  6.1610817e+001
  6.2037853e+001
  6.2464889e+001
  6.2891925e+001
  6.3318961e+001
  6.3745997e+001
  6.4173033e+001
  6.4600068e+001
  6.5027104e+001
  6.5454140e+001
  6.5881176e+001
  6.6308212e+001
  6.6735248e+001
  6.7162284e+001
  6.7589320e+001
  6.8016356e+001
  6.8443392e+001
  6.8870428e+001
  6.9297464e+001
  6.9724500e+001
  7.0151536e+001
  7.0578572e+001
  7.1005608e+001
  7.1432643e+001
  7.1859679e+001
  7.2286715e+001
  7.2713751e+001
  7.3140787e+001
  7.3567823e+001
  7.3994859e+001
  7.4421895e+001
  7.4848931e+001
  7.5275967e+001
  7.5703003e+001
  7.6130039e+001
  7.6557075e+001
  7.6984111e+001
  7.7411147e+001
  7.7838183e+001
  7.8265218e+001
  7.8692254e+001
  7.9119290e+001
  7.9546326e+001
  7.9973362e+001
  8.0400398e+001
  8.0827434e+001
  8.1254470e+001
  8.1681506e+001
  8.2108542e+001
  8.2535578e+001
  8.2962614e+001
  8.3389650e+001
  8.3816686e+001
  8.3748200e+001
  8.3152599e+001
  8.2556999e+001
  8.1961398e+001
  8.1365797e+001
  8.0770196e+001
  8.0174596e+001
  7.9578995e+001
  7.8983394e+001
  7.8387793e+001
  7.7792192e+001
  7.7196592e+001
  7.6600991e+001
  7.6005390e+001
  7.5409789e+001
  7.4814189e+001
  7.4218588e+001
  7.3622987e+001
  7.3027386e+001
  7.2431785e+001
  7.1836185e+001
  7.1240584e+001
  7.0644983e+001
  7.0049382e+001
  6.9453782e+001
  6.8858181e+001
  6.8262580e+001
  6.7666979e+001
  6.7071379e+001
  6.6475778e+001
  6.5880177e+001
  6.5284576e+001
  6.4688975e+001
  6.4093375e+001
  6.3497774e+001
  6.2902173e+001
  6.2306572e+001
  6.1710972e+001
  6.1115371e+001
  6.0519770e+001
  5.9924169e+001
  5.9328568e+001
  5.8732968e+001
  5.8137367e+001
  5.7541766e+001
  5.6946165e+001
  5.6350565e+001
  5.5754964e+001
  5.5159363e+001
  5.4563762e+001
  5.3968161e+001
  5.3372561e+001
  5.2776960e+001
  5.2181359e+001
  5.1585758e+001
  5.0990158e+001
  5.0394557e+001
  4.9798956e+001
  4.9203355e+001
  4.8607754e+001
  4.8012154e+001
  4.7416553e+001
  4.6820952e+001
  4.6225351e+001
  4.5629751e+001
  4.5034150e+001
  4.4438549e+001
  4.3842948e+001
  4.3247348e+001
  4.2651747e+001
  4.2056146e+001
  4.1460545e+001
  4.0864944e+001
  4.0269344e+001
  3.9673743e+001
  3.9078142e+001
  3.8482541e+001
  3.7886941e+001
  3.7291340e+001
  3.6695739e+001
  3.6100138e+001
  3.5504537e+001
  3.4908937e+001
  3.4313336e+001
  3.3717735e+001
  3.3122134e+001
  3.2526534e+001
  3.1930933e+001
  3.1335332e+001
  3.0739731e+001
  3.0144130e+001
  2.9548530e+001
  2.8952929e+001
  2.8357328e+001
  2.7761727e+001
  2.7166127e+001
  2.6570526e+001
  2.5974925e+001
  2.5379324e+001
  2.4783723e+001
