  2.3243994e+001
  2.3243994e+001
  2.3243994e+001
  2.3243994e+001
  2.3243994e+001
  2.3243994e+001
  2.3243994e+001
  2.3243994e+001
  2.3243994e+001
  2.3243994e+001
  2.3243994e+001
  2.4244134e+001
  2.5244274e+001
  2.6244414e+001
  2.7244554e+001
  2.8244695e+001
  2.9244835e+001
  3.0244975e+001
  3.1245115e+001
  3.2245256e+001
  3.3245396e+001
  3.4245536e+001
  3.5245676e+001
  3.6245816e+001
  3.7245957e+001
  3.8246097e+001
  3.9246237e+001
  4.0246377e+001
  4.1246518e+001
  4.2246658e+001
  4.3246798e+001
  4.4246938e+001
  4.5247078e+001
  4.6247219e+001
  4.7247359e+001
  4.8247499e+001
  4.9247639e+001
  5.0247780e+001
  5.1247920e+001
  5.2248060e+001
  5.3248200e+001
  5.4248340e+001
  5.5248481e+001
  5.6248621e+001
  5.7248761e+001
  5.8248901e+001
  5.9249042e+001
  6.0249182e+001
  6.1249322e+001
  6.2249462e+001
  6.3249602e+001
  6.4249743e+001
  6.5249883e+001
  6.6250023e+001
  6.7250163e+001
  6.8250304e+001
  6.9250444e+001
  6.9911508e+001
  6.9648027e+001
  6.9384546e+001
  6.9121065e+001
  6.8857584e+001
  6.8594104e+001
  6.8330623e+001
  6.8067142e+001
  6.7803661e+001
  6.7540180e+001
  6.7276699e+001
  6.7013218e+001
  6.6749737e+001
  6.6486256e+001
  6.6222775e+001
  6.5959295e+001
  6.5695814e+001
  6.5432333e+001
  6.5168852e+001
  6.4905371e+001
  6.4641890e+001
  6.4378409e+001
  6.4114928e+001
  6.3851447e+001
  6.3587967e+001
  6.3324486e+001
  6.3061005e+001
  6.2797524e+001
  6.2534043e+001
  6.2270562e+001
  6.2007081e+001
  6.1743600e+001
  6.1480119e+001
  6.1216638e+001
  6.0953158e+001
  6.0689677e+001
  6.0426196e+001
  6.0162715e+001
  5.9899234e+001
  5.9635753e+001
  5.9372272e+001
  5.9108791e+001
  5.8845310e+001
  5.8581830e+001
  5.8318349e+001
  5.8054868e+001
  5.7791387e+001
  5.7527906e+001
  5.7264425e+001
  5.7000944e+001
  5.6737463e+001
  5.6473982e+001
  5.6210501e+001
  5.5947021e+001
  5.5683540e+001
  5.5420059e+001
  5.5156578e+001
  5.4893097e+001
  5.4629616e+001
  5.4366135e+001
  5.4102654e+001
  5.3839173e+001
  5.3575693e+001
  5.3312212e+001
  5.3048731e+001
  5.2785250e+001
  5.2521769e+001
  5.2258288e+001
  5.1994807e+001
  5.1731326e+001
  5.1467845e+001
  5.1204364e+001
  5.0940884e+001
  5.0677403e+001
  5.0413922e+001
  5.0150441e+001
  4.9886960e+001
  4.9623479e+001
  4.9359998e+001
  4.9096517e+001
  4.8833036e+001
  4.8569556e+001
  4.8306075e+001
  4.8042594e+001
  4.7779113e+001
  4.7515632e+001
  4.7252151e+001
  4.6988670e+001
  4.6725189e+001
  4.6461708e+001
  4.6198227e+001
  4.5934747e+001
  4.5671266e+001
  4.5407785e+001
  4.5144304e+001
  4.4880823e+001
  4.4617342e+001
  4.4353861e+001
  4.4090380e+001
  4.3826899e+001
  4.3563419e+001
  4.3299938e+001
  4.3036457e+001
  4.2772976e+001
  4.2509495e+001
  4.2246014e+001
  4.1982533e+001
  4.1719052e+001
  4.1455571e+001
  4.1192090e+001
  4.0928610e+001
  4.0665129e+001
  4.0401648e+001
  4.0138167e+001
  3.9874686e+001
  3.9611205e+001
  3.9347724e+001
  3.9084243e+001
  3.8820762e+001
  3.8557282e+001
  3.8293801e+001
  3.8030320e+001
  3.7766839e+001
  3.7503358e+001
  3.7239877e+001
  3.6976396e+001
  3.6712915e+001
  3.6449434e+001
  3.6185953e+001
  3.5922473e+001
  3.5658992e+001
  3.5395511e+001
  3.5132030e+001
  3.4868549e+001
  3.4605068e+001
  3.4341587e+001
  3.4078106e+001
  3.3814625e+001
  3.3551145e+001
  3.3287664e+001
  3.3024183e+001
  3.2760702e+001
  3.2497221e+001
  3.2233740e+001
  3.1970259e+001
  3.1706778e+001
  3.1443297e+001
  3.1179816e+001
  3.0916336e+001
  3.0652855e+001
  3.0389374e+001
  3.0125893e+001
  2.9862412e+001
  2.9598931e+001
  2.9335450e+001
  2.9071969e+001
  2.8808488e+001
  2.8545008e+001
  2.8281527e+001
  2.8018046e+001
  2.7754565e+001
  2.7491084e+001
  2.7227603e+001
  2.6964122e+001
  2.6700641e+001
  2.6437160e+001
  2.6173679e+001
  2.5910199e+001
  2.5646718e+001
  2.5383237e+001
  2.5119756e+001
  2.4856275e+001
  2.4592794e+001
  2.4329313e+001
  2.4065832e+001
  2.3802351e+001
  2.3538871e+001
  2.3275390e+001
  2.3011909e+001
  2.2748428e+001
  2.2484947e+001
  2.2221466e+001
  2.1957985e+001
  2.1694504e+001
  2.1431023e+001
  2.1167542e+001
  2.0904062e+001
  2.0640581e+001
  2.0377100e+001
  2.0113619e+001
  1.9850138e+001
  1.9586657e+001
  1.9323176e+001
  1.9059695e+001
  1.8796214e+001
  1.8532734e+001
  1.8269253e+001
  1.8005772e+001
  1.7742291e+001
