64.00 64.00 64.00 64.00
68.00 68.00 65.00 69.00
72.00 72.00 67.00 75.00
76.00 75.00 68.00 80.00
80.00 79.00 70.00 86.00
84.00 83.00 71.00 91.00
88.00 87.00 72.00 96.00
92.00 91.00 74.00 102.00
96.00 94.00 75.00 107.00
100.00 98.00 77.00 113.00
104.00 102.00 78.00 118.00
108.00 106.00 79.00 124.00
112.00 110.00 81.00 129.00
117.00 113.00 82.00 134.00
121.00 117.00 84.00 140.00
125.00 121.00 85.00 145.00
129.00 125.00 86.00 151.00
133.00 129.00 88.00 156.00
137.00 132.00 89.00 161.00
141.00 136.00 90.00 167.00
145.00 140.00 92.00 172.00
149.00 144.00 93.00 178.00
153.00 147.00 95.00 183.00
157.00 151.00 96.00 188.00
161.00 155.00 97.00 194.00
165.00 159.00 99.00 199.00
169.00 163.00 100.00 205.00
173.00 166.00 102.00 210.00
177.00 170.00 103.00 216.00
181.00 174.00 104.00 221.00
185.00 178.00 106.00 226.00
189.00 182.00 107.00 232.00
193.00 185.00 109.00 237.00
197.00 189.00 110.00 243.00
201.00 193.00 111.00 248.00
205.00 197.00 113.00 253.00
209.00 201.00 114.00 255.00
213.00 204.00 116.00 255.00
218.00 208.00 117.00 255.00
222.00 212.00 118.00 255.00
226.00 216.00 120.00 255.00
230.00 220.00 121.00 255.00
234.00 223.00 122.00 255.00
234.00 223.00 122.00 255.00
234.00 223.00 122.00 255.00
234.00 223.00 122.00 255.00
234.00 223.00 122.00 255.00
234.00 223.00 122.00 255.00
234.00 223.00 122.00 255.00
234.00 223.00 122.00 255.00
234.00 223.00 122.00 255.00
234.00 223.00 122.00 255.00
234.00 223.00 122.00 255.00
234.00 223.00 122.00 255.00
234.00 223.00 122.00 255.00
234.00 223.00 122.00 255.00
234.00 223.00 122.00 255.00
234.00 223.00 122.00 255.00
234.00 223.00 122.00 255.00
234.00 223.00 122.00 255.00
234.00 223.00 122.00 255.00
234.00 223.00 122.00 255.00
234.00 223.00 122.00 255.00
234.00 223.00 122.00 255.00
