1144	1144	1144	1144	
4381	4422	4186	4422	
4358	4379	4179	4379	
4319	4318	4177	4318	
4289	4287	4193	4287	
4269	4265	4200	4265	
4258	4245	4202	4245	
4238	4228	4196	4228	
4229	4212	4200	4212	
4209	4198	4186	4198	
4190	4190	4195	4190	
4182	4176	4209	4176	
4170	4166	4210	4166	
4152	4145	4215	4145	
4144	4135	4221	4135	
4133	4129	4230	4129	
4125	4118	4230	4118	
4117	4108	4236	4108	
4109	4105	4237	4105	
4107	4104	4241	4104	
4096	4100	4245	4100	
4106	4101	4247	4101	
4100	4102	4250	4102	
4099	4096	4249	4096	
4110	4103	4259	4103	
4112	4108	4261	4108	
4116	4108	4255	4108	
4127	4112	4258	4112	
4136	4116	4265	4116	
4133	4117	4265	4117	
4148	4122	4254	4122	
4161	4129	4256	4129	
4169	4140	4255	4140	
4177	4147	4242	4147	
4198	4153	4249	4153	
4207	4168	4235	4168	
4211	4172	4223	4172	
4225	4185	4218	4185	
4233	4193	4207	4193	
4246	4197	4207	4197	
4244	4197	4184	4197	
4248	4205	4180	4205	
4258	4221	4166	4221	
4272	4236	4158	4236	
4265	4231	4121	4231	
4392	4417	4195	4417	
4361	4381	4179	4381	
4319	4327	4162	4327	
4297	4298	4176	4298	
4280	4278	4192	4278	
4276	4263	4205	4263	
4259	4242	4204	4242	
4241	4230	4197	4230	
4225	4213	4196	4213	
4210	4203	4190	4203	
4195	4188	4196	4188	
4179	4175	4202	4175	
4166	4156	4212	4156	
4153	4147	4219	4147	
4146	4140	4227	4140	
4134	4130	4233	4130	
4124	4123	4227	4123	
4119	4117	4232	4117	
4113	4116	4234	4116	
4111	4112	4240	4112	
4117	4112	4252	4112	
4113	4108	4243	4108	
4110	4109	4252	4109	
4113	4112	4253	4112	
4117	4113	4249	4113	
4124	4117	4253	4117	
4132	4117	4253	4117	
4144	4126	4259	4126	
4153	4127	4254	4127	
4157	4133	4248	4133	
4171	4143	4254	4143	
4180	4147	4245	4147	
4193	4157	4242	4157	
4206	4163	4242	4163	
4214	4172	4233	4172	
4223	4183	4220	4183	
4237	4192	4222	4192	
4249	4203	4200	4203	
4259	4211	4194	4211	
4262	4215	4185	4215	
4273	4224	4174	4224	
4285	4240	4165	4240	
4298	4251	4159	4251	
4269	4245	4100	4245	
4389	4406	4204	4406	
4368	4372	4180	4372	
4319	4326	4170	4326	
4303	4303	4178	4303	
4288	4287	4184	4287	
4281	4272	4210	4272	
4270	4254	4212	4254	
4249	4235	4217	4235	
4234	4219	4209	4219	
4216	4206	4204	4206	
4198	4190	4199	4190	
4176	4178	4197	4178	
4165	4160	4204	4160	
4153	4149	4215	4149	
4146	4138	4225	4138	
4129	4129	4236	4129	
4121	4122	4238	4122	
4114	4117	4240	4117	
4111	4114	4237	4114	
4104	4108	4238	4108	
4106	4110	4249	4110	
4108	4110	4248	4110	
4109	4113	4249	4113	
4116	4115	4254	4115	
4113	4116	4258	4116	
4118	4122	4257	4122	
4130	4125	4260	4125	
4140	4128	4261	4128	
4146	4130	4252	4130	
4159	4135	4250	4135	
4169	4143	4252	4143	
4179	4152	4247	4152	
4190	4160	4245	4160	
4204	4168	4238	4168	
4216	4175	4228	4175	
4223	4183	4225	4183	
4240	4193	4220	4193	
4249	4206	4207	4206	
4262	4216	4197	4216	
4267	4224	4184	4224	
4276	4228	4173	4228	
4292	4244	4173	4244	
4299	4258	4162	4258	
4274	4252	4099	4252	
4388	4405	4222	4405	
4360	4372	4186	4372	
4321	4329	4178	4329	
4310	4313	4189	4313	
4290	4293	4195	4293	
4285	4276	4200	4276	
4269	4256	4211	4256	
4255	4237	4223	4237	
4237	4221	4229	4221	
4221	4205	4216	4205	
4200	4190	4206	4190	
4177	4175	4195	4175	
4159	4157	4198	4157	
4149	4149	4205	4149	
4138	4140	4216	4140	
4127	4129	4229	4129	
4120	4122	4230	4122	
4111	4116	4240	4116	
4110	4112	4241	4112	
4108	4110	4247	4110	
4105	4110	4247	4110	
4102	4108	4249	4108	
4107	4110	4253	4110	
4112	4112	4255	4112	
4117	4119	4259	4119	
4122	4123	4264	4123	
4134	4128	4270	4128	
4141	4134	4267	4134	
4153	4138	4263	4138	
4163	4141	4259	4141	
4168	4147	4255	4147	
4183	4157	4251	4157	
4196	4166	4254	4166	
4206	4171	4247	4171	
4217	4178	4236	4178	
4234	4191	4226	4191	
4244	4199	4224	4199	
4254	4211	4214	4211	
4268	4220	4201	4220	
4272	4229	4193	4229	
4284	4238	4178	4238	
4295	4248	4165	4248	
4301	4261	4156	4261	
4274	4260	4096	4260	
4398	4409	4226	4409	
4367	4379	4198	4379	
4334	4342	4199	4342	
4321	4318	4197	4318	
4306	4301	4203	4301	
4299	4283	4215	4283	
4280	4264	4219	4264	
4262	4242	4221	4242	
4246	4227	4226	4227	
4227	4211	4228	4211	
4207	4191	4219	4191	
4182	4171	4206	4171	
4163	4153	4204	4153	
4150	4147	4201	4147	
4135	4140	4213	4140	
4131	4133	4220	4133	
4114	4122	4233	4122	
4116	4117	4241	4117	
4106	4115	4244	4115	
4104	4109	4246	4109	
4104	4108	4254	4108	
4101	4107	4252	4107	
4102	4108	4254	4108	
4107	4113	4259	4113	
4123	4120	4260	4120	
4128	4125	4273	4125	
4134	4131	4272	4131	
4148	4137	4272	4137	
4155	4139	4271	4139	
4167	4146	4264	4146	
4177	4155	4267	4155	
4187	4159	4258	4159	
4199	4170	4255	4170	
4212	4175	4245	4175	
4221	4179	4238	4179	
4232	4192	4228	4192	
4250	4207	4232	4207	
4261	4215	4218	4215	
4271	4227	4209	4227	
4284	4236	4194	4236	
4290	4247	4185	4247	
4314	4264	4177	4264	
4313	4274	4173	4274	
4277	4263	4099	4263	
4397	4410	4239	4410	
4377	4383	4216	4383	
4346	4344	4201	4344	
4329	4324	4199	4324	
4317	4308	4208	4308	
4300	4290	4217	4290	
4281	4264	4215	4264	
4262	4249	4220	4249	
4251	4232	4234	4232	
4230	4214	4233	4214	
4211	4193	4232	4193	
4185	4173	4219	4173	
4160	4154	4207	4154	
4150	4145	4208	4145	
4132	4137	4206	4137	
4125	4130	4217	4130	
4115	4121	4223	4121	
4113	4119	4229	4119	
4106	4111	4245	4111	
4104	4110	4249	4110	
4098	4110	4253	4110	
4100	4108	4252	4108	
4100	4105	4253	4105	
4110	4113	4261	4113	
4117	4120	4266	4120	
4131	4130	4273	4130	
4137	4134	4280	4134	
4145	4142	4278	4142	
4160	4146	4276	4146	
4167	4150	4272	4150	
4181	4160	4272	4160	
4190	4170	4261	4170	
4201	4177	4263	4177	
4217	4182	4260	4182	
4229	4186	4250	4186	
4239	4196	4239	4196	
4258	4211	4235	4211	
4268	4220	4217	4220	
4286	4235	4214	4235	
4290	4243	4204	4243	
4306	4255	4190	4255	
4306	4261	4165	4261	
4315	4278	4160	4278	
4283	4268	4102	4268	
4411	4418	4246	4418	
4413	4420	4264	4420	
4376	4376	4242	4376	
4343	4330	4215	4330	
4321	4315	4219	4315	
4308	4295	4221	4295	
4287	4272	4227	4272	
4269	4251	4225	4251	
4247	4231	4225	4231	
4230	4215	4234	4215	
4210	4194	4230	4194	
4185	4175	4218	4175	
4165	4154	4212	4154	
4148	4144	4208	4144	
4130	4135	4200	4135	
4126	4126	4213	4126	
4118	4117	4217	4117	
4109	4115	4226	4115	
4099	4107	4236	4107	
4100	4106	4247	4106	
4102	4107	4245	4107	
4100	4107	4247	4107	
4100	4106	4259	4106	
4106	4112	4259	4112	
4116	4121	4267	4121	
4130	4128	4274	4128	
4143	4137	4280	4137	
4149	4146	4280	4146	
4162	4151	4282	4151	
4172	4157	4282	4157	
4185	4169	4277	4169	
4195	4171	4272	4171	
4208	4181	4266	4181	
4223	4186	4265	4186	
4234	4193	4255	4193	
4245	4201	4242	4201	
4271	4214	4245	4214	
4275	4226	4225	4226	
4291	4241	4221	4241	
4301	4248	4204	4248	
4316	4260	4191	4260	
4322	4274	4186	4274	
4327	4289	4179	4289	
4303	4280	4097	4280	
4416	4426	4254	4426	
4398	4402	4240	4402	
4383	4385	4257	4385	
4354	4347	4225	4347	
4338	4330	4234	4330	
4316	4305	4232	4305	
4295	4279	4228	4279	
4278	4258	4232	4258	
4262	4234	4230	4234	
4235	4217	4226	4217	
4212	4196	4227	4196	
4185	4177	4220	4177	
4169	4162	4221	4162	
4154	4149	4216	4149	
4141	4137	4214	4137	
4127	4130	4213	4130	
4116	4121	4219	4121	
4113	4114	4219	4114	
4097	4110	4224	4110	
4099	4107	4237	4107	
4097	4105	4243	4105	
4099	4107	4250	4107	
4105	4110	4251	4110	
4108	4111	4257	4111	
4120	4121	4265	4121	
4130	4132	4280	4132	
4145	4138	4282	4138	
4159	4150	4284	4150	
4168	4156	4290	4156	
4178	4165	4286	4165	
4187	4173	4278	4173	
4200	4178	4274	4178	
4214	4183	4272	4183	
4229	4191	4261	4191	
4238	4201	4258	4201	
4256	4209	4249	4209	
4276	4223	4250	4223	
4285	4234	4233	4234	
4297	4248	4231	4248	
4306	4255	4212	4255	
4323	4268	4199	4268	
4331	4276	4189	4276	
4344	4297	4180	4297	
4309	4291	4113	4291	
4421	4432	4255	4432	
4405	4406	4245	4406	
4374	4374	4235	4374	
4362	4352	4235	4352	
4339	4331	4233	4331	
4333	4318	4241	4318	
4307	4290	4241	4290	
4281	4268	4229	4268	
4266	4242	4236	4242	
4240	4218	4230	4218	
4218	4200	4225	4200	
4193	4182	4226	4182	
4171	4166	4226	4166	
4162	4155	4231	4155	
4148	4140	4225	4140	
4136	4132	4224	4132	
4126	4124	4221	4124	
4115	4118	4217	4118	
4105	4111	4221	4111	
4106	4110	4225	4110	
4100	4106	4235	4106	
4103	4107	4244	4107	
4105	4112	4253	4112	
4117	4118	4258	4118	
4123	4122	4264	4122	
4134	4135	4278	4135	
4152	4146	4285	4146	
4167	4153	4293	4153	
4172	4165	4293	4165	
4186	4173	4298	4173	
4198	4182	4291	4182	
4210	4182	4282	4182	
4219	4191	4272	4191	
4239	4195	4263	4195	
4246	4205	4252	4205	
4261	4218	4251	4218	
4287	4231	4251	4231	
4297	4241	4241	4241	
4310	4259	4236	4259	
4321	4264	4222	4264	
4331	4277	4208	4277	
4341	4287	4199	4287	
4353	4306	4199	4306	
4318	4300	4121	4300	
4440	4443	4264	4443	
4418	4415	4248	4415	
4389	4381	4249	4381	
4378	4362	4247	4362	
4354	4344	4245	4344	
4344	4327	4254	4327	
4315	4295	4245	4295	
4298	4277	4241	4277	
4277	4252	4245	4252	
4249	4229	4233	4229	
4222	4203	4226	4203	
4199	4186	4224	4186	
4183	4171	4222	4171	
4168	4162	4234	4162	
4153	4149	4231	4149	
4144	4138	4230	4138	
4134	4131	4225	4131	
4121	4123	4228	4123	
4109	4117	4222	4117	
4115	4118	4231	4118	
4109	4117	4235	4117	
4109	4112	4248	4112	
4115	4117	4255	4117	
4122	4124	4266	4124	
4133	4135	4279	4135	
4144	4143	4289	4143	
4157	4153	4294	4153	
4175	4165	4299	4165	
4185	4172	4297	4172	
4194	4180	4300	4180	
4209	4187	4292	4187	
4219	4192	4283	4192	
4233	4197	4275	4197	
4247	4207	4270	4207	
4258	4215	4260	4215	
4279	4227	4257	4227	
4296	4245	4251	4245	
4314	4255	4246	4255	
4321	4265	4240	4265	
4332	4275	4229	4275	
4345	4288	4215	4288	
4355	4296	4205	4296	
4369	4319	4207	4319	
4346	4316	4135	4316	
4460	4463	4273	4463	
4433	4435	4260	4435	
4407	4396	4256	4396	
4393	4376	4255	4376	
4373	4355	4253	4355	
4349	4335	4254	4335	
4326	4306	4251	4306	
4303	4287	4248	4287	
4286	4262	4245	4262	
4261	4241	4241	4241	
4234	4213	4236	4213	
4209	4195	4229	4195	
4188	4180	4233	4180	
4179	4170	4237	4170	
4164	4159	4233	4159	
4154	4146	4239	4146	
4140	4136	4236	4136	
4130	4132	4233	4132	
4118	4127	4230	4127	
4118	4126	4234	4126	
4116	4127	4241	4127	
4122	4127	4250	4127	
4125	4129	4263	4129	
4136	4137	4271	4137	
4144	4143	4285	4143	
4153	4156	4301	4156	
4166	4163	4302	4163	
4181	4176	4314	4176	
4198	4181	4306	4181	
4207	4189	4296	4189	
4218	4198	4297	4198	
4225	4199	4287	4199	
4233	4205	4279	4205	
4258	4214	4273	4214	
4262	4225	4266	4225	
4280	4237	4263	4237	
4304	4252	4258	4252	
4322	4266	4249	4266	
4337	4277	4242	4277	
4342	4287	4236	4287	
4352	4295	4223	4295	
4371	4309	4217	4309	
4385	4333	4207	4333	
4349	4324	4139	4324	
4474	4482	4295	4482	
4452	4450	4271	4450	
4417	4412	4271	4412	
4405	4390	4263	4390	
4385	4372	4262	4372	
4370	4345	4270	4345	
4346	4319	4258	4319	
4314	4295	4258	4295	
4293	4272	4250	4272	
4274	4253	4251	4253	
4238	4226	4244	4226	
4219	4205	4239	4205	
4201	4188	4235	4188	
4187	4176	4243	4176	
4177	4169	4247	4169	
4163	4161	4243	4161	
4155	4151	4242	4151	
4142	4142	4240	4142	
4134	4139	4236	4139	
4128	4134	4242	4134	
4127	4134	4250	4134	
4130	4137	4251	4137	
4129	4142	4262	4142	
4145	4152	4274	4152	
4158	4157	4290	4157	
4169	4166	4302	4166	
4184	4174	4312	4174	
4195	4181	4312	4181	
4204	4188	4310	4188	
4215	4195	4300	4195	
4224	4204	4299	4204	
4229	4207	4295	4207	
4253	4216	4285	4216	
4268	4227	4279	4227	
4278	4235	4271	4235	
4291	4249	4266	4249	
4317	4261	4268	4261	
4332	4275	4254	4275	
4340	4287	4250	4287	
4352	4297	4237	4297	
4363	4309	4225	4309	
4385	4323	4227	4323	
4398	4343	4219	4343	
4367	4335	4157	4335	
4500	4504	4307	4504	
4474	4469	4284	4469	
4437	4425	4276	4425	
4422	4407	4272	4407	
4399	4386	4280	4386	
4373	4359	4271	4359	
4357	4333	4270	4333	
4331	4308	4257	4308	
4307	4284	4257	4284	
4284	4264	4252	4264	
4262	4240	4253	4240	
4233	4219	4249	4219	
4217	4201	4244	4201	
4205	4195	4253	4195	
4186	4181	4246	4181	
4178	4174	4249	4174	
4170	4164	4255	4164	
4157	4158	4253	4158	
4155	4152	4249	4152	
4148	4150	4256	4150	
4145	4150	4256	4150	
4147	4151	4260	4151	
4150	4154	4267	4154	
4163	4165	4282	4165	
4171	4171	4286	4171	
4185	4177	4298	4177	
4196	4184	4311	4184	
4207	4188	4307	4188	
4217	4198	4308	4198	
4228	4204	4305	4204	
4231	4211	4293	4211	
4242	4216	4283	4216	
4259	4223	4281	4223	
4278	4240	4282	4240	
4286	4250	4276	4250	
4306	4257	4271	4257	
4327	4275	4270	4275	
4339	4283	4258	4283	
4350	4298	4252	4298	
4368	4308	4241	4308	
4380	4321	4242	4321	
4399	4341	4236	4341	
4415	4356	4225	4356	
4374	4349	4155	4349	
4521	4531	4333	4531	
4497	4494	4303	4494	
4453	4445	4283	4445	
4439	4422	4285	4422	
4420	4395	4284	4395	
4390	4369	4280	4369	
4375	4346	4275	4346	
4347	4324	4269	4324	
4323	4299	4266	4299	
4299	4277	4268	4277	
4278	4257	4263	4257	
4254	4237	4252	4237	
4235	4217	4255	4217	
4222	4209	4261	4209	
4207	4196	4257	4196	
4192	4186	4256	4186	
4189	4177	4260	4177	
4178	4176	4253	4176	
4169	4169	4264	4169	
4167	4167	4266	4167	
4167	4169	4268	4169	
4169	4169	4273	4169	
4169	4170	4272	4170	
4182	4181	4282	4181	
4191	4187	4298	4187	
4199	4190	4295	4190	
4212	4198	4307	4198	
4217	4201	4315	4201	
4224	4206	4310	4206	
4234	4215	4310	4215	
4246	4222	4299	4222	
4254	4230	4292	4230	
4274	4241	4290	4241	
4289	4250	4289	4250	
4293	4258	4274	4258	
4316	4272	4275	4272	
4343	4288	4273	4288	
4351	4298	4265	4298	
4360	4310	4252	4310	
4380	4319	4245	4319	
4395	4334	4237	4334	
4414	4352	4235	4352	
4425	4373	4231	4373	
4395	4361	4164	4361	
4556	4562	4348	4562	
4528	4519	4320	4519	
4476	4462	4299	4462	
4461	4436	4294	4436	
4429	4408	4289	4408	
4405	4384	4285	4384	
4384	4358	4282	4358	
4372	4337	4278	4337	
4339	4315	4275	4315	
4312	4295	4271	4295	
4296	4274	4266	4274	
4275	4257	4265	4257	
4252	4234	4257	4234	
4237	4221	4262	4221	
4226	4213	4262	4213	
4210	4201	4262	4201	
4198	4195	4261	4195	
4197	4190	4266	4190	
4190	4187	4268	4187	
4187	4189	4274	4189	
4186	4188	4279	4188	
4190	4188	4283	4188	
4193	4191	4284	4191	
4201	4198	4290	4198	
4210	4201	4295	4201	
4212	4209	4299	4209	
4228	4212	4309	4212	
4236	4219	4310	4219	
4240	4223	4317	4223	
4254	4231	4313	4231	
4260	4236	4312	4236	
4273	4245	4300	4245	
4286	4255	4294	4255	
4302	4265	4290	4265	
4323	4283	4288	4283	
4325	4283	4275	4283	
4352	4298	4275	4298	
4358	4312	4265	4312	
4374	4328	4262	4328	
4392	4337	4256	4337	
4409	4351	4241	4351	
4422	4370	4239	4370	
4439	4388	4239	4388	
4409	4382	4175	4382	
4603	4600	4381	4600	
4564	4553	4347	4553	
4511	4485	4313	4485	
4470	4448	4305	4448	
4441	4422	4291	4422	
4420	4402	4287	4402	
4406	4376	4290	4376	
4383	4358	4289	4358	
4361	4334	4283	4334	
4337	4318	4279	4318	
4318	4296	4279	4296	
4292	4278	4266	4278	
4271	4255	4259	4255	
4255	4241	4270	4241	
4246	4231	4265	4231	
4231	4218	4270	4218	
4221	4211	4273	4211	
4215	4209	4277	4209	
4214	4208	4279	4208	
4211	4207	4283	4207	
4211	4207	4288	4207	
4211	4204	4285	4204	
4217	4209	4294	4209	
4217	4213	4299	4213	
4228	4218	4296	4218	
4233	4227	4303	4227	
4242	4232	4308	4232	
4256	4238	4316	4238	
4260	4241	4308	4241	
4264	4247	4308	4247	
4277	4255	4306	4255	
4284	4261	4303	4261	
4298	4271	4294	4271	
4316	4278	4290	4278	
4328	4288	4281	4288	
4341	4304	4275	4304	
4365	4317	4282	4317	
4376	4327	4270	4327	
4392	4342	4267	4342	
4404	4353	4251	4353	
4426	4368	4251	4368	
4446	4384	4245	4384	
4455	4406	4246	4406	
4431	4396	4178	4396	
4632	4639	4414	4639	
4595	4584	4371	4584	
4533	4510	4328	4510	
4491	4466	4304	4466	
4462	4441	4301	4441	
4435	4417	4299	4417	
4425	4393	4300	4393	
4405	4375	4295	4375	
4375	4351	4293	4351	
4355	4337	4291	4337	
4336	4315	4281	4315	
4311	4293	4278	4293	
4291	4270	4273	4270	
4274	4260	4276	4260	
4265	4248	4280	4248	
4256	4236	4278	4236	
4243	4226	4281	4226	
4237	4229	4285	4229	
4229	4227	4286	4227	
4232	4226	4299	4226	
4233	4229	4302	4229	
4236	4229	4306	4229	
4238	4226	4307	4226	
4246	4234	4305	4234	
4245	4236	4306	4236	
4256	4245	4312	4245	
4265	4250	4313	4250	
4274	4257	4317	4257	
4277	4258	4312	4258	
4284	4261	4313	4261	
4294	4274	4315	4274	
4305	4278	4312	4278	
4316	4285	4302	4285	
4335	4297	4301	4297	
4346	4307	4295	4307	
4360	4319	4285	4319	
4378	4334	4284	4334	
4388	4342	4279	4342	
4407	4359	4274	4359	
4422	4369	4268	4369	
4439	4386	4259	4386	
4457	4402	4251	4402	
4477	4424	4254	4424	
4452	4419	4186	4419	
4685	4699	4461	4699	
4642	4627	4408	4627	
4566	4550	4358	4550	
4515	4488	4321	4488	
4479	4457	4301	4457	
4457	4435	4302	4435	
4435	4411	4298	4411	
4416	4387	4294	4387	
4396	4364	4288	4364	
4375	4348	4286	4348	
4358	4335	4285	4335	
4336	4314	4288	4314	
4312	4290	4281	4290	
4299	4281	4279	4281	
4288	4268	4281	4268	
4275	4260	4286	4260	
4271	4256	4288	4256	
4261	4249	4296	4249	
4254	4245	4298	4245	
4258	4246	4299	4246	
4261	4251	4310	4251	
4263	4251	4314	4251	
4260	4249	4311	4249	
4274	4255	4314	4255	
4267	4257	4311	4257	
4275	4263	4314	4263	
4282	4265	4312	4265	
4291	4269	4310	4269	
4297	4271	4312	4271	
4306	4279	4307	4279	
4315	4289	4313	4289	
4323	4294	4310	4294	
4335	4305	4311	4305	
4352	4314	4306	4314	
4364	4327	4300	4327	
4380	4336	4297	4336	
4400	4351	4293	4351	
4412	4362	4286	4362	
4426	4376	4276	4376	
4440	4384	4265	4384	
4458	4401	4264	4401	
4478	4422	4265	4422	
4489	4444	4259	4444	
4464	4443	4192	4443	
4746	4754	4506	4754	
4687	4683	4445	4683	
4615	4595	4392	4595	
4552	4525	4349	4525	
4502	4480	4321	4480	
4485	4456	4313	4456	
4457	4428	4305	4428	
4430	4403	4297	4403	
4415	4383	4295	4383	
4395	4368	4292	4368	
4379	4351	4294	4351	
4362	4333	4286	4333	
4346	4318	4289	4318	
4330	4304	4295	4304	
4310	4295	4290	4295	
4298	4287	4296	4287	
4294	4280	4306	4280	
4287	4273	4302	4273	
4283	4270	4304	4270	
4283	4273	4313	4273	
4289	4278	4322	4278	
4286	4277	4316	4277	
4286	4275	4318	4275	
4293	4280	4323	4280	
4291	4275	4324	4275	
4297	4283	4320	4283	
4304	4282	4319	4282	
4312	4287	4308	4287	
4315	4295	4315	4295	
4326	4301	4311	4301	
4342	4309	4316	4309	
4345	4313	4310	4313	
4359	4323	4314	4323	
4376	4333	4316	4333	
4389	4347	4307	4347	
4399	4356	4300	4356	
4417	4368	4298	4368	
4426	4382	4292	4382	
4447	4395	4278	4395	
4456	4406	4277	4406	
4473	4419	4266	4419	
4496	4443	4265	4443	
4512	4466	4270	4466	
4487	4472	4206	4472	
4815	4822	4544	4822	
4742	4737	4488	4737	
4663	4642	4418	4642	
4589	4562	4368	4562	
4528	4503	4329	4503	
4498	4471	4323	4471	
4480	4443	4308	4443	
4452	4420	4304	4420	
4435	4404	4300	4404	
4417	4389	4298	4389	
4399	4368	4293	4368	
4381	4353	4294	4353	
4365	4339	4288	4339	
4350	4330	4299	4330	
4339	4319	4299	4319	
4335	4312	4306	4312	
4320	4306	4311	4306	
4319	4303	4311	4303	
4311	4296	4316	4296	
4314	4298	4323	4298	
4312	4298	4330	4298	
4319	4300	4337	4300	
4319	4299	4331	4299	
4317	4302	4332	4302	
4315	4299	4326	4299	
4321	4304	4328	4304	
4325	4302	4322	4302	
4336	4310	4318	4310	
4340	4313	4315	4313	
4348	4322	4313	4322	
4363	4331	4316	4331	
4370	4337	4312	4337	
4382	4350	4318	4350	
4396	4355	4319	4355	
4406	4370	4318	4370	
4412	4373	4307	4373	
4438	4388	4300	4388	
4448	4400	4294	4400	
4467	4413	4293	4413	
4478	4423	4278	4423	
4492	4441	4274	4441	
4515	4464	4271	4464	
4539	4493	4281	4493	
4531	4507	4233	4507	
4906	4914	4608	4914	
4808	4807	4534	4807	
4711	4700	4459	4700	
4635	4611	4403	4611	
4560	4540	4352	4540	
4524	4496	4331	4496	
4499	4465	4322	4465	
4474	4443	4311	4443	
4457	4424	4309	4424	
4442	4411	4305	4411	
4422	4392	4299	4392	
4410	4376	4298	4376	
4391	4361	4302	4361	
4380	4356	4313	4356	
4369	4345	4305	4345	
4363	4340	4320	4340	
4351	4335	4321	4335	
4341	4326	4326	4326	
4338	4320	4322	4320	
4344	4323	4334	4323	
4349	4329	4348	4329	
4353	4328	4352	4328	
4346	4325	4344	4325	
4351	4325	4337	4325	
4345	4326	4340	4326	
4351	4329	4334	4329	
4359	4330	4334	4330	
4359	4333	4326	4333	
4363	4335	4320	4335	
4371	4341	4318	4341	
4387	4352	4324	4352	
4393	4360	4318	4360	
4410	4370	4325	4370	
4422	4383	4329	4383	
4432	4391	4318	4391	
4437	4397	4312	4397	
4448	4402	4313	4402	
4462	4418	4298	4418	
4489	4436	4296	4436	
4498	4448	4291	4448	
4514	4466	4285	4466	
4542	4489	4287	4489	
4578	4526	4299	4526	
4572	4548	4253	4548	
5009	5027	4691	5027	
4900	4905	4601	4905	
4770	4763	4503	4763	
4690	4668	4439	4668	
4614	4586	4379	4586	
4561	4531	4353	4531	
4522	4492	4333	4492	
4502	4467	4321	4467	
4477	4448	4317	4448	
4463	4436	4314	4436	
4448	4418	4310	4418	
4433	4404	4312	4404	
4415	4390	4309	4390	
4409	4382	4317	4382	
4402	4375	4320	4375	
4391	4366	4329	4366	
4382	4362	4327	4362	
4376	4356	4327	4356	
4370	4350	4328	4350	
4371	4351	4347	4351	
4384	4360	4360	4360	
4378	4357	4358	4357	
4374	4351	4353	4351	
4377	4351	4358	4351	
4374	4350	4346	4350	
4377	4352	4345	4352	
4381	4357	4340	4357	
4384	4361	4339	4361	
4392	4363	4333	4363	
4392	4368	4326	4368	
4410	4373	4323	4373	
4414	4380	4322	4380	
4423	4393	4322	4393	
4448	4401	4329	4401	
4451	4409	4321	4409	
4452	4416	4312	4416	
4473	4421	4310	4421	
4481	4436	4297	4436	
4499	4455	4298	4455	
4514	4471	4296	4471	
4539	4491	4295	4491	
4572	4518	4294	4518	
4613	4577	4324	4577	
4625	4605	4289	4605	
5143	5166	4792	5166	
5014	5019	4675	5019	
4851	4846	4557	4846	
4740	4729	4480	4729	
4664	4641	4414	4641	
4600	4573	4368	4573	
4552	4520	4345	4520	
4526	4489	4329	4489	
4506	4473	4324	4473	
4487	4459	4325	4459	
4471	4444	4324	4444	
4458	4430	4321	4430	
4440	4417	4320	4417	
4434	4409	4327	4409	
4426	4405	4327	4405	
4418	4389	4331	4389	
4413	4390	4338	4390	
4403	4383	4339	4383	
4400	4382	4336	4382	
4398	4380	4352	4380	
4405	4383	4360	4383	
4406	4381	4362	4381	
4397	4380	4360	4380	
4396	4380	4362	4380	
4399	4375	4358	4375	
4401	4379	4348	4379	
4403	4382	4354	4382	
4409	4384	4346	4384	
4414	4385	4340	4385	
4419	4393	4337	4393	
4431	4396	4335	4396	
4435	4404	4325	4404	
4448	4415	4322	4415	
4461	4422	4330	4422	
4471	4430	4321	4430	
4467	4436	4313	4436	
4488	4445	4310	4445	
4497	4458	4309	4458	
4516	4476	4307	4476	
4534	4494	4309	4494	
4564	4522	4313	4522	
4618	4568	4327	4568	
4679	4632	4364	4632	
4684	4672	4323	4672	
5312	5336	4907	5336	
5158	5170	4775	5170	
4968	4966	4628	4966	
4823	4816	4525	4816	
4726	4709	4455	4709	
4654	4635	4407	4635	
4595	4566	4368	4566	
4552	4522	4348	4522	
4525	4500	4336	4500	
4509	4487	4335	4487	
4497	4470	4329	4470	
4483	4461	4329	4461	
4468	4446	4328	4446	
4466	4438	4328	4438	
4456	4429	4336	4429	
4446	4420	4340	4420	
4435	4419	4345	4419	
4438	4413	4347	4413	
4431	4412	4347	4412	
4426	4411	4360	4411	
4428	4410	4364	4410	
4425	4408	4367	4408	
4427	4407	4364	4407	
4427	4401	4362	4401	
4426	4401	4355	4401	
4425	4400	4352	4400	
4426	4404	4351	4404	
4436	4408	4349	4408	
4437	4409	4342	4409	
4442	4415	4342	4415	
4455	4423	4340	4423	
4457	4425	4329	4425	
4469	4438	4327	4438	
4485	4446	4331	4446	
4494	4452	4322	4452	
4495	4460	4314	4460	
4512	4472	4314	4472	
4518	4484	4316	4484	
4541	4502	4313	4502	
4560	4519	4319	4519	
4608	4565	4329	4565	
4669	4622	4355	4622	
4747	4699	4403	4699	
4764	4754	4384	4754	
5500	5538	5071	5538	
5327	5349	4916	5349	
5116	5120	4742	5120	
4933	4935	4610	4935	
4800	4796	4513	4796	
4707	4700	4460	4700	
4649	4628	4405	4628	
4593	4572	4373	4572	
4556	4531	4356	4531	
4530	4510	4342	4510	
4522	4495	4335	4495	
4509	4484	4342	4484	
4496	4476	4339	4476	
4491	4464	4345	4464	
4477	4458	4344	4458	
4469	4454	4348	4454	
4466	4448	4351	4448	
4458	4440	4355	4440	
4453	4438	4357	4438	
4448	4438	4364	4438	
4450	4441	4369	4441	
4449	4437	4374	4437	
4449	4437	4376	4437	
4448	4433	4373	4433	
4443	4428	4368	4428	
4445	4424	4359	4424	
4446	4424	4351	4424	
4451	4430	4353	4430	
4454	4434	4349	4434	
4459	4436	4340	4436	
4466	4447	4342	4447	
4471	4448	4333	4448	
4486	4460	4336	4460	
4505	4470	4336	4470	
4503	4475	4327	4475	
4515	4480	4316	4480	
4523	4496	4316	4496	
4541	4509	4316	4509	
4560	4532	4326	4532	
4590	4563	4329	4563	
4655	4620	4361	4620	
4747	4705	4413	4705	
4833	4798	4468	4798	
4883	4874	4467	4874	
5635	5694	5199	5694	
5431	5485	5012	5485	
5198	5235	4805	5235	
4995	5029	4649	5029	
4834	4863	4531	4863	
4725	4755	4467	4755	
4658	4670	4403	4670	
4591	4603	4360	4603	
4540	4553	4339	4553	
4510	4524	4316	4524	
4495	4505	4312	4505	
4490	4493	4323	4493	
4479	4485	4314	4485	
4470	4476	4324	4476	
4455	4466	4312	4466	
4445	4459	4317	4459	
4440	4453	4313	4453	
4434	4445	4317	4445	
4425	4441	4324	4441	
4425	4443	4329	4443	
4422	4442	4334	4442	
4429	4443	4340	4443	
4422	4442	4335	4442	
4426	4438	4337	4438	
4426	4438	4335	4438	
4417	4432	4327	4432	
4418	4430	4324	4430	
4425	4434	4322	4434	
4433	4438	4309	4438	
4440	4438	4304	4438	
4447	4447	4304	4447	
4442	4452	4303	4452	
4450	4462	4300	4462	
4474	4468	4295	4468	
4472	4478	4288	4478	
4485	4486	4283	4486	
4505	4506	4290	4506	
4518	4519	4283	4519	
4553	4545	4300	4545	
4595	4587	4318	4587	
4665	4655	4363	4655	
4748	4745	4397	4745	
4864	4873	4500	4873	
4942	4964	4513	4964	
                                                                                                                                                                                                                                                                                                                                                                                                                                                                                                                                                                                                                                                                                                                                                                                                                                                                                                                                                                                                                                                                                                                                                                                                                                                                                                                                                                                                                                                                                                                                                                                                                                                                                                                                                                                                                                                                                                                                                                                                                                                                                                                                                                                                                                                                                                                                                                                                                                                                                                                                                                                                                                                                                                                                                                                                                                                                                                                                                                                                                                                                                                                                                                                                                                                                                                                                                                                                                                                                                                                                                                                                                                                                                                                                                                                                                                                                                                                                                                                                                                                                                                                                                                                                                                                                                                                                                                                                                                                                                                                                                                                                                                                                                                                                                                    