  1.5933100e+001
  1.5933100e+001
  1.5933100e+001
  1.5933100e+001
  1.5933100e+001
  1.5933100e+001
  1.5933100e+001
  1.5933100e+001
  1.5933100e+001
  1.5933100e+001
  1.5933100e+001
  1.5933100e+001
  1.5933100e+001
  1.5933100e+001
  1.5933100e+001
  1.5933100e+001
  1.6250975e+001
  1.6816085e+001
  1.7381196e+001
  1.7946306e+001
  1.8511417e+001
  1.9076527e+001
  1.9641637e+001
  2.0206748e+001
  2.0771858e+001
  2.1336969e+001
  2.1902079e+001
  2.2467190e+001
  2.3032300e+001
  2.3597411e+001
  2.4162521e+001
  2.4727632e+001
  2.5292742e+001
  2.5857853e+001
  2.6422963e+001
  2.6988074e+001
  2.7553184e+001
  2.8118294e+001
  2.8683405e+001
  2.9248515e+001
  2.9813626e+001
  3.0378736e+001
  3.0943847e+001
  3.1508957e+001
  3.2074068e+001
  3.2639178e+001
  3.3204289e+001
  3.3769399e+001
  3.4334510e+001
  3.4899620e+001
  3.5464731e+001
  3.6029841e+001
  3.6594951e+001
  3.7160062e+001
  3.7725172e+001
  3.8290283e+001
  3.8855393e+001
  3.9420504e+001
  3.9985614e+001
  4.0550725e+001
  4.1115835e+001
  4.1680946e+001
  4.2246056e+001
  4.2811167e+001
  4.3376277e+001
  4.3941388e+001
  4.4506498e+001
  4.5071608e+001
  4.5636719e+001
  4.6201829e+001
  4.6766940e+001
  4.7332050e+001
  4.7897161e+001
  4.8462271e+001
  4.9027382e+001
  4.9592492e+001
  5.0157603e+001
  5.0722713e+001
  5.1287824e+001
  5.1852934e+001
  5.2418045e+001
  5.2983155e+001
  5.3548265e+001
  5.4113376e+001
  5.4678486e+001
  5.5243597e+001
  5.5808707e+001
  5.6373818e+001
  5.6938928e+001
  5.7504039e+001
  5.8069149e+001
  5.8634260e+001
  5.9199370e+001
  5.9764481e+001
  5.9547220e+001
  5.9271829e+001
  5.8996437e+001
  5.8721046e+001
  5.8445654e+001
  5.8170263e+001
  5.7894871e+001
  5.7619480e+001
  5.7344088e+001
  5.7068696e+001
  5.6793305e+001
  5.6517913e+001
  5.6242522e+001
  5.5967130e+001
  5.5691739e+001
  5.5416347e+001
  5.5140955e+001
  5.4865564e+001
  5.4590172e+001
  5.4314781e+001
  5.4039389e+001
  5.3763998e+001
  5.3488606e+001
  5.3213215e+001
  5.2937823e+001
  5.2662431e+001
  5.2387040e+001
  5.2111648e+001
  5.1836257e+001
  5.1560865e+001
  5.1285474e+001
  5.1010082e+001
  5.0734691e+001
  5.0459299e+001
  5.0183907e+001
  4.9908516e+001
  4.9633124e+001
  4.9357733e+001
  4.9082341e+001
  4.8806950e+001
  4.8531558e+001
  4.8256167e+001
  4.7980775e+001
  4.7705383e+001
  4.7429992e+001
  4.7154600e+001
  4.6879209e+001
  4.6603817e+001
  4.6328426e+001
  4.6053034e+001
  4.5777643e+001
  4.5502251e+001
  4.5226859e+001
  4.4951468e+001
  4.4676076e+001
  4.4400685e+001
  4.4125293e+001
  4.3849902e+001
  4.3574510e+001
  4.3299118e+001
  4.3023727e+001
  4.2748335e+001
  4.2472944e+001
  4.2197552e+001
  4.1922161e+001
  4.1646769e+001
  4.1371378e+001
  4.1095986e+001
  4.0820594e+001
  4.0545203e+001
  4.0269811e+001
  3.9994420e+001
  3.9719028e+001
  3.9443637e+001
  3.9168245e+001
  3.8892854e+001
  3.8617462e+001
  3.8342070e+001
  3.8066679e+001
  3.7791287e+001
  3.7515896e+001
  3.7240504e+001
  3.6965113e+001
  3.6689721e+001
  3.6414330e+001
  3.6138938e+001
  3.5863546e+001
  3.5588155e+001
  3.5312763e+001
  3.5037372e+001
  3.4761980e+001
  3.4486589e+001
  3.4211197e+001
  3.3935806e+001
  3.3660414e+001
  3.3385022e+001
  3.3109631e+001
  3.2834239e+001
  3.2558848e+001
  3.2283456e+001
  3.2008065e+001
  3.1732673e+001
  3.1457282e+001
  3.1181890e+001
  3.0906498e+001
  3.0631107e+001
  3.0355715e+001
  3.0080324e+001
  2.9804932e+001
  2.9529541e+001
  2.9254149e+001
  2.8978757e+001
  2.8703366e+001
  2.8427974e+001
  2.8152583e+001
  2.7877191e+001
  2.7601800e+001
  2.7326408e+001
  2.7051017e+001
  2.6775625e+001
  2.6500233e+001
  2.6224842e+001
  2.5949450e+001
  2.5674059e+001
  2.5398667e+001
  2.5123276e+001
  2.4847884e+001
  2.4572493e+001
  2.4297101e+001
  2.4021709e+001
  2.3746318e+001
  2.3470926e+001
  2.3195535e+001
  2.2920143e+001
  2.2644752e+001
  2.2369360e+001
  2.2093969e+001
  2.1818577e+001
  2.1543185e+001
  2.1267794e+001
  2.0992402e+001
  2.0717011e+001
  2.0441619e+001
  2.0166228e+001
  1.9890836e+001
  1.9615445e+001
  1.9340053e+001
  1.9064661e+001
  1.8789270e+001
  1.8513878e+001
  1.8238487e+001
  1.7963095e+001
  1.7687704e+001
  1.7412312e+001
  1.7136920e+001
  1.6861529e+001
  1.6586137e+001
  1.6310746e+001
  1.6035354e+001
  1.5759963e+001
  1.5484571e+001
  1.5209180e+001
