  2.4710290e+001
  2.4710290e+001
  2.4710290e+001
  2.4710290e+001
  2.4710290e+001
  2.4710290e+001
  2.4710290e+001
  2.4710290e+001
  2.4710290e+001
  2.4710290e+001
  2.4710290e+001
  2.5486308e+001
  2.6262325e+001
  2.7038342e+001
  2.7814359e+001
  2.8590376e+001
  2.9366393e+001
  3.0142410e+001
  3.0918427e+001
  3.1694444e+001
  3.2470461e+001
  3.3246478e+001
  3.4022495e+001
  3.4798512e+001
  3.5574529e+001
  3.6350546e+001
  3.7126563e+001
  3.7902580e+001
  3.8678597e+001
  3.9454614e+001
  4.0230631e+001
  4.1006648e+001
  4.1782665e+001
  4.2558682e+001
  4.3334699e+001
  4.4110716e+001
  4.4886733e+001
  4.5662750e+001
  4.6438767e+001
  4.7214784e+001
  4.7990801e+001
  4.8766819e+001
  4.9542836e+001
  5.0318853e+001
  5.1094870e+001
  5.1870887e+001
  5.2646904e+001
  5.3422921e+001
  5.4198938e+001
  5.4974955e+001
  5.5750972e+001
  5.6526989e+001
  5.7303006e+001
  5.8079023e+001
  5.8855040e+001
  5.9631057e+001
  6.0407074e+001
  6.1183091e+001
  6.1959108e+001
  6.2735125e+001
  6.3511142e+001
  6.4287159e+001
  6.5063176e+001
  6.5839193e+001
  6.6615210e+001
  6.7391227e+001
  6.8167244e+001
  6.8943261e+001
  6.9719278e+001
  7.0495295e+001
  7.1271313e+001
  7.2047330e+001
  7.2823347e+001
  7.3599364e+001
  7.4375381e+001
  7.5151398e+001
  7.5927415e+001
  7.6703432e+001
  7.7479449e+001
  7.8255466e+001
  7.9031483e+001
  7.9807500e+001
  8.0583517e+001
  8.1359534e+001
  8.2135551e+001
  8.2911568e+001
  8.3687585e+001
  8.4463602e+001
  8.5239619e+001
  8.6015636e+001
  8.6791653e+001
  8.7567670e+001
  8.8343687e+001
  8.9119704e+001
  8.9895721e+001
  9.0671738e+001
  9.1447755e+001
  9.2223772e+001
  9.2999789e+001
  9.3775806e+001
  9.4551824e+001
  9.5327841e+001
  9.6103858e+001
  9.6879875e+001
  9.7655892e+001
  9.8431909e+001
  9.9207926e+001
  9.9983943e+001
  1.0075996e+002
  1.0153598e+002
  1.0200997e+002
  1.0148594e+002
  1.0096191e+002
  1.0043788e+002
  9.9913846e+001
  9.9389814e+001
  9.8865782e+001
  9.8341751e+001
  9.7817719e+001
  9.7293687e+001
  9.6769656e+001
  9.6245624e+001
  9.5721592e+001
  9.5197561e+001
  9.4673529e+001
  9.4149498e+001
  9.3625466e+001
  9.3101434e+001
  9.2577403e+001
  9.2053371e+001
  9.1529339e+001
  9.1005308e+001
  9.0481276e+001
  8.9957244e+001
  8.9433213e+001
  8.8909181e+001
  8.8385150e+001
  8.7861118e+001
  8.7337086e+001
  8.6813055e+001
  8.6289023e+001
  8.5764991e+001
  8.5240960e+001
  8.4716928e+001
  8.4192896e+001
  8.3668865e+001
  8.3144833e+001
  8.2620802e+001
  8.2096770e+001
  8.1572738e+001
  8.1048707e+001
  8.0524675e+001
  8.0000643e+001
  7.9476612e+001
  7.8952580e+001
  7.8428548e+001
  7.7904517e+001
  7.7380485e+001
  7.6856453e+001
  7.6332422e+001
  7.5808390e+001
  7.5284359e+001
  7.4760327e+001
  7.4236295e+001
  7.3712264e+001
  7.3188232e+001
  7.2664200e+001
  7.2140169e+001
  7.1616137e+001
  7.1092105e+001
  7.0568074e+001
  7.0044042e+001
  6.9520011e+001
  6.8995979e+001
  6.8471947e+001
  6.7947916e+001
  6.7423884e+001
  6.6899852e+001
  6.6375821e+001
  6.5851789e+001
  6.5327757e+001
  6.4803726e+001
  6.4279694e+001
  6.3755663e+001
  6.3231631e+001
  6.2707599e+001
  6.2183568e+001
  6.1659536e+001
  6.1135504e+001
  6.0611473e+001
  6.0087441e+001
  5.9563409e+001
  5.9039378e+001
  5.8515346e+001
  5.7991315e+001
  5.7467283e+001
  5.6943251e+001
  5.6419220e+001
  5.5895188e+001
  5.5371156e+001
  5.4847125e+001
  5.4323093e+001
  5.3799061e+001
  5.3275030e+001
  5.2750998e+001
  5.2226967e+001
  5.1702935e+001
  5.1178903e+001
  5.0654872e+001
  5.0130840e+001
  4.9606808e+001
  4.9082777e+001
  4.8558745e+001
  4.8034713e+001
  4.7510682e+001
  4.6986650e+001
  4.6462619e+001
  4.5938587e+001
  4.5414555e+001
  4.4890524e+001
  4.4366492e+001
  4.3842460e+001
  4.3318429e+001
  4.2794397e+001
  4.2270365e+001
  4.1746334e+001
  4.1222302e+001
  4.0698271e+001
  4.0174239e+001
  3.9650207e+001
  3.9126176e+001
  3.8602144e+001
  3.8078112e+001
  3.7554081e+001
  3.7030049e+001
  3.6506017e+001
  3.5981986e+001
  3.5457954e+001
  3.4933922e+001
  3.4409891e+001
  3.3885859e+001
  3.3361828e+001
  3.2837796e+001
  3.2313764e+001
  3.1789733e+001
  3.1265701e+001
  3.0741669e+001
  3.0217638e+001
  2.9693606e+001
  2.9169574e+001
  2.8645543e+001
  2.8121511e+001
  2.7597480e+001
  2.7073448e+001
  2.6549416e+001
  2.6025385e+001
