  8.9705000e+000
  8.9705000e+000
  8.9705000e+000
  8.9705000e+000
  8.9705000e+000
  8.9705000e+000
  8.9705000e+000
  8.9705000e+000
  8.9705000e+000
  8.9705000e+000
  8.9705000e+000
  8.9705000e+000
  8.9705000e+000
  8.9705000e+000
  8.9705000e+000
  8.9705000e+000
  8.9705000e+000
  9.0086669e+000
  9.3140022e+000
  9.6193374e+000
  9.9246727e+000
  1.0230008e+001
  1.0535343e+001
  1.0840679e+001
  1.1146014e+001
  1.1451349e+001
  1.1756684e+001
  1.2062020e+001
  1.2367355e+001
  1.2672690e+001
  1.2978025e+001
  1.3283361e+001
  1.3588696e+001
  1.3894031e+001
  1.4199367e+001
  1.4504702e+001
  1.4810037e+001
  1.5115372e+001
  1.5420708e+001
  1.5726043e+001
  1.6031378e+001
  1.6336713e+001
  1.6642049e+001
  1.6947384e+001
  1.7252719e+001
  1.7558054e+001
  1.7863390e+001
  1.8168725e+001
  1.8474060e+001
  1.8779396e+001
  1.9084731e+001
  1.9390066e+001
  1.9695401e+001
  2.0000737e+001
  2.0306072e+001
  2.0611407e+001
  2.0916742e+001
  2.1222078e+001
  2.1527413e+001
  2.1832748e+001
  2.2138084e+001
  2.2443419e+001
  2.2748754e+001
  2.3054089e+001
  2.3359425e+001
  2.3664760e+001
  2.3970095e+001
  2.4275430e+001
  2.4580766e+001
  2.4886101e+001
  2.5191436e+001
  2.5496772e+001
  2.5802107e+001
  2.6107442e+001
  2.6412777e+001
  2.6718113e+001
  2.7023448e+001
  2.7328783e+001
  2.7634118e+001
  2.7939454e+001
  2.8244789e+001
  2.8550124e+001
  2.8855459e+001
  2.9160795e+001
  2.9466130e+001
  2.9771465e+001
  3.0076801e+001
  3.0382136e+001
  3.0687471e+001
  3.0992806e+001
  3.1298142e+001
  3.1603477e+001
  3.1908812e+001
  3.2214147e+001
  3.2519483e+001
  3.2469931e+001
  3.2277977e+001
  3.2086022e+001
  3.1894068e+001
  3.1702113e+001
  3.1510159e+001
  3.1318205e+001
  3.1126250e+001
  3.0934296e+001
  3.0742341e+001
  3.0550387e+001
  3.0358432e+001
  3.0166478e+001
  2.9974523e+001
  2.9782569e+001
  2.9590614e+001
  2.9398660e+001
  2.9206705e+001
  2.9014751e+001
  2.8822796e+001
  2.8630842e+001
  2.8438888e+001
  2.8246933e+001
  2.8054979e+001
  2.7863024e+001
  2.7671070e+001
  2.7479115e+001
  2.7287161e+001
  2.7095206e+001
  2.6903252e+001
  2.6711297e+001
  2.6519343e+001
  2.6327388e+001
  2.6135434e+001
  2.5943479e+001
  2.5751525e+001
  2.5559571e+001
  2.5367616e+001
  2.5175662e+001
  2.4983707e+001
  2.4791753e+001
  2.4599798e+001
  2.4407844e+001
  2.4215889e+001
  2.4023935e+001
  2.3831980e+001
  2.3640026e+001
  2.3448071e+001
  2.3256117e+001
  2.3064163e+001
  2.2872208e+001
  2.2680254e+001
  2.2488299e+001
  2.2296345e+001
  2.2104390e+001
  2.1912436e+001
  2.1720481e+001
  2.1528527e+001
  2.1336572e+001
  2.1144618e+001
  2.0952663e+001
  2.0760709e+001
  2.0568754e+001
  2.0376800e+001
  2.0184846e+001
  1.9992891e+001
  1.9800937e+001
  1.9608982e+001
  1.9417028e+001
  1.9225073e+001
  1.9033119e+001
  1.8841164e+001
  1.8649210e+001
  1.8457255e+001
  1.8265301e+001
  1.8073346e+001
  1.7881392e+001
  1.7689437e+001
  1.7497483e+001
  1.7305529e+001
  1.7113574e+001
  1.6921620e+001
  1.6729665e+001
  1.6537711e+001
  1.6345756e+001
  1.6153802e+001
  1.5961847e+001
  1.5769893e+001
  1.5577938e+001
  1.5385984e+001
  1.5194029e+001
  1.5002075e+001
  1.4810121e+001
  1.4618166e+001
  1.4426212e+001
  1.4234257e+001
  1.4042303e+001
  1.3850348e+001
  1.3658394e+001
  1.3466439e+001
  1.3274485e+001
  1.3082530e+001
  1.2890576e+001
  1.2698621e+001
  1.2506667e+001
  1.2314712e+001
  1.2122758e+001
  1.1930804e+001
  1.1738849e+001
  1.1546895e+001
  1.1354940e+001
  1.1162986e+001
  1.0971031e+001
  1.0779077e+001
  1.0587122e+001
  1.0395168e+001
  1.0203213e+001
  1.0011259e+001
  9.8193044e+000
  9.6273500e+000
  9.4353955e+000
  9.2434410e+000
  9.0514866e+000
  8.8595321e+000
  8.6675776e+000
  8.4756232e+000
  8.2836687e+000
  8.1517000e+000
  8.1517000e+000
  8.1517000e+000
  8.1517000e+000
  8.1517000e+000
  8.1517000e+000
  8.1517000e+000
  8.1517000e+000
  8.1517000e+000
  8.1517000e+000
  8.1517000e+000
  8.1517000e+000
  8.1517000e+000
  8.1517000e+000
  8.1517000e+000
  8.1517000e+000
  8.1517000e+000
  8.1517000e+000
  8.1517000e+000
  8.1517000e+000
  8.1517000e+000
  8.1517000e+000
  8.1517000e+000
  8.1517000e+000
  8.1517000e+000
  8.1517000e+000
  8.1517000e+000
  8.1517000e+000
  8.1517000e+000
  8.1517000e+000
  8.1517000e+000
  8.1517000e+000
  8.1517000e+000
  8.1517000e+000
