   480	   480	   480	   480	
  6422	  6036	  5389	  6012	
  6170	  5813	  5291	  5780	
  5943	  5634	  5169	  5608	
  5779	  5539	  5100	  5480	
  5688	  5439	  5034	  5430	
  5598	  5377	  4997	  5351	
  5532	  5320	  4953	  5298	
  5394	  5224	  4885	  5200	
  5300	  5151	  4844	  5127	
  5208	  5087	  4781	  5057	
  5106	  4983	  4721	  4937	
  5003	  4916	  4661	  4880	
  4951	  4853	  4616	  4795	
  4868	  4770	  4589	  4741	
  4766	  4697	  4523	  4667	
  4717	  4638	  4482	  4610	
  4667	  4583	  4454	  4565	
  4592	  4516	  4382	  4487	
  4552	  4500	  4369	  4457	
  4515	  4457	  4340	  4419	
  4490	  4418	  4327	  4407	
  4502	  4409	  4317	  4382	
  4504	  4397	  4286	  4380	
  4504	  4395	  4288	  4375	
  4515	  4402	  4280	  4359	
  4545	  4392	  4267	  4376	
  4586	  4418	  4284	  4401	
  4636	  4438	  4295	  4412	
  4675	  4444	  4276	  4436	
  4680	  4433	  4273	  4433	
  6278	  5855	  5273	  5846	
  6029	  5708	  5253	  5730	
  5901	  5620	  5176	  5601	
  5774	  5511	  5109	  5515	
  5677	  5431	  5071	  5433	
  5576	  5374	  5031	  5362	
  5492	  5303	  4979	  5265	
  5379	  5224	  4907	  5203	
  5260	  5126	  4854	  5106	
  5163	  5029	  4780	  5000	
  5040	  4933	  4706	  4915	
  4958	  4854	  4647	  4823	
  4853	  4771	  4582	  4751	
  4787	  4707	  4538	  4681	
  4699	  4638	  4494	  4616	
  4645	  4577	  4446	  4560	
  4586	  4530	  4404	  4509	
  4533	  4480	  4386	  4452	
  4499	  4438	  4358	  4422	
  4457	  4401	  4326	  4377	
  4449	  4375	  4310	  4361	
  4439	  4366	  4299	  4345	
  4447	  4356	  4301	  4339	
  4452	  4358	  4296	  4340	
  4474	  4363	  4312	  4346	
  4516	  4366	  4288	  4353	
  4554	  4399	  4309	  4373	
  4613	  4427	  4313	  4420	
  4654	  4461	  4339	  4443	
  4629	  4434	  4288	  4417	
  6086	  5721	  5160	  5695	
  5985	  5684	  5232	  5681	
  5876	  5610	  5176	  5595	
  5751	  5498	  5083	  5498	
  5648	  5428	  5071	  5424	
  5546	  5355	  5028	  5341	
  5444	  5279	  4949	  5259	
  5323	  5176	  4884	  5156	
  5214	  5081	  4834	  5072	
  5075	  4973	  4748	  4959	
  4968	  4882	  4663	  4859	
  4870	  4780	  4589	  4763	
  4757	  4702	  4532	  4682	
  4698	  4627	  4476	  4610	
  4609	  4563	  4434	  4533	
  4545	  4504	  4404	  4477	
  4484	  4452	  4368	  4421	
  4441	  4403	  4333	  4380	
  4415	  4372	  4321	  4349	
  4374	  4344	  4297	  4323	
  4375	  4330	  4286	  4301	
  4374	  4321	  4278	  4299	
  4381	  4325	  4296	  4308	
  4407	  4320	  4276	  4315	
  4419	  4339	  4272	  4318	
  4439	  4362	  4270	  4339	
  4473	  4387	  4292	  4374	
  4549	  4390	  4298	  4395	
  4613	  4429	  4319	  4423	
  4590	  4399	  4276	  4396	
  5984	  5623	  5117	  5638	
  5948	  5656	  5204	  5647	
  5805	  5562	  5148	  5553	
  5677	  5468	  5085	  5453	
  5602	  5416	  5059	  5399	
  5500	  5328	  4995	  5314	
  5407	  5239	  4941	  5234	
  5264	  5136	  4856	  5113	
  5142	  5031	  4780	  5017	
  5020	  4926	  4699	  4908	
  4906	  4806	  4615	  4792	
  4779	  4711	  4532	  4690	
  4676	  4620	  4462	  4596	
  4585	  4541	  4411	  4520	
  4496	  4472	  4370	  4447	
  4445	  4421	  4313	  4404	
  4393	  4372	  4305	  4341	
  4337	  4336	  4276	  4302	
  4316	  4313	  4263	  4279	
  4305	  4289	  4247	  4259	
  4292	  4257	  4229	  4260	
  4306	  4258	  4235	  4252	
  4316	  4271	  4248	  4261	
  4348	  4291	  4258	  4281	
  4371	  4300	  4262	  4294	
  4405	  4316	  4265	  4292	
  4440	  4317	  4258	  4309	
  4506	  4361	  4288	  4349	
  4560	  4385	  4300	  4370	
  4526	  4374	  4257	  4367	
  5926	  5587	  5116	  5606	
  5916	  5646	  5184	  5630	
  5777	  5559	  5141	  5562	
  5673	  5469	  5106	  5451	
  5602	  5401	  5053	  5401	
  5462	  5314	  4980	  5292	
  5365	  5214	  4924	  5205	
  5214	  5113	  4834	  5091	
  5087	  4984	  4744	  4967	
  4962	  4881	  4663	  4856	
  4822	  4754	  4581	  4742	
  4711	  4661	  4510	  4644	
  4601	  4552	  4422	  4549	
  4508	  4485	  4360	  4459	
  4427	  4396	  4301	  4377	
  4371	  4347	  4272	  4321	
  4313	  4296	  4250	  4284	
  4259	  4263	  4220	  4244	
  4255	  4243	  4207	  4231	
  4235	  4234	  4205	  4226	
  4237	  4231	  4216	  4216	
  4255	  4222	  4211	  4212	
  4270	  4231	  4227	  4224	
  4303	  4249	  4234	  4243	
  4329	  4262	  4248	  4254	
  4351	  4272	  4236	  4260	
  4405	  4290	  4249	  4276	
  4453	  4318	  4258	  4310	
  4516	  4365	  4275	  4348	
  4514	  4345	  4241	  4330	
  5924	  5569	  5114	  5570	
  5860	  5610	  5179	  5615	
  5763	  5519	  5116	  5534	
  5649	  5459	  5072	  5458	
  5560	  5383	  5021	  5377	
  5426	  5290	  4952	  5289	
  5312	  5194	  4900	  5189	
  5193	  5071	  4809	  5070	
  5056	  4956	  4730	  4946	
  4920	  4835	  4627	  4821	
  4780	  4722	  4536	  4719	
  4662	  4624	  4463	  4607	
  4543	  4520	  4387	  4513	
  4459	  4424	  4322	  4419	
  4363	  4343	  4264	  4333	
  4301	  4291	  4224	  4275	
  4247	  4251	  4195	  4229	
  4197	  4198	  4163	  4191	
  4188	  4185	  4173	  4172	
  4176	  4181	  4179	  4172	
  4197	  4175	  4184	  4162	
  4183	  4177	  4176	  4159	
  4201	  4186	  4199	  4168	
  4253	  4208	  4210	  4194	
  4295	  4232	  4224	  4218	
  4320	  4245	  4215	  4229	
  4352	  4259	  4231	  4270	
  4406	  4284	  4240	  4269	
  4479	  4331	  4254	  4332	
  4466	  4316	  4236	  4305	
  5863	  5544	  5088	  5553	
  5847	  5576	  5162	  5599	
  5746	  5521	  5120	  5519	
  5647	  5449	  5094	  5442	
  5550	  5379	  5035	  5375	
  5419	  5259	  4969	  5266	
  5287	  5160	  4870	  5154	
  5164	  5046	  4799	  5045	
  5008	  4920	  4697	  4916	
  4880	  4798	  4603	  4800	
  4742	  4698	  4523	  4681	
  4639	  4600	  4445	  4575	
  4520	  4486	  4357	  4464	
  4402	  4389	  4291	  4380	
  4315	  4307	  4246	  4294	
  4249	  4251	  4179	  4230	
  4196	  4196	  4155	  4197	
  4161	  4161	  4137	  4147	
  4147	  4137	  4127	  4133	
  4138	  4132	  4120	  4126	
  4135	  4143	  4144	  4120	
  4151	  4143	  4168	  4129	
  4178	  4164	  4162	  4141	
  4212	  4178	  4198	  4178	
  4272	  4218	  4208	  4208	
  4317	  4225	  4216	  4231	
  4346	  4247	  4235	  4245	
  4385	  4266	  4220	  4267	
  4457	  4304	  4229	  4305	
  4478	  4316	  4239	  4300	
  5869	  5536	  5081	  5560	
  5826	  5566	  5134	  5584	
  5732	  5515	  5120	  5509	
  5634	  5442	  5064	  5444	
  5530	  5360	  5036	  5360	
  5405	  5262	  4956	  5258	
  5276	  5159	  4864	  5142	
  5131	  5026	  4784	  5026	
  4981	  4908	  4681	  4900	
  4849	  4790	  4592	  4775	
  4720	  4674	  4521	  4660	
  4600	  4554	  4413	  4561	
  4479	  4459	  4336	  4443	
  4371	  4368	  4272	  4354	
  4286	  4280	  4200	  4261	
  4223	  4207	  4171	  4196	
  4173	  4170	  4128	  4155	
  4116	  4129	  4103	  4111	
  4109	  4107	  4096	  4103	
  4096	  4096	  4116	  4096	
  4106	  4115	  4123	  4096	
  4131	  4113	  4131	  4112	
  4165	  4143	  4162	  4128	
  4199	  4172	  4188	  4164	
  4255	  4198	  4205	  4199	
  4315	  4228	  4229	  4225	
  4357	  4246	  4225	  4241	
  4390	  4269	  4221	  4259	
  4456	  4309	  4243	  4304	
  4472	  4292	  4216	  4291	
  5856	  5561	  5084	  5534	
  5833	  5573	  5160	  5573	
  5710	  5514	  5118	  5512	
  5649	  5471	  5104	  5474	
  5537	  5363	  5045	  5365	
  5388	  5275	  4969	  5265	
  5282	  5158	  4876	  5156	
  5126	  5031	  4806	  5031	
  4973	  4914	  4685	  4907	
  4860	  4791	  4606	  4789	
  4716	  4670	  4519	  4669	
  4594	  4569	  4419	  4552	
  4484	  4452	  4347	  4436	
  4366	  4363	  4275	  4341	
  4276	  4283	  4215	  4266	
  4193	  4210	  4156	  4201	
  4145	  4167	  4128	  4151	
  4125	  4138	  4125	  4120	
  4111	  4127	  4126	  4110	
  4104	  4120	  4132	  4104	
  4110	  4123	  4143	  4104	
  4135	  4139	  4150	  4118	
  4176	  4161	  4181	  4151	
  4217	  4188	  4209	  4176	
  4277	  4212	  4213	  4218	
  4319	  4249	  4241	  4226	
  4352	  4261	  4238	  4244	
  4401	  4283	  4242	  4277	
  4464	  4314	  4235	  4312	
  4462	  4322	  4239	  4315	
  5853	  5542	  5085	  5568	
  5850	  5594	  5180	  5607	
  5744	  5510	  5139	  5521	
  5633	  5451	  5068	  5442	
  5550	  5388	  5062	  5379	
  5402	  5274	  4980	  5288	
  5280	  5175	  4898	  5160	
  5133	  5064	  4805	  5042	
  4999	  4924	  4713	  4917	
  4871	  4808	  4619	  4800	
  4727	  4692	  4531	  4674	
  4601	  4580	  4445	  4573	
  4485	  4468	  4365	  4454	
  4383	  4378	  4295	  4365	
  4296	  4296	  4239	  4284	
  4217	  4230	  4181	  4214	
  4171	  4189	  4154	  4173	
  4145	  4156	  4153	  4145	
  4136	  4158	  4155	  4135	
  4133	  4140	  4149	  4131	
  4145	  4142	  4155	  4130	
  4171	  4140	  4171	  4142	
  4191	  4176	  4202	  4172	
  4235	  4204	  4229	  4197	
  4292	  4233	  4234	  4227	
  4326	  4257	  4271	  4259	
  4382	  4273	  4262	  4272	
  4417	  4293	  4251	  4295	
  4460	  4325	  4265	  4330	
  4500	  4321	  4247	  4331	
  5886	  5548	  5096	  5552	
  5847	  5586	  5164	  5596	
  5730	  5518	  5126	  5529	
  5654	  5456	  5093	  5467	
  5550	  5387	  5064	  5392	
  5420	  5304	  4980	  5292	
  5293	  5183	  4905	  5189	
  5150	  5060	  4818	  5067	
  5031	  4957	  4751	  4943	
  4884	  4820	  4645	  4810	
  4742	  4708	  4559	  4703	
  4631	  4603	  4462	  4589	
  4511	  4489	  4397	  4481	
  4422	  4410	  4326	  4397	
  4326	  4328	  4261	  4315	
  4267	  4269	  4225	  4250	
  4214	  4213	  4197	  4214	
  4191	  4197	  4196	  4182	
  4185	  4180	  4195	  4172	
  4167	  4165	  4184	  4165	
  4181	  4179	  4183	  4154	
  4190	  4180	  4194	  4178	
  4238	  4203	  4213	  4197	
  4274	  4228	  4225	  4214	
  4317	  4244	  4239	  4251	
  4356	  4272	  4262	  4273	
  4408	  4295	  4277	  4298	
  4451	  4325	  4267	  4320	
  4517	  4364	  4274	  4367	
  4502	  4343	  4252	  4348	
  5892	  5542	  5084	  5554	
  5870	  5580	  5178	  5595	
  5756	  5533	  5141	  5541	
  5652	  5453	  5100	  5467	
  5547	  5385	  5061	  5390	
  5452	  5290	  5011	  5300	
  5315	  5195	  4911	  5211	
  5190	  5096	  4843	  5088	
  5067	  4977	  4755	  4976	
  4921	  4846	  4667	  4852	
  4788	  4730	  4569	  4734	
  4665	  4630	  4500	  4620	
  4551	  4527	  4416	  4512	
  4465	  4438	  4350	  4422	
  4376	  4373	  4299	  4353	
  4329	  4309	  4267	  4301	
  4280	  4275	  4239	  4267	
  4245	  4248	  4219	  4238	
  4245	  4242	  4219	  4229	
  4238	  4225	  4235	  4210	
  4247	  4216	  4211	  4210	
  4254	  4224	  4241	  4215	
  4279	  4247	  4239	  4227	
  4312	  4262	  4254	  4248	
  4381	  4283	  4271	  4286	
  4407	  4301	  4272	  4299	
  4430	  4327	  4278	  4331	
  4480	  4344	  4272	  4344	
  4551	  4396	  4289	  4382	
  4539	  4372	  4270	  4367	
  5938	  5555	  5093	  5549	
  5877	  5606	  5176	  5606	
  5755	  5520	  5136	  5535	
  5662	  5471	  5091	  5459	
  5589	  5397	  5068	  5396	
  5498	  5321	  5015	  5319	
  5367	  5219	  4945	  5226	
  5234	  5119	  4866	  5105	
  5100	  5013	  4788	  5000	
  4967	  4890	  4684	  4881	
  4843	  4769	  4605	  4775	
  4725	  4667	  4528	  4662	
  4630	  4564	  4454	  4564	
  4520	  4494	  4391	  4485	
  4439	  4418	  4341	  4404	
  4389	  4377	  4305	  4360	
  4351	  4338	  4287	  4328	
  4327	  4318	  4278	  4308	
  4317	  4307	  4285	  4302	
  4307	  4289	  4266	  4267	
  4308	  4279	  4257	  4273	
  4321	  4280	  4264	  4281	
  4342	  4290	  4270	  4282	
  4377	  4307	  4265	  4297	
  4420	  4321	  4289	  4319	
  4445	  4327	  4283	  4343	
  4477	  4345	  4283	  4344	
  4534	  4387	  4289	  4371	
  4606	  4422	  4305	  4419	
  4594	  4399	  4269	  4387	
  5940	  5578	  5080	  5573	
  5888	  5608	  5193	  5610	
  5778	  5536	  5144	  5548	
  5668	  5450	  5077	  5445	
  5595	  5410	  5066	  5403	
  5488	  5329	  4996	  5318	
  5413	  5248	  4955	  5251	
  5268	  5142	  4873	  5151	
  5148	  5039	  4809	  5039	
  5037	  4928	  4721	  4922	
  4904	  4815	  4627	  4812	
  4780	  4723	  4563	  4710	
  4680	  4621	  4504	  4613	
  4590	  4553	  4439	  4550	
  4535	  4479	  4406	  4492	
  4476	  4444	  4378	  4434	
  4444	  4417	  4338	  4393	
  4410	  4381	  4330	  4369	
  4397	  4361	  4325	  4360	
  4383	  4356	  4307	  4335	
  4387	  4353	  4317	  4333	
  4403	  4341	  4306	  4336	
  4408	  4339	  4293	  4326	
  4423	  4349	  4299	  4346	
  4460	  4364	  4301	  4365	
  4503	  4370	  4295	  4358	
  4534	  4384	  4300	  4379	
  4602	  4427	  4312	  4426	
  4646	  4446	  4318	  4440	
  4623	  4427	  4284	  4425	
  6095	  5689	  5161	  5701	
  5937	  5596	  5176	  5601	
  5795	  5524	  5120	  5537	
  5699	  5462	  5064	  5457	
  5607	  5382	  5027	  5389	
  5526	  5335	  5003	  5344	
  5430	  5252	  4933	  5249	
  5310	  5155	  4877	  5143	
  5191	  5076	  4790	  5057	
  5074	  4971	  4731	  4956	
  4971	  4863	  4658	  4868	
  4868	  4768	  4594	  4753	
  4753	  4679	  4527	  4675	
  4663	  4612	  4474	  4597	
  4612	  4556	  4422	  4526	
  4548	  4514	  4387	  4488	
  4532	  4478	  4381	  4462	
  4497	  4445	  4356	  4421	
  4481	  4427	  4356	  4414	
  4472	  4408	  4349	  4400	
  4475	  4398	  4336	  4392	
  4461	  4394	  4324	  4374	
  4479	  4380	  4300	  4382	
  4496	  4382	  4300	  4378	
  4529	  4404	  4306	  4377	
  4553	  4397	  4288	  4391	
  4586	  4414	  4305	  4414	
  4649	  4467	  4324	  4456	
  4702	  4475	  4336	  4477	
  4650	  4422	  4273	  4445	
  6176	  5762	  5143	  5792	
  5949	  5589	  5079	  5586	
  5770	  5471	  4994	  5458	
  5694	  5409	  4936	  5396	
  5590	  5327	  4920	  5337	
  5499	  5289	  4894	  5269	
  5432	  5204	  4840	  5217	
  5318	  5130	  4783	  5131	
  5230	  5048	  4750	  5047	
  5114	  4974	  4675	  4964	
  4989	  4866	  4610	  4847	
  4906	  4783	  4555	  4781	
  4797	  4707	  4475	  4685	
  4735	  4640	  4442	  4621	
  4673	  4576	  4381	  4553	
  4616	  4522	  4359	  4526	
  4586	  4487	  4346	  4492	
  4544	  4454	  4331	  4442	
  4540	  4433	  4310	  4424	
  4514	  4428	  4291	  4410	
  4516	  4409	  4289	  4399	
  4505	  4400	  4263	  4385	
  4518	  4379	  4254	  4380	
  4530	  4380	  4251	  4371	
  4552	  4380	  4244	  4380	
  4585	  4402	  4248	  4392	
  4605	  4408	  4260	  4404	
  4678	  4451	  4282	  4441	
  4693	  4450	  4293	  4462	
  4684	  4424	  4269	  4417	
