  1.1086300e+001
  1.1086300e+001
  1.1086300e+001
  1.1086300e+001
  1.1086300e+001
  1.1086300e+001
  1.1086300e+001
  1.1086300e+001
  1.1086300e+001
  1.1086300e+001
  1.1086300e+001
  1.1086300e+001
  1.1187120e+001
  1.1333768e+001
  1.1480416e+001
  1.1627063e+001
  1.1773711e+001
  1.1920358e+001
  1.2067006e+001
  1.2213654e+001
  1.2360301e+001
  1.2506949e+001
  1.2653597e+001
  1.2800244e+001
  1.2946892e+001
  1.3093539e+001
  1.3240187e+001
  1.3386835e+001
  1.3533482e+001
  1.3680130e+001
  1.3826778e+001
  1.3973425e+001
  1.4120073e+001
  1.4266721e+001
  1.4413368e+001
  1.4560016e+001
  1.4706663e+001
  1.4853311e+001
  1.4999959e+001
  1.5146606e+001
  1.5293254e+001
  1.5439902e+001
  1.5586549e+001
  1.5733197e+001
  1.5879844e+001
  1.6026492e+001
  1.6173140e+001
  1.6319787e+001
  1.6466435e+001
  1.6613083e+001
  1.6759730e+001
  1.6906378e+001
  1.7053026e+001
  1.7199673e+001
  1.7346321e+001
  1.7492968e+001
  1.7639616e+001
  1.7786264e+001
  1.7932911e+001
  1.8079559e+001
  1.8226207e+001
  1.8372854e+001
  1.8519502e+001
  1.8666149e+001
  1.8812797e+001
  1.8959445e+001
  1.9106092e+001
  1.9252740e+001
  1.9399388e+001
  1.9546035e+001
  1.9692683e+001
  1.9839331e+001
  1.9985978e+001
  2.0132626e+001
  2.0279273e+001
  2.0425921e+001
  2.0572569e+001
  2.0719216e+001
  2.0865864e+001
  2.1012512e+001
  2.1159159e+001
  2.1305807e+001
  2.1452454e+001
  2.1599102e+001
  2.1745750e+001
  2.1892397e+001
  2.2039045e+001
  2.2185693e+001
  2.2332340e+001
  2.2478988e+001
  2.2625636e+001
  2.2772283e+001
  2.2918931e+001
  2.3065578e+001
  2.3212226e+001
  2.3358874e+001
  2.3505521e+001
  2.3652169e+001
  2.3798817e+001
  2.3945464e+001
  2.4092112e+001
  2.4238760e+001
  2.4385407e+001
  2.4314590e+001
  2.4122575e+001
  2.3930560e+001
  2.3738545e+001
  2.3546529e+001
  2.3354514e+001
  2.3162499e+001
  2.2970484e+001
  2.2778468e+001
  2.2586453e+001
  2.2394438e+001
  2.2202422e+001
  2.2010407e+001
  2.1818392e+001
  2.1626377e+001
  2.1434361e+001
  2.1242346e+001
  2.1050331e+001
  2.0858315e+001
  2.0666300e+001
  2.0474285e+001
  2.0282270e+001
  2.0090254e+001
  1.9898239e+001
  1.9706224e+001
  1.9514209e+001
  1.9322193e+001
  1.9130178e+001
  1.8938163e+001
  1.8746147e+001
  1.8554132e+001
  1.8362117e+001
  1.8170102e+001
  1.7978086e+001
  1.7786071e+001
  1.7594056e+001
  1.7402040e+001
  1.7210025e+001
  1.7018010e+001
  1.6825995e+001
  1.6633979e+001
  1.6441964e+001
  1.6249949e+001
  1.6057934e+001
  1.5865918e+001
  1.5673903e+001
  1.5481888e+001
  1.5289872e+001
  1.5097857e+001
  1.4905842e+001
  1.4713827e+001
  1.4521811e+001
  1.4329796e+001
  1.4137781e+001
  1.3945765e+001
  1.3753750e+001
  1.3561735e+001
  1.3369720e+001
  1.3177704e+001
  1.2985689e+001
  1.2793674e+001
  1.2601659e+001
  1.2409643e+001
  1.2217628e+001
  1.2025613e+001
  1.1833597e+001
  1.1641582e+001
  1.1449567e+001
  1.1257552e+001
  1.1065536e+001
  1.0873521e+001
  1.0681506e+001
  1.0609500e+001
  1.0609500e+001
  1.0609500e+001
  1.0609500e+001
  1.0609500e+001
  1.0609500e+001
  1.0609500e+001
  1.0609500e+001
  1.0609500e+001
  1.0609500e+001
  1.0609500e+001
  1.0609500e+001
  1.0609500e+001
  1.0609500e+001
  1.0609500e+001
  1.0609500e+001
  1.0609500e+001
  1.0609500e+001
  1.0609500e+001
  1.0609500e+001
  1.0609500e+001
  1.0609500e+001
  1.0609500e+001
  1.0609500e+001
  1.0609500e+001
  1.0609500e+001
  1.0609500e+001
  1.0609500e+001
  1.0609500e+001
  1.0609500e+001
  1.0609500e+001
  1.0609500e+001
  1.0609500e+001
  1.0609500e+001
  1.0609500e+001
  1.0609500e+001
  1.0609500e+001
  1.0609500e+001
  1.0609500e+001
  1.0609500e+001
  1.0609500e+001
  1.0609500e+001
  1.0609500e+001
  1.0609500e+001
  1.0609500e+001
  1.0609500e+001
  1.0609500e+001
  1.0609500e+001
  1.0609500e+001
  1.0609500e+001
  1.0609500e+001
  1.0609500e+001
  1.0609500e+001
  1.0609500e+001
  1.0609500e+001
  1.0609500e+001
  1.0609500e+001
  1.0609500e+001
  1.0609500e+001
  1.0609500e+001
  1.0609500e+001
  1.0609500e+001
  1.0609500e+001
  1.0609500e+001
  1.0609500e+001
  1.0609500e+001
  1.0609500e+001
  1.0609500e+001
  1.0609500e+001
  1.0609500e+001
  1.0609500e+001
  1.0609500e+001
  1.0609500e+001
  1.0609500e+001
  1.0609500e+001
  1.0609500e+001
  1.0609500e+001
  1.0609500e+001
  1.0609500e+001
  1.0609500e+001
  1.0609500e+001
