  1.2077400e+001
  1.2077400e+001
  1.2077400e+001
  1.2077400e+001
  1.2077400e+001
  1.2077400e+001
  1.2077400e+001
  1.2077400e+001
  1.2077400e+001
  1.2077400e+001
  1.2077400e+001
  1.2290385e+001
  1.2503371e+001
  1.2716356e+001
  1.2929341e+001
  1.3142327e+001
  1.3355312e+001
  1.3568297e+001
  1.3781283e+001
  1.3994268e+001
  1.4207253e+001
  1.4420239e+001
  1.4633224e+001
  1.4846209e+001
  1.5059195e+001
  1.5272180e+001
  1.5485165e+001
  1.5698151e+001
  1.5911136e+001
  1.6124121e+001
  1.6337107e+001
  1.6550092e+001
  1.6763077e+001
  1.6976063e+001
  1.7189048e+001
  1.7402033e+001
  1.7615019e+001
  1.7828004e+001
  1.8040989e+001
  1.8253975e+001
  1.8466960e+001
  1.8679945e+001
  1.8892931e+001
  1.9105916e+001
  1.9318901e+001
  1.9531887e+001
  1.9744872e+001
  1.9957857e+001
  2.0170843e+001
  2.0383828e+001
  2.0596813e+001
  2.0809799e+001
  2.1022784e+001
  2.1071314e+001
  2.0879350e+001
  2.0687386e+001
  2.0495422e+001
  2.0303458e+001
  2.0111495e+001
  1.9919531e+001
  1.9727567e+001
  1.9535603e+001
  1.9343639e+001
  1.9151676e+001
  1.8959712e+001
  1.8767748e+001
  1.8575784e+001
  1.8383820e+001
  1.8191857e+001
  1.7999893e+001
  1.7807929e+001
  1.7615965e+001
  1.7424001e+001
  1.7232038e+001
  1.7040074e+001
  1.6848110e+001
  1.6656146e+001
  1.6464182e+001
  1.6272219e+001
  1.6080255e+001
  1.5888291e+001
  1.5696327e+001
  1.5504363e+001
  1.5312400e+001
  1.5120436e+001
  1.4928472e+001
  1.4736508e+001
  1.4544544e+001
  1.4352581e+001
  1.4160617e+001
  1.3968653e+001
  1.3776689e+001
  1.3584725e+001
  1.3392762e+001
  1.3200798e+001
  1.3008834e+001
  1.2816870e+001
  1.2624906e+001
  1.2432943e+001
  1.2240979e+001
  1.2049015e+001
  1.1857051e+001
  1.1665087e+001
  1.1473124e+001
  1.1281160e+001
  1.1089196e+001
  1.0897232e+001
  1.0705268e+001
  1.0537300e+001
  1.0537300e+001
  1.0537300e+001
  1.0537300e+001
  1.0537300e+001
  1.0537300e+001
  1.0537300e+001
  1.0537300e+001
  1.0537300e+001
  1.0537300e+001
  1.0537300e+001
  1.0537300e+001
  1.0537300e+001
  1.0537300e+001
  1.0537300e+001
  1.0537300e+001
  1.0537300e+001
  1.0537300e+001
  1.0537300e+001
  1.0537300e+001
  1.0537300e+001
  1.0537300e+001
  1.0537300e+001
  1.0537300e+001
  1.0537300e+001
  1.0537300e+001
  1.0537300e+001
  1.0537300e+001
  1.0537300e+001
  1.0537300e+001
  1.0537300e+001
  1.0537300e+001
  1.0537300e+001
  1.0537300e+001
  1.0537300e+001
  1.0537300e+001
  1.0537300e+001
  1.0537300e+001
  1.0537300e+001
  1.0537300e+001
  1.0537300e+001
  1.0537300e+001
  1.0537300e+001
  1.0537300e+001
  1.0537300e+001
  1.0537300e+001
  1.0537300e+001
  1.0537300e+001
  1.0537300e+001
  1.0537300e+001
  1.0537300e+001
  1.0537300e+001
  1.0537300e+001
  1.0537300e+001
  1.0537300e+001
  1.0537300e+001
  1.0537300e+001
  1.0537300e+001
  1.0537300e+001
  1.0537300e+001
  1.0537300e+001
  1.0537300e+001
  1.0537300e+001
  1.0537300e+001
  1.0537300e+001
  1.0537300e+001
  1.0537300e+001
  1.0537300e+001
  1.0537300e+001
  1.0537300e+001
  1.0537300e+001
  1.0537300e+001
  1.0537300e+001
  1.0537300e+001
  1.0537300e+001
  1.0537300e+001
  1.0537300e+001
  1.0537300e+001
  1.0537300e+001
  1.0537300e+001
  1.0537300e+001
  1.0537300e+001
  1.0537300e+001
  1.0537300e+001
  1.0537300e+001
  1.0537300e+001
  1.0537300e+001
  1.0537300e+001
  1.0537300e+001
  1.0537300e+001
  1.0537300e+001
  1.0537300e+001
  1.0537300e+001
  1.0537300e+001
  1.0537300e+001
  1.0537300e+001
  1.0537300e+001
  1.0537300e+001
  1.0537300e+001
  1.0537300e+001
  1.0537300e+001
  1.0537300e+001
  1.0537300e+001
  1.0537300e+001
  1.0537300e+001
  1.0537300e+001
  1.0537300e+001
  1.0537300e+001
  1.0537300e+001
  1.0537300e+001
  1.0537300e+001
  1.0537300e+001
  1.0537300e+001
  1.0537300e+001
  1.0537300e+001
  1.0537300e+001
  1.0537300e+001
  1.0537300e+001
  1.0537300e+001
  1.0537300e+001
  1.0537300e+001
  1.0537300e+001
  1.0537300e+001
  1.0537300e+001
  1.0537300e+001
  1.0537300e+001
  1.0537300e+001
  1.0537300e+001
  1.0537300e+001
  1.0537300e+001
  1.0537300e+001
  1.0537300e+001
  1.0537300e+001
  1.0537300e+001
  1.0537300e+001
  1.0537300e+001
  1.0537300e+001
  1.0537300e+001
  1.0537300e+001
  1.0537300e+001
  1.0537300e+001
  1.0537300e+001
  1.0537300e+001
  1.0537300e+001
  1.0537300e+001
  1.0537300e+001
  1.0537300e+001
  1.0537300e+001
