  3.0701800e+001
  3.0701800e+001
  3.0701800e+001
  3.0701800e+001
  3.0701800e+001
  3.0701800e+001
  3.0701800e+001
  3.0701800e+001
  3.0701800e+001
  3.0701800e+001
  3.0701800e+001
  3.1364835e+001
  3.2180878e+001
  3.2996920e+001
  3.3812963e+001
  3.4629006e+001
  3.5445049e+001
  3.6261092e+001
  3.7077134e+001
  3.7893177e+001
  3.8709220e+001
  3.9525263e+001
  4.0341305e+001
  4.1157348e+001
  4.1973391e+001
  4.2789434e+001
  4.3605477e+001
  4.4421519e+001
  4.5237562e+001
  4.6053605e+001
  4.6869648e+001
  4.7685691e+001
  4.8501733e+001
  4.9317776e+001
  5.0133819e+001
  5.0949862e+001
  5.1765905e+001
  5.2581947e+001
  5.3397990e+001
  5.4214033e+001
  5.5030076e+001
  5.5846119e+001
  5.6662161e+001
  5.7478204e+001
  5.8294247e+001
  5.9110290e+001
  5.9926333e+001
  6.0742375e+001
  6.1558418e+001
  6.2374461e+001
  6.3190504e+001
  6.4006547e+001
  6.4822589e+001
  6.4857659e+001
  6.4658805e+001
  6.4459951e+001
  6.4261097e+001
  6.4062243e+001
  6.3863389e+001
  6.3664535e+001
  6.3465681e+001
  6.3266826e+001
  6.3067972e+001
  6.2869118e+001
  6.2670264e+001
  6.2471410e+001
  6.2272556e+001
  6.2073702e+001
  6.1874847e+001
  6.1675993e+001
  6.1477139e+001
  6.1278285e+001
  6.1079431e+001
  6.0880577e+001
  6.0681723e+001
  6.0482869e+001
  6.0284014e+001
  6.0085160e+001
  5.9886306e+001
  5.9687452e+001
  5.9488598e+001
  5.9289744e+001
  5.9090890e+001
  5.8892036e+001
  5.8693181e+001
  5.8494327e+001
  5.8295473e+001
  5.8096619e+001
  5.7897765e+001
  5.7698911e+001
  5.7500057e+001
  5.7301203e+001
  5.7102348e+001
  5.6903494e+001
  5.6704640e+001
  5.6505786e+001
  5.6306932e+001
  5.6108078e+001
  5.5909224e+001
  5.5710370e+001
  5.5511515e+001
  5.5312661e+001
  5.5113807e+001
  5.4914953e+001
  5.4716099e+001
  5.4517245e+001
  5.4318391e+001
  5.4119537e+001
  5.3920682e+001
  5.3721828e+001
  5.3522974e+001
  5.3324120e+001
  5.3125266e+001
  5.2926412e+001
  5.2727558e+001
  5.2528704e+001
  5.2329849e+001
  5.2130995e+001
  5.1932141e+001
  5.1733287e+001
  5.1534433e+001
  5.1335579e+001
  5.1136725e+001
  5.0937871e+001
  5.0739016e+001
  5.0540162e+001
  5.0341308e+001
  5.0142454e+001
  4.9943600e+001
  4.9744746e+001
  4.9545892e+001
  4.9347037e+001
  4.9148183e+001
  4.8949329e+001
  4.8750475e+001
  4.8551621e+001
  4.8352767e+001
  4.8153913e+001
  4.7955059e+001
  4.7756204e+001
  4.7557350e+001
  4.7358496e+001
  4.7159642e+001
  4.6960788e+001
  4.6761934e+001
  4.6563080e+001
  4.6364226e+001
  4.6165371e+001
  4.5966517e+001
  4.5767663e+001
  4.5568809e+001
  4.5369955e+001
  4.5171101e+001
  4.4972247e+001
  4.4773393e+001
  4.4574538e+001
  4.4375684e+001
  4.4176830e+001
  4.3977976e+001
  4.3779122e+001
  4.3580268e+001
  4.3381414e+001
  4.3182560e+001
  4.2983705e+001
  4.2784851e+001
  4.2585997e+001
  4.2387143e+001
  4.2188289e+001
  4.1989435e+001
  4.1790581e+001
  4.1591727e+001
  4.1392872e+001
  4.1194018e+001
  4.0995164e+001
  4.0796310e+001
  4.0597456e+001
  4.0398602e+001
  4.0199748e+001
  4.0000894e+001
  3.9802039e+001
  3.9603185e+001
  3.9404331e+001
  3.9205477e+001
  3.9006623e+001
  3.8807769e+001
  3.8608915e+001
  3.8410061e+001
  3.8211206e+001
  3.8012352e+001
  3.7813498e+001
  3.7614644e+001
  3.7415790e+001
  3.7216936e+001
  3.7018082e+001
  3.6819227e+001
  3.6620373e+001
  3.6421519e+001
  3.6222665e+001
  3.6023811e+001
  3.5824957e+001
  3.5626103e+001
  3.5427249e+001
  3.5228394e+001
  3.5029540e+001
  3.4830686e+001
  3.4631832e+001
  3.4432978e+001
  3.4234124e+001
  3.4035270e+001
  3.3836416e+001
  3.3637561e+001
  3.3438707e+001
  3.3239853e+001
  3.3040999e+001
  3.2842145e+001
  3.2643291e+001
  3.2444437e+001
  3.2245583e+001
  3.2046728e+001
  3.1847874e+001
  3.1649020e+001
  3.1450166e+001
  3.1251312e+001
  3.1052458e+001
  3.0853604e+001
  3.0654750e+001
  3.0455895e+001
  3.0257041e+001
  3.0058187e+001
  2.9859333e+001
  2.9660479e+001
  2.9461625e+001
  2.9262771e+001
  2.9063917e+001
  2.8865062e+001
  2.8666208e+001
  2.8467354e+001
  2.8268500e+001
  2.8069646e+001
  2.7870792e+001
  2.7671938e+001
  2.7473084e+001
  2.7274229e+001
  2.7075375e+001
  2.6876521e+001
  2.6677667e+001
  2.6478813e+001
  2.6279959e+001
  2.6081105e+001
  2.5882251e+001
  2.5683396e+001
  2.5484542e+001
  2.5285688e+001
  2.5086834e+001
  2.4887980e+001
  2.4689126e+001
