  1.6242500e+001
  1.6242500e+001
  1.6242500e+001
  1.6242500e+001
  1.6242500e+001
  1.6242500e+001
  1.6242500e+001
  1.6242500e+001
  1.6242500e+001
  1.6242500e+001
  1.6242500e+001
  1.6242500e+001
  1.6242500e+001
  1.6298164e+001
  1.6595039e+001
  1.6891913e+001
  1.7188788e+001
  1.7485662e+001
  1.7782537e+001
  1.8079412e+001
  1.8376286e+001
  1.8673161e+001
  1.8970036e+001
  1.9266910e+001
  1.9563785e+001
  1.9860659e+001
  2.0157534e+001
  2.0454409e+001
  2.0751283e+001
  2.1048158e+001
  2.1345032e+001
  2.1641907e+001
  2.1938782e+001
  2.2235656e+001
  2.2532531e+001
  2.2829405e+001
  2.3126280e+001
  2.3423155e+001
  2.3720029e+001
  2.4016904e+001
  2.4313779e+001
  2.4610653e+001
  2.4907528e+001
  2.5204402e+001
  2.5501277e+001
  2.5798152e+001
  2.6095026e+001
  2.6391901e+001
  2.6688775e+001
  2.6985650e+001
  2.7282525e+001
  2.7579399e+001
  2.7876274e+001
  2.8173149e+001
  2.8470023e+001
  2.8766898e+001
  2.9063772e+001
  2.9360647e+001
  2.9657522e+001
  2.9954396e+001
  3.0251271e+001
  3.0548145e+001
  3.0845020e+001
  3.1141895e+001
  3.1438769e+001
  3.1735644e+001
  3.2032519e+001
  3.2329393e+001
  3.2626268e+001
  3.2923142e+001
  3.3220017e+001
  3.3516892e+001
  3.3813766e+001
  3.4110641e+001
  3.4407515e+001
  3.4704390e+001
  3.5001265e+001
  3.5298139e+001
  3.5595014e+001
  3.5891889e+001
  3.6188763e+001
  3.6485638e+001
  3.6782512e+001
  3.7079387e+001
  3.7376262e+001
  3.7673136e+001
  3.7970011e+001
  3.8266885e+001
  3.8563760e+001
  3.8860635e+001
  3.9157509e+001
  3.9454384e+001
  3.9751258e+001
  4.0048133e+001
  4.0345008e+001
  4.0641882e+001
  4.0938757e+001
  4.1235632e+001
  4.1532506e+001
  4.1829381e+001
  4.2126255e+001
  4.2423130e+001
  4.2720005e+001
  4.3016879e+001
  4.3313754e+001
  4.3610628e+001
  4.3907503e+001
  4.4204378e+001
  4.4501252e+001
  4.4798127e+001
  4.5095002e+001
  4.5391876e+001
  4.5688751e+001
  4.5985625e+001
  4.6279900e+001
  4.6067062e+001
  4.5854224e+001
  4.5641386e+001
  4.5428548e+001
  4.5215710e+001
  4.5002872e+001
  4.4790034e+001
  4.4577196e+001
  4.4364358e+001
  4.4151520e+001
  4.3938682e+001
  4.3725843e+001
  4.3513005e+001
  4.3300167e+001
  4.3087329e+001
  4.2874491e+001
  4.2661653e+001
  4.2448815e+001
  4.2235977e+001
  4.2023139e+001
  4.1810301e+001
  4.1597463e+001
  4.1384625e+001
  4.1171787e+001
  4.0958949e+001
  4.0746111e+001
  4.0533273e+001
  4.0320435e+001
  4.0107597e+001
  3.9894759e+001
  3.9681921e+001
  3.9469083e+001
  3.9256245e+001
  3.9043406e+001
  3.8830568e+001
  3.8617730e+001
  3.8404892e+001
  3.8192054e+001
  3.7979216e+001
  3.7766378e+001
  3.7553540e+001
  3.7340702e+001
  3.7127864e+001
  3.6915026e+001
  3.6702188e+001
  3.6489350e+001
  3.6276512e+001
  3.6063674e+001
  3.5850836e+001
  3.5637998e+001
  3.5425160e+001
  3.5212322e+001
  3.4999484e+001
  3.4786646e+001
  3.4573808e+001
  3.4360969e+001
  3.4148131e+001
  3.3935293e+001
  3.3722455e+001
  3.3509617e+001
  3.3296779e+001
  3.3083941e+001
  3.2871103e+001
  3.2658265e+001
  3.2445427e+001
  3.2232589e+001
  3.2019751e+001
  3.1806913e+001
  3.1594075e+001
  3.1381237e+001
  3.1168399e+001
  3.0955561e+001
  3.0742723e+001
  3.0529885e+001
  3.0317047e+001
  3.0104209e+001
  2.9891371e+001
  2.9678532e+001
  2.9465694e+001
  2.9252856e+001
  2.9040018e+001
  2.8827180e+001
  2.8614342e+001
  2.8401504e+001
  2.8188666e+001
  2.7975828e+001
  2.7762990e+001
  2.7550152e+001
  2.7337314e+001
  2.7124476e+001
  2.6911638e+001
  2.6698800e+001
  2.6485962e+001
  2.6273124e+001
  2.6060286e+001
  2.5847448e+001
  2.5634610e+001
  2.5421772e+001
  2.5208934e+001
  2.4996096e+001
  2.4783257e+001
  2.4570419e+001
  2.4357581e+001
  2.4144743e+001
  2.3931905e+001
  2.3719067e+001
  2.3506229e+001
  2.3293391e+001
  2.3080553e+001
  2.2867715e+001
  2.2654877e+001
  2.2442039e+001
  2.2229201e+001
  2.2016363e+001
  2.1803525e+001
  2.1590687e+001
  2.1377849e+001
  2.1165011e+001
  2.0952173e+001
  2.0739335e+001
  2.0526497e+001
  2.0313659e+001
  2.0100820e+001
  1.9887982e+001
  1.9675144e+001
  1.9462306e+001
  1.9249468e+001
  1.9036630e+001
  1.8823792e+001
  1.8610954e+001
  1.8398116e+001
  1.8185278e+001
  1.7972440e+001
  1.7759602e+001
  1.7546764e+001
  1.7333926e+001
  1.7121088e+001
  1.6908250e+001
  1.6695412e+001
  1.6482574e+001
  1.6269736e+001
