  6.2956100e+000
  6.2956100e+000
  6.2956100e+000
  6.2956100e+000
  6.2956100e+000
  6.2956100e+000
  6.2956100e+000
  6.2956100e+000
  6.2956100e+000
  6.2956100e+000
  6.2956100e+000
  6.7118260e+000
  7.1280420e+000
  7.5442580e+000
  7.9604740e+000
  8.3766900e+000
  8.7929060e+000
  9.2091220e+000
  9.6253380e+000
  1.0041554e+001
  1.0457770e+001
  1.0873986e+001
  1.1290202e+001
  1.1706418e+001
  1.2122634e+001
  1.2538850e+001
  1.2955066e+001
  1.3371282e+001
  1.3787498e+001
  1.4203714e+001
  1.4619930e+001
  1.5036146e+001
  1.5452362e+001
  1.5868578e+001
  1.6284794e+001
  1.6701010e+001
  1.7117226e+001
  1.7533442e+001
  1.7949658e+001
  1.8365874e+001
  1.8782090e+001
  1.9198306e+001
  1.9614522e+001
  2.0030738e+001
  2.0446954e+001
  2.0863170e+001
  2.1279386e+001
  2.1695602e+001
  2.2111818e+001
  2.2528034e+001
  2.2944250e+001
  2.3360466e+001
  2.3776682e+001
  2.3817579e+001
  2.3491318e+001
  2.3165057e+001
  2.2838796e+001
  2.2512534e+001
  2.2186273e+001
  2.1860012e+001
  2.1533751e+001
  2.1207490e+001
  2.0881228e+001
  2.0554967e+001
  2.0228706e+001
  1.9902445e+001
  1.9576183e+001
  1.9249922e+001
  1.8923661e+001
  1.8597400e+001
  1.8271139e+001
  1.7944877e+001
  1.7618616e+001
  1.7292355e+001
  1.6966094e+001
  1.6639832e+001
  1.6313571e+001
  1.5987310e+001
  1.5661049e+001
  1.5334788e+001
  1.5008526e+001
  1.4682265e+001
  1.4356004e+001
  1.4029743e+001
  1.3703481e+001
  1.3377220e+001
  1.3050959e+001
  1.2724698e+001
  1.2398437e+001
  1.2072175e+001
  1.1745914e+001
  1.1419653e+001
  1.1093392e+001
  1.0767130e+001
  1.0440869e+001
  1.0114608e+001
  9.7883467e+000
  9.4620855e+000
  9.1358243e+000
  8.8095631e+000
  8.4833018e+000
  8.1570406e+000
  7.8307794e+000
  7.5045182e+000
  7.1782569e+000
  6.8519957e+000
  6.5257345e+000
  6.1994733e+000
  5.9955600e+000
  5.9955600e+000
  5.9955600e+000
  5.9955600e+000
  5.9955600e+000
  5.9955600e+000
  5.9955600e+000
  5.9955600e+000
  5.9955600e+000
  5.9955600e+000
  5.9955600e+000
  5.9955600e+000
  5.9955600e+000
  5.9955600e+000
  5.9955600e+000
  5.9955600e+000
  5.9955600e+000
  5.9955600e+000
  5.9955600e+000
  5.9955600e+000
  5.9955600e+000
  5.9955600e+000
  5.9955600e+000
  5.9955600e+000
  5.9955600e+000
  5.9955600e+000
  5.9955600e+000
  5.9955600e+000
  5.9955600e+000
  5.9955600e+000
  5.9955600e+000
  5.9955600e+000
  5.9955600e+000
  5.9955600e+000
  5.9955600e+000
  5.9955600e+000
  5.9955600e+000
  5.9955600e+000
  5.9955600e+000
  5.9955600e+000
  5.9955600e+000
  5.9955600e+000
  5.9955600e+000
  5.9955600e+000
  5.9955600e+000
  5.9955600e+000
  5.9955600e+000
  5.9955600e+000
  5.9955600e+000
  5.9955600e+000
  5.9955600e+000
  5.9955600e+000
  5.9955600e+000
  5.9955600e+000
  5.9955600e+000
  5.9955600e+000
  5.9955600e+000
  5.9955600e+000
  5.9955600e+000
  5.9955600e+000
  5.9955600e+000
  5.9955600e+000
  5.9955600e+000
  5.9955600e+000
  5.9955600e+000
  5.9955600e+000
  5.9955600e+000
  5.9955600e+000
  5.9955600e+000
  5.9955600e+000
  5.9955600e+000
  5.9955600e+000
  5.9955600e+000
  5.9955600e+000
  5.9955600e+000
  5.9955600e+000
  5.9955600e+000
  5.9955600e+000
  5.9955600e+000
  5.9955600e+000
  5.9955600e+000
  5.9955600e+000
  5.9955600e+000
  5.9955600e+000
  5.9955600e+000
  5.9955600e+000
  5.9955600e+000
  5.9955600e+000
  5.9955600e+000
  5.9955600e+000
  5.9955600e+000
  5.9955600e+000
  5.9955600e+000
  5.9955600e+000
  5.9955600e+000
  5.9955600e+000
  5.9955600e+000
  5.9955600e+000
  5.9955600e+000
  5.9955600e+000
  5.9955600e+000
  5.9955600e+000
  5.9955600e+000
  5.9955600e+000
  5.9955600e+000
  5.9955600e+000
  5.9955600e+000
  5.9955600e+000
  5.9955600e+000
  5.9955600e+000
  5.9955600e+000
  5.9955600e+000
  5.9955600e+000
  5.9955600e+000
  5.9955600e+000
  5.9955600e+000
  5.9955600e+000
  5.9955600e+000
  5.9955600e+000
  5.9955600e+000
  5.9955600e+000
  5.9955600e+000
  5.9955600e+000
  5.9955600e+000
  5.9955600e+000
  5.9955600e+000
  5.9955600e+000
  5.9955600e+000
  5.9955600e+000
  5.9955600e+000
  5.9955600e+000
  5.9955600e+000
  5.9955600e+000
  5.9955600e+000
  5.9955600e+000
  5.9955600e+000
  5.9955600e+000
  5.9955600e+000
  5.9955600e+000
  5.9955600e+000
  5.9955600e+000
  5.9955600e+000
  5.9955600e+000
  5.9955600e+000
  5.9955600e+000
  5.9955600e+000
  5.9955600e+000
  5.9955600e+000
