  3.5517300e+001
  3.5517300e+001
  3.5517300e+001
  3.5517300e+001
  3.5517300e+001
  3.5517300e+001
  3.5517300e+001
  3.5517300e+001
  3.5517300e+001
  3.5517300e+001
  3.5517300e+001
  3.5517300e+001
  3.5517300e+001
  3.5517300e+001
  3.5859525e+001
  3.6407085e+001
  3.6954645e+001
  3.7502205e+001
  3.8049765e+001
  3.8597325e+001
  3.9144886e+001
  3.9692446e+001
  4.0240006e+001
  4.0787566e+001
  4.1335126e+001
  4.1882686e+001
  4.2430246e+001
  4.2977806e+001
  4.3525366e+001
  4.4072926e+001
  4.4620486e+001
  4.5168046e+001
  4.5715606e+001
  4.6263166e+001
  4.6810727e+001
  4.7358287e+001
  4.7905847e+001
  4.8453407e+001
  4.9000967e+001
  4.9548527e+001
  5.0096087e+001
  5.0643647e+001
  5.1191207e+001
  5.1738767e+001
  5.2286327e+001
  5.2833887e+001
  5.3381447e+001
  5.3929008e+001
  5.4476568e+001
  5.5024128e+001
  5.5571688e+001
  5.6119248e+001
  5.6666808e+001
  5.7214368e+001
  5.7761928e+001
  5.8309488e+001
  5.8857048e+001
  5.9404608e+001
  5.9952168e+001
  6.0499728e+001
  6.1047289e+001
  6.1594849e+001
  6.2142409e+001
  6.2689969e+001
  6.3237529e+001
  6.3785089e+001
  6.4332649e+001
  6.4880209e+001
  6.5427769e+001
  6.5975329e+001
  6.6522889e+001
  6.7070449e+001
  6.7618009e+001
  6.8165570e+001
  6.8713130e+001
  6.9260690e+001
  6.9808250e+001
  7.0355810e+001
  7.0903370e+001
  7.1450930e+001
  7.1998490e+001
  7.2546050e+001
  7.3093610e+001
  7.3641170e+001
  7.4188730e+001
  7.4736290e+001
  7.5283851e+001
  7.5831411e+001
  7.6378971e+001
  7.6926531e+001
  7.7474091e+001
  7.8021651e+001
  7.8569211e+001
  7.9116771e+001
  7.9664331e+001
  8.0211891e+001
  8.0759451e+001
  8.1307011e+001
  8.1854571e+001
  8.2402132e+001
  8.2949692e+001
  8.3497252e+001
  8.4044812e+001
  8.4592372e+001
  8.5139932e+001
  8.5687492e+001
  8.6235052e+001
  8.6782612e+001
  8.7330172e+001
  8.7877732e+001
  8.8425292e+001
  8.8972852e+001
  8.9245286e+001
  8.8843000e+001
  8.8440715e+001
  8.8038429e+001
  8.7636143e+001
  8.7233858e+001
  8.6831572e+001
  8.6429286e+001
  8.6027001e+001
  8.5624715e+001
  8.5222430e+001
  8.4820144e+001
  8.4417858e+001
  8.4015573e+001
  8.3613287e+001
  8.3211002e+001
  8.2808716e+001
  8.2406430e+001
  8.2004145e+001
  8.1601859e+001
  8.1199573e+001
  8.0797288e+001
  8.0395002e+001
  7.9992717e+001
  7.9590431e+001
  7.9188145e+001
  7.8785860e+001
  7.8383574e+001
  7.7981289e+001
  7.7579003e+001
  7.7176717e+001
  7.6774432e+001
  7.6372146e+001
  7.5969860e+001
  7.5567575e+001
  7.5165289e+001
  7.4763004e+001
  7.4360718e+001
  7.3958432e+001
  7.3556147e+001
  7.3153861e+001
  7.2751576e+001
  7.2349290e+001
  7.1947004e+001
  7.1544719e+001
  7.1142433e+001
  7.0740147e+001
  7.0337862e+001
  6.9935576e+001
  6.9533291e+001
  6.9131005e+001
  6.8728719e+001
  6.8326434e+001
  6.7924148e+001
  6.7521863e+001
  6.7119577e+001
  6.6717291e+001
  6.6315006e+001
  6.5912720e+001
  6.5510434e+001
  6.5108149e+001
  6.4705863e+001
  6.4303578e+001
  6.3901292e+001
  6.3499006e+001
  6.3096721e+001
  6.2694435e+001
  6.2292150e+001
  6.1889864e+001
  6.1487578e+001
  6.1085293e+001
  6.0683007e+001
  6.0280721e+001
  5.9878436e+001
  5.9476150e+001
  5.9073865e+001
  5.8671579e+001
  5.8269293e+001
  5.7867008e+001
  5.7464722e+001
  5.7062437e+001
  5.6660151e+001
  5.6257865e+001
  5.5855580e+001
  5.5453294e+001
  5.5051008e+001
  5.4648723e+001
  5.4246437e+001
  5.3844152e+001
  5.3441866e+001
  5.3039580e+001
  5.2637295e+001
  5.2235009e+001
  5.1832724e+001
  5.1430438e+001
  5.1028152e+001
  5.0625867e+001
  5.0223581e+001
  4.9821295e+001
  4.9419010e+001
  4.9016724e+001
  4.8614439e+001
  4.8212153e+001
  4.7809867e+001
  4.7407582e+001
  4.7005296e+001
  4.6603011e+001
  4.6200725e+001
  4.5798439e+001
  4.5396154e+001
  4.4993868e+001
  4.4591582e+001
  4.4189297e+001
  4.3787011e+001
  4.3384726e+001
  4.2982440e+001
  4.2580154e+001
  4.2177869e+001
  4.1775583e+001
  4.1373298e+001
  4.0971012e+001
  4.0568726e+001
  4.0166441e+001
  3.9764155e+001
  3.9361869e+001
  3.8959584e+001
  3.8557298e+001
  3.8155013e+001
  3.7752727e+001
  3.7350441e+001
  3.6948156e+001
  3.6545870e+001
  3.6143585e+001
  3.5741299e+001
  3.5339013e+001
  3.4936728e+001
  3.4534442e+001
  3.4132156e+001
  3.3729871e+001
  3.3327585e+001
  3.2925300e+001
  3.2523014e+001
  3.2120728e+001
  3.1718443e+001
