  2.1899232e+001
  2.1899232e+001
  2.1899232e+001
  2.1899232e+001
  2.1899232e+001
  2.1899232e+001
  2.1899232e+001
  2.1899232e+001
  2.1899232e+001
  2.1899232e+001
  2.1899232e+001
  2.2339371e+001
  2.2779510e+001
  2.3219649e+001
  2.3659788e+001
  2.4099927e+001
  2.4540066e+001
  2.4980205e+001
  2.5420344e+001
  2.5860483e+001
  2.6300622e+001
  2.6740761e+001
  2.7180900e+001
  2.7621039e+001
  2.8061178e+001
  2.8501317e+001
  2.8941456e+001
  2.9381595e+001
  2.9821734e+001
  3.0261873e+001
  3.0702012e+001
  3.1142151e+001
  3.1582290e+001
  3.2022429e+001
  3.2462568e+001
  3.2902707e+001
  3.3342846e+001
  3.3782985e+001
  3.4223124e+001
  3.4663263e+001
  3.5103403e+001
  3.5543542e+001
  3.5983681e+001
  3.6423820e+001
  3.6863959e+001
  3.7304098e+001
  3.7744237e+001
  3.8184376e+001
  3.8624515e+001
  3.9064654e+001
  3.9504793e+001
  3.9944932e+001
  4.0385071e+001
  4.0825210e+001
  4.1265349e+001
  4.1705488e+001
  4.2145627e+001
  4.2585766e+001
  4.3025905e+001
  4.3466044e+001
  4.3906183e+001
  4.4346322e+001
  4.4786461e+001
  4.5226600e+001
  4.5666739e+001
  4.6106878e+001
  4.6547017e+001
  4.6987156e+001
  4.7427295e+001
  4.7867434e+001
  4.8307573e+001
  4.8747712e+001
  4.9187851e+001
  4.9627990e+001
  5.0068130e+001
  5.0508269e+001
  5.0948408e+001
  5.1388547e+001
  5.1828686e+001
  5.2268825e+001
  5.2708964e+001
  5.3149103e+001
  5.3589242e+001
  5.4029381e+001
  5.4469520e+001
  5.4909659e+001
  5.5349798e+001
  5.5789937e+001
  5.6230076e+001
  5.6670215e+001
  5.7110354e+001
  5.7550493e+001
  5.7990632e+001
  5.8430771e+001
  5.8870910e+001
  5.9311049e+001
  5.9751188e+001
  6.0191327e+001
  6.0631466e+001
  6.1071605e+001
  6.1511744e+001
  6.1951883e+001
  6.2392022e+001
  6.2832161e+001
  6.3272300e+001
  6.3712439e+001
  6.4152578e+001
  6.4592718e+001
  6.5032857e+001
  6.5472996e+001
  6.5913135e+001
  6.6353274e+001
  6.6793413e+001
  6.7233552e+001
  6.7673691e+001
  6.8113830e+001
  6.8553969e+001
  6.8994108e+001
  6.9434247e+001
  6.9874386e+001
  7.0314525e+001
  7.0754664e+001
  7.1194803e+001
  7.1634942e+001
  7.2075081e+001
  7.2515220e+001
  7.2955359e+001
  7.3395498e+001
  7.3835637e+001
  7.4275776e+001
  7.4715915e+001
  7.5156054e+001
  7.5596193e+001
  7.6036332e+001
  7.6476471e+001
  7.6916610e+001
  7.7356749e+001
  7.7796888e+001
  7.8237027e+001
  7.8677166e+001
  7.9117305e+001
  7.9557445e+001
  7.9997584e+001
  8.0437723e+001
  8.0877862e+001
  8.1318001e+001
  8.1758140e+001
  8.2198279e+001
  8.2638418e+001
  8.3078557e+001
  8.3518696e+001
  8.3958835e+001
  8.4398974e+001
  8.4839113e+001
  8.5279252e+001
  8.5719391e+001
  8.6167681e+001
  8.5555487e+001
  8.4943294e+001
  8.4331100e+001
  8.3718907e+001
  8.3106713e+001
  8.2494520e+001
  8.1882326e+001
  8.1270133e+001
  8.0657939e+001
  8.0045746e+001
  7.9433552e+001
  7.8821359e+001
  7.8209165e+001
  7.7596972e+001
  7.6984779e+001
  7.6372585e+001
  7.5760392e+001
  7.5148198e+001
  7.4536005e+001
  7.3923811e+001
  7.3311618e+001
  7.2699424e+001
  7.2087231e+001
  7.1475037e+001
  7.0862844e+001
  7.0250650e+001
  6.9638457e+001
  6.9026263e+001
  6.8414070e+001
  6.7801877e+001
  6.7189683e+001
  6.6577490e+001
  6.5965296e+001
  6.5353103e+001
  6.4740909e+001
  6.4128716e+001
  6.3516522e+001
  6.2904329e+001
  6.2292135e+001
  6.1679942e+001
  6.1067748e+001
  6.0455555e+001
  5.9843361e+001
  5.9231168e+001
  5.8618974e+001
  5.8006781e+001
  5.7394588e+001
  5.6782394e+001
  5.6170201e+001
  5.5558007e+001
  5.4945814e+001
  5.4333620e+001
  5.3721427e+001
  5.3109233e+001
  5.2497040e+001
  5.1884846e+001
  5.1272653e+001
  5.0660459e+001
  5.0048266e+001
  4.9436072e+001
  4.8823879e+001
  4.8211685e+001
  4.7599492e+001
  4.6987299e+001
  4.6375105e+001
  4.5762912e+001
  4.5150718e+001
  4.4538525e+001
  4.3926331e+001
  4.3314138e+001
  4.2701944e+001
  4.2089751e+001
  4.1477557e+001
  4.0865364e+001
  4.0253170e+001
  3.9640977e+001
  3.9028783e+001
  3.8416590e+001
  3.7804397e+001
  3.7192203e+001
  3.6580010e+001
  3.5967816e+001
  3.5355623e+001
  3.4743429e+001
  3.4131236e+001
  3.3519042e+001
  3.2906849e+001
  3.2294655e+001
  3.1682462e+001
  3.1070268e+001
  3.0458075e+001
  2.9845881e+001
  2.9233688e+001
  2.8621494e+001
  2.8009301e+001
  2.7397108e+001
  2.6784914e+001
  2.6172721e+001
  2.5560527e+001
