  6.4165942e+001
  6.4165942e+001
  6.4165942e+001
  6.4165942e+001
  6.4165942e+001
  6.4165942e+001
  6.4165942e+001
  6.4165942e+001
  6.4165942e+001
  6.4165942e+001
  6.4165942e+001
  6.5466190e+001
  6.6766437e+001
  6.8066684e+001
  6.9366932e+001
  7.0667179e+001
  7.1967427e+001
  7.3267674e+001
  7.4567922e+001
  7.5868169e+001
  7.7168417e+001
  7.8468664e+001
  7.9768912e+001
  8.1069159e+001
  8.2369407e+001
  8.3669654e+001
  8.4969902e+001
  8.6270149e+001
  8.7570396e+001
  8.8870644e+001
  9.0170891e+001
  9.1471139e+001
  9.2771386e+001
  9.4071634e+001
  9.5371881e+001
  9.6672129e+001
  9.7972376e+001
  9.9272624e+001
  1.0057287e+002
  1.0187312e+002
  1.0317337e+002
  1.0447361e+002
  1.0577386e+002
  1.0707411e+002
  1.0837436e+002
  1.0967460e+002
  1.1097485e+002
  1.1227510e+002
  1.1357535e+002
  1.1487559e+002
  1.1617584e+002
  1.1747609e+002
  1.1877634e+002
  1.2007658e+002
  1.2137683e+002
  1.2267708e+002
  1.2397733e+002
  1.2527757e+002
  1.2657782e+002
  1.2787807e+002
  1.2917832e+002
  1.3047856e+002
  1.3177881e+002
  1.3307906e+002
  1.3437931e+002
  1.3567955e+002
  1.3697980e+002
  1.3828005e+002
  1.3958030e+002
  1.4088054e+002
  1.4218079e+002
  1.4348104e+002
  1.4478129e+002
  1.4608153e+002
  1.4738178e+002
  1.4868203e+002
  1.4998228e+002
  1.5128252e+002
  1.5258277e+002
  1.5388302e+002
  1.5518326e+002
  1.5648351e+002
  1.5778376e+002
  1.5908401e+002
  1.6038425e+002
  1.6168450e+002
  1.6298475e+002
  1.6428500e+002
  1.6558524e+002
  1.6688549e+002
  1.6818574e+002
  1.6948599e+002
  1.7078623e+002
  1.7208648e+002
  1.7338673e+002
  1.7468698e+002
  1.7598722e+002
  1.7728747e+002
  1.7858772e+002
  1.7988797e+002
  1.8118821e+002
  1.8248846e+002
  1.8378871e+002
  1.8508896e+002
  1.8638920e+002
  1.8768945e+002
  1.8898970e+002
  1.9028995e+002
  1.9159019e+002
  1.9289044e+002
  1.9319495e+002
  1.9220283e+002
  1.9121070e+002
  1.9021858e+002
  1.8922646e+002
  1.8823433e+002
  1.8724221e+002
  1.8625009e+002
  1.8525797e+002
  1.8426584e+002
  1.8327372e+002
  1.8228160e+002
  1.8128947e+002
  1.8029735e+002
  1.7930523e+002
  1.7831311e+002
  1.7732098e+002
  1.7632886e+002
  1.7533674e+002
  1.7434461e+002
  1.7335249e+002
  1.7236037e+002
  1.7136825e+002
  1.7037612e+002
  1.6938400e+002
  1.6839188e+002
  1.6739975e+002
  1.6640763e+002
  1.6541551e+002
  1.6442339e+002
  1.6343126e+002
  1.6243914e+002
  1.6144702e+002
  1.6045489e+002
  1.5946277e+002
  1.5847065e+002
  1.5747853e+002
  1.5648640e+002
  1.5549428e+002
  1.5450216e+002
  1.5351003e+002
  1.5251791e+002
  1.5152579e+002
  1.5053367e+002
  1.4954154e+002
  1.4854942e+002
  1.4755730e+002
  1.4656517e+002
  1.4557305e+002
  1.4458093e+002
  1.4358881e+002
  1.4259668e+002
  1.4160456e+002
  1.4061244e+002
  1.3962031e+002
  1.3862819e+002
  1.3763607e+002
  1.3664395e+002
  1.3565182e+002
  1.3465970e+002
  1.3366758e+002
  1.3267545e+002
  1.3168333e+002
  1.3069121e+002
  1.2969909e+002
  1.2870696e+002
  1.2771484e+002
  1.2672272e+002
  1.2573059e+002
  1.2473847e+002
  1.2374635e+002
  1.2275423e+002
  1.2176210e+002
  1.2076998e+002
  1.1977786e+002
  1.1878573e+002
  1.1779361e+002
  1.1680149e+002
  1.1580937e+002
  1.1481724e+002
  1.1382512e+002
  1.1283300e+002
  1.1184087e+002
  1.1084875e+002
  1.0985663e+002
  1.0886451e+002
  1.0787238e+002
  1.0688026e+002
  1.0588814e+002
  1.0489602e+002
  1.0390389e+002
  1.0291177e+002
  1.0191965e+002
  1.0092752e+002
  9.9935401e+001
  9.8943278e+001
  9.7951155e+001
  9.6959032e+001
  9.5966909e+001
  9.4974786e+001
  9.3982664e+001
  9.2990541e+001
  9.1998418e+001
  9.1006295e+001
  9.0014172e+001
  8.9022049e+001
  8.8029926e+001
  8.7037804e+001
  8.6045681e+001
  8.5053558e+001
  8.4061435e+001
  8.3069312e+001
  8.2077189e+001
  8.1085067e+001
  8.0092944e+001
  7.9100821e+001
  7.8108698e+001
  7.7116575e+001
  7.6124452e+001
  7.5132329e+001
  7.4140207e+001
  7.3148084e+001
  7.2155961e+001
  7.1163838e+001
  7.0171715e+001
  6.9179592e+001
  6.8187469e+001
  6.7195347e+001
  6.6203224e+001
  6.5211101e+001
  6.4218978e+001
  6.3226855e+001
  6.2234732e+001
  6.1242609e+001
  6.0250487e+001
  5.9258364e+001
  5.8266241e+001
  5.7274118e+001
  5.6281995e+001
  5.5289872e+001
  5.4297749e+001
  5.3305627e+001
  5.2313504e+001
  5.1321381e+001
  5.0329258e+001
  4.9337135e+001
