 988	 988	 988	 988	
6393	6180	5590	6180	
6282	5988	5489	5988	
6104	5830	5397	5830	
5931	5669	5292	5669	
5789	5564	5148	5564	
5670	5458	5126	5458	
5587	5366	5025	5366	
5436	5244	4993	5244	
5355	5157	4889	5157	
5239	5078	4820	5078	
5167	4993	4797	4993	
5121	4929	4721	4929	
5000	4890	4677	4890	
4998	4817	4613	4817	
4910	4767	4547	4767	
4886	4741	4543	4741	
4831	4686	4507	4686	
4818	4693	4527	4693	
4808	4682	4508	4682	
4834	4664	4494	4664	
4803	4661	4483	4661	
4769	4663	4498	4663	
4808	4677	4502	4677	
4876	4744	4524	4744	
4879	4764	4580	4764	
4916	4775	4574	4775	
4975	4839	4591	4839	
5013	4882	4690	4882	
5099	4923	4696	4923	
5184	5041	4752	5041	
5258	5122	4878	5122	
5386	5234	4885	5234	
5498	5341	5054	5341	
5677	5450	5089	5450	
5761	5591	5211	5591	
5995	5779	5283	5779	
6206	5979	5447	5979	
6379	6188	5491	6188	
6239	6068	5509	6068	
6145	5830	5370	5830	
5955	5683	5299	5683	
5814	5554	5205	5554	
5665	5451	5155	5451	
5543	5342	5015	5342	
5427	5217	4979	5217	
5307	5114	4881	5114	
5236	5048	4827	5048	
5128	4946	4735	4946	
5064	4885	4694	4885	
4930	4805	4652	4805	
4892	4744	4554	4744	
4842	4708	4520	4708	
4789	4647	4501	4647	
4760	4628	4462	4628	
4722	4598	4444	4598	
4695	4578	4420	4578	
4680	4555	4422	4555	
4657	4541	4416	4541	
4664	4541	4390	4541	
4692	4550	4424	4550	
4725	4577	4419	4577	
4731	4602	4473	4602	
4745	4620	4487	4620	
4791	4666	4547	4666	
4845	4712	4555	4712	
4920	4761	4606	4761	
4956	4840	4653	4840	
5049	4908	4714	4908	
5160	5012	4750	5012	
5249	5102	4831	5102	
5404	5219	4964	5219	
5495	5303	5024	5303	
5645	5447	5096	5447	
5801	5601	5190	5601	
5999	5767	5307	5767	
6176	5955	5322	5955	
6103	5946	5404	5946	
5980	5731	5340	5731	
5877	5612	5278	5612	
5725	5495	5174	5495	
5538	5366	5117	5366	
5434	5260	5006	5260	
5340	5140	4953	5140	
5231	5049	4891	5049	
5156	4970	4788	4970	
5060	4885	4706	4885	
4960	4810	4659	4810	
4856	4727	4593	4727	
4797	4682	4562	4682	
4748	4631	4514	4631	
4695	4589	4490	4589	
4665	4544	4410	4544	
4606	4513	4408	4513	
4599	4485	4408	4485	
4554	4474	4395	4474	
4559	4469	4407	4469	
4587	4481	4405	4481	
4586	4485	4370	4485	
4629	4503	4407	4503	
4634	4527	4443	4527	
4672	4558	4445	4558	
4707	4599	4508	4599	
4776	4641	4511	4641	
4832	4692	4571	4692	
4891	4775	4619	4775	
4989	4851	4700	4851	
5068	4932	4789	4932	
5203	5036	4848	5036	
5291	5107	4913	5107	
5426	5232	4970	5232	
5563	5357	5070	5357	
5708	5500	5169	5500	
5865	5648	5233	5648	
6005	5844	5237	5844	
5973	5809	5394	5809	
5887	5621	5278	5621	
5755	5509	5256	5509	
5601	5394	5128	5394	
5457	5281	5034	5281	
5327	5190	4988	5190	
5261	5068	4872	5068	
5128	4977	4804	4977	
5044	4871	4727	4871	
4952	4800	4669	4800	
4842	4728	4599	4728	
4753	4639	4524	4639	
4703	4598	4481	4598	
4636	4554	4452	4554	
4613	4502	4392	4502	
4538	4468	4355	4468	
4489	4437	4340	4437	
4490	4414	4360	4414	
4483	4398	4328	4398	
4457	4388	4326	4388	
4474	4398	4331	4398	
4487	4406	4341	4406	
4500	4439	4366	4439	
4539	4452	4390	4452	
4569	4474	4394	4474	
4593	4508	4456	4508	
4672	4567	4471	4567	
4723	4619	4500	4619	
4790	4702	4548	4702	
4887	4781	4625	4781	
4972	4860	4702	4860	
5087	4965	4779	4965	
5238	5049	4869	5049	
5294	5134	4927	5134	
5424	5284	5012	5284	
5578	5413	5082	5413	
5709	5529	5175	5529	
5829	5697	5233	5697	
5847	5715	5361	5715	
5825	5540	5241	5540	
5670	5433	5182	5433	
5560	5319	5091	5319	
5394	5199	5005	5199	
5288	5103	4899	5103	
5147	4988	4822	4988	
5056	4908	4755	4908	
4950	4806	4670	4806	
4835	4715	4608	4715	
4760	4644	4537	4644	
4703	4588	4489	4588	
4621	4519	4444	4519	
4548	4479	4388	4479	
4507	4431	4365	4431	
4478	4379	4310	4379	
4425	4355	4315	4355	
4412	4350	4265	4350	
4393	4322	4281	4322	
4395	4317	4267	4317	
4380	4318	4276	4318	
4397	4327	4247	4327	
4406	4355	4287	4355	
4465	4383	4318	4383	
4467	4404	4333	4404	
4512	4437	4373	4437	
4575	4488	4428	4488	
4639	4555	4449	4555	
4707	4615	4511	4615	
4800	4699	4527	4699	
4912	4779	4648	4779	
4998	4872	4756	4872	
5095	4965	4816	4965	
5195	5050	4877	5050	
5343	5182	4956	5182	
5480	5309	5034	5309	
5650	5424	5119	5424	
5737	5583	5142	5583	
5841	5627	5276	5627	
5713	5455	5200	5455	
5620	5354	5086	5354	
5477	5237	5040	5237	
5321	5132	4916	5132	
5190	5018	4850	5018	
5067	4899	4783	4899	
4962	4818	4708	4818	
4871	4721	4604	4721	
4767	4650	4553	4650	
4691	4566	4472	4566	
4603	4503	4410	4503	
4542	4450	4352	4450	
4467	4409	4346	4409	
4433	4346	4277	4346	
4406	4312	4259	4312	
4373	4299	4254	4299	
4337	4270	4243	4270	
4323	4258	4204	4258	
4314	4250	4211	4250	
4300	4257	4224	4257	
4315	4261	4222	4261	
4338	4274	4252	4274	
4358	4312	4283	4312	
4383	4340	4298	4340	
4462	4367	4309	4367	
4482	4425	4377	4425	
4548	4476	4401	4476	
4624	4545	4444	4545	
4693	4615	4546	4615	
4798	4698	4596	4698	
4918	4792	4672	4792	
5033	4876	4752	4876	
5124	4975	4824	4975	
5270	5092	4888	5092	
5406	5214	4974	5214	
5548	5344	5080	5344	
5645	5485	5076	5485	
5744	5590	5202	5590	
5641	5388	5108	5388	
5507	5276	5078	5276	
5383	5172	4955	5172	
5255	5070	4855	5070	
5130	4948	4793	4948	
5018	4837	4690	4837	
4931	4757	4622	4757	
4805	4656	4537	4656	
4698	4565	4471	4565	
4617	4510	4420	4510	
4540	4449	4373	4449	
4443	4382	4327	4382	
4403	4342	4262	4342	
4361	4290	4246	4290	
4313	4254	4227	4254	
4307	4242	4181	4242	
4266	4208	4177	4208	
4252	4200	4181	4200	
4269	4194	4183	4194	
4236	4205	4209	4205	
4256	4201	4206	4201	
4267	4229	4204	4229	
4309	4250	4204	4250	
4327	4270	4240	4270	
4378	4298	4271	4298	
4410	4359	4281	4359	
4494	4407	4347	4407	
4572	4490	4395	4490	
4652	4554	4469	4554	
4710	4641	4531	4641	
4827	4719	4632	4719	
4953	4818	4677	4818	
5035	4921	4746	4921	
5185	5020	4860	5020	
5323	5144	4927	5144	
5473	5250	4991	5250	
5565	5390	5015	5390	
5668	5484	5141	5484	
5565	5323	5085	5323	
5444	5222	5012	5222	
5311	5101	4905	5101	
5172	5002	4852	5002	
5024	4874	4719	4874	
4926	4785	4678	4785	
4831	4692	4557	4692	
4717	4594	4482	4594	
4614	4507	4424	4507	
4526	4452	4372	4452	
4482	4392	4309	4392	
4399	4343	4275	4343	
4338	4281	4225	4281	
4311	4248	4231	4248	
4291	4219	4166	4219	
4267	4207	4166	4207	
4249	4200	4163	4200	
4233	4186	4188	4186	
4223	4188	4167	4188	
4214	4174	4159	4174	
4209	4159	4156	4159	
4214	4163	4149	4163	
4224	4175	4154	4175	
4263	4215	4192	4215	
4312	4254	4222	4254	
4343	4289	4262	4289	
4421	4358	4300	4358	
4487	4417	4339	4417	
4561	4494	4438	4494	
4666	4575	4476	4575	
4757	4667	4570	4667	
4860	4750	4640	4750	
4962	4850	4713	4850	
5150	4967	4819	4967	
5270	5092	4893	5092	
5381	5194	4969	5194	
5500	5316	4972	5316	
5607	5419	5102	5419	
5495	5275	4993	5275	
5406	5174	4956	5174	
5264	5046	4873	5046	
5128	4940	4772	4940	
4991	4848	4717	4848	
4873	4722	4603	4722	
4767	4647	4558	4647	
4677	4556	4460	4556	
4584	4463	4391	4463	
4495	4393	4304	4393	
4399	4343	4277	4343	
4354	4281	4247	4281	
4292	4251	4231	4251	
4293	4223	4198	4223	
4257	4204	4196	4204	
4244	4202	4159	4202	
4245	4188	4199	4188	
4220	4179	4178	4179	
4212	4180	4168	4180	
4215	4176	4158	4176	
4209	4168	4152	4168	
4197	4155	4146	4155	
4201	4165	4139	4165	
4225	4183	4136	4183	
4247	4216	4190	4216	
4312	4261	4204	4261	
4348	4296	4253	4296	
4438	4377	4313	4377	
4520	4446	4393	4446	
4603	4524	4455	4524	
4721	4614	4526	4614	
4821	4725	4624	4725	
4928	4808	4681	4808	
5089	4924	4781	4924	
5192	5034	4856	5034	
5340	5144	4910	5144	
5420	5253	4924	5253	
5529	5371	5083	5371	
5465	5231	4961	5231	
5320	5126	4933	5126	
5187	4996	4856	4996	
5050	4911	4755	4911	
4963	4804	4684	4804	
4835	4693	4600	4693	
4718	4600	4520	4600	
4633	4512	4433	4512	
4520	4428	4370	4428	
4447	4364	4302	4364	
4382	4303	4218	4303	
4312	4248	4212	4248	
4271	4222	4183	4222	
4264	4202	4186	4202	
4258	4210	4189	4210	
4256	4213	4172	4213	
4236	4191	4178	4191	
4216	4172	4184	4172	
4203	4173	4174	4173	
4188	4174	4177	4174	
4190	4164	4147	4164	
4171	4145	4147	4145	
4172	4162	4140	4162	
4185	4144	4126	4144	
4220	4170	4169	4170	
4261	4217	4166	4217	
4329	4279	4207	4279	
4395	4341	4284	4341	
4476	4416	4332	4416	
4551	4478	4393	4478	
4691	4582	4469	4582	
4755	4680	4593	4680	
4898	4780	4663	4780	
5007	4879	4738	4879	
5170	4998	4816	4998	
5288	5089	4882	5089	
5403	5213	4908	5213	
5504	5351	5031	5351	
5415	5203	4954	5203	
5282	5080	4884	5080	
5166	4971	4813	4971	
5008	4863	4714	4863	
4927	4757	4620	4757	
4801	4650	4557	4650	
4687	4576	4500	4576	
4585	4475	4382	4475	
4466	4398	4349	4398	
4413	4334	4272	4334	
4318	4270	4207	4270	
4306	4241	4195	4241	
4258	4231	4178	4231	
4247	4215	4193	4215	
4242	4205	4188	4205	
4233	4200	4190	4200	
4224	4194	4180	4194	
4203	4179	4188	4179	
4191	4174	4172	4174	
4198	4178	4162	4178	
4176	4156	4171	4156	
4165	4138	4139	4138	
4162	4134	4144	4134	
4160	4120	4133	4120	
4174	4148	4143	4148	
4229	4186	4165	4186	
4280	4234	4191	4234	
4347	4301	4237	4301	
4430	4387	4309	4387	
4528	4451	4382	4451	
4636	4555	4476	4555	
4757	4647	4571	4647	
4840	4748	4598	4748	
4951	4851	4722	4851	
5123	4971	4817	4971	
5246	5059	4884	5059	
5312	5163	4875	5163	
5476	5322	5027	5322	
5356	5147	4919	5147	
5275	5056	4892	5056	
5130	4949	4797	4949	
4988	4819	4720	4819	
4860	4739	4594	4739	
4743	4606	4510	4606	
4659	4552	4488	4552	
4551	4452	4407	4452	
4456	4384	4321	4384	
4385	4308	4250	4308	
4298	4263	4204	4263	
4258	4219	4175	4219	
4256	4224	4178	4224	
4245	4215	4192	4215	
4228	4197	4201	4197	
4239	4196	4181	4196	
4204	4184	4191	4184	
4207	4169	4199	4169	
4190	4164	4181	4164	
4180	4162	4169	4162	
4174	4148	4158	4148	
4158	4143	4148	4143	
4168	4140	4145	4140	
4126	4124	4127	4124	
4166	4142	4124	4142	
4187	4166	4152	4166	
4254	4219	4201	4219	
4312	4289	4259	4289	
4413	4361	4324	4361	
4506	4425	4382	4425	
4607	4513	4437	4513	
4708	4606	4524	4606	
4839	4714	4635	4714	
4926	4824	4695	4824	
5058	4923	4774	4923	
5202	5034	4871	5034	
5289	5145	4853	5145	
5447	5300	4972	5300	
5331	5136	4881	5136	
5239	5039	4840	5039	
5110	4917	4765	4917	
4993	4814	4674	4814	
4815	4715	4583	4715	
4730	4614	4509	4614	
4627	4528	4443	4528	
4535	4437	4362	4437	
4423	4353	4285	4353	
4377	4289	4250	4289	
4281	4244	4204	4244	
4244	4207	4176	4207	
4237	4207	4173	4207	
4220	4192	4184	4192	
4221	4191	4187	4191	
4207	4184	4198	4184	
4195	4173	4183	4173	
4179	4158	4181	4158	
4150	4142	4154	4142	
4160	4157	4154	4157	
4178	4149	4135	4149	
4166	4141	4143	4141	
4155	4151	4159	4151	
4140	4138	4127	4138	
4131	4129	4126	4129	
4179	4151	4126	4151	
4218	4200	4170	4200	
4302	4266	4212	4266	
4389	4343	4287	4343	
4474	4413	4350	4413	
4570	4501	4432	4501	
4695	4604	4529	4604	
4804	4709	4615	4709	
4904	4808	4692	4808	
5109	4956	4819	4956	
5204	5045	4872	5045	
5332	5160	4840	5160	
5425	5270	5013	5270	
5312	5094	4873	5094	
5207	5027	4862	5027	
5099	4908	4769	4908	
4952	4799	4689	4799	
4831	4702	4596	4702	
4703	4602	4544	4602	
4598	4515	4421	4515	
4489	4423	4347	4423	
4406	4343	4300	4343	
4326	4276	4232	4276	
4276	4225	4168	4225	
4262	4213	4166	4213	
4240	4207	4184	4207	
4218	4206	4177	4206	
4208	4182	4158	4182	
4193	4188	4183	4188	
4179	4165	4188	4165	
4159	4151	4158	4151	
4173	4139	4150	4139	
4136	4144	4167	4144	
4148	4141	4129	4141	
4142	4130	4135	4130	
4139	4138	4143	4138	
4126	4111	4106	4111	
4139	4125	4103	4125	
4164	4149	4140	4149	
4215	4207	4148	4207	
4290	4254	4224	4254	
4361	4342	4325	4342	
4463	4405	4337	4405	
4570	4501	4417	4501	
4673	4582	4503	4582	
4781	4692	4611	4692	
4920	4798	4683	4798	
5084	4956	4800	4956	
5211	5038	4850	5038	
5295	5163	4889	5163	
5417	5259	5014	5259	
5300	5123	4900	5123	
5194	5000	4809	5000	
5077	4908	4739	4908	
4937	4798	4671	4798	
4823	4705	4615	4705	
4712	4605	4497	4605	
4593	4513	4433	4513	
4501	4417	4350	4417	
4404	4338	4286	4338	
4337	4276	4242	4276	
4252	4229	4180	4229	
4231	4197	4180	4197	
4223	4199	4171	4199	
4195	4193	4178	4193	
4196	4180	4180	4180	
4165	4171	4180	4171	
4158	4151	4147	4151	
4139	4139	4154	4139	
4129	4138	4144	4138	
4152	4138	4143	4138	
4138	4123	4121	4123	
4134	4144	4145	4144	
4133	4126	4143	4126	
4129	4126	4096	4126	
4111	4100	4115	4100	
4162	4150	4120	4150	
4218	4195	4173	4195	
4293	4257	4222	4257	
4376	4343	4289	4343	
4470	4410	4344	4410	
4573	4503	4432	4503	
4680	4591	4503	4591	
4774	4703	4568	4703	
4897	4791	4667	4791	
5105	4942	4795	4942	
5208	5043	4841	5043	
5280	5143	4852	5143	
5409	5276	4976	5276	
5283	5109	4885	5109	
5196	4998	4832	4998	
5075	4897	4765	4897	
4951	4818	4689	4818	
4833	4719	4579	4719	
4717	4600	4519	4600	
4623	4525	4462	4525	
4504	4419	4355	4419	
4397	4347	4276	4347	
4341	4275	4250	4275	
4291	4236	4189	4236	
4249	4200	4167	4200	
4202	4209	4183	4209	
4219	4196	4168	4196	
4182	4174	4162	4174	
4166	4174	4169	4174	
4172	4165	4153	4165	
4147	4150	4150	4150	
4142	4131	4144	4131	
4128	4122	4150	4122	
4123	4123	4135	4123	
4132	4126	4133	4126	
4129	4130	4117	4130	
4105	4116	4103	4116	
4127	4124	4126	4124	
4162	4160	4137	4160	
4210	4203	4164	4203	
4300	4269	4214	4269	
4361	4340	4244	4340	
4463	4414	4340	4414	
4575	4506	4411	4506	
4668	4609	4540	4609	
4789	4692	4595	4692	
4927	4815	4688	4815	
5075	4916	4777	4916	
5197	5005	4817	5005	
5295	5125	4819	5125	
5431	5308	4983	5308	
5318	5130	4874	5130	
5207	5023	4841	5023	
5102	4902	4769	4902	
4971	4822	4696	4822	
4845	4719	4621	4719	
4709	4620	4526	4620	
4644	4526	4426	4526	
4527	4420	4357	4420	
4414	4347	4315	4347	
4344	4287	4255	4287	
4275	4229	4203	4229	
4224	4199	4158	4199	
4216	4195	4178	4195	
4200	4176	4173	4176	
4183	4177	4175	4177	
4191	4182	4172	4182	
4165	4156	4171	4156	
4152	4137	4162	4137	
4138	4141	4136	4141	
4123	4111	4135	4111	
4127	4115	4122	4115	
4115	4110	4126	4110	
4109	4128	4111	4128	
4096	4103	4111	4103	
4133	4125	4102	4125	
4191	4170	4154	4170	
4257	4215	4172	4215	
4306	4279	4212	4279	
4390	4351	4279	4351	
4498	4425	4356	4425	
4606	4514	4445	4514	
4686	4611	4521	4611	
4789	4706	4614	4706	
4930	4819	4703	4819	
5075	4929	4759	4929	
5235	5025	4854	5025	
5290	5142	4887	5142	
5408	5295	5000	5295	
5309	5133	4897	5133	
5244	5036	4863	5036	
5118	4918	4788	4918	
4996	4831	4728	4831	
4853	4737	4622	4737	
4741	4635	4572	4635	
4614	4540	4494	4540	
4526	4450	4388	4450	
4430	4379	4305	4379	
4374	4320	4267	4320	
4287	4249	4199	4249	
4236	4208	4184	4208	
4210	4187	4185	4187	
4187	4167	4174	4167	
4195	4170	4150	4170	
4173	4153	4137	4153	
4153	4154	4161	4154	
4146	4138	4141	4138	
4141	4132	4151	4132	
4126	4129	4116	4129	
4109	4114	4125	4114	
4116	4107	4119	4107	
4105	4120	4112	4120	
4106	4101	4111	4101	
4156	4137	4118	4137	
4195	4175	4160	4175	
4273	4222	4205	4222	
4349	4309	4243	4309	
4398	4377	4327	4377	
4494	4459	4350	4459	
4622	4538	4470	4538	
4713	4633	4545	4633	
4806	4721	4620	4721	
4957	4845	4696	4845	
5114	4979	4816	4979	
5241	5033	4867	5033	
5320	5157	4864	5157	
5414	5318	5067	5318	
5356	5177	4913	5177	
5260	5063	4864	5063	
5130	4952	4791	4952	
5016	4862	4742	4862	
4870	4774	4693	4774	
4754	4638	4573	4638	
4671	4577	4483	4577	
4572	4480	4427	4480	
4450	4408	4335	4408	
4391	4339	4281	4339	
4321	4277	4219	4277	
4257	4221	4184	4221	
4211	4205	4167	4205	
4189	4170	4182	4170	
4172	4158	4137	4158	
4160	4145	4143	4145	
4156	4156	4137	4156	
4138	4135	4151	4135	
4103	4130	4143	4130	
4134	4148	4141	4148	
4142	4141	4130	4141	
4137	4134	4129	4134	
4110	4118	4129	4118	
4139	4138	4131	4138	
4188	4166	4158	4166	
4226	4202	4167	4202	
4305	4261	4228	4261	
4373	4339	4283	4339	
4435	4404	4332	4404	
4527	4480	4405	4480	
4628	4562	4477	4562	
4753	4660	4555	4660	
4854	4745	4628	4745	
4993	4871	4738	4871	
5154	4994	4837	4994	
5268	5066	4878	5066	
5358	5194	4926	5194	
5482	5361	5043	5361	
5375	5205	4945	5205	
5301	5109	4947	5109	
5186	5005	4817	5005	
5087	4891	4795	4891	
4940	4798	4683	4798	
4813	4699	4568	4699	
4688	4610	4522	4610	
4605	4519	4461	4519	
4505	4439	4397	4439	
4441	4368	4317	4368	
4344	4319	4273	4319	
4294	4267	4233	4267	
4234	4224	4179	4224	
4212	4187	4154	4187	
4185	4172	4151	4172	
4157	4161	4152	4161	
4132	4145	4160	4145	
4145	4144	4144	4144	
4123	4133	4120	4133	
4151	4152	4169	4152	
4119	4134	4155	4134	
4151	4139	4134	4139	
4135	4137	4139	4137	
4158	4161	4167	4161	
4230	4193	4175	4193	
4264	4248	4231	4248	
4339	4305	4266	4305	
4394	4377	4310	4377	
4491	4437	4407	4437	
4558	4504	4446	4504	
4686	4608	4507	4608	
4788	4697	4582	4697	
4901	4789	4680	4789	
5031	4914	4791	4914	
5208	5031	4883	5031	
5313	5128	4942	5128	
5429	5252	4941	5252	
5520	5416	5066	5416	
5442	5245	4974	5245	
5348	5133	4953	5133	
5248	5029	4892	5029	
5087	4932	4791	4932	
4987	4832	4713	4832	
4885	4736	4642	4736	
4768	4656	4567	4656	
4674	4559	4500	4559	
4571	4473	4432	4473	
4497	4417	4363	4417	
4415	4338	4312	4338	
4352	4287	4257	4287	
4301	4265	4222	4265	
4254	4217	4217	4217	
4211	4189	4169	4189	
4180	4155	4188	4155	
4191	4163	4176	4163	
4164	4135	4141	4135	
4138	4121	4130	4121	
4157	4138	4157	4138	
4168	4156	4160	4156	
4179	4158	4146	4158	
4194	4159	4164	4159	
4224	4210	4187	4210	
4249	4238	4229	4238	
4329	4305	4259	4305	
4377	4335	4319	4335	
4457	4400	4354	4400	
4552	4489	4417	4489	
4639	4560	4502	4560	
4739	4633	4542	4633	
4852	4739	4668	4739	
4945	4833	4709	4833	
5070	4960	4805	4960	
5243	5077	4907	5077	
5374	5176	4952	5176	
5477	5291	4965	5291	
5635	5466	5102	5466	
5496	5283	5030	5283	
5395	5161	4983	5161	
5287	5071	4941	5071	
5180	4966	4871	4966	
5063	4888	4773	4888	
4910	4767	4715	4767	
4817	4676	4653	4676	
4717	4598	4546	4598	
4610	4517	4465	4517	
4562	4449	4398	4449	
4475	4390	4344	4390	
4392	4324	4288	4324	
4368	4301	4298	4301	
4311	4247	4246	4247	
4276	4219	4198	4219	
4242	4193	4183	4193	
4222	4169	4163	4169	
4212	4160	4161	4160	
4200	4148	4141	4148	
4200	4148	4131	4148	
4205	4157	4160	4157	
4230	4169	4173	4169	
4271	4218	4211	4218	
4281	4243	4219	4243	
4351	4275	4293	4275	
4396	4339	4315	4339	
4450	4387	4349	4387	
4533	4445	4414	4445	
4588	4510	4474	4510	
4697	4596	4535	4596	
4811	4691	4616	4691	
4929	4771	4690	4771	
5029	4867	4740	4867	
5171	4988	4864	4988	
5320	5127	4953	5127	
5475	5231	5006	5231	
5584	5352	5002	5352	
5656	5512	5118	5512	
5521	5325	5052	5325	
5455	5210	4989	5210	
5336	5107	4977	5107	
5196	5008	4869	5008	
5080	4922	4815	4922	
5001	4808	4739	4808	
4896	4729	4662	4729	
4787	4619	4568	4619	
4687	4550	4484	4550	
4603	4487	4445	4487	
4543	4437	4407	4437	
4463	4379	4355	4379	
4408	4337	4288	4337	
4364	4297	4263	4297	
4334	4253	4267	4253	
4293	4239	4237	4239	
4305	4216	4221	4216	
4259	4190	4180	4190	
4248	4191	4174	4191	
4260	4190	4174	4190	
4276	4195	4205	4195	
4306	4228	4232	4228	
4330	4249	4257	4249	
4366	4296	4279	4296	
4392	4333	4303	4333	
4461	4380	4339	4380	
4533	4429	4381	4429	
4613	4500	4421	4500	
4694	4568	4483	4568	
4759	4646	4583	4646	
4879	4723	4632	4723	
4976	4838	4748	4838	
5097	4939	4815	4939	
5244	5055	4887	5055	
5371	5183	5002	5183	
5525	5300	5050	5300	
5646	5446	5096	5446	
5725	5605	5120	5605	
5607	5390	5084	5390	
5511	5279	5073	5279	
5414	5161	4993	5161	
5277	5066	4916	5066	
5162	4976	4825	4976	
5045	4846	4746	4846	
4935	4772	4712	4772	
4847	4686	4624	4686	
4757	4611	4519	4611	
4696	4551	4494	4551	
4602	4494	4457	4494	
4540	4448	4396	4448	
4459	4391	4351	4391	
4451	4361	4323	4361	
4418	4320	4279	4320	
4361	4294	4275	4294	
4351	4274	4250	4274	
4319	4249	4251	4249	
4353	4258	4231	4258	
4342	4259	4240	4259	
4319	4267	4215	4267	
4381	4297	4265	4297	
4403	4332	4292	4332	
4442	4368	4306	4368	
4492	4403	4329	4403	
4537	4461	4394	4461	
4585	4498	4451	4498	
4662	4559	4482	4559	
4751	4608	4521	4608	
4837	4702	4597	4702	
4942	4789	4674	4789	
5046	4886	4759	4886	
5146	5003	4809	5003	
5305	5130	4962	5130	
5440	5249	5029	5249	
5609	5372	5113	5372	
5765	5525	5111	5525	
5797	5696	5260	5696	
5675	5459	5134	5459	
5579	5338	5113	5338	
5446	5219	5041	5219	
5306	5120	4962	5120	
5212	5041	4886	5041	
5088	4939	4823	4939	
4987	4820	4718	4820	
4886	4747	4616	4747	
4806	4664	4565	4664	
4744	4608	4523	4608	
4654	4550	4453	4550	
4612	4511	4430	4511	
4561	4464	4395	4464	
4502	4409	4373	4409	
4471	4372	4331	4372	
4425	4362	4301	4362	
4436	4341	4295	4341	
4402	4332	4283	4332	
4391	4330	4276	4330	
4406	4328	4290	4328	
4409	4346	4299	4346	
4423	4349	4288	4349	
4495	4397	4303	4397	
4502	4432	4350	4432	
4550	4465	4378	4465	
4596	4496	4423	4496	
4643	4542	4464	4542	
4753	4619	4528	4619	
4814	4685	4589	4685	
4889	4759	4628	4759	
4998	4843	4714	4843	
5137	4946	4781	4946	
5255	5058	4841	5058	
5395	5187	5001	5187	
5525	5321	5030	5321	
5720	5464	5155	5464	
5875	5624	5212	5624	
5788	5729	5221	5729	
5688	5548	5121	5548	
5560	5409	5036	5409	
5485	5282	4963	5282	
5303	5163	4896	5163	
5210	5092	4787	5092	
5069	4983	4749	4983	
4989	4892	4659	4892	
4912	4797	4605	4797	
4844	4729	4553	4729	
4763	4663	4492	4663	
4682	4624	4449	4624	
4622	4562	4377	4562	
4582	4522	4375	4522	
4506	4470	4274	4470	
4491	4450	4254	4450	
4452	4426	4265	4426	
4436	4400	4255	4400	
4423	4396	4232	4396	
4407	4377	4249	4377	
4427	4395	4220	4395	
4411	4393	4239	4393	
4443	4425	4271	4425	
4484	4468	4274	4468	
4523	4492	4347	4492	
4586	4527	4353	4527	
4634	4567	4406	4567	
4660	4605	4420	4605	
4733	4680	4466	4680	
4818	4754	4516	4754	
4916	4832	4601	4832	
5021	4907	4657	4907	
5110	4994	4743	4994	
5232	5114	4822	5114	
5395	5251	4957	5251	
5535	5413	5023	5413	
5752	5568	5133	5568	
5959	5739	5188	5739	
                                                                                                                                                                                                                                                                                                                                                                                                                                                                                                                                                                                                                                                                                                                                                                                                                                                                                                                                                                                                                                                                                                                                                                                                                                                                                                                                                                                                                                                                                                                                                                                                                                                                                                                                                                                                                                                                                                                                                                                                                                                                                                                                                                                                                                                                                                                                                                                                                                                                                                                                                                                                                                                                                                                                                                                                                                                                                                                                                                                                                                                                                                                                                                                                                                                                                                                                                                                                                                                                                                                                                                                                                                                                                                                                                                                                                                                                                                                                                                                                                                                                                                                    