 988	 988	 988	 988	
6401	6219	5530	6219	
6157	5983	5479	5983	
6033	5838	5331	5838	
5896	5699	5282	5699	
5763	5575	5184	5575	
5590	5466	5083	5466	
5493	5344	5045	5344	
5381	5264	4970	5264	
5333	5189	4878	5189	
5231	5101	4852	5101	
5107	5031	4789	5031	
5108	4935	4690	4935	
5005	4886	4657	4886	
4973	4834	4605	4834	
4905	4778	4549	4778	
4837	4743	4523	4743	
4847	4720	4522	4720	
4807	4730	4520	4730	
4814	4698	4478	4698	
4810	4679	4471	4679	
4798	4679	4476	4679	
4772	4698	4516	4698	
4819	4699	4515	4699	
4884	4754	4538	4754	
4896	4795	4595	4795	
4907	4809	4623	4809	
4969	4883	4640	4883	
5047	4920	4687	4920	
5104	5006	4741	5006	
5157	5079	4749	5079	
5273	5155	4888	5155	
5423	5269	4929	5269	
5520	5372	5048	5372	
5611	5485	5121	5485	
5774	5636	5212	5636	
5984	5806	5320	5806	
6187	6019	5423	6019	
6355	6210	5520	6210	
6247	6036	5512	6036	
6091	5796	5358	5796	
5914	5676	5293	5676	
5748	5554	5179	5554	
5586	5432	5115	5432	
5499	5338	5009	5338	
5374	5227	4956	5227	
5286	5134	4890	5134	
5202	5053	4823	5053	
5101	4967	4739	4967	
5040	4893	4664	4893	
4955	4825	4619	4825	
4892	4756	4550	4756	
4826	4720	4485	4720	
4803	4673	4503	4673	
4725	4638	4451	4638	
4708	4619	4440	4619	
4677	4580	4428	4580	
4675	4567	4403	4567	
4651	4555	4414	4555	
4661	4564	4417	4564	
4699	4579	4403	4579	
4702	4599	4442	4599	
4735	4631	4494	4631	
4763	4651	4488	4651	
4802	4697	4529	4697	
4844	4745	4554	4745	
4922	4802	4623	4802	
4965	4862	4673	4862	
5060	4954	4722	4954	
5185	5051	4779	5051	
5256	5139	4870	5139	
5396	5244	4977	5244	
5498	5340	5041	5340	
5630	5463	5116	5463	
5784	5616	5206	5616	
5990	5802	5319	5802	
6152	5989	5372	5989	
6097	5901	5436	5901	
5945	5706	5316	5706	
5793	5594	5280	5594	
5666	5485	5142	5485	
5485	5370	5087	5370	
5385	5269	5002	5269	
5291	5158	4937	5158	
5208	5071	4842	5071	
5111	4972	4789	4972	
5002	4888	4717	4888	
4912	4820	4648	4820	
4846	4751	4603	4751	
4815	4703	4519	4703	
4739	4642	4517	4642	
4695	4607	4498	4607	
4645	4568	4421	4568	
4609	4545	4426	4545	
4596	4513	4401	4513	
4585	4491	4404	4491	
4571	4504	4373	4504	
4585	4509	4412	4509	
4589	4510	4407	4510	
4607	4532	4405	4532	
4624	4554	4432	4554	
4657	4585	4483	4585	
4719	4630	4517	4630	
4760	4666	4538	4666	
4846	4726	4595	4726	
4894	4796	4599	4796	
4960	4888	4709	4888	
5086	4961	4788	4961	
5205	5068	4862	5068	
5290	5143	4945	5143	
5427	5261	5004	5261	
5524	5399	5115	5399	
5691	5532	5164	5532	
5834	5663	5287	5663	
6037	5846	5296	5846	
5947	5817	5352	5817	
5799	5611	5262	5611	
5697	5501	5228	5501	
5523	5393	5118	5393	
5417	5291	5046	5291	
5309	5193	4961	5193	
5209	5082	4870	5082	
5096	4973	4829	4973	
5003	4881	4732	4881	
4903	4804	4639	4804	
4836	4742	4572	4742	
4730	4656	4507	4656	
4693	4615	4479	4615	
4640	4558	4444	4558	
4576	4527	4403	4527	
4558	4480	4396	4480	
4518	4439	4339	4439	
4489	4435	4370	4435	
4476	4426	4332	4426	
4468	4407	4328	4407	
4455	4421	4325	4421	
4478	4437	4329	4437	
4511	4457	4365	4457	
4533	4472	4392	4472	
4567	4512	4411	4512	
4618	4550	4437	4550	
4670	4601	4459	4601	
4745	4644	4509	4644	
4780	4721	4547	4721	
4884	4799	4628	4799	
4960	4879	4714	4879	
5090	4978	4789	4978	
5209	5075	4886	5075	
5267	5168	4955	5168	
5430	5300	5026	5300	
5587	5437	5098	5437	
5719	5578	5206	5578	
5884	5717	5231	5717	
5898	5693	5312	5693	
5756	5524	5198	5524	
5642	5421	5133	5421	
5486	5319	5100	5319	
5356	5187	4964	5187	
5228	5099	4888	5099	
5112	4997	4827	4997	
5020	4889	4739	4889	
4911	4814	4666	4814	
4837	4726	4567	4726	
4735	4657	4532	4657	
4644	4591	4467	4591	
4599	4538	4423	4538	
4540	4489	4367	4489	
4493	4448	4365	4448	
4465	4407	4305	4407	
4415	4361	4321	4361	
4413	4361	4266	4361	
4406	4338	4258	4338	
4372	4332	4284	4332	
4364	4330	4274	4330	
4402	4349	4274	4349	
4431	4373	4283	4373	
4452	4415	4340	4415	
4464	4419	4321	4419	
4505	4456	4387	4456	
4580	4512	4419	4512	
4652	4576	4460	4576	
4705	4647	4521	4647	
4797	4716	4569	4716	
4881	4813	4649	4813	
4997	4895	4751	4895	
5072	4988	4824	4988	
5193	5074	4892	5074	
5324	5195	4952	5195	
5473	5343	5072	5343	
5618	5470	5153	5470	
5763	5601	5178	5601	
5816	5649	5232	5649	
5665	5454	5186	5454	
5533	5357	5103	5357	
5429	5234	5034	5234	
5266	5138	4927	5138	
5135	5016	4845	5016	
5015	4904	4770	4904	
4933	4822	4711	4822	
4828	4722	4623	4722	
4744	4662	4583	4662	
4652	4572	4480	4572	
4585	4516	4399	4516	
4522	4464	4365	4464	
4468	4411	4328	4411	
4420	4365	4291	4365	
4393	4324	4276	4324	
4360	4304	4246	4304	
4317	4279	4226	4279	
4305	4268	4224	4268	
4306	4263	4223	4263	
4303	4271	4231	4271	
4320	4263	4251	4263	
4345	4295	4249	4295	
4371	4326	4270	4326	
4401	4369	4306	4369	
4442	4390	4336	4390	
4488	4441	4379	4441	
4572	4488	4429	4488	
4632	4570	4463	4570	
4734	4638	4523	4638	
4796	4706	4625	4706	
4903	4810	4687	4810	
5015	4911	4785	4911	
5118	4995	4823	4995	
5261	5125	4910	5125	
5425	5243	5013	5243	
5546	5365	5113	5365	
5649	5490	5123	5490	
5723	5558	5238	5558	
5613	5371	5077	5371	
5478	5281	5076	5281	
5360	5167	4937	5167	
5200	5060	4857	5060	
5088	4957	4804	4957	
4975	4838	4723	4838	
4879	4762	4669	4762	
4766	4656	4558	4656	
4661	4580	4490	4580	
4583	4511	4413	4511	
4501	4448	4378	4448	
4446	4387	4297	4387	
4385	4334	4280	4334	
4349	4304	4237	4304	
4298	4260	4215	4260	
4283	4250	4197	4250	
4263	4219	4190	4219	
4251	4203	4183	4203	
4263	4212	4171	4212	
4254	4214	4218	4214	
4264	4223	4194	4223	
4274	4241	4199	4241	
4302	4257	4232	4257	
4333	4291	4262	4291	
4373	4330	4272	4330	
4436	4373	4307	4373	
4480	4421	4384	4421	
4562	4497	4446	4497	
4642	4572	4483	4572	
4717	4648	4544	4648	
4848	4736	4614	4736	
4943	4848	4690	4848	
5042	4945	4817	4945	
5160	5048	4901	5048	
5352	5180	4974	5180	
5479	5280	5026	5280	
5558	5412	5016	5412	
5596	5493	5179	5493	
5525	5318	5085	5318	
5407	5222	5021	5222	
5272	5110	4917	5110	
5134	5004	4843	5004	
4991	4886	4714	4886	
4885	4775	4654	4775	
4798	4693	4586	4693	
4711	4607	4501	4607	
4581	4517	4443	4517	
4518	4448	4391	4448	
4449	4399	4318	4399	
4384	4319	4285	4319	
4327	4287	4234	4287	
4285	4254	4203	4254	
4260	4235	4178	4235	
4250	4217	4175	4217	
4246	4195	4192	4195	
4220	4181	4198	4181	
4221	4193	4182	4193	
4209	4184	4167	4184	
4213	4183	4173	4183	
4206	4188	4142	4188	
4250	4191	4178	4191	
4268	4229	4197	4229	
4311	4271	4244	4271	
4343	4312	4262	4312	
4413	4376	4327	4376	
4494	4438	4375	4438	
4564	4509	4445	4509	
4668	4603	4496	4603	
4765	4681	4576	4681	
4842	4765	4644	4765	
4956	4885	4726	4885	
5118	5004	4818	5004	
5277	5126	4953	5126	
5392	5215	4998	5215	
5475	5347	4959	5347	
5539	5430	5154	5430	
5471	5277	5033	5277	
5369	5165	4968	5165	
5207	5046	4863	5046	
5093	4944	4777	4944	
4961	4855	4713	4855	
4860	4727	4614	4727	
4754	4639	4574	4639	
4632	4544	4493	4544	
4547	4468	4406	4468	
4464	4405	4329	4405	
4390	4344	4275	4344	
4328	4292	4233	4292	
4282	4249	4215	4249	
4272	4221	4182	4221	
4223	4213	4175	4213	
4236	4208	4191	4208	
4219	4200	4183	4200	
4202	4184	4206	4184	
4213	4180	4158	4180	
4203	4178	4199	4178	
4188	4161	4171	4161	
4202	4169	4159	4169	
4217	4162	4169	4162	
4209	4182	4153	4182	
4248	4224	4188	4224	
4319	4271	4250	4271	
4367	4321	4271	4321	
4443	4406	4345	4406	
4529	4471	4415	4471	
4604	4554	4464	4554	
4712	4616	4530	4616	
4815	4727	4641	4727	
4915	4829	4718	4829	
5075	4940	4804	4940	
5213	5061	4873	5061	
5353	5173	4970	5173	
5436	5287	4964	5287	
5551	5398	5121	5398	
5425	5221	4987	5221	
5317	5117	4924	5117	
5174	5014	4845	5014	
5029	4904	4776	4904	
4928	4808	4694	4808	
4805	4694	4579	4694	
4695	4593	4517	4593	
4598	4514	4440	4514	
4497	4430	4370	4430	
4412	4359	4321	4359	
4353	4314	4251	4314	
4312	4257	4217	4257	
4271	4227	4188	4227	
4248	4211	4198	4211	
4232	4197	4175	4197	
4225	4203	4191	4203	
4212	4201	4172	4201	
4210	4189	4170	4189	
4205	4173	4183	4173	
4189	4177	4182	4177	
4186	4169	4183	4169	
4172	4156	4149	4156	
4178	4158	4148	4158	
4184	4156	4136	4156	
4222	4176	4167	4176	
4257	4227	4181	4227	
4329	4284	4235	4284	
4395	4350	4291	4350	
4462	4432	4360	4432	
4553	4511	4431	4511	
4682	4608	4535	4608	
4792	4695	4599	4695	
4896	4792	4670	4792	
5027	4896	4746	4896	
5173	5021	4863	5021	
5294	5119	4888	5119	
5378	5218	4917	5218	
5459	5336	5055	5336	
5351	5183	4948	5183	
5245	5086	4895	5086	
5119	4965	4822	4965	
4982	4856	4767	4856	
4867	4767	4623	4767	
4758	4658	4548	4658	
4670	4572	4491	4572	
4554	4486	4378	4486	
4451	4398	4327	4398	
4387	4327	4273	4327	
4319	4272	4224	4272	
4267	4235	4197	4235	
4260	4224	4176	4224	
4232	4215	4183	4215	
4221	4198	4192	4198	
4217	4190	4183	4190	
4193	4193	4201	4193	
4208	4180	4187	4180	
4196	4176	4166	4176	
4199	4172	4165	4172	
4171	4163	4165	4163	
4164	4158	4132	4158	
4155	4138	4145	4138	
4141	4128	4135	4128	
4181	4149	4140	4149	
4238	4196	4164	4196	
4290	4256	4191	4256	
4361	4323	4261	4323	
4454	4402	4328	4402	
4508	4464	4379	4464	
4639	4572	4486	4572	
4744	4655	4556	4655	
4854	4749	4623	4749	
4984	4883	4748	4883	
5132	4993	4820	4993	
5266	5079	4897	5079	
5324	5181	4946	5181	
5438	5291	5024	5291	
5320	5155	4933	5155	
5237	5067	4891	5067	
5101	4941	4782	4941	
4956	4841	4702	4841	
4815	4732	4595	4732	
4717	4616	4545	4616	
4629	4539	4442	4539	
4535	4458	4386	4458	
4421	4366	4317	4366	
4365	4303	4236	4303	
4293	4253	4202	4253	
4247	4224	4181	4224	
4247	4221	4171	4221	
4226	4202	4197	4202	
4206	4193	4183	4193	
4216	4193	4180	4193	
4198	4176	4179	4176	
4189	4168	4186	4168	
4179	4160	4178	4160	
4181	4158	4156	4158	
4160	4150	4154	4150	
4148	4155	4137	4155	
4172	4160	4149	4160	
4127	4131	4134	4131	
4147	4133	4126	4133	
4201	4182	4138	4182	
4248	4224	4191	4224	
4338	4299	4257	4299	
4423	4370	4309	4370	
4484	4440	4373	4440	
4614	4529	4447	4529	
4704	4623	4538	4623	
4833	4737	4620	4737	
4927	4841	4710	4841	
5083	4954	4807	4954	
5223	5046	4858	5046	
5319	5157	4908	5157	
5375	5278	4998	5278	
5293	5127	4899	5127	
5188	5037	4862	5037	
5066	4915	4801	4915	
4935	4799	4689	4799	
4825	4709	4578	4709	
4731	4608	4527	4608	
4599	4514	4443	4514	
4510	4433	4372	4433	
4393	4337	4304	4337	
4335	4287	4250	4287	
4266	4238	4213	4238	
4234	4225	4183	4225	
4237	4207	4166	4207	
4214	4195	4212	4195	
4199	4192	4188	4192	
4188	4182	4172	4182	
4180	4171	4176	4171	
4167	4158	4169	4158	
4158	4155	4155	4155	
4149	4149	4158	4149	
4154	4142	4137	4142	
4145	4140	4154	4140	
4146	4136	4161	4136	
4139	4124	4125	4124	
4153	4130	4110	4130	
4184	4158	4127	4158	
4227	4208	4178	4208	
4302	4275	4225	4275	
4379	4347	4267	4347	
4469	4432	4351	4432	
4577	4514	4433	4514	
4685	4614	4541	4614	
4808	4705	4601	4705	
4900	4818	4667	4818	
5117	4966	4777	4966	
5211	5052	4880	5052	
5315	5167	4851	5167	
5367	5272	5010	5272	
5266	5095	4859	5095	
5174	5003	4812	5003	
5047	4908	4741	4908	
4924	4800	4658	4800	
4809	4695	4589	4695	
4680	4605	4533	4605	
4583	4510	4439	4510	
4478	4419	4336	4419	
4385	4327	4291	4327	
4306	4269	4237	4269	
4257	4223	4143	4223	
4221	4208	4179	4208	
4204	4209	4173	4209	
4207	4191	4181	4191	
4182	4164	4170	4164	
4170	4175	4199	4175	
4155	4161	4178	4161	
4140	4143	4186	4143	
4134	4139	4138	4139	
4138	4136	4156	4136	
4133	4133	4142	4133	
4125	4128	4120	4128	
4119	4131	4135	4131	
4114	4132	4105	4132	
4143	4126	4118	4126	
4173	4164	4114	4164	
4212	4204	4179	4204	
4298	4262	4215	4262	
4363	4345	4282	4345	
4446	4425	4366	4425	
4554	4517	4417	4517	
4672	4605	4504	4605	
4778	4695	4588	4695	
4906	4822	4674	4822	
5081	4960	4822	4960	
5194	5041	4890	5041	
5296	5155	4917	5155	
5399	5264	4966	5264	
5267	5102	4903	5102	
5165	4990	4834	4990	
5052	4897	4757	4897	
4897	4797	4696	4797	
4793	4720	4604	4720	
4686	4596	4508	4596	
4584	4497	4434	4497	
4454	4402	4370	4402	
4379	4337	4279	4337	
4312	4263	4238	4263	
4235	4218	4172	4218	
4186	4203	4165	4203	
4210	4192	4174	4192	
4196	4182	4174	4182	
4193	4176	4190	4176	
4167	4174	4185	4174	
4153	4151	4160	4151	
4125	4139	4150	4139	
4127	4124	4139	4124	
4119	4124	4136	4124	
4106	4118	4143	4118	
4124	4127	4138	4127	
4096	4120	4127	4120	
4116	4127	4112	4127	
4120	4108	4097	4108	
4155	4148	4130	4148	
4206	4196	4167	4196	
4285	4264	4215	4264	
4370	4350	4291	4350	
4453	4426	4348	4426	
4563	4515	4425	4515	
4661	4597	4511	4597	
4767	4722	4586	4722	
4898	4811	4681	4811	
5083	4966	4825	4966	
5189	5057	4858	5057	
5256	5153	4864	5153	
5378	5267	5007	5267	
5257	5098	4870	5098	
5167	4980	4853	4980	
5041	4895	4721	4895	
4929	4800	4662	4800	
4806	4712	4603	4712	
4679	4579	4497	4579	
4585	4514	4451	4514	
4475	4413	4346	4413	
4376	4342	4275	4342	
4316	4279	4244	4279	
4243	4222	4182	4222	
4205	4193	4164	4193	
4184	4199	4169	4199	
4194	4179	4179	4179	
4179	4165	4130	4165	
4154	4158	4159	4158	
4162	4149	4148	4149	
4129	4134	4166	4134	
4124	4125	4140	4125	
4127	4126	4127	4126	
4114	4107	4116	4107	
4121	4126	4112	4126	
4104	4122	4136	4122	
4106	4120	4108	4120	
4127	4113	4100	4113	
4157	4157	4130	4157	
4226	4216	4195	4216	
4293	4269	4226	4269	
4370	4335	4279	4335	
4455	4421	4351	4421	
4558	4522	4434	4522	
4695	4615	4534	4615	
4778	4715	4597	4715	
4912	4824	4682	4824	
5031	4931	4789	4931	
5200	5020	4842	5020	
5257	5130	4853	5130	
5429	5277	5033	5277	
5290	5129	4876	5129	
5177	5011	4854	5011	
5065	4910	4778	4910	
4942	4817	4723	4817	
4793	4726	4626	4726	
4688	4606	4545	4606	
4625	4525	4435	4525	
4486	4427	4374	4427	
4389	4341	4274	4341	
4316	4292	4237	4292	
4258	4235	4190	4235	
4195	4187	4145	4187	
4187	4189	4153	4189	
4185	4175	4167	4175	
4170	4170	4159	4170	
4168	4172	4183	4172	
4145	4146	4149	4146	
4131	4146	4159	4146	
4123	4126	4144	4126	
4113	4115	4132	4115	
4111	4118	4117	4118	
4112	4111	4125	4111	
4106	4118	4119	4118	
4103	4098	4105	4098	
4147	4128	4100	4128	
4189	4169	4142	4169	
4252	4218	4177	4218	
4318	4281	4255	4281	
4390	4360	4323	4360	
4475	4443	4375	4443	
4585	4534	4460	4534	
4686	4618	4524	4618	
4790	4728	4617	4728	
4918	4830	4736	4830	
5070	4941	4805	4941	
5209	5037	4889	5037	
5287	5141	4881	5141	
5400	5289	4965	5289	
5316	5127	4894	5127	
5212	5039	4852	5039	
5065	4914	4779	4914	
4946	4827	4711	4827	
4824	4735	4637	4735	
4714	4625	4559	4625	
4606	4550	4458	4550	
4516	4453	4408	4453	
4425	4379	4292	4379	
4344	4307	4271	4307	
4254	4249	4196	4249	
4208	4201	4192	4201	
4203	4187	4151	4187	
4163	4171	4157	4171	
4168	4167	4155	4167	
4153	4155	4142	4155	
4138	4136	4155	4136	
4142	4142	4147	4142	
4131	4121	4158	4121	
4116	4135	4117	4135	
4105	4119	4128	4119	
4107	4117	4096	4117	
4101	4121	4101	4121	
4120	4115	4097	4115	
4150	4140	4132	4140	
4186	4199	4138	4199	
4254	4236	4193	4236	
4330	4311	4270	4311	
4412	4388	4324	4388	
4503	4478	4367	4478	
4618	4564	4437	4564	
4708	4640	4520	4640	
4817	4760	4643	4760	
4968	4860	4704	4860	
5087	4980	4807	4980	
5240	5055	4848	5055	
5330	5169	4909	5169	
5382	5342	5023	5342	
5323	5155	4928	5155	
5233	5047	4852	5047	
5110	4942	4827	4942	
5002	4861	4749	4861	
4834	4781	4683	4781	
4731	4653	4560	4653	
4638	4571	4482	4571	
4528	4494	4414	4494	
4449	4405	4305	4405	
4351	4346	4308	4346	
4295	4276	4243	4276	
4233	4226	4170	4226	
4194	4192	4151	4192	
4163	4168	4164	4168	
4161	4158	4149	4158	
4143	4147	4144	4147	
4149	4150	4134	4150	
4128	4137	4161	4137	
4121	4130	4132	4130	
4120	4138	4138	4138	
4143	4142	4140	4142	
4134	4147	4118	4147	
4102	4118	4128	4118	
4126	4138	4117	4138	
4169	4167	4166	4167	
4217	4208	4174	4208	
4278	4271	4241	4271	
4366	4348	4281	4348	
4422	4412	4341	4412	
4529	4500	4408	4500	
4639	4584	4462	4584	
4732	4668	4573	4668	
4847	4764	4650	4764	
4992	4884	4766	4884	
5115	5016	4841	5016	
5271	5115	4902	5115	
5361	5214	4903	5214	
5452	5363	5044	5363	
5372	5186	4962	5186	
5270	5106	4936	5106	
5174	5000	4848	5000	
5023	4896	4767	4896	
4897	4803	4689	4803	
4775	4695	4586	4695	
4667	4604	4555	4604	
4582	4524	4420	4524	
4498	4446	4393	4446	
4406	4370	4309	4370	
4330	4307	4266	4307	
4285	4258	4204	4258	
4218	4222	4185	4222	
4205	4187	4157	4187	
4169	4162	4153	4162	
4135	4151	4139	4151	
4121	4143	4156	4143	
4122	4132	4132	4132	
4109	4141	4121	4141	
4132	4147	4156	4147	
4136	4148	4149	4148	
4155	4144	4144	4144	
4137	4145	4128	4145	
4162	4173	4161	4173	
4232	4203	4176	4203	
4262	4251	4231	4251	
4316	4315	4268	4315	
4400	4379	4318	4379	
4472	4447	4393	4447	
4561	4525	4457	4525	
4691	4620	4518	4620	
4786	4705	4598	4705	
4896	4814	4728	4814	
5032	4924	4806	4924	
5169	5061	4886	5061	
5307	5159	4953	5159	
5420	5275	4937	5275	
5520	5394	5065	5394	
5415	5225	4969	5225	
5304	5122	4944	5122	
5207	5019	4932	5019	
5069	4934	4791	4934	
4936	4838	4716	4838	
4830	4760	4665	4760	
4742	4658	4557	4658	
4645	4565	4494	4565	
4527	4484	4427	4484	
4451	4424	4359	4424	
4393	4362	4331	4362	
4315	4293	4242	4293	
4276	4258	4203	4258	
4242	4213	4202	4213	
4213	4181	4173	4181	
4155	4170	4162	4170	
4177	4163	4171	4163	
4133	4137	4147	4137	
4122	4126	4127	4126	
4155	4141	4126	4141	
4170	4163	4144	4163	
4170	4166	4157	4166	
4179	4177	4151	4177	
4223	4217	4214	4217	
4261	4237	4226	4237	
4319	4292	4272	4292	
4376	4351	4307	4351	
4437	4422	4357	4422	
4540	4490	4414	4490	
4588	4569	4494	4569	
4722	4661	4562	4661	
4845	4763	4658	4763	
4947	4856	4733	4856	
5084	4967	4811	4967	
5238	5097	4914	5097	
5357	5179	4966	5179	
5482	5304	4984	5304	
5544	5456	5099	5456	
5439	5275	5028	5275	
5382	5158	5008	5158	
5234	5074	4913	5074	
5124	4981	4845	4981	
4997	4876	4736	4876	
4877	4777	4688	4777	
4801	4697	4619	4697	
4678	4604	4536	4604	
4592	4514	4471	4514	
4501	4449	4404	4449	
4451	4402	4345	4402	
4400	4334	4288	4334	
4338	4306	4263	4306	
4293	4252	4242	4252	
4245	4231	4213	4231	
4232	4196	4185	4196	
4201	4180	4176	4180	
4193	4172	4155	4172	
4179	4153	4142	4153	
4183	4163	4161	4163	
4187	4162	4159	4162	
4206	4191	4139	4191	
4262	4237	4192	4237	
4267	4266	4226	4266	
4346	4295	4269	4295	
4393	4351	4329	4351	
4424	4402	4333	4402	
4523	4449	4381	4449	
4586	4535	4463	4535	
4687	4617	4522	4617	
4799	4715	4635	4715	
4898	4801	4703	4801	
5013	4895	4761	4895	
5139	5010	4862	5010	
5312	5152	4939	5152	
5430	5266	5022	5266	
5541	5389	4992	5389	
5601	5499	5147	5499	
5501	5317	5030	5317	
5418	5210	5009	5210	
5289	5115	4947	5115	
5152	5017	4863	5017	
5064	4925	4798	4925	
4935	4829	4719	4829	
4854	4743	4648	4743	
4752	4649	4561	4649	
4642	4567	4500	4567	
4577	4504	4455	4504	
4491	4452	4377	4452	
4434	4395	4336	4395	
4390	4350	4297	4350	
4336	4300	4265	4300	
4317	4273	4238	4273	
4279	4250	4233	4250	
4260	4222	4207	4222	
4243	4213	4189	4213	
4209	4197	4175	4197	
4238	4217	4195	4217	
4249	4217	4203	4217	
4278	4238	4212	4238	
4322	4278	4232	4278	
4355	4316	4240	4316	
4395	4364	4282	4364	
4442	4397	4335	4397	
4498	4445	4385	4445	
4588	4519	4433	4519	
4685	4600	4503	4600	
4731	4662	4553	4662	
4885	4761	4634	4761	
4985	4863	4725	4863	
5080	4950	4792	4950	
5210	5080	4914	5080	
5356	5199	5017	5199	
5508	5314	5053	5314	
5629	5453	5072	5453	
5672	5582	5170	5582	
5537	5395	5094	5395	
5487	5267	5063	5267	
5351	5168	4990	5168	
5227	5074	4891	5074	
5097	4971	4804	4971	
4995	4886	4766	4886	
4905	4800	4682	4800	
4810	4712	4583	4712	
4729	4628	4510	4628	
4651	4552	4479	4552	
4586	4505	4450	4505	
4511	4442	4357	4442	
4430	4409	4348	4409	
4405	4369	4314	4369	
4391	4324	4265	4324	
4341	4303	4263	4303	
4311	4273	4236	4273	
4300	4254	4225	4254	
4303	4260	4223	4260	
4299	4274	4196	4274	
4303	4276	4220	4276	
4341	4308	4222	4308	
4394	4343	4303	4343	
4410	4374	4297	4374	
4473	4414	4348	4414	
4527	4464	4403	4464	
4566	4516	4421	4516	
4635	4574	4479	4574	
4725	4630	4522	4630	
4811	4733	4580	4733	
4913	4811	4674	4811	
5027	4902	4779	4902	
5143	5010	4829	5010	
5287	5120	4942	5120	
5441	5260	5041	5260	
5598	5397	5112	5397	
5731	5557	5135	5557	
5756	5692	5219	5692	
5647	5478	5163	5478	
5558	5335	5108	5335	
5356	5218	5028	5218	
5264	5127	4933	5127	
5173	5035	4861	5035	
5034	4940	4811	4940	
4938	4814	4699	4814	
4845	4743	4625	4743	
4761	4667	4570	4667	
4702	4609	4515	4609	
4640	4555	4471	4555	
4576	4494	4411	4494	
4536	4462	4382	4462	
4476	4417	4335	4417	
4431	4378	4312	4378	
4394	4361	4302	4361	
4381	4353	4277	4353	
4364	4333	4269	4333	
4381	4335	4252	4335	
4389	4329	4278	4329	
4381	4342	4271	4342	
4400	4358	4294	4358	
4460	4405	4311	4405	
4463	4435	4353	4435	
4525	4470	4390	4470	
4579	4504	4414	4504	
4620	4540	4468	4540	
4700	4632	4491	4632	
4778	4698	4586	4698	
4873	4763	4627	4763	
4978	4855	4703	4855	
5085	4952	4778	4952	
5201	5066	4863	5066	
5333	5184	4999	5184	
5519	5329	5069	5329	
5688	5473	5179	5473	
5856	5641	5208	5641	
5783	5720	5214	5720	
5701	5535	5071	5535	
5583	5393	5047	5393	
5432	5273	4998	5273	
5295	5183	4880	5183	
5186	5070	4800	5070	
5060	4989	4738	4989	
4951	4888	4653	4888	
4885	4811	4552	4811	
4832	4745	4498	4745	
4733	4680	4465	4680	
4654	4626	4455	4626	
4584	4570	4398	4570	
4530	4548	4363	4548	
4499	4478	4276	4478	
4441	4456	4271	4456	
4457	4421	4250	4421	
4422	4419	4252	4419	
4415	4397	4235	4397	
4422	4396	4247	4396	
4416	4407	4221	4407	
4414	4416	4237	4416	
4437	4425	4250	4425	
4480	4483	4305	4483	
4534	4511	4336	4511	
4552	4543	4364	4543	
4618	4574	4387	4574	
4691	4609	4424	4609	
4745	4724	4461	4724	
4822	4769	4545	4769	
4923	4833	4596	4833	
5000	4920	4660	4920	
5119	5026	4747	5026	
5241	5140	4794	5140	
5399	5288	4948	5288	
5562	5441	5063	5441	
5765	5578	5151	5578	
5954	5758	5223	5758	
                                                                                                                                                                                                                                                                                                                                                                                                                                                                                                                                                                                                                                                                                                                                                                                                                                                                                                                                                                                                                                                                                                                                                                                                                                                                                                                                                                                                                                                                                                                                                                                                                                                                                                                                                                                                                                                                                                                                                                                                                                                                                                                                                                                                                                                                                                                                                                                                                                                                                                                                                                                                                                                                                                                                                                                                                                                                                                                                                                                                                                                                                                                                                                                                                                                                                                                                                                                                                                                                                                                                                                                                                                                                                                                                                                                                                                                                                                                                                                                                                                                                                                                    