  1.5000000e+000
  1.8125000e+000
  2.1250000e+000
  2.4375000e+000
  2.6875000e+000
  3.0000000e+000
  3.3125000e+000
  3.5625000e+000
  3.8750000e+000
  4.1875000e+000
  4.4375000e+000
  4.7500000e+000
  5.0000000e+000
  5.3125000e+000
  5.5625000e+000
  5.8750000e+000
  6.1250000e+000
  6.3750000e+000
  6.6875000e+000
  6.9375000e+000
  7.1875000e+000
  7.4375000e+000
  7.7500000e+000
  8.0000000e+000
  8.2500000e+000
  8.5000000e+000
  8.7500000e+000
  9.0000000e+000
  9.2500000e+000
  9.5000000e+000
  9.7500000e+000
  1.0000000e+001
  1.0250000e+001
  1.0500000e+001
  1.0750000e+001
  1.1000000e+001
  1.1187500e+001
  1.1437500e+001
  1.1687500e+001
  1.1937500e+001
  1.2125000e+001
  1.2375000e+001
  1.2625000e+001
  1.2812500e+001
  1.3062500e+001
  1.3250000e+001
  1.3500000e+001
  1.3687500e+001
  1.3937500e+001
  1.4125000e+001
  1.4375000e+001
  1.4562500e+001
  1.4750000e+001
  1.5000000e+001
  1.5187500e+001
  1.5375000e+001
  1.5562500e+001
  1.5750000e+001
  1.6000000e+001
  1.6187500e+001
  1.6375000e+001
  1.6562500e+001
  1.6750000e+001
  1.6937500e+001
  1.7125000e+001
  1.7312500e+001
  1.7500000e+001
  1.7687500e+001
  1.7812500e+001
  1.8000000e+001
  1.8187500e+001
  1.8375000e+001
  1.8500000e+001
  1.8687500e+001
  1.8875000e+001
  1.9062500e+001
  1.9187500e+001
  1.9375000e+001
  1.9500000e+001
  1.9687500e+001
  1.9812500e+001
  2.0000000e+001
  2.0125000e+001
  2.0312500e+001
  2.0437500e+001
  2.0562500e+001
  2.0750000e+001
  2.0875000e+001
  2.1000000e+001
  2.1125000e+001
  2.1312500e+001
  2.1437500e+001
  2.1562500e+001
  2.1687500e+001
  2.1812500e+001
  2.1937500e+001
  2.2062500e+001
  2.2187500e+001
  2.2312500e+001
  2.2437500e+001
  2.2562500e+001
  2.2687500e+001
  2.2812500e+001
  2.2937500e+001
  2.3000000e+001
  2.3125000e+001
  2.3250000e+001
  2.3375000e+001
  2.3437500e+001
  2.3562500e+001
  2.3687500e+001
  2.3750000e+001
  2.3875000e+001
  2.3937500e+001
  2.4062500e+001
  2.4125000e+001
  2.4250000e+001
  2.4312500e+001
  2.4375000e+001
  2.4500000e+001
  2.4562500e+001
  2.4625000e+001
  2.4750000e+001
  2.4812500e+001
  2.4875000e+001
  2.4937500e+001
  2.5000000e+001
  2.5062500e+001
  2.5187500e+001
  2.5250000e+001
  2.5312500e+001
  2.5375000e+001
  2.5437500e+001
  2.5500000e+001
  2.5500000e+001
  2.5562500e+001
  2.5625000e+001
  2.5687500e+001
  2.5750000e+001
  2.5812500e+001
  2.5812500e+001
  2.5875000e+001
  2.5937500e+001
  2.5937500e+001
  2.6000000e+001
  2.6000000e+001
  2.6062500e+001
  2.6125000e+001
  2.6125000e+001
  2.6187500e+001
  2.6187500e+001
  2.6187500e+001
  2.6250000e+001
  2.6250000e+001
  2.6250000e+001
  2.6312500e+001
  2.6312500e+001
  2.6312500e+001
  2.6312500e+001
  2.6375000e+001
  2.6375000e+001
  2.6375000e+001
  2.6375000e+001
  2.6375000e+001
  2.6375000e+001
  2.6375000e+001
  2.6375000e+001
  2.6375000e+001
  2.6375000e+001
  2.6375000e+001
  2.6375000e+001
  2.6375000e+001
  2.6375000e+001
  2.6375000e+001
  2.6375000e+001
  2.6375000e+001
  2.6375000e+001
  2.6375000e+001
  2.6375000e+001
  2.6375000e+001
  2.6375000e+001
  2.6375000e+001
  2.6375000e+001
  2.6375000e+001
  2.6375000e+001
  2.6375000e+001
  2.6375000e+001
  2.6375000e+001
  2.6375000e+001
  2.6375000e+001
  2.6375000e+001
  2.6375000e+001
  2.6375000e+001
  2.6375000e+001
  2.6375000e+001
  2.6375000e+001
  2.6375000e+001
  2.6375000e+001
  2.6375000e+001
  2.6375000e+001
  2.6375000e+001
  2.6375000e+001
  2.6375000e+001
  2.6375000e+001
  2.6375000e+001
  2.6375000e+001
  2.6375000e+001
  2.6375000e+001
  2.6375000e+001
  2.6375000e+001
  2.6375000e+001
  2.6375000e+001
  2.6375000e+001
  2.6375000e+001
  2.6375000e+001
  2.6375000e+001
  2.6375000e+001
  2.6375000e+001
  2.6375000e+001
  2.6375000e+001
  2.6375000e+001
  2.6375000e+001
  2.6375000e+001
  2.6375000e+001
  2.6375000e+001
  2.6375000e+001
  2.6375000e+001
  2.6375000e+001
  2.6375000e+001
  2.6375000e+001
  2.6375000e+001
  2.6375000e+001
  2.6375000e+001
  2.6375000e+001
  2.6375000e+001
  2.6375000e+001
  2.6375000e+001
  2.6375000e+001
  2.6375000e+001
  2.6375000e+001
  2.6375000e+001
  2.6375000e+001
  2.6375000e+001
  2.6375000e+001
  2.6375000e+001
  2.6375000e+001
  2.6375000e+001
  2.6375000e+001
  2.6375000e+001
  2.6375000e+001
  2.6375000e+001
  2.6375000e+001
  2.6375000e+001
  2.6375000e+001
  2.6375000e+001
  2.6375000e+001
