  6.5000000e+000
  7.8125000e+000
  9.0625000e+000
  1.0312500e+001
  1.1625000e+001
  1.2875000e+001
  1.4125000e+001
  1.5312500e+001
  1.6562500e+001
  1.7750000e+001
  1.8937500e+001
  2.0125000e+001
  2.1312500e+001
  2.2500000e+001
  2.3625000e+001
  2.4750000e+001
  2.5875000e+001
  2.7000000e+001
  2.8125000e+001
  2.9250000e+001
  3.0312500e+001
  3.1375000e+001
  3.2437500e+001
  3.3500000e+001
  3.4562500e+001
  3.5562500e+001
  3.6562500e+001
  3.7625000e+001
  3.8625000e+001
  3.9562500e+001
  4.0562500e+001
  4.1500000e+001
  4.2500000e+001
  4.3437500e+001
  4.4375000e+001
  4.5250000e+001
  4.6187500e+001
  4.7062500e+001
  4.7937500e+001
  4.8812500e+001
  4.9687500e+001
  5.0562500e+001
  5.1375000e+001
  5.2187500e+001
  5.3062500e+001
  5.3875000e+001
  5.4625000e+001
  5.5437500e+001
  5.6187500e+001
  5.6937500e+001
  5.7750000e+001
  5.8437500e+001
  5.9187500e+001
  5.9937500e+001
  6.0625000e+001
  6.1312500e+001
  6.2000000e+001
  6.2687500e+001
  6.3312500e+001
  6.4000000e+001
  6.4625000e+001
  6.5250000e+001
  6.5875000e+001
  6.6500000e+001
  6.7062500e+001
  6.7687500e+001
  6.8250000e+001
  6.8812500e+001
  6.9375000e+001
  6.9937500e+001
  7.0437500e+001
  7.0937500e+001
  7.1500000e+001
  7.2000000e+001
  7.2437500e+001
  7.2937500e+001
  7.3375000e+001
  7.3875000e+001
  7.4312500e+001
  7.4750000e+001
  7.5125000e+001
  7.5562500e+001
  7.5937500e+001
  7.6312500e+001
  7.6687500e+001
  7.7062500e+001
  7.7437500e+001
  7.7750000e+001
  7.8125000e+001
  7.8437500e+001
  7.8750000e+001
  7.9000000e+001
  7.9312500e+001
  7.9562500e+001
  7.9875000e+001
  8.0125000e+001
  8.0375000e+001
  8.0562500e+001
  8.0812500e+001
  8.1000000e+001
  8.1187500e+001
  8.1375000e+001
  8.1562500e+001
  8.1750000e+001
  8.1875000e+001
  8.2000000e+001
  8.2125000e+001
  8.2250000e+001
  8.2375000e+001
  8.2500000e+001
  8.2562500e+001
  8.2625000e+001
  8.2687500e+001
  8.2750000e+001
  8.2812500e+001
  8.2812500e+001
  8.2875000e+001
  8.2875000e+001
  8.2875000e+001
  8.2875000e+001
  8.2875000e+001
  8.2875000e+001
  8.2875000e+001
  8.2875000e+001
  8.2875000e+001
  8.2875000e+001
  8.2875000e+001
  8.2875000e+001
  8.2875000e+001
  8.2875000e+001
  8.2875000e+001
  8.2875000e+001
  8.2875000e+001
  8.2875000e+001
  8.2875000e+001
  8.2875000e+001
  8.2875000e+001
  8.2875000e+001
  8.2875000e+001
  8.2875000e+001
  8.2875000e+001
  8.2875000e+001
  8.2875000e+001
  8.2875000e+001
  8.2875000e+001
  8.2875000e+001
  8.2875000e+001
  8.2875000e+001
  8.2875000e+001
  8.2875000e+001
  8.2875000e+001
  8.2875000e+001
  8.2875000e+001
  8.2875000e+001
  8.2875000e+001
  8.2875000e+001
  8.2875000e+001
  8.2875000e+001
  8.2875000e+001
  8.2875000e+001
  8.2875000e+001
  8.2875000e+001
  8.2875000e+001
  8.2875000e+001
  8.2875000e+001
  8.2875000e+001
  8.2875000e+001
  8.2875000e+001
  8.2875000e+001
  8.2875000e+001
  8.2875000e+001
  8.2875000e+001
  8.2875000e+001
  8.2875000e+001
  8.2875000e+001
  8.2875000e+001
  8.2875000e+001
  8.2875000e+001
  8.2875000e+001
  8.2875000e+001
  8.2875000e+001
  8.2875000e+001
  8.2875000e+001
  8.2875000e+001
  8.2875000e+001
  8.2875000e+001
  8.2875000e+001
  8.2875000e+001
  8.2875000e+001
  8.2875000e+001
  8.2875000e+001
  8.2875000e+001
  8.2875000e+001
  8.2875000e+001
  8.2875000e+001
  8.2875000e+001
  8.2875000e+001
  8.2875000e+001
  8.2875000e+001
  8.2875000e+001
  8.2875000e+001
  8.2875000e+001
  8.2875000e+001
  8.2875000e+001
  8.2875000e+001
  8.2875000e+001
  8.2875000e+001
  8.2875000e+001
  8.2875000e+001
  8.2875000e+001
  8.2875000e+001
  8.2875000e+001
  8.2875000e+001
  8.2875000e+001
  8.2875000e+001
  8.2875000e+001
  8.2875000e+001
  8.2875000e+001
  8.2875000e+001
  8.2875000e+001
  8.2875000e+001
  8.2875000e+001
  8.2875000e+001
  8.2875000e+001
  8.2875000e+001
  8.2875000e+001
  8.2875000e+001
  8.2875000e+001
  8.2875000e+001
  8.2875000e+001
  8.2875000e+001
  8.2875000e+001
  8.2875000e+001
  8.2875000e+001
  8.2875000e+001
  8.2875000e+001
  8.2875000e+001
  8.2875000e+001
  8.2875000e+001
  8.2875000e+001
  8.2875000e+001
  8.2875000e+001
  8.2875000e+001
  8.2875000e+001
  8.2875000e+001
  8.2875000e+001
  8.2875000e+001
  8.2875000e+001
  8.2875000e+001
  8.2875000e+001
  8.2875000e+001
  8.2875000e+001
  8.2875000e+001
  8.2875000e+001
  8.2875000e+001
  8.2875000e+001
