  1.4187500e+001
  1.5937500e+001
  1.7687500e+001
  1.9437500e+001
  2.1125000e+001
  2.2812500e+001
  2.4500000e+001
  2.6187500e+001
  2.7812500e+001
  2.9500000e+001
  3.1125000e+001
  3.2687500e+001
  3.4312500e+001
  3.5875000e+001
  3.7500000e+001
  3.9000000e+001
  4.0562500e+001
  4.2062500e+001
  4.3625000e+001
  4.5125000e+001
  4.6562500e+001
  4.8062500e+001
  4.9500000e+001
  5.0937500e+001
  5.2375000e+001
  5.3750000e+001
  5.5187500e+001
  5.6562500e+001
  5.7937500e+001
  5.9250000e+001
  6.0625000e+001
  6.1937500e+001
  6.3250000e+001
  6.4562500e+001
  6.5812500e+001
  6.7062500e+001
  6.8312500e+001
  6.9562500e+001
  7.0812500e+001
  7.2000000e+001
  7.3187500e+001
  7.4375000e+001
  7.5562500e+001
  7.6687500e+001
  7.7812500e+001
  7.8937500e+001
  8.0062500e+001
  8.1125000e+001
  8.2250000e+001
  8.3312500e+001
  8.4312500e+001
  8.5375000e+001
  8.6375000e+001
  8.7375000e+001
  8.8375000e+001
  8.9375000e+001
  9.0312500e+001
  9.1250000e+001
  9.2187500e+001
  9.3125000e+001
  9.4000000e+001
  9.4937500e+001
  9.5812500e+001
  9.6625000e+001
  9.7500000e+001
  9.8312500e+001
  9.9125000e+001
  9.9937500e+001
  1.0075000e+002
  1.0150000e+002
  1.0225000e+002
  1.0300000e+002
  1.0375000e+002
  1.0443750e+002
  1.0518750e+002
  1.0587500e+002
  1.0650000e+002
  1.0718750e+002
  1.0781250e+002
  1.0843750e+002
  1.0906250e+002
  1.0968750e+002
  1.1025000e+002
  1.1081250e+002
  1.1137500e+002
  1.1193750e+002
  1.1243750e+002
  1.1293750e+002
  1.1343750e+002
  1.1393750e+002
  1.1443750e+002
  1.1487500e+002
  1.1531250e+002
  1.1575000e+002
  1.1618750e+002
  1.1656250e+002
  1.1693750e+002
  1.1731250e+002
  1.1768750e+002
  1.1800000e+002
  1.1831250e+002
  1.1862500e+002
  1.1893750e+002
  1.1918750e+002
  1.1950000e+002
  1.1975000e+002
  1.2000000e+002
  1.2018750e+002
  1.2043750e+002
  1.2062500e+002
  1.2081250e+002
  1.2093750e+002
  1.2112500e+002
  1.2125000e+002
  1.2137500e+002
  1.2150000e+002
  1.2156250e+002
  1.2162500e+002
  1.2168750e+002
  1.2175000e+002
  1.2181250e+002
  1.2181250e+002
  1.2181250e+002
  1.2181250e+002
  1.2181250e+002
  1.2181250e+002
  1.2181250e+002
  1.2181250e+002
  1.2181250e+002
  1.2181250e+002
  1.2181250e+002
  1.2181250e+002
  1.2181250e+002
  1.2181250e+002
  1.2181250e+002
  1.2181250e+002
  1.2181250e+002
  1.2181250e+002
  1.2181250e+002
  1.2181250e+002
  1.2181250e+002
  1.2181250e+002
  1.2181250e+002
  1.2181250e+002
  1.2181250e+002
  1.2181250e+002
  1.2181250e+002
  1.2181250e+002
  1.2181250e+002
  1.2181250e+002
  1.2181250e+002
  1.2181250e+002
  1.2181250e+002
  1.2181250e+002
  1.2181250e+002
  1.2181250e+002
  1.2181250e+002
  1.2181250e+002
  1.2181250e+002
  1.2181250e+002
  1.2181250e+002
  1.2181250e+002
  1.2181250e+002
  1.2181250e+002
  1.2181250e+002
  1.2181250e+002
  1.2181250e+002
  1.2181250e+002
  1.2181250e+002
  1.2181250e+002
  1.2181250e+002
  1.2181250e+002
  1.2181250e+002
  1.2181250e+002
  1.2181250e+002
  1.2181250e+002
  1.2181250e+002
  1.2181250e+002
  1.2181250e+002
  1.2181250e+002
  1.2181250e+002
  1.2181250e+002
  1.2181250e+002
  1.2181250e+002
  1.2181250e+002
  1.2181250e+002
  1.2181250e+002
  1.2181250e+002
  1.2181250e+002
  1.2181250e+002
  1.2181250e+002
  1.2181250e+002
  1.2181250e+002
  1.2181250e+002
  1.2181250e+002
  1.2181250e+002
  1.2181250e+002
  1.2181250e+002
  1.2181250e+002
  1.2181250e+002
  1.2181250e+002
  1.2181250e+002
  1.2181250e+002
  1.2181250e+002
  1.2181250e+002
  1.2181250e+002
  1.2181250e+002
  1.2181250e+002
  1.2181250e+002
  1.2181250e+002
  1.2181250e+002
  1.2181250e+002
  1.2181250e+002
  1.2181250e+002
  1.2181250e+002
  1.2181250e+002
  1.2181250e+002
  1.2181250e+002
  1.2181250e+002
  1.2181250e+002
  1.2181250e+002
  1.2181250e+002
  1.2181250e+002
  1.2181250e+002
  1.2181250e+002
  1.2181250e+002
  1.2181250e+002
  1.2181250e+002
  1.2181250e+002
  1.2181250e+002
  1.2181250e+002
  1.2181250e+002
  1.2181250e+002
  1.2181250e+002
  1.2181250e+002
  1.2181250e+002
  1.2181250e+002
  1.2181250e+002
  1.2181250e+002
  1.2181250e+002
  1.2181250e+002
  1.2181250e+002
  1.2181250e+002
  1.2181250e+002
  1.2181250e+002
  1.2181250e+002
  1.2181250e+002
  1.2181250e+002
  1.2181250e+002
  1.2181250e+002
  1.2181250e+002
  1.2181250e+002
  1.2181250e+002
  1.2181250e+002
  1.2181250e+002
  1.2181250e+002
