  0.0000000e+000
  6.2500000e-002
  8.1250000e-001
  1.5625000e+000
  2.3125000e+000
  3.0625000e+000
  3.7500000e+000
  4.5000000e+000
  5.1875000e+000
  5.8750000e+000
  6.5625000e+000
  7.2500000e+000
  7.9375000e+000
  8.5625000e+000
  9.2500000e+000
  9.8750000e+000
  1.0500000e+001
  1.1125000e+001
  1.1750000e+001
  1.2375000e+001
  1.3000000e+001
  1.3562500e+001
  1.4187500e+001
  1.4750000e+001
  1.5312500e+001
  1.5875000e+001
  1.6437500e+001
  1.7000000e+001
  1.7562500e+001
  1.8062500e+001
  1.8625000e+001
  1.9125000e+001
  1.9625000e+001
  2.0125000e+001
  2.0625000e+001
  2.1125000e+001
  2.1562500e+001
  2.2062500e+001
  2.2500000e+001
  2.2937500e+001
  2.3437500e+001
  2.3812500e+001
  2.4250000e+001
  2.4687500e+001
  2.5125000e+001
  2.5500000e+001
  2.5875000e+001
  2.6250000e+001
  2.6687500e+001
  2.7000000e+001
  2.7375000e+001
  2.7750000e+001
  2.8062500e+001
  2.8437500e+001
  2.8750000e+001
  2.9062500e+001
  2.9375000e+001
  2.9687500e+001
  3.0000000e+001
  3.0250000e+001
  3.0562500e+001
  3.0812500e+001
  3.1062500e+001
  3.1312500e+001
  3.1562500e+001
  3.1812500e+001
  3.2062500e+001
  3.2312500e+001
  3.2500000e+001
  3.2687500e+001
  3.2875000e+001
  3.3062500e+001
  3.3250000e+001
  3.3437500e+001
  3.3625000e+001
  3.3750000e+001
  3.3937500e+001
  3.4062500e+001
  3.4187500e+001
  3.4312500e+001
  3.4437500e+001
  3.4562500e+001
  3.4625000e+001
  3.4750000e+001
  3.4812500e+001
  3.4875000e+001
  3.4937500e+001
  3.5000000e+001
  3.5062500e+001
  3.5125000e+001
  3.5125000e+001
  3.5187500e+001
  3.5187500e+001
  3.5187500e+001
  3.5187500e+001
  3.5187500e+001
  3.5187500e+001
  3.5187500e+001
  3.5187500e+001
  3.5187500e+001
  3.5187500e+001
  3.5187500e+001
  3.5187500e+001
  3.5187500e+001
  3.5187500e+001
  3.5187500e+001
  3.5187500e+001
  3.5187500e+001
  3.5187500e+001
  3.5187500e+001
  3.5187500e+001
  3.5187500e+001
  3.5187500e+001
  3.5187500e+001
  3.5187500e+001
  3.5187500e+001
  3.5187500e+001
  3.5187500e+001
  3.5187500e+001
  3.5187500e+001
  3.5187500e+001
  3.5187500e+001
  3.5187500e+001
  3.5187500e+001
  3.5187500e+001
  3.5187500e+001
  3.5187500e+001
  3.5187500e+001
  3.5187500e+001
  3.5187500e+001
  3.5187500e+001
  3.5187500e+001
  3.5187500e+001
  3.5187500e+001
  3.5187500e+001
  3.5187500e+001
  3.5187500e+001
  3.5187500e+001
  3.5187500e+001
  3.5187500e+001
  3.5187500e+001
  3.5187500e+001
  3.5187500e+001
  3.5187500e+001
  3.5187500e+001
  3.5187500e+001
  3.5187500e+001
  3.5187500e+001
  3.5187500e+001
  3.5187500e+001
  3.5187500e+001
  3.5187500e+001
  3.5187500e+001
  3.5187500e+001
  3.5187500e+001
  3.5187500e+001
  3.5187500e+001
  3.5187500e+001
  3.5187500e+001
  3.5187500e+001
  3.5187500e+001
  3.5187500e+001
  3.5187500e+001
  3.5187500e+001
  3.5187500e+001
  3.5187500e+001
  3.5187500e+001
  3.5187500e+001
  3.5187500e+001
  3.5187500e+001
  3.5187500e+001
  3.5187500e+001
  3.5187500e+001
  3.5187500e+001
  3.5187500e+001
  3.5187500e+001
  3.5187500e+001
  3.5187500e+001
  3.5187500e+001
  3.5187500e+001
  3.5187500e+001
  3.5187500e+001
  3.5187500e+001
  3.5187500e+001
  3.5187500e+001
  3.5187500e+001
  3.5187500e+001
  3.5187500e+001
  3.5187500e+001
  3.5187500e+001
  3.5187500e+001
  3.5187500e+001
  3.5187500e+001
  3.5187500e+001
  3.5187500e+001
  3.5187500e+001
  3.5187500e+001
  3.5187500e+001
  3.5187500e+001
  3.5187500e+001
  3.5187500e+001
  3.5187500e+001
  3.5187500e+001
  3.5187500e+001
  3.5187500e+001
  3.5187500e+001
  3.5187500e+001
  3.5187500e+001
  3.5187500e+001
  3.5187500e+001
  3.5187500e+001
  3.5187500e+001
  3.5187500e+001
  3.5187500e+001
  3.5187500e+001
  3.5187500e+001
  3.5187500e+001
  3.5187500e+001
  3.5187500e+001
  3.5187500e+001
  3.5187500e+001
  3.5187500e+001
  3.5187500e+001
  3.5187500e+001
  3.5187500e+001
  3.5187500e+001
  3.5187500e+001
  3.5187500e+001
  3.5187500e+001
  3.5187500e+001
  3.5187500e+001
  3.5187500e+001
  3.5187500e+001
  3.5187500e+001
  3.5187500e+001
  3.5187500e+001
  3.5187500e+001
  3.5187500e+001
  3.5187500e+001
  3.5187500e+001
  3.5187500e+001
  3.5187500e+001
  3.5187500e+001
  3.5187500e+001
  3.5187500e+001
  3.5187500e+001
  3.5187500e+001
  3.5187500e+001
  3.5187500e+001
  3.5187500e+001
  3.5187500e+001
  3.5187500e+001
  3.5187500e+001
  3.5187500e+001
  3.5187500e+001
  3.5187500e+001
