  1.0639476e+002
  1.0639476e+002
  1.0639476e+002
  1.0639476e+002
  1.0639476e+002
  1.0639476e+002
  1.0639476e+002
  1.0639476e+002
  1.0639476e+002
  1.0639476e+002
  1.0639476e+002
  1.0639476e+002
  1.0639476e+002
  1.0639476e+002
  1.0668452e+002
  1.0822989e+002
  1.0977527e+002
  1.1132065e+002
  1.1286602e+002
  1.1441140e+002
  1.1595677e+002
  1.1750215e+002
  1.1904753e+002
  1.2059290e+002
  1.2213828e+002
  1.2368366e+002
  1.2522903e+002
  1.2677441e+002
  1.2831978e+002
  1.2986516e+002
  1.3141054e+002
  1.3295591e+002
  1.3450129e+002
  1.3604666e+002
  1.3759204e+002
  1.3913742e+002
  1.4068279e+002
  1.4222817e+002
  1.4377355e+002
  1.4531892e+002
  1.4686430e+002
  1.4840967e+002
  1.4995505e+002
  1.5150043e+002
  1.5304580e+002
  1.5459118e+002
  1.5613655e+002
  1.5768193e+002
  1.5922731e+002
  1.6077268e+002
  1.6231806e+002
  1.6386343e+002
  1.6540881e+002
  1.6695419e+002
  1.6849956e+002
  1.7004494e+002
  1.7159032e+002
  1.7313569e+002
  1.7468107e+002
  1.7622644e+002
  1.7777182e+002
  1.7931720e+002
  1.8086257e+002
  1.8240795e+002
  1.8395332e+002
  1.8549870e+002
  1.8704408e+002
  1.8858945e+002
  1.9013483e+002
  1.9168021e+002
  1.9322558e+002
  1.9477096e+002
  1.9631633e+002
  1.9786171e+002
  1.9940709e+002
  2.0095246e+002
  2.0249784e+002
  2.0404321e+002
  2.0558859e+002
  2.0713397e+002
  2.0867934e+002
  2.1022472e+002
  2.1177009e+002
  2.1331547e+002
  2.1486085e+002
  2.1640622e+002
  2.1795160e+002
  2.1949698e+002
  2.2104235e+002
  2.2258773e+002
  2.2413310e+002
  2.2567848e+002
  2.2722386e+002
  2.2876923e+002
  2.3031461e+002
  2.3185998e+002
  2.3340536e+002
  2.3495074e+002
  2.3649611e+002
  2.3804149e+002
  2.3958687e+002
  2.4113224e+002
  2.4267762e+002
  2.4422299e+002
  2.4576837e+002
  2.4731375e+002
  2.4885912e+002
  2.5040450e+002
  2.5194987e+002
  2.5349525e+002
  2.5504063e+002
  2.5658600e+002
  2.5813138e+002
  2.5967676e+002
  2.6122213e+002
  2.6276751e+002
  2.6431288e+002
  2.6585826e+002
  2.6740364e+002
  2.6894901e+002
  2.7049439e+002
  2.7203976e+002
  2.7358514e+002
  2.7513052e+002
  2.7667589e+002
  2.7822127e+002
  2.7923171e+002
  2.7777407e+002
  2.7631642e+002
  2.7485877e+002
  2.7340113e+002
  2.7194348e+002
  2.7048584e+002
  2.6902819e+002
  2.6757055e+002
  2.6611290e+002
  2.6465526e+002
  2.6319761e+002
  2.6173996e+002
  2.6028232e+002
  2.5882467e+002
  2.5736703e+002
  2.5590938e+002
  2.5445174e+002
  2.5299409e+002
  2.5153645e+002
  2.5007880e+002
  2.4862116e+002
  2.4716351e+002
  2.4570586e+002
  2.4424822e+002
  2.4279057e+002
  2.4133293e+002
  2.3987528e+002
  2.3841764e+002
  2.3695999e+002
  2.3550235e+002
  2.3404470e+002
  2.3258705e+002
  2.3112941e+002
  2.2967176e+002
  2.2821412e+002
  2.2675647e+002
  2.2529883e+002
  2.2384118e+002
  2.2238354e+002
  2.2092589e+002
  2.1946824e+002
  2.1801060e+002
  2.1655295e+002
  2.1509531e+002
  2.1363766e+002
  2.1218002e+002
  2.1072237e+002
  2.0926473e+002
  2.0780708e+002
  2.0634944e+002
  2.0489179e+002
  2.0343414e+002
  2.0197650e+002
  2.0051885e+002
  1.9906121e+002
  1.9760356e+002
  1.9614592e+002
  1.9468827e+002
  1.9323063e+002
  1.9177298e+002
  1.9031533e+002
  1.8885769e+002
  1.8740004e+002
  1.8594240e+002
  1.8448475e+002
  1.8302711e+002
  1.8156946e+002
  1.8011182e+002
  1.7865417e+002
  1.7719653e+002
  1.7573888e+002
  1.7428123e+002
  1.7282359e+002
  1.7136594e+002
  1.6990830e+002
  1.6845065e+002
  1.6699301e+002
  1.6553536e+002
  1.6407772e+002
  1.6262007e+002
  1.6116242e+002
  1.5970478e+002
  1.5824713e+002
  1.5678949e+002
  1.5533184e+002
  1.5387420e+002
  1.5241655e+002
  1.5095891e+002
  1.4950126e+002
  1.4804361e+002
  1.4658597e+002
  1.4512832e+002
  1.4367068e+002
  1.4221303e+002
  1.4075539e+002
  1.3929774e+002
  1.3784010e+002
  1.3638245e+002
  1.3492481e+002
  1.3346716e+002
  1.3200951e+002
  1.3055187e+002
  1.2909422e+002
  1.2763658e+002
  1.2617893e+002
  1.2472129e+002
  1.2326364e+002
  1.2180600e+002
  1.2034835e+002
  1.1889070e+002
  1.1743306e+002
  1.1597541e+002
  1.1451777e+002
  1.1306012e+002
  1.1160248e+002
  1.1014483e+002
  1.0868719e+002
  1.0722954e+002
  1.0577190e+002
  1.0431425e+002
  1.0285660e+002
  1.0139896e+002
  9.9941313e+001
  9.8483668e+001
  9.7026022e+001
  9.5568377e+001
  9.4110731e+001
  9.2653086e+001
  9.1195440e+001
