 988	 988	 988	 988	
5056	4881	4561	4881	
4875	4674	4467	4674	
4733	4547	4303	4547	
4652	4480	4257	4480	
4593	4417	4203	4417	
4550	4410	4202	4410	
4499	4344	4155	4344	
4491	4353	4159	4353	
4454	4317	4153	4317	
4444	4309	4113	4309	
4391	4311	4122	4311	
4394	4289	4104	4289	
4366	4283	4099	4283	
4347	4256	4111	4256	
4350	4253	4121	4253	
4314	4252	4117	4252	
4299	4230	4100	4230	
4313	4245	4118	4245	
4300	4247	4096	4247	
4317	4249	4105	4249	
4319	4279	4148	4279	
4309	4279	4151	4279	
4318	4268	4125	4268	
4333	4298	4131	4298	
4357	4299	4145	4299	
4381	4315	4181	4315	
4424	4336	4156	4336	
4428	4352	4187	4352	
4465	4367	4224	4367	
4452	4397	4228	4397	
4563	4422	4232	4422	
4596	4461	4304	4461	
4632	4491	4343	4491	
4711	4523	4348	4523	
4769	4603	4410	4603	
4864	4684	4473	4684	
5032	4828	4576	4828	
5310	5024	4727	5024	
5027	4748	4581	4748	
4842	4537	4424	4537	
4782	4479	4378	4479	
4695	4419	4328	4419	
4651	4381	4312	4381	
4641	4375	4289	4375	
4561	4337	4278	4337	
4547	4317	4256	4317	
4520	4293	4235	4293	
4493	4279	4205	4279	
4453	4261	4206	4261	
4451	4248	4193	4248	
4408	4233	4181	4233	
4376	4226	4182	4226	
4382	4218	4201	4218	
4352	4225	4183	4225	
4351	4219	4188	4219	
4352	4207	4189	4207	
4331	4217	4179	4217	
4319	4204	4189	4204	
4360	4228	4201	4228	
4377	4233	4206	4233	
4359	4243	4218	4243	
4392	4247	4235	4247	
4408	4258	4222	4258	
4445	4274	4245	4274	
4462	4286	4270	4286	
4497	4319	4275	4319	
4525	4331	4306	4331	
4564	4359	4307	4359	
4586	4375	4339	4375	
4659	4408	4364	4408	
4701	4432	4413	4432	
4753	4478	4440	4478	
4806	4525	4463	4525	
4888	4610	4496	4610	
5006	4706	4594	4706	
5201	4905	4673	4905	
4893	4618	4433	4618	
4772	4486	4364	4486	
4717	4469	4340	4469	
4665	4436	4329	4436	
4633	4404	4296	4404	
4605	4394	4279	4394	
4565	4354	4270	4354	
4529	4342	4268	4342	
4489	4315	4243	4315	
4454	4295	4216	4295	
4436	4287	4218	4287	
4405	4260	4210	4260	
4376	4258	4184	4258	
4366	4251	4178	4251	
4360	4241	4194	4241	
4346	4240	4186	4240	
4337	4235	4218	4235	
4343	4232	4216	4232	
4327	4223	4196	4223	
4343	4235	4209	4235	
4350	4251	4236	4251	
4345	4257	4220	4257	
4358	4252	4228	4252	
4371	4262	4241	4262	
4389	4287	4232	4287	
4405	4303	4266	4303	
4449	4322	4264	4322	
4487	4339	4307	4339	
4510	4364	4312	4364	
4548	4389	4329	4389	
4592	4396	4327	4396	
4617	4425	4374	4425	
4663	4445	4381	4445	
4737	4501	4425	4501	
4764	4522	4439	4522	
4879	4601	4468	4601	
4936	4673	4501	4673	
5088	4826	4565	4826	
4783	4541	4380	4541	
4745	4452	4333	4452	
4677	4449	4344	4449	
4648	4416	4313	4416	
4592	4399	4309	4399	
4584	4389	4303	4389	
4524	4352	4279	4352	
4531	4339	4263	4339	
4476	4319	4229	4319	
4427	4286	4204	4286	
4405	4285	4233	4285	
4393	4256	4200	4256	
4365	4256	4212	4256	
4362	4230	4178	4230	
4332	4238	4190	4238	
4307	4235	4214	4235	
4314	4218	4197	4218	
4290	4229	4189	4229	
4288	4215	4212	4215	
4301	4206	4200	4206	
4301	4231	4219	4231	
4339	4241	4224	4241	
4327	4246	4222	4246	
4341	4259	4227	4259	
4362	4276	4260	4276	
4412	4291	4265	4291	
4441	4332	4299	4332	
4466	4345	4299	4345	
4480	4358	4319	4358	
4528	4381	4312	4381	
4557	4398	4347	4398	
4603	4433	4362	4433	
4640	4449	4377	4449	
4683	4488	4415	4488	
4751	4515	4436	4515	
4795	4562	4447	4562	
4870	4625	4462	4625	
5038	4750	4551	4750	
4759	4504	4370	4504	
4703	4419	4312	4419	
4653	4430	4306	4430	
4644	4415	4313	4415	
4591	4383	4310	4383	
4562	4378	4296	4378	
4521	4340	4248	4340	
4482	4325	4249	4325	
4437	4306	4224	4306	
4413	4283	4217	4283	
4403	4289	4236	4289	
4368	4265	4206	4265	
4331	4235	4206	4235	
4333	4244	4198	4244	
4301	4225	4195	4225	
4307	4223	4206	4223	
4259	4210	4203	4210	
4265	4219	4187	4219	
4286	4215	4198	4215	
4291	4224	4207	4224	
4290	4232	4205	4232	
4316	4251	4234	4251	
4307	4240	4228	4240	
4335	4277	4242	4277	
4339	4267	4255	4267	
4373	4306	4273	4306	
4426	4318	4272	4318	
4434	4330	4301	4330	
4468	4347	4313	4347	
4504	4367	4331	4367	
4522	4392	4338	4392	
4574	4429	4355	4429	
4623	4441	4372	4441	
4666	4461	4399	4461	
4699	4489	4425	4489	
4768	4534	4428	4534	
4806	4576	4462	4576	
4954	4681	4494	4681	
4705	4475	4305	4475	
4657	4413	4296	4413	
4657	4418	4297	4418	
4624	4425	4285	4425	
4569	4399	4300	4399	
4548	4387	4303	4387	
4502	4352	4277	4352	
4466	4333	4260	4333	
4423	4313	4239	4313	
4407	4287	4227	4287	
4352	4281	4224	4281	
4331	4267	4216	4267	
4309	4236	4182	4236	
4283	4230	4194	4230	
4295	4240	4187	4240	
4263	4216	4177	4216	
4245	4201	4177	4201	
4236	4205	4204	4205	
4243	4203	4192	4203	
4244	4209	4191	4209	
4268	4223	4207	4223	
4266	4230	4228	4230	
4288	4232	4214	4232	
4339	4264	4230	4264	
4325	4259	4250	4259	
4363	4285	4246	4285	
4390	4315	4300	4315	
4428	4324	4293	4324	
4435	4346	4286	4346	
4486	4371	4312	4371	
4494	4386	4348	4386	
4571	4424	4345	4424	
4593	4427	4355	4427	
4651	4466	4399	4466	
4685	4480	4392	4480	
4729	4517	4405	4517	
4779	4553	4435	4553	
4934	4644	4445	4644	
4664	4467	4293	4467	
4644	4389	4275	4389	
4617	4403	4257	4403	
4600	4413	4281	4413	
4574	4403	4275	4403	
4522	4380	4289	4380	
4501	4340	4270	4340	
4464	4318	4251	4318	
4401	4287	4228	4287	
4378	4287	4194	4287	
4344	4268	4212	4268	
4325	4256	4189	4256	
4303	4231	4185	4231	
4264	4226	4181	4226	
4245	4216	4188	4216	
4225	4201	4191	4201	
4216	4195	4177	4195	
4220	4194	4179	4194	
4233	4202	4176	4202	
4219	4201	4184	4201	
4240	4204	4197	4204	
4247	4203	4195	4203	
4249	4220	4222	4220	
4293	4265	4227	4265	
4307	4250	4232	4250	
4341	4275	4250	4275	
4377	4309	4266	4309	
4376	4310	4292	4310	
4442	4333	4316	4333	
4459	4366	4316	4366	
4499	4379	4316	4379	
4550	4401	4346	4401	
4582	4415	4361	4415	
4626	4446	4369	4446	
4675	4476	4389	4476	
4697	4498	4376	4498	
4759	4535	4395	4535	
4877	4616	4436	4616	
4670	4448	4272	4448	
4622	4374	4247	4374	
4634	4417	4258	4417	
4603	4407	4284	4407	
4526	4376	4268	4376	
4531	4371	4276	4371	
4458	4336	4261	4336	
4428	4322	4257	4322	
4402	4301	4236	4301	
4353	4269	4204	4269	
4325	4259	4206	4259	
4287	4239	4216	4239	
4267	4223	4184	4223	
4245	4206	4182	4206	
4213	4190	4177	4190	
4218	4194	4175	4194	
4212	4177	4179	4177	
4217	4181	4193	4181	
4219	4194	4195	4194	
4196	4183	4179	4183	
4205	4202	4196	4202	
4227	4209	4215	4209	
4261	4202	4212	4202	
4272	4239	4207	4239	
4302	4244	4241	4244	
4319	4269	4256	4269	
4383	4297	4269	4297	
4376	4300	4279	4300	
4427	4332	4278	4332	
4449	4363	4298	4363	
4494	4366	4309	4366	
4559	4402	4331	4402	
4571	4407	4369	4407	
4617	4429	4387	4429	
4653	4460	4379	4460	
4683	4484	4396	4484	
4729	4525	4394	4525	
4834	4599	4410	4599	
4656	4442	4269	4442	
4633	4386	4233	4386	
4618	4405	4274	4405	
4579	4396	4260	4396	
4522	4375	4262	4375	
4498	4358	4274	4358	
4456	4318	4252	4318	
4429	4307	4237	4307	
4394	4279	4211	4279	
4342	4249	4191	4249	
4330	4243	4202	4243	
4273	4228	4181	4228	
4235	4202	4174	4202	
4257	4193	4167	4193	
4199	4176	4158	4176	
4207	4166	4155	4166	
4205	4167	4165	4167	
4172	4177	4197	4177	
4208	4171	4185	4171	
4187	4164	4175	4164	
4190	4187	4213	4187	
4197	4193	4198	4193	
4233	4203	4204	4203	
4252	4222	4222	4222	
4296	4244	4224	4244	
4305	4255	4237	4255	
4346	4270	4261	4270	
4368	4294	4267	4294	
4417	4334	4290	4334	
4437	4354	4284	4354	
4494	4367	4323	4367	
4520	4392	4327	4392	
4552	4412	4363	4412	
4604	4423	4362	4423	
4639	4453	4376	4453	
4697	4479	4364	4479	
4711	4504	4374	4504	
4809	4573	4364	4573	
4595	4420	4260	4420	
4617	4377	4232	4377	
4596	4385	4248	4385	
4569	4396	4268	4396	
4535	4371	4280	4371	
4485	4360	4274	4360	
4447	4317	4231	4317	
4426	4311	4241	4311	
4382	4275	4223	4275	
4345	4247	4212	4247	
4304	4229	4183	4229	
4277	4212	4194	4212	
4234	4200	4173	4200	
4216	4179	4176	4179	
4187	4168	4170	4168	
4180	4162	4153	4162	
4182	4167	4172	4167	
4180	4155	4176	4155	
4178	4161	4192	4161	
4171	4159	4189	4159	
4192	4172	4199	4172	
4189	4185	4206	4185	
4214	4192	4204	4192	
4237	4211	4218	4211	
4259	4215	4211	4215	
4292	4239	4234	4239	
4319	4273	4245	4273	
4375	4293	4257	4293	
4389	4307	4277	4307	
4436	4346	4304	4346	
4466	4368	4300	4368	
4523	4380	4323	4380	
4549	4398	4346	4398	
4618	4428	4368	4428	
4628	4447	4353	4447	
4653	4467	4369	4467	
4708	4487	4351	4487	
4816	4556	4351	4556	
4619	4429	4242	4429	
4587	4374	4261	4374	
4588	4385	4247	4385	
4574	4388	4268	4388	
4495	4373	4284	4373	
4482	4362	4257	4362	
4434	4317	4235	4317	
4398	4300	4229	4300	
4373	4282	4222	4282	
4324	4244	4192	4244	
4304	4224	4196	4224	
4257	4200	4195	4200	
4220	4177	4177	4177	
4205	4164	4162	4164	
4183	4179	4179	4179	
4161	4156	4172	4156	
4158	4148	4170	4148	
4159	4143	4177	4143	
4154	4155	4182	4155	
4165	4160	4171	4160	
4181	4171	4205	4171	
4170	4171	4202	4171	
4196	4187	4199	4187	
4225	4207	4205	4207	
4256	4221	4223	4221	
4288	4236	4240	4236	
4324	4260	4238	4260	
4354	4287	4252	4287	
4383	4304	4253	4304	
4412	4334	4275	4334	
4432	4352	4307	4352	
4498	4381	4330	4381	
4531	4401	4352	4401	
4588	4417	4361	4417	
4597	4436	4353	4436	
4638	4447	4341	4447	
4703	4482	4357	4482	
4790	4549	4340	4549	
4622	4423	4262	4423	
4596	4364	4234	4364	
4599	4388	4257	4388	
4545	4385	4269	4385	
4510	4376	4248	4376	
4468	4346	4242	4346	
4434	4321	4235	4321	
4381	4300	4205	4300	
4321	4260	4205	4260	
4323	4251	4192	4251	
4271	4228	4202	4228	
4239	4199	4184	4199	
4213	4169	4190	4169	
4186	4164	4175	4164	
4175	4155	4164	4155	
4148	4139	4174	4139	
4156	4149	4166	4149	
4135	4146	4174	4146	
4128	4149	4176	4149	
4136	4145	4179	4145	
4164	4149	4193	4149	
4178	4168	4207	4168	
4180	4182	4213	4182	
4228	4195	4212	4195	
4245	4220	4212	4220	
4267	4227	4229	4227	
4308	4260	4257	4260	
4323	4280	4245	4280	
4379	4295	4265	4295	
4408	4338	4283	4338	
4441	4347	4297	4347	
4490	4375	4318	4375	
4517	4391	4342	4391	
4546	4412	4344	4412	
4581	4432	4357	4432	
4611	4460	4340	4460	
4681	4491	4358	4491	
4759	4536	4345	4536	
4593	4415	4252	4415	
4583	4366	4260	4366	
4570	4385	4249	4385	
4561	4382	4259	4382	
4503	4366	4262	4366	
4461	4338	4254	4338	
4419	4311	4236	4311	
4390	4288	4214	4288	
4333	4258	4199	4258	
4286	4236	4187	4236	
4252	4217	4189	4217	
4233	4185	4169	4185	
4207	4176	4162	4176	
4172	4162	4168	4162	
4156	4153	4160	4153	
4159	4145	4187	4145	
4121	4133	4168	4133	
4110	4139	4180	4139	
4131	4142	4192	4142	
4120	4135	4177	4135	
4149	4148	4191	4148	
4177	4157	4212	4157	
4179	4157	4186	4157	
4220	4189	4197	4189	
4221	4209	4217	4209	
4270	4229	4226	4229	
4315	4254	4247	4254	
4344	4263	4261	4263	
4364	4287	4246	4287	
4396	4322	4278	4322	
4443	4348	4280	4348	
4459	4364	4313	4364	
4511	4393	4319	4393	
4559	4408	4350	4408	
4599	4436	4346	4436	
4635	4460	4341	4460	
4651	4485	4347	4485	
4764	4532	4319	4532	
4609	4397	4253	4397	
4586	4363	4248	4363	
4577	4375	4240	4375	
4543	4372	4258	4372	
4507	4369	4241	4369	
4472	4354	4251	4354	
4404	4296	4226	4296	
4400	4294	4233	4294	
4333	4265	4210	4265	
4294	4234	4181	4234	
4261	4207	4200	4207	
4231	4188	4182	4188	
4202	4165	4160	4165	
4175	4162	4163	4162	
4146	4150	4196	4150	
4136	4138	4175	4138	
4110	4122	4176	4122	
4114	4127	4180	4127	
4114	4122	4173	4122	
4111	4113	4178	4113	
4135	4141	4182	4141	
4157	4151	4198	4151	
4178	4153	4191	4153	
4201	4174	4203	4174	
4217	4180	4199	4180	
4250	4202	4206	4202	
4305	4235	4244	4235	
4312	4256	4250	4256	
4356	4272	4262	4272	
4402	4304	4275	4304	
4442	4330	4297	4330	
4450	4354	4300	4354	
4490	4368	4320	4368	
4524	4410	4342	4410	
4599	4428	4341	4428	
4616	4454	4341	4454	
4678	4483	4343	4483	
4752	4550	4355	4550	
4604	4429	4282	4429	
4584	4355	4248	4355	
4571	4386	4234	4386	
4545	4379	4257	4379	
4487	4357	4251	4357	
4454	4342	4249	4342	
4430	4308	4242	4308	
4398	4294	4228	4294	
4330	4242	4195	4242	
4290	4229	4183	4229	
4265	4212	4183	4212	
4219	4183	4159	4183	
4199	4176	4159	4176	
4168	4155	4179	4155	
4147	4157	4178	4157	
4130	4136	4186	4136	
4112	4125	4181	4125	
4109	4111	4178	4111	
4096	4107	4174	4107	
4103	4114	4176	4114	
4106	4129	4167	4129	
4132	4140	4186	4140	
4131	4134	4175	4134	
4192	4181	4207	4181	
4212	4189	4209	4189	
4238	4194	4200	4194	
4271	4223	4231	4223	
4303	4252	4245	4252	
4342	4266	4253	4266	
4388	4291	4271	4291	
4440	4331	4277	4331	
4476	4352	4303	4352	
4501	4373	4315	4373	
4535	4395	4343	4395	
4574	4426	4330	4426	
4614	4438	4346	4438	
4658	4463	4318	4463	
4737	4531	4341	4531	
4598	4420	4280	4420	
4592	4358	4272	4358	
4562	4368	4263	4368	
4526	4378	4258	4378	
4482	4365	4257	4365	
4453	4340	4249	4340	
4417	4308	4228	4308	
4379	4272	4220	4272	
4347	4250	4204	4250	
4294	4222	4184	4222	
4235	4212	4187	4212	
4215	4188	4171	4188	
4192	4163	4158	4163	
4156	4155	4161	4155	
4141	4145	4182	4145	
4126	4128	4184	4128	
4114	4124	4172	4124	
4097	4110	4176	4110	
4114	4100	4188	4100	
4104	4115	4163	4115	
4121	4125	4171	4125	
4143	4146	4183	4146	
4157	4141	4175	4141	
4182	4159	4192	4159	
4224	4184	4217	4184	
4234	4199	4211	4199	
4291	4234	4237	4234	
4314	4250	4243	4250	
4340	4265	4257	4265	
4364	4281	4257	4281	
4418	4327	4288	4327	
4428	4336	4277	4336	
4501	4367	4325	4367	
4557	4397	4328	4397	
4595	4422	4342	4422	
4638	4439	4318	4439	
4655	4474	4347	4474	
4742	4547	4310	4547	
4624	4442	4323	4442	
4589	4374	4270	4374	
4608	4380	4280	4380	
4567	4389	4261	4389	
4490	4364	4245	4364	
4467	4348	4274	4348	
4416	4313	4236	4313	
4377	4283	4241	4283	
4345	4245	4195	4245	
4291	4229	4174	4229	
4258	4194	4158	4194	
4219	4181	4161	4181	
4190	4159	4149	4159	
4148	4152	4168	4152	
4135	4154	4168	4154	
4125	4129	4172	4129	
4115	4114	4160	4114	
4119	4105	4186	4105	
4124	4108	4175	4108	
4111	4102	4174	4102	
4121	4121	4172	4121	
4130	4133	4183	4133	
4136	4128	4155	4128	
4167	4153	4203	4153	
4210	4169	4200	4169	
4242	4192	4208	4192	
4275	4214	4227	4214	
4316	4243	4235	4243	
4332	4256	4246	4256	
4392	4298	4261	4298	
4415	4319	4283	4319	
4456	4334	4306	4334	
4503	4378	4323	4378	
4552	4391	4347	4391	
4590	4418	4335	4418	
4633	4449	4337	4449	
4674	4472	4317	4472	
4728	4529	4338	4529	
4584	4430	4332	4430	
4589	4355	4269	4355	
4595	4388	4279	4388	
4588	4398	4252	4398	
4499	4351	4264	4351	
4472	4357	4265	4357	
4414	4314	4225	4314	
4390	4289	4208	4289	
4343	4247	4204	4247	
4297	4219	4185	4219	
4252	4204	4196	4204	
4223	4186	4166	4186	
4192	4150	4162	4150	
4164	4156	4169	4156	
4149	4144	4176	4144	
4144	4128	4168	4128	
4119	4117	4161	4117	
4114	4117	4176	4117	
4106	4112	4185	4112	
4108	4103	4168	4103	
4123	4115	4188	4115	
4138	4127	4190	4127	
4143	4131	4167	4131	
4165	4156	4189	4156	
4225	4181	4200	4181	
4228	4197	4205	4197	
4278	4219	4229	4219	
4331	4255	4255	4255	
4327	4261	4247	4261	
4392	4286	4251	4286	
4422	4316	4265	4316	
4450	4338	4297	4338	
4506	4364	4317	4364	
4554	4391	4329	4391	
4608	4420	4343	4420	
4624	4445	4336	4445	
4673	4474	4317	4474	
4741	4525	4348	4525	
4639	4427	4279	4427	
4618	4372	4298	4372	
4618	4372	4284	4372	
4562	4381	4271	4381	
4520	4375	4282	4375	
4489	4359	4261	4359	
4434	4327	4253	4327	
4398	4284	4230	4284	
4367	4259	4208	4259	
4296	4231	4188	4231	
4273	4210	4194	4210	
4243	4175	4168	4175	
4213	4174	4173	4174	
4175	4154	4166	4154	
4158	4140	4171	4140	
4145	4123	4183	4123	
4113	4121	4162	4121	
4121	4109	4180	4109	
4124	4114	4187	4114	
4131	4111	4188	4111	
4141	4122	4194	4122	
4146	4129	4202	4129	
4167	4140	4187	4140	
4180	4154	4183	4154	
4210	4163	4197	4163	
4236	4190	4203	4190	
4273	4225	4204	4225	
4323	4242	4242	4242	
4337	4265	4250	4265	
4390	4285	4258	4285	
4452	4314	4293	4314	
4490	4351	4288	4351	
4515	4362	4311	4362	
4559	4385	4336	4385	
4597	4406	4318	4406	
4634	4444	4347	4444	
4678	4470	4335	4470	
4769	4545	4341	4545	
4619	4441	4327	4441	
4615	4378	4284	4378	
4614	4387	4303	4387	
4582	4390	4310	4390	
4524	4376	4294	4376	
4489	4359	4271	4359	
4444	4318	4259	4318	
4393	4295	4232	4295	
4368	4254	4218	4254	
4311	4248	4215	4248	
4274	4215	4185	4215	
4250	4190	4167	4190	
4229	4171	4170	4171	
4183	4151	4155	4151	
4157	4135	4160	4135	
4144	4135	4171	4135	
4138	4113	4142	4113	
4118	4111	4170	4111	
4135	4117	4173	4117	
4126	4105	4173	4105	
4125	4115	4175	4115	
4141	4114	4184	4114	
4168	4137	4191	4137	
4191	4151	4192	4151	
4219	4166	4187	4166	
4258	4194	4203	4194	
4303	4228	4227	4228	
4327	4247	4230	4247	
4366	4264	4234	4264	
4392	4292	4260	4292	
4444	4322	4293	4322	
4483	4330	4279	4330	
4541	4373	4315	4373	
4562	4398	4329	4398	
4581	4423	4340	4423	
4632	4465	4331	4465	
4682	4482	4346	4482	
4786	4551	4353	4551	
4633	4450	4296	4450	
4616	4384	4285	4384	
4596	4398	4285	4398	
4591	4391	4307	4391	
4560	4387	4305	4387	
4530	4374	4303	4374	
4455	4321	4254	4321	
4438	4302	4234	4302	
4375	4279	4205	4279	
4335	4252	4209	4252	
4303	4222	4168	4222	
4252	4194	4184	4194	
4225	4174	4159	4174	
4202	4165	4162	4165	
4177	4143	4150	4143	
4154	4143	4161	4143	
4155	4111	4132	4111	
4136	4108	4155	4108	
4144	4110	4161	4110	
4129	4104	4154	4104	
4138	4117	4156	4117	
4170	4136	4166	4136	
4207	4127	4168	4127	
4216	4157	4189	4157	
4231	4176	4207	4176	
4265	4193	4205	4193	
4318	4229	4224	4229	
4347	4244	4226	4244	
4354	4262	4219	4262	
4393	4305	4275	4305	
4441	4330	4275	4330	
4489	4337	4283	4337	
4518	4359	4310	4359	
4557	4397	4335	4397	
4606	4416	4330	4416	
4633	4459	4341	4459	
4686	4489	4343	4489	
4784	4562	4337	4562	
4671	4466	4289	4466	
4626	4396	4287	4396	
4612	4403	4276	4403	
4606	4397	4280	4397	
4568	4383	4291	4383	
4529	4368	4290	4368	
4481	4349	4280	4349	
4489	4316	4254	4316	
4392	4286	4222	4286	
4343	4262	4202	4262	
4310	4243	4192	4243	
4284	4221	4167	4221	
4251	4195	4154	4195	
4231	4177	4168	4177	
4212	4163	4148	4163	
4201	4148	4161	4148	
4191	4133	4154	4133	
4162	4132	4156	4132	
4167	4123	4161	4123	
4162	4114	4144	4114	
4173	4130	4153	4130	
4184	4138	4171	4138	
4197	4131	4164	4131	
4233	4170	4176	4170	
4249	4176	4191	4176	
4279	4196	4204	4196	
4317	4225	4190	4225	
4347	4248	4217	4248	
4374	4272	4223	4272	
4412	4293	4232	4293	
4445	4323	4272	4323	
4513	4335	4285	4335	
4518	4365	4297	4365	
4588	4403	4314	4403	
4604	4425	4311	4425	
4647	4455	4357	4455	
4733	4502	4365	4502	
4808	4591	4394	4591	
4671	4484	4334	4484	
4634	4408	4264	4408	
4612	4416	4271	4416	
4611	4401	4289	4401	
4578	4400	4271	4400	
4535	4368	4282	4368	
4490	4335	4261	4335	
4458	4331	4260	4331	
4411	4300	4226	4300	
4372	4265	4218	4265	
4336	4248	4185	4248	
4311	4240	4178	4240	
4279	4212	4163	4212	
4246	4190	4157	4190	
4232	4172	4159	4172	
4211	4159	4141	4159	
4180	4136	4124	4136	
4183	4146	4140	4146	
4191	4134	4126	4134	
4178	4133	4119	4133	
4205	4152	4145	4152	
4205	4156	4170	4156	
4208	4161	4167	4161	
4238	4166	4167	4166	
4280	4190	4179	4190	
4325	4222	4205	4222	
4333	4231	4211	4231	
4358	4254	4220	4254	
4414	4278	4231	4278	
4438	4300	4230	4300	
4482	4328	4259	4328	
4516	4346	4269	4346	
4565	4359	4289	4359	
4600	4397	4307	4397	
4634	4430	4325	4430	
4693	4469	4352	4469	
4732	4504	4347	4504	
4843	4593	4367	4593	
4659	4493	4353	4493	
4685	4426	4274	4426	
4636	4438	4265	4438	
4619	4420	4285	4420	
4585	4396	4274	4396	
4546	4381	4287	4381	
4494	4342	4253	4342	
4495	4326	4246	4326	
4459	4300	4234	4300	
4405	4283	4231	4283	
4371	4251	4188	4251	
4342	4245	4197	4245	
4312	4212	4176	4212	
4262	4202	4157	4202	
4256	4187	4144	4187	
4236	4158	4113	4158	
4215	4153	4131	4153	
4228	4149	4150	4149	
4214	4146	4134	4146	
4218	4143	4127	4143	
4207	4151	4139	4151	
4234	4159	4145	4159	
4251	4169	4161	4169	
4293	4189	4189	4189	
4301	4220	4193	4220	
4320	4221	4183	4221	
4375	4246	4209	4246	
4394	4250	4201	4250	
4440	4290	4228	4290	
4470	4311	4258	4311	
4504	4336	4258	4336	
4535	4357	4266	4357	
4564	4367	4292	4367	
4601	4390	4319	4390	
4673	4451	4328	4451	
4722	4487	4354	4487	
4779	4523	4390	4523	
4902	4644	4435	4644	
4787	4542	4352	4542	
4733	4446	4262	4446	
4664	4429	4274	4429	
4628	4411	4262	4411	
4590	4387	4247	4387	
4554	4371	4260	4371	
4537	4347	4233	4347	
4506	4327	4228	4327	
4476	4300	4210	4300	
4433	4263	4189	4263	
4401	4266	4189	4266	
4353	4234	4163	4234	
4328	4221	4177	4221	
4302	4197	4144	4197	
4285	4188	4120	4188	
4263	4167	4116	4167	
4250	4145	4119	4145	
4244	4149	4127	4149	
4248	4156	4132	4156	
4241	4145	4115	4145	
4247	4147	4134	4147	
4259	4164	4124	4164	
4271	4171	4125	4171	
4310	4197	4154	4197	
4325	4209	4165	4209	
4357	4240	4193	4240	
4402	4241	4190	4241	
4415	4274	4219	4274	
4449	4289	4205	4289	
4498	4304	4225	4304	
4518	4330	4249	4330	
4556	4350	4259	4350	
4611	4367	4280	4367	
4636	4395	4306	4395	
4696	4439	4304	4439	
4746	4497	4351	4497	
4819	4565	4374	4565	
4957	4702	4473	4702	
4913	4661	4420	4661	
4837	4551	4384	4551	
4754	4525	4341	4525	
4722	4488	4335	4488	
4665	4467	4298	4467	
4653	4444	4321	4444	
4599	4409	4302	4409	
4580	4389	4295	4389	
4573	4382	4258	4382	
4494	4348	4256	4348	
4514	4342	4249	4342	
4452	4304	4242	4304	
4428	4307	4214	4307	
4390	4292	4209	4292	
4391	4270	4197	4270	
4369	4252	4179	4252	
4339	4247	4161	4247	
4330	4229	4187	4229	
4346	4234	4171	4234	
4338	4216	4162	4216	
4352	4234	4183	4234	
4394	4238	4183	4238	
4381	4254	4173	4254	
4386	4276	4201	4276	
4457	4282	4223	4282	
4445	4293	4235	4293	
4465	4328	4239	4328	
4513	4345	4278	4345	
4532	4367	4250	4367	
4590	4383	4264	4383	
4629	4406	4294	4406	
4634	4409	4305	4409	
4709	4448	4320	4448	
4732	4482	4335	4482	
4821	4519	4369	4519	
4870	4596	4433	4596	
4966	4674	4466	4674	
5087	4842	4567	4842	
                                                                                                                                                                                                                                                                                                                                                                                                                                                                                                                                                                                                                                                                                                                                                                                                                                                                                                                                                                                                                                                                                                                                                                                                                                                                                                                                                                                                                                                                                                                                                                                                                                                                                                                                                                                                                                                                                                                                                                                                                                                                                                                                                                                                                                                                                                                                                                                                                                                                                                                                                                                                                                                                                                                                                                                                                                                                                                                                                                                                                                                                                                                                                                                                                                                                                                                                                                                                                                                                                                                                                                                                                                                                                                                                                                                                                                                                                                                                                                                                                                                                                                                    