 988	 988	 988	 988	
5541	5406	4748	5406	
5304	5150	4622	5150	
5126	4970	4456	4970	
5015	4864	4393	4864	
4922	4788	4358	4788	
4856	4768	4315	4768	
4796	4697	4295	4697	
4790	4666	4255	4666	
4765	4622	4240	4622	
4713	4570	4182	4570	
4663	4538	4163	4538	
4626	4527	4171	4527	
4593	4499	4154	4499	
4551	4482	4175	4482	
4532	4473	4128	4473	
4522	4440	4131	4440	
4483	4430	4140	4430	
4475	4422	4110	4422	
4455	4410	4096	4410	
4469	4416	4102	4416	
4492	4436	4123	4436	
4472	4422	4153	4422	
4475	4419	4123	4419	
4491	4443	4106	4443	
4510	4449	4136	4449	
4537	4476	4146	4476	
4571	4507	4154	4507	
4587	4493	4168	4493	
4598	4535	4210	4535	
4637	4565	4248	4565	
4721	4621	4274	4621	
4770	4649	4297	4649	
4832	4698	4357	4698	
4894	4766	4394	4766	
4963	4840	4443	4840	
5105	4961	4491	4961	
5267	5141	4594	5141	
5566	5385	4763	5385	
5470	5223	4716	5223	
5249	4973	4564	4973	
5143	4884	4514	4884	
5067	4782	4468	4782	
4999	4742	4410	4742	
4952	4703	4401	4703	
4860	4642	4376	4642	
4831	4601	4336	4601	
4793	4571	4303	4571	
4724	4529	4278	4529	
4667	4496	4277	4496	
4654	4470	4241	4470	
4628	4436	4212	4436	
4565	4415	4230	4415	
4554	4408	4217	4408	
4537	4387	4174	4387	
4526	4376	4190	4376	
4485	4362	4182	4362	
4472	4345	4183	4345	
4465	4345	4169	4345	
4481	4368	4193	4368	
4482	4349	4188	4349	
4497	4357	4224	4357	
4493	4378	4212	4378	
4525	4374	4189	4374	
4553	4409	4210	4409	
4571	4417	4229	4417	
4608	4452	4251	4452	
4643	4479	4273	4479	
4683	4517	4290	4517	
4711	4536	4303	4536	
4792	4568	4341	4568	
4837	4629	4378	4629	
4911	4679	4439	4679	
4955	4743	4448	4743	
5076	4857	4490	4857	
5214	4989	4585	4989	
5428	5214	4691	5214	
5277	5061	4587	5061	
5153	4881	4505	4881	
5083	4829	4461	4829	
4996	4784	4454	4784	
4944	4732	4437	4732	
4886	4693	4422	4693	
4829	4642	4360	4642	
4775	4597	4326	4597	
4721	4556	4291	4556	
4682	4520	4281	4520	
4646	4504	4279	4504	
4590	4456	4260	4456	
4568	4423	4196	4423	
4526	4401	4213	4401	
4502	4383	4213	4383	
4481	4369	4218	4369	
4454	4357	4197	4357	
4438	4338	4199	4338	
4434	4327	4184	4327	
4431	4336	4185	4336	
4445	4340	4193	4340	
4441	4347	4194	4347	
4456	4354	4187	4354	
4453	4357	4205	4357	
4481	4371	4211	4371	
4509	4389	4248	4389	
4541	4417	4218	4417	
4560	4436	4267	4436	
4590	4471	4269	4471	
4648	4508	4304	4508	
4676	4530	4275	4530	
4729	4570	4355	4570	
4789	4607	4383	4607	
4865	4675	4427	4675	
4917	4720	4413	4720	
5033	4815	4469	4815	
5102	4908	4515	4908	
5312	5103	4596	5103	
5161	4932	4489	4932	
5086	4833	4481	4833	
5022	4794	4445	4794	
4982	4747	4417	4747	
4884	4701	4423	4701	
4852	4669	4399	4669	
4784	4607	4344	4607	
4769	4587	4341	4587	
4702	4538	4326	4538	
4636	4494	4271	4494	
4589	4465	4279	4465	
4572	4427	4240	4427	
4530	4394	4231	4394	
4487	4385	4207	4385	
4469	4357	4220	4357	
4429	4335	4190	4335	
4415	4321	4184	4321	
4394	4299	4159	4299	
4384	4288	4179	4288	
4363	4287	4171	4287	
4365	4296	4186	4296	
4397	4302	4186	4302	
4378	4304	4189	4304	
4410	4323	4206	4323	
4425	4334	4203	4334	
4461	4364	4224	4364	
4498	4396	4237	4396	
4515	4407	4251	4407	
4553	4437	4252	4437	
4582	4476	4259	4476	
4632	4502	4318	4502	
4697	4534	4346	4534	
4736	4576	4381	4576	
4807	4634	4386	4634	
4856	4692	4413	4692	
4937	4755	4455	4755	
5018	4843	4471	4843	
5206	5006	4570	5006	
5121	4905	4495	4905	
5048	4793	4449	4793	
4974	4777	4453	4777	
4951	4730	4430	4730	
4863	4694	4427	4694	
4812	4643	4406	4643	
4737	4581	4367	4581	
4715	4555	4311	4555	
4642	4526	4289	4526	
4600	4477	4269	4477	
4573	4450	4253	4450	
4537	4416	4249	4416	
4468	4366	4204	4366	
4446	4361	4199	4361	
4408	4327	4185	4327	
4392	4308	4181	4308	
4347	4282	4157	4282	
4348	4273	4185	4273	
4338	4274	4172	4274	
4326	4268	4150	4268	
4326	4290	4190	4290	
4352	4277	4167	4277	
4346	4282	4196	4282	
4350	4306	4196	4306	
4380	4301	4190	4301	
4403	4337	4212	4337	
4451	4367	4203	4367	
4475	4388	4228	4388	
4497	4405	4256	4405	
4537	4444	4272	4444	
4565	4475	4314	4475	
4637	4514	4325	4514	
4707	4547	4360	4547	
4730	4594	4381	4594	
4823	4649	4424	4649	
4894	4719	4436	4719	
4962	4796	4486	4796	
5122	4932	4504	4932	
5042	4851	4477	4851	
4977	4760	4437	4760	
4946	4745	4417	4745	
4895	4712	4413	4712	
4845	4681	4399	4681	
4794	4641	4396	4641	
4741	4571	4352	4571	
4675	4541	4339	4541	
4614	4503	4290	4503	
4571	4460	4271	4460	
4504	4430	4246	4430	
4484	4391	4229	4391	
4414	4354	4185	4354	
4380	4321	4195	4321	
4362	4309	4184	4309	
4321	4279	4163	4279	
4298	4253	4149	4253	
4270	4244	4152	4244	
4283	4243	4152	4243	
4250	4226	4114	4226	
4273	4245	4173	4245	
4280	4253	4172	4253	
4291	4242	4159	4242	
4327	4281	4183	4281	
4335	4291	4186	4291	
4352	4307	4177	4307	
4385	4350	4223	4350	
4423	4361	4218	4361	
4465	4374	4237	4374	
4504	4405	4260	4405	
4524	4451	4294	4451	
4596	4493	4319	4493	
4650	4517	4342	4517	
4730	4578	4380	4578	
4763	4614	4384	4614	
4813	4673	4396	4673	
4903	4741	4421	4741	
5024	4862	4466	4862	
4987	4833	4469	4833	
4954	4736	4397	4736	
4907	4728	4393	4728	
4855	4701	4403	4701	
4827	4659	4413	4659	
4769	4625	4393	4625	
4689	4558	4339	4558	
4651	4518	4303	4518	
4570	4469	4284	4469	
4545	4439	4225	4439	
4474	4405	4241	4405	
4427	4358	4195	4358	
4387	4324	4172	4324	
4350	4289	4157	4289	
4321	4267	4148	4267	
4292	4244	4146	4244	
4265	4227	4140	4227	
4253	4209	4118	4209	
4251	4210	4135	4210	
4225	4202	4129	4202	
4245	4204	4156	4204	
4241	4204	4135	4204	
4238	4213	4140	4213	
4283	4243	4179	4243	
4305	4263	4172	4263	
4318	4275	4190	4275	
4365	4299	4187	4299	
4366	4323	4206	4323	
4420	4351	4211	4351	
4471	4392	4231	4392	
4524	4421	4280	4421	
4574	4466	4296	4466	
4629	4496	4334	4496	
4662	4538	4347	4538	
4740	4581	4350	4581	
4793	4632	4385	4632	
4877	4699	4386	4699	
5010	4809	4447	4809	
5005	4815	4410	4815	
4936	4717	4399	4717	
4923	4709	4389	4709	
4871	4691	4386	4691	
4759	4627	4381	4627	
4736	4601	4366	4601	
4651	4547	4342	4547	
4626	4509	4303	4509	
4571	4458	4271	4458	
4491	4412	4254	4412	
4457	4370	4240	4370	
4404	4341	4214	4341	
4348	4292	4186	4292	
4324	4275	4159	4275	
4269	4245	4172	4245	
4256	4212	4149	4212	
4234	4189	4107	4189	
4224	4194	4154	4194	
4206	4184	4135	4184	
4171	4170	4116	4170	
4195	4174	4113	4174	
4195	4183	4135	4183	
4230	4191	4148	4191	
4255	4220	4133	4220	
4264	4222	4157	4222	
4291	4245	4191	4245	
4332	4269	4184	4269	
4358	4298	4169	4298	
4391	4326	4198	4326	
4446	4358	4236	4358	
4457	4393	4245	4393	
4550	4432	4275	4432	
4592	4465	4311	4465	
4649	4520	4353	4520	
4719	4576	4372	4576	
4753	4602	4379	4602	
4828	4650	4376	4650	
4946	4769	4392	4769	
4982	4785	4422	4785	
4940	4706	4388	4706	
4905	4693	4398	4693	
4841	4662	4378	4662	
4776	4633	4372	4633	
4718	4578	4368	4578	
4645	4532	4312	4532	
4607	4480	4308	4480	
4535	4438	4264	4438	
4481	4383	4247	4383	
4451	4355	4231	4355	
4381	4315	4212	4315	
4327	4287	4195	4287	
4294	4249	4168	4249	
4246	4221	4133	4221	
4231	4184	4116	4184	
4219	4169	4134	4169	
4163	4157	4118	4157	
4184	4160	4127	4160	
4160	4146	4104	4146	
4166	4160	4133	4160	
4164	4154	4143	4154	
4187	4169	4122	4169	
4210	4191	4138	4191	
4243	4208	4155	4208	
4250	4210	4133	4210	
4297	4232	4172	4232	
4321	4281	4177	4281	
4371	4308	4200	4308	
4409	4350	4214	4350	
4466	4383	4255	4383	
4516	4408	4262	4408	
4579	4454	4322	4454	
4623	4503	4332	4503	
4670	4533	4337	4533	
4726	4593	4371	4593	
4798	4641	4354	4641	
4920	4748	4374	4748	
4937	4771	4398	4771	
4927	4695	4378	4695	
4863	4681	4377	4681	
4818	4658	4395	4658	
4747	4637	4375	4637	
4697	4590	4369	4590	
4647	4515	4299	4515	
4584	4472	4316	4472	
4511	4421	4273	4421	
4467	4371	4229	4371	
4413	4335	4215	4335	
4374	4309	4212	4309	
4330	4265	4181	4265	
4272	4237	4159	4237	
4223	4209	4153	4209	
4200	4177	4129	4177	
4177	4158	4125	4158	
4159	4144	4126	4144	
4143	4137	4114	4137	
4141	4120	4112	4120	
4154	4139	4116	4139	
4155	4139	4123	4139	
4162	4145	4120	4145	
4202	4176	4137	4176	
4200	4184	4161	4184	
4230	4200	4145	4200	
4273	4229	4158	4229	
4309	4255	4185	4255	
4353	4283	4181	4283	
4413	4332	4230	4332	
4434	4361	4247	4361	
4504	4418	4264	4418	
4541	4438	4296	4438	
4618	4504	4334	4504	
4647	4518	4321	4518	
4711	4575	4337	4575	
4783	4621	4338	4621	
4883	4724	4355	4724	
4965	4764	4390	4764	
4904	4685	4381	4685	
4883	4668	4364	4668	
4825	4646	4399	4646	
4752	4611	4379	4611	
4699	4577	4354	4577	
4615	4511	4311	4511	
4578	4475	4280	4475	
4521	4437	4271	4437	
4475	4371	4236	4371	
4417	4331	4233	4331	
4344	4294	4207	4294	
4294	4252	4173	4252	
4250	4224	4156	4224	
4237	4202	4155	4202	
4195	4171	4133	4171	
4180	4154	4121	4154	
4138	4133	4135	4133	
4161	4130	4111	4130	
4129	4126	4119	4126	
4133	4133	4150	4133	
4121	4127	4121	4127	
4154	4139	4143	4139	
4176	4152	4114	4152	
4198	4169	4151	4169	
4223	4192	4173	4192	
4269	4215	4157	4215	
4299	4247	4176	4247	
4322	4278	4184	4278	
4387	4320	4221	4320	
4408	4344	4226	4344	
4483	4401	4267	4401	
4538	4439	4280	4439	
4597	4471	4300	4471	
4623	4514	4328	4514	
4666	4560	4333	4560	
4760	4629	4360	4629	
4871	4709	4311	4709	
4939	4758	4385	4758	
4898	4675	4352	4675	
4882	4671	4371	4671	
4832	4644	4387	4644	
4750	4615	4353	4615	
4695	4569	4345	4569	
4618	4508	4305	4508	
4574	4462	4267	4462	
4494	4411	4260	4411	
4450	4381	4241	4381	
4391	4330	4201	4330	
4335	4280	4184	4280	
4299	4240	4180	4240	
4247	4212	4158	4212	
4207	4192	4152	4192	
4172	4158	4136	4158	
4163	4140	4140	4140	
4140	4139	4143	4139	
4134	4126	4127	4126	
4114	4114	4116	4114	
4118	4118	4124	4118	
4127	4120	4121	4120	
4123	4132	4139	4132	
4154	4142	4112	4142	
4198	4159	4150	4159	
4226	4183	4141	4183	
4254	4212	4174	4212	
4287	4241	4169	4241	
4328	4275	4163	4275	
4371	4310	4194	4310	
4421	4349	4212	4349	
4475	4392	4279	4392	
4522	4429	4303	4429	
4578	4464	4325	4464	
4610	4510	4309	4510	
4684	4546	4331	4546	
4751	4613	4338	4613	
4836	4681	4330	4681	
4929	4755	4389	4755	
4887	4679	4385	4679	
4856	4692	4365	4692	
4815	4642	4377	4642	
4757	4622	4333	4622	
4665	4580	4346	4580	
4607	4506	4304	4506	
4561	4459	4274	4459	
4509	4409	4250	4409	
4443	4366	4226	4366	
4388	4317	4216	4317	
4343	4277	4193	4277	
4291	4242	4168	4242	
4252	4210	4161	4210	
4213	4190	4167	4190	
4190	4174	4144	4174	
4164	4146	4134	4146	
4138	4132	4135	4132	
4119	4120	4125	4120	
4104	4103	4104	4103	
4110	4107	4131	4107	
4126	4113	4122	4113	
4132	4123	4116	4123	
4154	4147	4145	4147	
4172	4156	4143	4156	
4202	4176	4140	4176	
4256	4206	4167	4206	
4277	4233	4178	4233	
4315	4259	4172	4259	
4365	4303	4217	4303	
4405	4338	4214	4338	
4452	4385	4261	4385	
4512	4417	4300	4417	
4579	4470	4297	4470	
4618	4507	4340	4507	
4683	4574	4342	4574	
4723	4594	4336	4594	
4831	4684	4316	4684	
4967	4760	4395	4760	
4892	4681	4389	4681	
4834	4673	4401	4673	
4793	4648	4377	4648	
4745	4623	4375	4623	
4693	4570	4366	4570	
4617	4503	4305	4503	
4590	4474	4303	4474	
4496	4429	4285	4429	
4440	4366	4235	4366	
4400	4319	4203	4319	
4345	4301	4210	4301	
4296	4251	4183	4251	
4271	4225	4202	4225	
4231	4200	4177	4200	
4187	4177	4166	4177	
4156	4144	4165	4144	
4145	4128	4151	4128	
4115	4112	4120	4112	
4096	4097	4121	4097	
4102	4110	4126	4110	
4117	4121	4124	4121	
4137	4125	4129	4125	
4140	4134	4134	4134	
4173	4148	4120	4148	
4191	4163	4140	4163	
4240	4202	4148	4202	
4262	4220	4177	4220	
4319	4265	4171	4265	
4368	4296	4215	4296	
4415	4335	4227	4335	
4460	4377	4250	4377	
4515	4411	4280	4411	
4563	4457	4288	4457	
4613	4514	4321	4514	
4684	4549	4326	4549	
4736	4607	4339	4607	
4811	4705	4372	4705	
4938	4775	4438	4775	
4894	4673	4387	4673	
4864	4680	4395	4680	
4812	4657	4385	4657	
4745	4620	4381	4620	
4692	4573	4342	4573	
4630	4512	4306	4512	
4578	4467	4297	4467	
4504	4413	4252	4413	
4442	4369	4229	4369	
4412	4341	4218	4341	
4354	4297	4194	4297	
4315	4261	4192	4261	
4269	4235	4196	4235	
4237	4218	4188	4218	
4208	4194	4176	4194	
4171	4157	4155	4157	
4147	4133	4162	4133	
4121	4105	4136	4105	
4111	4108	4135	4108	
4122	4103	4135	4103	
4119	4115	4119	4115	
4125	4114	4141	4114	
4170	4142	4142	4142	
4192	4165	4160	4165	
4213	4174	4146	4174	
4241	4186	4145	4186	
4260	4224	4166	4224	
4315	4255	4193	4255	
4360	4293	4210	4293	
4422	4350	4218	4350	
4456	4376	4254	4376	
4521	4418	4300	4418	
4577	4465	4319	4465	
4615	4507	4326	4507	
4664	4564	4369	4564	
4730	4597	4299	4597	
4823	4691	4340	4691	
4932	4779	4443	4779	
4884	4679	4394	4679	
4850	4661	4414	4661	
4819	4662	4392	4662	
4753	4625	4382	4625	
4696	4583	4355	4583	
4631	4522	4330	4522	
4598	4481	4300	4481	
4524	4412	4280	4412	
4466	4374	4243	4374	
4399	4339	4232	4339	
4363	4318	4207	4318	
4322	4275	4228	4275	
4282	4248	4210	4248	
4252	4235	4209	4235	
4210	4193	4201	4193	
4192	4177	4178	4177	
4175	4141	4158	4141	
4142	4132	4162	4132	
4139	4114	4148	4114	
4145	4122	4155	4122	
4156	4122	4141	4122	
4137	4129	4131	4129	
4171	4148	4144	4148	
4202	4167	4124	4167	
4226	4181	4156	4181	
4266	4210	4167	4210	
4310	4237	4160	4237	
4332	4253	4196	4253	
4362	4301	4201	4301	
4414	4345	4250	4345	
4444	4375	4247	4375	
4532	4430	4298	4430	
4584	4477	4322	4477	
4618	4517	4319	4517	
4688	4566	4322	4566	
4734	4607	4348	4607	
4835	4689	4314	4689	
4963	4790	4453	4790	
4921	4698	4417	4698	
4909	4694	4413	4694	
4853	4672	4408	4672	
4772	4627	4375	4627	
4728	4591	4356	4591	
4652	4539	4318	4539	
4588	4492	4315	4492	
4533	4429	4277	4429	
4484	4390	4257	4390	
4417	4341	4236	4341	
4373	4322	4223	4322	
4349	4281	4198	4281	
4295	4263	4189	4263	
4274	4246	4197	4246	
4229	4201	4198	4201	
4208	4187	4183	4187	
4199	4166	4187	4166	
4183	4160	4172	4160	
4167	4139	4156	4139	
4182	4139	4131	4139	
4157	4136	4156	4136	
4157	4131	4119	4131	
4172	4162	4150	4162	
4209	4167	4114	4167	
4250	4199	4153	4199	
4262	4220	4163	4220	
4321	4249	4200	4249	
4333	4281	4201	4281	
4386	4311	4217	4311	
4456	4351	4235	4351	
4484	4381	4276	4381	
4543	4437	4301	4437	
4601	4480	4330	4480	
4637	4524	4330	4524	
4711	4563	4368	4563	
4754	4620	4334	4620	
4825	4682	4335	4682	
4958	4783	4473	4783	
4917	4707	4430	4707	
4914	4700	4430	4700	
4855	4690	4435	4690	
4788	4639	4396	4639	
4734	4621	4395	4621	
4673	4544	4328	4544	
4634	4507	4318	4507	
4552	4460	4310	4460	
4508	4418	4253	4418	
4444	4375	4231	4375	
4419	4346	4253	4346	
4368	4311	4240	4311	
4331	4276	4213	4276	
4304	4258	4217	4258	
4274	4221	4204	4221	
4232	4195	4181	4195	
4217	4190	4205	4190	
4199	4174	4183	4174	
4181	4148	4163	4148	
4198	4152	4163	4152	
4185	4151	4179	4151	
4180	4152	4141	4152	
4212	4180	4165	4180	
4231	4195	4158	4195	
4254	4216	4161	4216	
4298	4228	4162	4228	
4335	4278	4183	4278	
4363	4288	4199	4288	
4411	4315	4236	4315	
4455	4360	4239	4360	
4506	4409	4286	4409	
4536	4447	4269	4447	
4615	4489	4308	4489	
4666	4526	4351	4526	
4689	4567	4330	4567	
4778	4625	4332	4625	
4868	4714	4379	4714	
4986	4791	4461	4791	
4973	4717	4452	4717	
4928	4697	4448	4697	
4888	4702	4447	4702	
4823	4679	4405	4679	
4757	4630	4392	4630	
4696	4576	4357	4576	
4648	4523	4332	4523	
4591	4485	4323	4485	
4545	4442	4276	4442	
4491	4390	4252	4390	
4417	4349	4244	4349	
4395	4327	4242	4327	
4369	4307	4213	4307	
4323	4277	4214	4277	
4300	4249	4195	4249	
4250	4212	4186	4212	
4251	4203	4198	4203	
4242	4201	4191	4201	
4195	4174	4186	4174	
4225	4174	4197	4174	
4195	4169	4168	4169	
4223	4171	4139	4171	
4249	4190	4167	4190	
4255	4207	4155	4207	
4276	4229	4175	4229	
4325	4251	4172	4251	
4340	4281	4210	4281	
4386	4307	4222	4307	
4443	4351	4227	4351	
4471	4394	4242	4394	
4538	4420	4280	4420	
4586	4466	4333	4466	
4616	4502	4327	4502	
4675	4543	4328	4543	
4727	4597	4352	4597	
4780	4641	4364	4641	
4865	4730	4369	4730	
4985	4813	4490	4813	
4971	4728	4457	4728	
4953	4723	4451	4723	
4902	4698	4455	4698	
4830	4696	4451	4696	
4798	4659	4439	4659	
4715	4589	4396	4589	
4676	4558	4369	4558	
4617	4508	4310	4508	
4541	4468	4306	4468	
4520	4419	4269	4419	
4450	4382	4251	4382	
4427	4359	4250	4359	
4373	4326	4241	4326	
4357	4295	4204	4295	
4323	4265	4224	4265	
4291	4227	4188	4227	
4269	4217	4215	4217	
4271	4218	4182	4218	
4248	4200	4193	4200	
4234	4199	4179	4199	
4232	4181	4169	4181	
4253	4197	4176	4197	
4268	4207	4167	4207	
4268	4227	4184	4227	
4309	4240	4196	4240	
4363	4291	4201	4291	
4380	4308	4202	4308	
4423	4334	4224	4334	
4467	4383	4265	4383	
4506	4404	4281	4404	
4553	4431	4292	4431	
4600	4478	4334	4478	
4646	4523	4338	4523	
4688	4566	4325	4566	
4730	4622	4350	4622	
4817	4665	4352	4665	
4908	4750	4363	4750	
5013	4842	4476	4842	
4988	4765	4473	4765	
4961	4749	4471	4749	
4927	4733	4466	4733	
4878	4717	4466	4717	
4829	4676	4426	4676	
4738	4616	4427	4616	
4723	4584	4357	4584	
4641	4543	4323	4543	
4594	4483	4300	4483	
4564	4452	4284	4452	
4501	4415	4255	4415	
4453	4379	4263	4379	
4424	4358	4236	4358	
4396	4314	4225	4314	
4361	4298	4237	4298	
4326	4258	4207	4258	
4290	4245	4215	4245	
4303	4244	4199	4244	
4272	4215	4198	4215	
4280	4216	4185	4216	
4284	4227	4176	4227	
4294	4223	4184	4223	
4308	4246	4166	4246	
4341	4255	4223	4255	
4352	4276	4215	4276	
4385	4311	4221	4311	
4408	4331	4210	4331	
4442	4357	4219	4357	
4491	4395	4273	4395	
4545	4433	4278	4433	
4580	4448	4295	4448	
4608	4490	4315	4490	
4658	4545	4355	4545	
4701	4581	4342	4581	
4766	4630	4360	4630	
4839	4689	4385	4689	
4919	4767	4385	4767	
5024	4881	4496	4881	
5006	4784	4464	4784	
4967	4780	4447	4780	
4931	4755	4464	4755	
4913	4739	4467	4739	
4876	4708	4445	4708	
4808	4657	4412	4657	
4765	4618	4384	4618	
4700	4578	4347	4578	
4636	4529	4335	4529	
4602	4490	4299	4490	
4549	4458	4270	4458	
4521	4412	4262	4412	
4461	4394	4263	4394	
4431	4352	4226	4352	
4409	4343	4225	4343	
4382	4305	4222	4305	
4367	4295	4202	4295	
4341	4276	4211	4276	
4327	4262	4199	4262	
4324	4257	4172	4257	
4335	4268	4203	4268	
4342	4258	4171	4258	
4365	4295	4207	4295	
4353	4284	4174	4284	
4368	4315	4230	4315	
4421	4334	4223	4334	
4460	4352	4229	4352	
4491	4385	4232	4385	
4522	4413	4258	4413	
4567	4446	4283	4446	
4625	4482	4287	4482	
4651	4515	4317	4515	
4718	4558	4359	4558	
4729	4597	4366	4597	
4791	4660	4376	4660	
4862	4707	4361	4707	
4987	4816	4434	4816	
5057	4896	4534	4896	
5016	4812	4455	4812	
4976	4801	4465	4801	
4967	4771	4456	4771	
4915	4738	4454	4738	
4880	4716	4449	4716	
4817	4664	4404	4664	
4793	4634	4405	4634	
4745	4595	4373	4595	
4682	4562	4342	4562	
4640	4523	4324	4523	
4608	4490	4318	4490	
4549	4458	4261	4458	
4525	4429	4255	4429	
4492	4394	4260	4394	
4466	4355	4242	4355	
4412	4340	4189	4340	
4405	4331	4216	4331	
4410	4320	4187	4320	
4370	4302	4178	4302	
4373	4292	4191	4292	
4372	4304	4197	4304	
4368	4304	4206	4304	
4396	4310	4213	4310	
4430	4322	4215	4322	
4457	4363	4240	4363	
4492	4372	4244	4372	
4505	4392	4256	4392	
4542	4406	4263	4406	
4542	4442	4265	4442	
4618	4489	4264	4489	
4659	4509	4312	4509	
4684	4540	4333	4540	
4751	4574	4339	4574	
4795	4626	4349	4626	
4832	4679	4405	4679	
4908	4744	4368	4744	
5012	4840	4453	4840	
5108	4939	4520	4939	
5078	4849	4499	4849	
5009	4838	4453	4838	
4985	4801	4451	4801	
4947	4774	4458	4774	
4906	4726	4470	4726	
4864	4696	4430	4696	
4854	4657	4430	4657	
4769	4623	4418	4623	
4732	4590	4379	4590	
4693	4541	4343	4541	
4656	4526	4340	4526	
4614	4493	4289	4493	
4564	4467	4256	4467	
4538	4446	4248	4446	
4515	4384	4216	4384	
4477	4374	4207	4374	
4447	4359	4240	4359	
4456	4354	4209	4354	
4441	4334	4194	4334	
4436	4340	4207	4340	
4430	4337	4219	4337	
4453	4347	4212	4347	
4451	4362	4221	4362	
4481	4370	4250	4370	
4510	4376	4232	4376	
4524	4400	4236	4400	
4554	4416	4253	4416	
4594	4449	4249	4449	
4613	4474	4306	4474	
4650	4513	4298	4513	
4694	4540	4310	4540	
4717	4571	4312	4571	
4773	4617	4328	4617	
4817	4659	4376	4659	
4902	4719	4388	4719	
4940	4792	4443	4792	
5090	4906	4494	4906	
5154	5000	4554	5000	
5103	4885	4460	4885	
5054	4854	4449	4854	
5009	4807	4452	4807	
4985	4793	4449	4793	
4937	4747	4416	4747	
4892	4713	4415	4713	
4883	4686	4384	4686	
4814	4650	4394	4650	
4780	4611	4354	4611	
4738	4589	4342	4589	
4690	4540	4302	4540	
4664	4532	4301	4532	
4614	4489	4253	4489	
4598	4469	4245	4469	
4567	4438	4221	4438	
4531	4408	4198	4408	
4522	4406	4220	4406	
4510	4387	4196	4387	
4485	4369	4188	4369	
4491	4373	4194	4373	
4484	4367	4199	4367	
4501	4376	4180	4376	
4501	4384	4209	4384	
4530	4397	4232	4397	
4546	4420	4232	4420	
4596	4430	4238	4430	
4593	4463	4254	4463	
4634	4482	4241	4482	
4664	4497	4270	4497	
4703	4513	4290	4513	
4731	4561	4312	4561	
4791	4582	4332	4582	
4822	4630	4353	4630	
4854	4675	4361	4675	
4946	4758	4410	4758	
5003	4832	4440	4832	
5153	4992	4547	4992	
5359	5155	4658	5155	
5232	5020	4571	5020	
5153	4939	4545	4939	
5108	4918	4513	4918	
5050	4872	4501	4872	
5011	4834	4488	4834	
4961	4794	4493	4794	
4954	4767	4479	4767	
4950	4750	4437	4750	
4862	4699	4440	4699	
4881	4685	4390	4685	
4803	4655	4385	4655	
4766	4629	4382	4629	
4735	4596	4350	4596	
4701	4577	4323	4577	
4670	4532	4278	4532	
4621	4513	4280	4513	
4648	4494	4287	4494	
4639	4496	4269	4496	
4615	4459	4242	4459	
4621	4469	4285	4469	
4602	4462	4274	4462	
4619	4465	4278	4465	
4603	4474	4282	4474	
4637	4517	4292	4517	
4633	4520	4316	4520	
4702	4526	4339	4526	
4736	4555	4315	4555	
4724	4571	4327	4571	
4771	4607	4347	4607	
4839	4621	4356	4621	
4832	4628	4366	4628	
4891	4682	4418	4682	
4930	4713	4423	4713	
5016	4784	4455	4784	
5079	4866	4498	4866	
5156	4964	4559	4964	
5345	5147	4655	5147	
                                                                                                                                                                                                                                                                                                                                                                                                                                                                                                                                                                                                                                                                                                                                                                                                                                                                                                                                                                                                                                                                                                                                                                                                                                                                                                                                                                                                                                                                                                                                                                                                                                                                                                                                                                                                                                                                                                                                                                                                                                                                                                                                                                                                                                                                                                                                                                                                                                                                                                                                                                                                                                                                                                                                                                                                                                                                                                                                                                                                                                                                                                                                                                                                                                                                                                                                                                                                                                                                                                                                                                                                                                                                                                                                                                                                                                                                                                                                                                                                                                                                                                                    