  1.5536146e+002
  1.5536146e+002
  1.5536146e+002
  1.5536146e+002
  1.5536146e+002
  1.5536146e+002
  1.5536146e+002
  1.5536146e+002
  1.5536146e+002
  1.5536146e+002
  1.5536146e+002
  1.5536146e+002
  1.5536146e+002
  1.5536146e+002
  1.5572866e+002
  1.5768706e+002
  1.5964547e+002
  1.6160387e+002
  1.6356227e+002
  1.6552068e+002
  1.6747908e+002
  1.6943748e+002
  1.7139589e+002
  1.7335429e+002
  1.7531270e+002
  1.7727110e+002
  1.7922950e+002
  1.8118791e+002
  1.8314631e+002
  1.8510471e+002
  1.8706312e+002
  1.8902152e+002
  1.9097992e+002
  1.9293833e+002
  1.9489673e+002
  1.9685513e+002
  1.9881354e+002
  2.0077194e+002
  2.0273034e+002
  2.0468875e+002
  2.0664715e+002
  2.0860555e+002
  2.1056396e+002
  2.1252236e+002
  2.1448076e+002
  2.1643917e+002
  2.1839757e+002
  2.2035598e+002
  2.2231438e+002
  2.2427278e+002
  2.2623119e+002
  2.2818959e+002
  2.3014799e+002
  2.3210640e+002
  2.3406480e+002
  2.3602320e+002
  2.3798161e+002
  2.3994001e+002
  2.4189841e+002
  2.4385682e+002
  2.4581522e+002
  2.4777362e+002
  2.4973203e+002
  2.5169043e+002
  2.5364883e+002
  2.5560724e+002
  2.5756564e+002
  2.5952404e+002
  2.6148245e+002
  2.6344085e+002
  2.6539925e+002
  2.6735766e+002
  2.6931606e+002
  2.7127447e+002
  2.7323287e+002
  2.7519127e+002
  2.7714968e+002
  2.7910808e+002
  2.8106648e+002
  2.8302489e+002
  2.8498329e+002
  2.8694169e+002
  2.8890010e+002
  2.9085850e+002
  2.9281690e+002
  2.9477531e+002
  2.9673371e+002
  2.9869211e+002
  3.0065052e+002
  3.0260892e+002
  3.0456732e+002
  3.0652573e+002
  3.0848413e+002
  3.1044253e+002
  3.1240094e+002
  3.1435934e+002
  3.1631775e+002
  3.1827615e+002
  3.2023455e+002
  3.2219296e+002
  3.2415136e+002
  3.2610976e+002
  3.2806817e+002
  3.3002657e+002
  3.3198497e+002
  3.3394338e+002
  3.3590178e+002
  3.3786018e+002
  3.3981859e+002
  3.4177699e+002
  3.4373539e+002
  3.4569380e+002
  3.4765220e+002
  3.4961060e+002
  3.5156901e+002
  3.5352741e+002
  3.5548581e+002
  3.5744422e+002
  3.5940262e+002
  3.6136102e+002
  3.6331943e+002
  3.6527783e+002
  3.6723624e+002
  3.6919464e+002
  3.7115304e+002
  3.7311145e+002
  3.7506985e+002
  3.7702825e+002
  3.7898666e+002
  3.8094506e+002
  3.8290346e+002
  3.8486187e+002
  3.8682027e+002
  3.8877867e+002
  3.9073708e+002
  3.9269548e+002
  3.9465388e+002
  3.9661229e+002
  3.9857069e+002
  4.0052909e+002
  4.0248750e+002
  4.0444590e+002
  4.0640430e+002
  4.0836271e+002
  4.1032111e+002
  4.1227952e+002
  4.1423792e+002
  4.1619632e+002
  4.1815473e+002
  4.2011313e+002
  4.2207153e+002
  4.2402994e+002
  4.2598834e+002
  4.2794674e+002
  4.2990515e+002
  4.3186355e+002
  4.3382195e+002
  4.3578036e+002
  4.3773876e+002
  4.3969716e+002
  4.4165557e+002
  4.4361397e+002
  4.4557237e+002
  4.4753078e+002
  4.4948918e+002
  4.5144758e+002
  4.5340599e+002
  4.5536439e+002
  4.5732279e+002
  4.5928120e+002
  4.6123960e+002
  4.6319801e+002
  4.6515641e+002
  4.6711481e+002
  4.6785313e+002
  4.6357318e+002
  4.5929324e+002
  4.5501329e+002
  4.5073335e+002
  4.4645340e+002
  4.4217345e+002
  4.3789351e+002
  4.3361356e+002
  4.2933361e+002
  4.2505367e+002
  4.2077372e+002
  4.1649378e+002
  4.1221383e+002
  4.0793388e+002
  4.0365394e+002
  3.9937399e+002
  3.9509404e+002
  3.9081410e+002
  3.8653415e+002
  3.8225420e+002
  3.7797426e+002
  3.7369431e+002
  3.6941437e+002
  3.6513442e+002
  3.6085447e+002
  3.5657453e+002
  3.5229458e+002
  3.4801463e+002
  3.4373469e+002
  3.3945474e+002
  3.3517480e+002
  3.3089485e+002
  3.2661490e+002
  3.2233496e+002
  3.1805501e+002
  3.1377506e+002
  3.0949512e+002
  3.0521517e+002
  3.0093522e+002
  2.9665528e+002
  2.9237533e+002
  2.8809539e+002
  2.8381544e+002
  2.7953549e+002
  2.7525555e+002
  2.7097560e+002
  2.6669565e+002
  2.6241571e+002
  2.5813576e+002
  2.5385582e+002
  2.4957587e+002
  2.4529592e+002
  2.4101598e+002
  2.3673603e+002
  2.3245608e+002
  2.2817614e+002
  2.2389619e+002
  2.1961624e+002
  2.1533630e+002
  2.1105635e+002
  2.0677641e+002
  2.0249646e+002
  1.9821651e+002
  1.9393657e+002
  1.8965662e+002
  1.8537667e+002
  1.8109673e+002
  1.7681678e+002
  1.7253684e+002
  1.6825689e+002
  1.6397694e+002
  1.5969700e+002
  1.5541705e+002
  1.5113710e+002
  1.4685716e+002
  1.4257721e+002
  1.3829726e+002
  1.3401732e+002
  1.2973737e+002
  1.2545743e+002
  1.2117748e+002
