 988	 988	 988	 988	
6222	5619	5197	5619	
5977	5479	5129	5479	
5817	5357	5074	5357	
5653	5232	4986	5232	
5444	5130	4962	5130	
5324	5043	4861	5043	
5216	4957	4830	4957	
5106	4880	4779	4880	
5026	4809	4741	4809	
4926	4737	4614	4737	
4847	4703	4602	4703	
4792	4644	4550	4644	
4720	4600	4483	4600	
4684	4550	4397	4550	
4645	4509	4461	4509	
4601	4498	4366	4498	
4582	4450	4389	4450	
4585	4471	4362	4471	
4592	4442	4350	4442	
4593	4443	4354	4443	
4580	4461	4395	4461	
4610	4484	4414	4484	
4651	4527	4434	4527	
4744	4564	4498	4564	
4763	4611	4481	4611	
4841	4648	4543	4648	
4897	4704	4565	4704	
4954	4746	4617	4746	
5036	4829	4720	4829	
5146	4899	4716	4899	
5235	4967	4810	4967	
5412	5092	4939	5092	
5575	5162	4992	5162	
5705	5303	5076	5303	
5874	5421	5128	5421	
6177	5595	5212	5595	
6403	5769	5419	5769	
6551	5902	5330	5902	
6034	5515	5230	5515	
5866	5318	5033	5318	
5697	5217	5023	5217	
5528	5118	4957	5118	
5363	5034	4942	5034	
5246	4927	4844	4927	
5105	4851	4738	4851	
5041	4772	4688	4772	
4936	4707	4636	4707	
4835	4641	4524	4641	
4774	4582	4506	4582	
4691	4529	4405	4529	
4649	4474	4387	4474	
4586	4439	4368	4439	
4555	4415	4360	4415	
4518	4385	4294	4385	
4502	4355	4294	4355	
4484	4345	4285	4345	
4484	4347	4296	4347	
4483	4343	4295	4343	
4483	4360	4327	4360	
4548	4390	4295	4390	
4563	4410	4372	4410	
4605	4464	4396	4464	
4665	4501	4448	4501	
4714	4532	4496	4532	
4787	4584	4528	4584	
4873	4635	4559	4635	
4933	4723	4623	4723	
5019	4794	4696	4794	
5139	4885	4766	4885	
5285	4957	4856	4957	
5435	5069	4975	5069	
5556	5151	5025	5151	
5734	5273	5126	5273	
5960	5427	5151	5427	
6199	5586	5280	5586	
6347	5729	5251	5729	
5944	5452	5127	5452	
5731	5270	5087	5270	
5613	5185	5065	5185	
5447	5094	4979	5094	
5277	4999	4944	4999	
5144	4905	4878	4905	
5054	4813	4752	4813	
4963	4720	4676	4720	
4866	4666	4631	4666	
4767	4588	4551	4588	
4673	4541	4537	4541	
4619	4489	4447	4489	
4583	4445	4412	4445	
4503	4397	4389	4397	
4456	4369	4342	4369	
4455	4340	4305	4340	
4417	4330	4303	4330	
4379	4296	4297	4296	
4383	4298	4247	4298	
4393	4304	4282	4304	
4422	4314	4316	4314	
4430	4317	4305	4317	
4465	4371	4335	4371	
4524	4409	4387	4409	
4591	4449	4432	4449	
4635	4501	4483	4501	
4703	4531	4521	4531	
4782	4601	4588	4601	
4874	4679	4606	4679	
4944	4759	4683	4759	
5065	4824	4780	4824	
5205	4932	4861	4932	
5323	5000	4918	5000	
5478	5116	5018	5116	
5641	5217	5100	5217	
5849	5377	5146	5377	
6010	5485	5264	5485	
6241	5670	5262	5670	
5831	5384	5150	5384	
5685	5217	5064	5217	
5521	5146	5045	5146	
5351	5018	4952	5018	
5204	4955	4881	4955	
5083	4859	4826	4859	
4977	4777	4728	4777	
4878	4685	4677	4685	
4768	4606	4652	4606	
4675	4541	4545	4541	
4619	4486	4458	4486	
4510	4405	4398	4405	
4476	4379	4372	4379	
4422	4345	4317	4345	
4384	4314	4309	4314	
4331	4282	4296	4282	
4319	4263	4253	4263	
4319	4241	4265	4241	
4296	4247	4224	4247	
4310	4239	4254	4239	
4327	4258	4246	4258	
4348	4271	4278	4271	
4377	4296	4314	4296	
4433	4338	4344	4338	
4482	4379	4366	4379	
4549	4415	4432	4415	
4608	4475	4458	4475	
4674	4526	4523	4526	
4760	4619	4595	4619	
4862	4702	4648	4702	
4983	4765	4738	4765	
5105	4862	4829	4862	
5239	4956	4931	4956	
5345	5040	4962	5040	
5510	5166	5045	5166	
5725	5295	5149	5295	
5886	5421	5245	5421	
6088	5569	5261	5569	
5755	5325	5081	5325	
5605	5169	5005	5169	
5472	5074	5059	5074	
5316	5004	4952	5004	
5156	4904	4834	4904	
5021	4806	4790	4806	
4873	4726	4718	4726	
4803	4626	4605	4626	
4686	4560	4585	4560	
4616	4481	4493	4481	
4532	4422	4477	4422	
4445	4356	4368	4356	
4404	4322	4325	4322	
4358	4285	4280	4285	
4320	4249	4270	4249	
4284	4215	4209	4215	
4242	4210	4215	4210	
4257	4205	4200	4205	
4243	4192	4204	4192	
4245	4197	4208	4197	
4243	4205	4251	4205	
4280	4220	4214	4220	
4301	4255	4265	4255	
4358	4294	4323	4294	
4379	4318	4327	4318	
4457	4355	4418	4355	
4522	4403	4430	4403	
4624	4480	4470	4480	
4685	4554	4527	4554	
4779	4632	4613	4632	
4891	4703	4716	4703	
5022	4798	4787	4798	
5133	4871	4896	4871	
5272	4974	4942	4974	
5438	5094	4995	5094	
5603	5208	5128	5208	
5785	5331	5218	5331	
5967	5479	5127	5479	
5694	5266	5124	5266	
5549	5132	5020	5132	
5402	5021	5015	5021	
5267	4947	4947	4947	
5074	4850	4822	4850	
4938	4756	4772	4756	
4824	4644	4681	4644	
4733	4568	4580	4568	
4628	4501	4521	4501	
4541	4425	4441	4425	
4464	4367	4390	4367	
4391	4313	4338	4313	
4340	4282	4258	4282	
4292	4246	4238	4246	
4246	4198	4203	4198	
4222	4184	4182	4184	
4195	4157	4174	4157	
4180	4156	4164	4156	
4186	4139	4177	4139	
4184	4148	4181	4148	
4189	4155	4164	4155	
4207	4167	4207	4167	
4242	4210	4241	4210	
4282	4235	4267	4235	
4333	4267	4276	4267	
4389	4297	4310	4297	
4458	4362	4406	4362	
4535	4412	4429	4412	
4614	4476	4503	4476	
4709	4560	4577	4560	
4799	4641	4684	4641	
4933	4742	4753	4742	
5082	4826	4851	4826	
5192	4915	4868	4915	
5360	5035	5034	5035	
5539	5142	5079	5142	
5725	5243	5116	5243	
5852	5395	5151	5395	
5672	5233	5127	5233	
5474	5074	4985	5074	
5333	4996	4954	4996	
5201	4899	4876	4899	
5050	4813	4831	4813	
4886	4718	4711	4718	
4804	4613	4620	4613	
4695	4541	4601	4541	
4587	4457	4473	4457	
4488	4379	4418	4379	
4403	4321	4377	4321	
4339	4276	4302	4276	
4278	4225	4227	4225	
4235	4200	4191	4200	
4195	4152	4165	4152	
4154	4140	4134	4140	
4154	4135	4136	4135	
4130	4096	4141	4096	
4127	4111	4157	4111	
4145	4118	4134	4118	
4150	4128	4158	4128	
4159	4134	4174	4134	
4203	4150	4183	4150	
4233	4190	4196	4190	
4281	4216	4244	4216	
4340	4262	4284	4262	
4394	4311	4330	4311	
4468	4367	4404	4367	
4552	4453	4479	4453	
4647	4511	4547	4511	
4746	4592	4623	4592	
4873	4670	4681	4670	
4990	4778	4818	4778	
5149	4881	4875	4881	
5299	4981	4923	4981	
5484	5087	5049	5087	
5643	5187	5115	5187	
5803	5317	5091	5317	
5584	5177	5109	5177	
5408	5029	4967	5029	
5291	4957	4923	4957	
5122	4867	4816	4867	
4973	4774	4805	4774	
4852	4659	4630	4659	
4722	4578	4595	4578	
4641	4478	4552	4478	
4536	4426	4453	4426	
4431	4335	4375	4335	
4356	4291	4320	4291	
4296	4246	4262	4246	
4232	4194	4212	4194	
4175	4150	4174	4150	
4167	4144	4134	4144	
4125	4125	4096	4125	
4123	4119	4141	4119	
4135	4116	4126	4116	
4120	4117	4141	4117	
4129	4117	4180	4117	
4136	4121	4150	4121	
4143	4115	4161	4115	
4160	4126	4162	4126	
4184	4156	4192	4156	
4223	4174	4233	4174	
4282	4222	4282	4222	
4353	4274	4309	4274	
4426	4328	4364	4328	
4503	4391	4421	4391	
4586	4464	4508	4464	
4711	4562	4553	4562	
4815	4630	4702	4630	
4944	4722	4737	4722	
5069	4839	4786	4839	
5230	4937	4895	4937	
5438	5051	5015	5051	
5554	5126	5067	5126	
5698	5257	5057	5257	
5516	5142	5098	5142	
5377	5014	4962	5014	
5252	4935	4920	4935	
5082	4844	4808	4844	
4964	4721	4762	4721	
4821	4650	4705	4650	
4715	4556	4564	4556	
4605	4468	4528	4468	
4498	4397	4427	4397	
4397	4330	4373	4330	
4326	4260	4267	4260	
4247	4209	4220	4209	
4193	4170	4207	4170	
4158	4148	4162	4148	
4142	4124	4117	4124	
4153	4136	4159	4136	
4128	4120	4176	4120	
4132	4129	4158	4129	
4128	4137	4135	4137	
4137	4132	4181	4132	
4145	4138	4209	4138	
4139	4128	4156	4128	
4155	4147	4162	4147	
4173	4138	4187	4138	
4193	4160	4189	4160	
4232	4201	4252	4201	
4304	4251	4272	4251	
4370	4287	4325	4287	
4461	4374	4350	4374	
4546	4441	4475	4441	
4646	4515	4543	4515	
4773	4586	4620	4586	
4909	4704	4714	4704	
5027	4788	4818	4788	
5189	4916	4906	4916	
5353	5005	5005	5005	
5503	5097	5083	5097	
5653	5223	5053	5223	
5497	5098	5065	5098	
5368	4979	4939	4979	
5217	4912	4872	4912	
5044	4816	4805	4816	
4922	4715	4755	4715	
4799	4630	4647	4630	
4667	4535	4578	4535	
4574	4448	4480	4448	
4463	4373	4409	4373	
4371	4311	4305	4311	
4301	4244	4278	4244	
4233	4207	4214	4207	
4180	4154	4181	4154	
4162	4134	4165	4134	
4140	4125	4165	4125	
4154	4138	4175	4138	
4150	4157	4197	4157	
4144	4149	4168	4149	
4135	4141	4156	4141	
4149	4143	4181	4143	
4133	4130	4213	4130	
4144	4146	4175	4146	
4163	4142	4202	4142	
4152	4151	4183	4151	
4173	4145	4182	4145	
4210	4170	4212	4170	
4259	4220	4231	4220	
4341	4282	4355	4282	
4412	4348	4382	4348	
4516	4423	4446	4423	
4616	4505	4528	4505	
4737	4597	4621	4597	
4876	4696	4716	4696	
5018	4777	4785	4777	
5150	4881	4877	4881	
5334	4994	4943	4994	
5473	5069	5008	5069	
5618	5165	5051	5165	
5419	5117	5001	5117	
5310	4977	4917	4977	
5210	4889	4903	4889	
5058	4798	4811	4798	
4911	4692	4783	4692	
4762	4619	4652	4619	
4633	4524	4563	4524	
4551	4424	4479	4424	
4454	4372	4407	4372	
4352	4284	4307	4284	
4272	4230	4270	4230	
4204	4183	4206	4183	
4167	4150	4167	4150	
4156	4153	4178	4153	
4158	4155	4195	4155	
4127	4139	4173	4139	
4158	4138	4204	4138	
4141	4157	4169	4157	
4137	4162	4155	4162	
4142	4143	4206	4143	
4152	4165	4201	4165	
4153	4147	4199	4147	
4139	4149	4162	4149	
4155	4150	4196	4150	
4156	4137	4195	4137	
4186	4166	4227	4166	
4245	4200	4268	4200	
4312	4255	4298	4255	
4416	4328	4352	4328	
4493	4400	4444	4400	
4587	4477	4493	4477	
4719	4576	4641	4576	
4852	4660	4675	4660	
4975	4745	4781	4745	
5116	4853	4895	4853	
5318	4963	4954	4963	
5458	5065	5009	5065	
5596	5152	5099	5152	
5423	5071	4956	5071	
5279	4947	4908	4947	
5180	4887	4855	4887	
5028	4768	4801	4768	
4888	4692	4752	4692	
4747	4595	4602	4595	
4642	4494	4539	4494	
4542	4432	4494	4432	
4436	4337	4405	4337	
4331	4277	4307	4277	
4264	4217	4223	4217	
4195	4168	4194	4168	
4160	4150	4157	4150	
4152	4153	4183	4153	
4145	4144	4192	4144	
4148	4161	4205	4161	
4130	4154	4207	4154	
4136	4158	4174	4158	
4130	4147	4193	4147	
4133	4147	4194	4147	
4139	4146	4182	4146	
4141	4153	4188	4153	
4137	4162	4218	4162	
4169	4160	4197	4160	
4137	4137	4196	4137	
4179	4148	4201	4148	
4208	4182	4203	4182	
4295	4243	4269	4243	
4367	4314	4343	4314	
4471	4397	4434	4397	
4563	4460	4530	4460	
4698	4543	4552	4543	
4829	4648	4671	4648	
4961	4750	4770	4750	
5101	4839	4880	4839	
5271	4943	4947	4943	
5438	5031	5047	5031	
5542	5151	4989	5151	
5427	5081	4989	5081	
5273	4925	4892	4925	
5166	4866	4858	4866	
5017	4785	4819	4785	
4848	4675	4683	4675	
4731	4586	4637	4586	
4633	4490	4543	4490	
4533	4423	4472	4423	
4406	4328	4378	4328	
4321	4250	4281	4250	
4277	4220	4263	4220	
4190	4180	4231	4180	
4154	4153	4185	4153	
4162	4164	4193	4164	
4143	4159	4178	4159	
4140	4156	4162	4156	
4123	4146	4143	4146	
4119	4141	4158	4141	
4129	4132	4178	4132	
4110	4140	4160	4140	
4127	4153	4162	4153	
4151	4163	4189	4163	
4142	4148	4191	4148	
4135	4170	4194	4170	
4162	4159	4204	4159	
4176	4150	4221	4150	
4209	4182	4200	4182	
4269	4231	4276	4231	
4348	4300	4351	4300	
4461	4366	4391	4366	
4565	4442	4517	4442	
4680	4531	4605	4531	
4804	4640	4672	4640	
4934	4730	4796	4730	
5063	4826	4845	4826	
5285	4961	4976	4961	
5429	5038	5052	5038	
5536	5154	5066	5154	
5421	5097	4982	5097	
5278	4935	4863	4935	
5167	4865	4842	4865	
4990	4783	4806	4783	
4863	4677	4723	4677	
4741	4592	4614	4592	
4621	4505	4586	4505	
4503	4403	4473	4403	
4414	4344	4386	4344	
4315	4259	4291	4259	
4252	4205	4236	4205	
4179	4160	4168	4160	
4158	4150	4165	4150	
4150	4152	4197	4152	
4139	4164	4191	4164	
4141	4152	4169	4152	
4121	4155	4172	4155	
4111	4142	4194	4142	
4096	4129	4150	4129	
4101	4138	4155	4138	
4104	4133	4176	4133	
4119	4143	4167	4143	
4132	4149	4173	4149	
4132	4166	4198	4166	
4140	4149	4192	4149	
4152	4150	4181	4150	
4205	4184	4194	4184	
4271	4232	4213	4232	
4352	4290	4331	4290	
4433	4357	4421	4357	
4540	4442	4497	4442	
4672	4530	4591	4530	
4787	4622	4664	4622	
4924	4742	4758	4742	
5075	4826	4856	4826	
5277	4967	4957	4967	
5448	5036	4995	5036	
5531	5135	5071	5135	
5400	5099	5040	5099	
5273	4934	4892	4934	
5146	4868	4869	4868	
5021	4767	4809	4767	
4861	4690	4719	4690	
4737	4598	4637	4598	
4632	4508	4548	4508	
4537	4426	4453	4426	
4414	4333	4432	4333	
4320	4273	4305	4273	
4260	4207	4263	4207	
4174	4182	4191	4182	
4154	4147	4173	4147	
4156	4163	4188	4163	
4143	4168	4163	4168	
4136	4156	4184	4156	
4118	4149	4182	4149	
4103	4141	4160	4141	
4100	4135	4198	4135	
4100	4125	4186	4125	
4123	4154	4166	4154	
4106	4137	4204	4137	
4136	4147	4172	4147	
4128	4148	4192	4148	
4146	4140	4171	4140	
4142	4135	4177	4135	
4192	4169	4215	4169	
4279	4227	4283	4227	
4363	4293	4322	4293	
4451	4381	4402	4381	
4546	4434	4478	4434	
4667	4534	4572	4534	
4801	4633	4656	4633	
4931	4730	4741	4730	
5044	4823	4865	4823	
5288	4974	4984	4974	
5435	5042	5009	5042	
5528	5144	5003	5144	
5406	5099	5029	5099	
5289	4950	4873	4950	
5172	4866	4867	4866	
5034	4797	4819	4797	
4899	4704	4744	4704	
4773	4622	4650	4622	
4630	4511	4529	4511	
4536	4431	4469	4431	
4411	4337	4368	4337	
4326	4289	4304	4289	
4265	4227	4247	4227	
4212	4185	4166	4185	
4169	4154	4168	4154	
4151	4160	4195	4160	
4159	4155	4196	4155	
4141	4157	4166	4157	
4128	4143	4189	4143	
4128	4158	4176	4158	
4109	4150	4190	4150	
4125	4142	4164	4142	
4101	4146	4212	4146	
4121	4130	4171	4130	
4125	4131	4182	4131	
4134	4163	4197	4163	
4123	4143	4170	4143	
4155	4155	4167	4155	
4199	4191	4183	4191	
4264	4241	4294	4241	
4361	4308	4342	4308	
4453	4382	4443	4382	
4551	4451	4517	4451	
4667	4538	4568	4538	
4784	4643	4714	4643	
4929	4731	4765	4731	
5084	4852	4873	4852	
5243	4932	4924	4932	
5401	4998	4992	4998	
5514	5100	4967	5100	
5455	5123	5064	5123	
5328	4986	4928	4986	
5212	4910	4923	4910	
5056	4800	4825	4800	
4920	4734	4738	4734	
4794	4646	4679	4646	
4660	4543	4578	4543	
4582	4458	4492	4458	
4453	4352	4422	4352	
4351	4297	4317	4297	
4285	4246	4299	4246	
4216	4190	4218	4190	
4168	4164	4185	4164	
4157	4158	4182	4158	
4148	4153	4179	4153	
4139	4158	4163	4158	
4138	4164	4187	4164	
4117	4134	4171	4134	
4136	4144	4183	4144	
4113	4141	4179	4141	
4117	4148	4169	4148	
4112	4134	4154	4134	
4144	4139	4179	4139	
4136	4145	4173	4145	
4127	4127	4183	4127	
4161	4166	4202	4166	
4237	4203	4241	4203	
4312	4251	4314	4251	
4378	4324	4380	4324	
4480	4392	4451	4392	
4603	4465	4500	4465	
4709	4569	4588	4569	
4811	4667	4688	4667	
4942	4732	4812	4732	
5116	4850	4882	4850	
5272	4946	4944	4946	
5433	5024	5009	5024	
5509	5117	5049	5117	
5501	5157	5032	5157	
5368	5001	4954	5001	
5244	4912	4972	4912	
5093	4817	4876	4817	
4959	4740	4792	4740	
4809	4662	4674	4662	
4694	4573	4637	4573	
4587	4484	4544	4484	
4489	4405	4455	4405	
4407	4330	4340	4330	
4327	4272	4326	4272	
4244	4219	4250	4219	
4202	4183	4215	4183	
4177	4170	4183	4170	
4143	4152	4171	4152	
4138	4159	4177	4159	
4145	4146	4163	4146	
4122	4148	4162	4148	
4134	4142	4161	4142	
4110	4139	4161	4139	
4119	4143	4184	4143	
4117	4134	4146	4134	
4124	4134	4172	4134	
4133	4147	4188	4147	
4136	4138	4168	4138	
4199	4178	4219	4178	
4259	4226	4264	4226	
4314	4278	4319	4278	
4427	4357	4412	4357	
4514	4416	4440	4416	
4602	4501	4574	4501	
4737	4581	4598	4581	
4848	4662	4750	4662	
4968	4758	4790	4758	
5149	4876	4881	4876	
5309	4984	4996	4984	
5440	5068	5019	5068	
5563	5157	5018	5157	
5541	5154	5111	5154	
5391	5043	5009	5043	
5323	4962	4938	4962	
5154	4867	4879	4867	
4979	4779	4814	4779	
4863	4726	4798	4726	
4725	4583	4629	4583	
4639	4513	4548	4513	
4529	4435	4455	4435	
4437	4356	4386	4356	
4354	4310	4319	4310	
4299	4250	4292	4250	
4232	4211	4223	4211	
4190	4198	4212	4198	
4164	4165	4220	4165	
4142	4158	4169	4158	
4140	4141	4159	4141	
4138	4158	4173	4158	
4130	4148	4191	4148	
4121	4142	4160	4142	
4147	4168	4205	4168	
4157	4173	4211	4173	
4162	4163	4182	4163	
4143	4153	4165	4153	
4192	4177	4219	4177	
4223	4209	4269	4209	
4292	4246	4279	4246	
4370	4302	4375	4302	
4458	4377	4423	4377	
4541	4438	4467	4438	
4654	4516	4526	4516	
4747	4599	4635	4599	
4895	4710	4770	4710	
5012	4777	4775	4777	
5179	4899	4921	4899	
5360	5017	4994	5017	
5475	5096	5064	5096	
5638	5201	5072	5201	
5605	5249	5170	5249	
5480	5097	5041	5097	
5358	5002	5025	5002	
5233	4933	4929	4933	
5063	4827	4872	4827	
4911	4732	4767	4732	
4799	4648	4683	4648	
4686	4562	4628	4562	
4582	4479	4545	4479	
4511	4408	4427	4408	
4408	4344	4359	4344	
4342	4305	4326	4305	
4286	4266	4253	4266	
4243	4214	4233	4214	
4197	4180	4177	4180	
4181	4167	4206	4167	
4139	4157	4169	4157	
4145	4139	4183	4139	
4155	4143	4180	4143	
4139	4145	4180	4145	
4149	4158	4196	4158	
4159	4165	4200	4165	
4184	4189	4225	4189	
4194	4179	4243	4179	
4214	4217	4254	4217	
4271	4242	4282	4242	
4343	4294	4367	4294	
4425	4360	4396	4360	
4500	4421	4466	4421	
4591	4495	4546	4495	
4697	4567	4601	4567	
4813	4645	4711	4645	
4948	4742	4814	4742	
5048	4831	4885	4831	
5234	4956	4955	4956	
5403	5036	5033	5036	
5570	5139	5100	5139	
5703	5245	5086	5245	
5697	5302	5120	5302	
5537	5142	5074	5142	
5441	5068	5070	5068	
5309	4961	5009	4961	
5142	4867	4934	4867	
4998	4787	4789	4787	
4856	4689	4749	4689	
4782	4610	4651	4610	
4667	4526	4568	4526	
4549	4443	4485	4443	
4499	4394	4449	4394	
4403	4334	4403	4334	
4342	4289	4321	4289	
4302	4258	4291	4258	
4256	4222	4256	4222	
4215	4202	4239	4202	
4180	4174	4233	4174	
4179	4169	4230	4169	
4173	4158	4203	4158	
4162	4164	4197	4164	
4196	4174	4190	4174	
4208	4182	4229	4182	
4227	4196	4255	4196	
4230	4210	4248	4210	
4284	4252	4309	4252	
4334	4289	4350	4289	
4399	4334	4409	4334	
4484	4387	4472	4387	
4553	4457	4522	4457	
4652	4542	4578	4542	
4755	4596	4651	4596	
4875	4695	4726	4695	
5022	4778	4854	4778	
5147	4874	4909	4874	
5285	4989	5061	4989	
5487	5082	5136	5082	
5637	5177	5150	5177	
5806	5301	5124	5301	
5757	5343	5165	5343	
5641	5197	5095	5197	
5513	5077	5092	5077	
5362	4989	5064	4989	
5210	4913	4954	4913	
5080	4832	4855	4832	
4946	4724	4807	4724	
4858	4656	4743	4656	
4739	4575	4640	4575	
4641	4492	4592	4492	
4567	4435	4499	4435	
4490	4391	4388	4391	
4420	4318	4387	4318	
4379	4317	4318	4317	
4336	4256	4316	4256	
4276	4235	4279	4235	
4283	4218	4246	4218	
4252	4200	4236	4200	
4236	4181	4233	4181	
4209	4187	4234	4187	
4237	4190	4218	4190	
4259	4196	4237	4196	
4276	4206	4270	4206	
4319	4260	4298	4260	
4367	4290	4341	4290	
4429	4342	4395	4342	
4467	4389	4427	4389	
4543	4431	4503	4431	
4628	4509	4537	4509	
4712	4554	4624	4554	
4837	4646	4709	4646	
4959	4752	4778	4752	
5110	4821	4855	4821	
5202	4907	4933	4907	
5372	5005	5068	5005	
5559	5136	5131	5136	
5717	5229	5168	5229	
5849	5344	5160	5344	
5850	5399	5180	5399	
5688	5240	5096	5240	
5584	5131	5131	5131	
5432	5068	5030	5068	
5290	4960	5032	4960	
5124	4881	4937	4881	
5007	4777	4847	4777	
4938	4693	4765	4693	
4806	4601	4686	4601	
4713	4536	4587	4536	
4647	4482	4519	4482	
4559	4440	4489	4440	
4499	4374	4414	4374	
4450	4348	4386	4348	
4404	4301	4364	4301	
4371	4262	4287	4262	
4309	4256	4281	4256	
4324	4253	4275	4253	
4300	4217	4264	4217	
4292	4207	4242	4207	
4295	4228	4296	4228	
4325	4232	4300	4232	
4348	4276	4319	4276	
4388	4294	4336	4294	
4428	4335	4375	4335	
4479	4375	4406	4375	
4545	4422	4503	4422	
4633	4469	4520	4469	
4723	4549	4573	4549	
4803	4612	4659	4612	
4892	4684	4706	4684	
5041	4769	4797	4769	
5155	4866	4889	4866	
5290	4968	4978	4968	
5445	5074	5107	5074	
5618	5182	5148	5182	
5822	5274	5187	5274	
5964	5409	5209	5409	
5943	5511	5265	5511	
5776	5299	5135	5299	
5676	5196	5185	5196	
5522	5093	5118	5093	
5354	5029	5039	5029	
5225	4924	4910	4924	
5104	4817	4834	4817	
4987	4749	4785	4749	
4881	4670	4676	4670	
4797	4604	4603	4604	
4725	4532	4573	4532	
4653	4478	4559	4478	
4578	4428	4452	4428	
4513	4389	4436	4389	
4489	4366	4366	4366	
4450	4327	4337	4327	
4411	4313	4368	4313	
4388	4286	4320	4286	
4366	4279	4338	4279	
4376	4283	4319	4283	
4383	4282	4300	4282	
4392	4298	4296	4298	
4432	4318	4376	4318	
4469	4358	4389	4358	
4509	4391	4440	4391	
4571	4432	4493	4432	
4626	4483	4510	4483	
4690	4517	4558	4517	
4780	4597	4613	4597	
4860	4657	4685	4657	
4985	4733	4786	4733	
5110	4829	4833	4829	
5215	4908	4975	4908	
5371	5003	5029	5003	
5554	5112	5144	5112	
5705	5238	5179	5238	
5921	5349	5289	5349	
6079	5455	5232	5455	
6077	5589	5290	5589	
5948	5355	5157	5355	
5779	5247	5215	5247	
5617	5155	5137	5155	
5446	5044	5053	5044	
5306	4963	4954	4963	
5194	4879	4923	4879	
5089	4768	4781	4768	
4967	4718	4709	4718	
4896	4664	4664	4664	
4812	4591	4578	4591	
4732	4529	4582	4529	
4655	4492	4497	4492	
4618	4456	4478	4456	
4603	4413	4463	4413	
4543	4382	4380	4382	
4496	4361	4437	4361	
4503	4355	4354	4355	
4482	4349	4373	4349	
4486	4348	4326	4348	
4491	4344	4357	4344	
4515	4357	4360	4357	
4518	4366	4410	4366	
4568	4407	4413	4407	
4605	4452	4466	4452	
4670	4484	4532	4484	
4698	4512	4539	4512	
4792	4575	4623	4575	
4885	4647	4650	4647	
4972	4715	4752	4715	
5077	4782	4769	4782	
5195	4875	4830	4875	
5329	4949	4929	4949	
5483	5056	5046	5056	
5647	5173	5165	5173	
5849	5290	5199	5290	
6048	5418	5330	5418	
6243	5562	5310	5562	
6129	5580	5128	5580	
5984	5451	5135	5451	
5841	5325	5060	5325	
5693	5212	5085	5212	
5500	5102	4928	5102	
5360	5020	4851	5020	
5217	4946	4826	4946	
5154	4853	4711	4853	
5046	4763	4641	4763	
4964	4704	4592	4704	
4884	4648	4585	4648	
4777	4617	4553	4617	
4734	4531	4428	4531	
4705	4523	4408	4523	
4636	4465	4343	4465	
4602	4446	4322	4446	
4578	4434	4305	4434	
4552	4396	4338	4396	
4544	4374	4286	4374	
4543	4387	4294	4387	
4525	4394	4294	4394	
4547	4415	4314	4415	
4561	4420	4375	4420	
4637	4467	4375	4467	
4691	4504	4391	4504	
4738	4526	4458	4526	
4800	4570	4500	4570	
4844	4633	4542	4633	
4957	4693	4569	4693	
5021	4755	4621	4755	
5120	4836	4688	4836	
5267	4912	4784	4912	
5377	5018	4860	5018	
5545	5106	4997	5106	
5703	5224	5029	5224	
5867	5374	5157	5374	
6113	5496	5213	5496	
6278	5651	5261	5651	
                                                                                                                                                                                                                                                                                                                                                                                                                                                                                                                                                                                                                                                                                                                                                                                                                                                                                                                                                                                                                                                                                                                                                                                                                                                                                                                                                                                                                                                                                                                                                                                                                                                                                                                                                                                                                                                                                                                                                                                                                                                                                                                                                                                                                                                                                                                                                                                                                                                                                                                                                                                                                                                                                                                                                                                                                                                                                                                                                                                                                                                                                                                                                                                                                                                                                                                                                                                                                                                                                                                                                                                                                                                                                                                                                                                                                                                                                                                                                                                                                                                                                                                    