  2.4750000e+001
  2.5875000e+001
  2.7000000e+001
  2.8125000e+001
  2.9250000e+001
  3.0312500e+001
  3.1437500e+001
  3.2500000e+001
  3.3562500e+001
  3.4687500e+001
  3.5750000e+001
  3.6812500e+001
  3.7875000e+001
  3.8937500e+001
  4.0000000e+001
  4.1062500e+001
  4.2125000e+001
  4.3187500e+001
  4.4250000e+001
  4.5250000e+001
  4.6312500e+001
  4.7312500e+001
  4.8375000e+001
  4.9375000e+001
  5.0375000e+001
  5.1437500e+001
  5.2437500e+001
  5.3437500e+001
  5.4437500e+001
  5.5437500e+001
  5.6437500e+001
  5.7375000e+001
  5.8375000e+001
  5.9375000e+001
  6.0312500e+001
  6.1312500e+001
  6.2250000e+001
  6.3250000e+001
  6.4187500e+001
  6.5125000e+001
  6.6125000e+001
  6.7062500e+001
  6.8000000e+001
  6.8937500e+001
  6.9875000e+001
  7.0812500e+001
  7.1687500e+001
  7.2625000e+001
  7.3562500e+001
  7.4437500e+001
  7.5375000e+001
  7.6250000e+001
  7.7187500e+001
  7.8062500e+001
  7.8937500e+001
  7.9812500e+001
  8.0687500e+001
  8.1562500e+001
  8.2437500e+001
  8.3312500e+001
  8.4187500e+001
  8.5062500e+001
  8.5875000e+001
  8.6750000e+001
  8.7625000e+001
  8.8437500e+001
  8.9250000e+001
  9.0125000e+001
  9.0937500e+001
  9.1750000e+001
  9.2562500e+001
  9.3375000e+001
  9.4187500e+001
  9.5000000e+001
  9.5812500e+001
  9.6625000e+001
  9.7437500e+001
  9.8187500e+001
  9.9000000e+001
  9.9750000e+001
  1.0056250e+002
  1.0131250e+002
  1.0206250e+002
  1.0287500e+002
  1.0362500e+002
  1.0437500e+002
  1.0512500e+002
  1.0587500e+002
  1.0662500e+002
  1.0737500e+002
  1.0806250e+002
  1.0881250e+002
  1.0956250e+002
  1.1025000e+002
  1.1100000e+002
  1.1168750e+002
  1.1237500e+002
  1.1312500e+002
  1.1381250e+002
  1.1450000e+002
  1.1518750e+002
  1.1587500e+002
  1.1656250e+002
  1.1725000e+002
  1.1793750e+002
  1.1856250e+002
  1.1925000e+002
  1.1993750e+002
  1.2056250e+002
  1.2125000e+002
  1.2187500e+002
  1.2250000e+002
  1.2312500e+002
  1.2381250e+002
  1.2443750e+002
  1.2506250e+002
  1.2568750e+002
  1.2631250e+002
  1.2687500e+002
  1.2750000e+002
  1.2812500e+002
  1.2868750e+002
  1.2931250e+002
  1.2987500e+002
  1.3050000e+002
  1.3106250e+002
  1.3168750e+002
  1.3225000e+002
  1.3281250e+002
  1.3337500e+002
  1.3393750e+002
  1.3450000e+002
  1.3506250e+002
  1.3556250e+002
  1.3612500e+002
  1.3668750e+002
  1.3718750e+002
  1.3775000e+002
  1.3825000e+002
  1.3881250e+002
  1.3931250e+002
  1.3981250e+002
  1.4031250e+002
  1.4087500e+002
  1.4137500e+002
  1.4187500e+002
  1.4231250e+002
  1.4281250e+002
  1.4331250e+002
  1.4381250e+002
  1.4425000e+002
  1.4475000e+002
  1.4518750e+002
  1.4568750e+002
  1.4612500e+002
  1.4656250e+002
  1.4706250e+002
  1.4750000e+002
  1.4793750e+002
  1.4837500e+002
  1.4881250e+002
  1.4925000e+002
  1.4962500e+002
  1.5006250e+002
  1.5050000e+002
  1.5087500e+002
  1.5131250e+002
  1.5168750e+002
  1.5212500e+002
  1.5250000e+002
  1.5287500e+002
  1.5331250e+002
  1.5368750e+002
  1.5406250e+002
  1.5443750e+002
  1.5481250e+002
  1.5512500e+002
  1.5550000e+002
  1.5587500e+002
  1.5618750e+002
  1.5656250e+002
  1.5687500e+002
  1.5725000e+002
  1.5756250e+002
  1.5793750e+002
  1.5825000e+002
  1.5856250e+002
  1.5887500e+002
  1.5918750e+002
  1.5950000e+002
  1.5981250e+002
  1.6012500e+002
  1.6037500e+002
  1.6068750e+002
  1.6100000e+002
  1.6125000e+002
  1.6156250e+002
  1.6181250e+002
  1.6206250e+002
  1.6237500e+002
  1.6262500e+002
  1.6287500e+002
  1.6312500e+002
  1.6337500e+002
  1.6362500e+002
  1.6387500e+002
  1.6406250e+002
  1.6431250e+002
  1.6456250e+002
  1.6475000e+002
  1.6500000e+002
  1.6518750e+002
  1.6537500e+002
  1.6562500e+002
  1.6581250e+002
  1.6600000e+002
  1.6618750e+002
  1.6637500e+002
  1.6656250e+002
  1.6675000e+002
  1.6693750e+002
  1.6712500e+002
  1.6725000e+002
  1.6743750e+002
  1.6756250e+002
  1.6775000e+002
  1.6787500e+002
  1.6806250e+002
  1.6818750e+002
  1.6831250e+002
  1.6843750e+002
  1.6856250e+002
  1.6868750e+002
  1.6881250e+002
  1.6893750e+002
  1.6906250e+002
  1.6912500e+002
  1.6925000e+002
  1.6937500e+002
  1.6943750e+002
  1.6950000e+002
  1.6962500e+002
  1.6968750e+002
  1.6975000e+002
  1.6987500e+002
  1.6993750e+002
  1.7000000e+002
  1.7006250e+002
  1.7006250e+002
  1.7012500e+002
  1.7018750e+002
  1.7025000e+002
  1.7025000e+002
  1.7031250e+002
  1.7031250e+002
  1.7037500e+002
