2704	2704	2704	2704	
11907	11598	11102	11598	
11488	11116	10624	11116	
11092	10824	10367	10824	
10746	10466	10056	10466	
10371	10072	9678	10072	
9968	9684	9304	9684	
9591	9311	8939	9311	
9230	8983	8626	8983	
8916	8654	8320	8654	
8585	8364	8041	8364	
8296	8054	7804	8054	
8075	7837	7571	7837	
7825	7603	7359	7603	
7607	7398	7173	7398	
7445	7248	7020	7248	
7283	7085	6866	7085	
7138	6943	6768	6943	
6998	6833	6684	6833	
6932	6735	6579	6735	
6838	6665	6501	6665	
6791	6570	6453	6570	
6707	6504	6402	6504	
6641	6445	6333	6445	
6632	6421	6308	6421	
6596	6392	6280	6392	
6561	6391	6278	6391	
6571	6378	6272	6378	
6588	6390	6263	6390	
6600	6403	6321	6403	
6639	6463	6343	6463	
6702	6514	6373	6514	
6747	6570	6408	6570	
6825	6653	6516	6653	
6916	6736	6586	6736	
7011	6855	6669	6855	
7156	6982	6778	6982	
7304	7092	6917	7092	
7413	7255	7035	7255	
7624	7440	7222	7440	
7790	7622	7387	7622	
8059	7850	7627	7850	
8273	8097	7822	8097	
8609	8362	8087	8362	
8895	8680	8375	8680	
9285	9038	8713	9038	
9602	9372	9019	9372	
9945	9736	9378	9736	
10338	10122	9714	10122	
10706	10466	10092	10466	
11063	10821	10416	10821	
11362	11131	10679	11131	
11798	11436	11051	11436	
11594	11270	10694	11270	
11178	10788	10306	10788	
10770	10442	9980	10442	
10416	10072	9623	10072	
10058	9677	9262	9677	
9642	9288	8900	9288	
9281	8926	8568	8926	
8893	8589	8231	8589	
8559	8261	7926	8261	
8263	7980	7681	7980	
7983	7722	7434	7722	
7783	7494	7224	7494	
7552	7294	7054	7294	
7354	7119	6874	7119	
7198	6947	6741	6947	
7053	6810	6613	6810	
6912	6683	6503	6683	
6794	6574	6404	6574	
6698	6471	6312	6471	
6610	6382	6237	6382	
6522	6317	6175	6317	
6469	6245	6115	6245	
6429	6208	6077	6208	
6379	6157	6033	6157	
6360	6130	6006	6130	
6337	6119	5998	6119	
6331	6121	5998	6121	
6348	6147	6019	6147	
6389	6164	6037	6164	
6394	6197	6059	6197	
6471	6254	6113	6254	
6518	6315	6172	6315	
6596	6389	6235	6389	
6692	6481	6317	6481	
6788	6585	6396	6585	
6896	6692	6512	6692	
7030	6822	6622	6822	
7152	6971	6767	6971	
7338	7128	6916	7128	
7542	7317	7078	7317	
7750	7528	7280	7528	
7977	7762	7476	7762	
8258	8030	7736	8030	
8581	8308	8009	8308	
8886	8626	8311	8626	
9226	8967	8633	8967	
9600	9348	8999	9348	
10006	9730	9334	9730	
10388	10105	9672	10105	
10763	10453	10035	10453	
11122	10801	10335	10801	
11518	11173	10713	11173	
11440	11100	10536	11100	
10940	10574	10086	10574	
10563	10196	9765	10196	
10133	9826	9398	9826	
9763	9435	9037	9435	
9365	9036	8681	9036	
8984	8676	8343	8676	
8625	8339	8008	8339	
8303	8027	7712	8027	
8034	7767	7471	7767	
7752	7498	7241	7498	
7555	7287	7042	7287	
7332	7097	6874	7097	
7142	6915	6710	6915	
6988	6763	6587	6763	
6846	6616	6453	6616	
6712	6502	6339	6502	
6603	6394	6253	6394	
6508	6298	6157	6298	
6426	6209	6072	6209	
6337	6136	6008	6136	
6276	6067	5950	6067	
6240	6015	5909	6015	
6175	5967	5872	5967	
6138	5945	5847	5945	
6131	5941	5838	5941	
6134	5940	5838	5940	
6147	5951	5849	5951	
6173	5976	5886	5976	
6196	6017	5903	6017	
6266	6072	5950	6072	
6331	6135	6008	6135	
6396	6210	6083	6210	
6484	6300	6157	6300	
6575	6394	6248	6394	
6699	6513	6347	6513	
6822	6641	6478	6641	
6948	6791	6603	6791	
7142	6951	6733	6951	
7320	7119	6900	7119	
7520	7314	7078	7314	
7733	7538	7282	7538	
8010	7794	7523	7794	
8262	8050	7770	8050	
8606	8369	8067	8369	
8942	8715	8394	8715	
9336	9089	8754	9089	
9724	9460	9116	9460	
10122	9853	9461	9853	
10568	10245	9843	10245	
10904	10595	10207	10595	
11325	11028	10541	11028	
11232	10985	10421	10985	
10763	10387	9947	10387	
10336	9997	9567	9997	
9940	9614	9210	9614	
9523	9222	8836	9222	
9129	8833	8467	8833	
8747	8455	8107	8455	
8401	8140	7813	8140	
8092	7844	7554	7844	
7796	7572	7308	7572	
7587	7339	7084	7339	
7341	7127	6902	7127	
7164	6940	6741	6940	
6993	6771	6565	6771	
6834	6630	6448	6630	
6702	6475	6326	6475	
6552	6350	6206	6350	
6438	6237	6112	6237	
6331	6142	6031	6142	
6241	6048	5954	6048	
6157	5970	5870	5970	
6094	5909	5822	5909	
6048	5868	5768	5868	
5992	5823	5741	5823	
5973	5800	5704	5800	
5959	5783	5711	5783	
5937	5782	5692	5782	
5985	5806	5710	5806	
6003	5822	5731	5822	
6055	5868	5780	5868	
6090	5920	5806	5920	
6150	5984	5872	5984	
6235	6062	5951	6062	
6321	6160	6031	6160	
6417	6256	6113	6256	
6545	6368	6217	6368	
6657	6503	6347	6503	
6806	6642	6469	6642	
6982	6797	6607	6797	
7126	6968	6746	6968	
7333	7163	6928	7163	
7568	7376	7138	7376	
7791	7595	7356	7595	
8053	7865	7608	7865	
8367	8172	7879	8172	
8750	8504	8202	8504	
9122	8889	8552	8889	
9508	9260	8909	9260	
9894	9658	9290	9658	
10341	10056	9666	10056	
10745	10442	10024	10442	
11131	10870	10409	10870	
11097	10812	10298	10812	
10593	10228	9763	10228	
10120	9794	9385	9794	
9686	9413	8993	9413	
9306	9020	8654	9020	
8899	8608	8255	8608	
8534	8277	7925	8277	
8206	7954	7637	7954	
7935	7671	7374	7671	
7639	7416	7148	7416	
7403	7185	6959	7185	
7203	6975	6758	6975	
6997	6811	6608	6811	
6820	6631	6450	6631	
6671	6472	6318	6472	
6541	6343	6200	6343	
6396	6213	6074	6213	
6267	6101	5984	6101	
6183	5999	5883	5999	
6072	5907	5806	5907	
5997	5823	5729	5823	
5920	5761	5670	5761	
5892	5712	5632	5712	
5835	5672	5589	5672	
5810	5643	5555	5643	
5804	5633	5552	5633	
5802	5632	5561	5632	
5802	5645	5565	5645	
5827	5672	5595	5672	
5878	5716	5633	5716	
5924	5768	5670	5768	
5983	5838	5744	5838	
6068	5912	5815	5912	
6157	6011	5894	6011	
6279	6121	5994	6121	
6384	6237	6090	6237	
6512	6365	6202	6365	
6644	6514	6323	6514	
6810	6669	6479	6669	
6986	6832	6630	6832	
7174	7017	6797	7017	
7384	7227	6970	7227	
7598	7440	7180	7440	
7874	7704	7422	7704	
8181	8000	7695	8000	
8525	8315	8012	8315	
8920	8696	8357	8696	
9287	9068	8713	9068	
9691	9470	9106	9470	
10129	9884	9476	9884	
10556	10284	9858	10284	
10946	10739	10283	10739	
10944	10661	10130	10661	
10386	10036	9579	10036	
9936	9624	9197	9624	
9473	9212	8790	9212	
9097	8813	8464	8813	
8688	8433	8070	8433	
8343	8087	7751	8087	
8013	7776	7451	7776	
7745	7502	7224	7502	
7486	7268	7019	7268	
7239	7042	6817	7042	
7041	6847	6616	6847	
6851	6673	6467	6673	
6686	6497	6312	6497	
6535	6345	6187	6345	
6382	6205	6063	6205	
6251	6080	5960	6080	
6125	5951	5850	5951	
6011	5843	5753	5843	
5913	5760	5671	5760	
5849	5681	5603	5681	
5770	5605	5536	5605	
5729	5565	5493	5565	
5674	5510	5456	5510	
5633	5490	5432	5490	
5634	5486	5414	5486	
5636	5476	5413	5476	
5645	5494	5432	5494	
5674	5522	5452	5522	
5709	5565	5479	5565	
5755	5626	5543	5626	
5825	5692	5601	5692	
5912	5765	5673	5765	
6009	5869	5757	5869	
6123	5977	5854	5977	
6252	6094	5956	6094	
6367	6230	6090	6230	
6509	6363	6218	6363	
6672	6525	6359	6525	
6844	6697	6501	6697	
7010	6878	6685	6878	
7231	7077	6848	7077	
7459	7290	7040	7290	
7721	7536	7280	7536	
8003	7822	7525	7822	
8327	8138	7820	8138	
8692	8487	8146	8487	
9054	8860	8540	8860	
9516	9271	8888	9271	
9956	9702	9330	9702	
10356	10114	9733	10114	
10852	10637	10151	10637	
10732	10493	9963	10493	
10218	9865	9397	9865	
9718	9428	9011	9428	
9270	9001	8622	9001	
8867	8615	8254	8615	
8499	8256	7894	8256	
8157	7908	7599	7908	
7841	7612	7310	7612	
7580	7338	7072	7338	
7322	7114	6871	7114	
7092	6898	6667	6898	
6896	6700	6495	6700	
6703	6529	6345	6529	
6536	6362	6193	6362	
6383	6205	6069	6205	
6234	6064	5934	6064	
6087	5930	5822	5930	
5970	5813	5711	5813	
5859	5706	5622	5706	
5761	5606	5531	5606	
5679	5530	5463	5530	
5619	5466	5405	5466	
5560	5410	5362	5410	
5508	5364	5309	5364	
5482	5338	5296	5338	
5484	5333	5284	5333	
5480	5328	5282	5328	
5484	5342	5285	5342	
5510	5374	5318	5374	
5550	5414	5357	5414	
5607	5475	5395	5475	
5690	5550	5475	5550	
5748	5627	5542	5627	
5870	5733	5652	5733	
5961	5842	5723	5842	
6098	5954	5841	5954	
6234	6105	5966	6105	
6368	6243	6100	6243	
6526	6401	6211	6401	
6703	6556	6379	6556	
6890	6743	6534	6743	
7073	6933	6711	6933	
7311	7154	6908	7154	
7547	7383	7132	7383	
7830	7663	7373	7663	
8135	7961	7653	7961	
8488	8287	7979	8287	
8872	8672	8329	8672	
9311	9080	8716	9080	
9754	9513	9118	9513	
10200	9928	9555	9928	
10663	10443	10019	10443	
10574	10311	9776	10311	
10023	9694	9262	9694	
9524	9241	8848	9241	
9097	8818	8440	8818	
8698	8433	8066	8433	
8322	8072	7731	8072	
7981	7756	7440	7756	
7695	7477	7181	7477	
7420	7204	6940	7204	
7187	6980	6752	6980	
6951	6773	6556	6773	
6754	6567	6379	6567	
6583	6409	6238	6409	
6385	6224	6080	6224	
6243	6078	5940	6078	
6098	5937	5819	5937	
5960	5803	5690	5803	
5828	5675	5599	5675	
5717	5562	5489	5562	
5620	5480	5412	5480	
5535	5387	5335	5387	
5460	5324	5271	5324	
5408	5265	5228	5265	
5364	5225	5183	5225	
5342	5208	5164	5208	
5319	5183	5138	5183	
5316	5188	5138	5188	
5330	5203	5160	5203	
5350	5226	5189	5226	
5400	5277	5232	5277	
5461	5335	5275	5335	
5528	5407	5350	5407	
5616	5491	5422	5491	
5717	5590	5503	5590	
5820	5703	5607	5703	
5959	5830	5723	5830	
6084	5969	5839	5969	
6250	6113	5969	6113	
6401	6272	6112	6272	
6559	6440	6259	6440	
6743	6620	6414	6620	
6948	6816	6601	6816	
7154	7026	6779	7026	
7400	7252	6999	7252	
7658	7505	7223	7505	
7960	7788	7498	7788	
8318	8130	7821	8130	
8678	8492	8163	8492	
9100	8889	8552	8889	
9563	9334	8962	9334	
10011	9759	9364	9759	
10537	10295	9869	10295	
10396	10145	9693	10145	
9836	9541	9097	9541	
9354	9087	8662	9087	
8934	8672	8293	8672	
8532	8275	7911	8275	
8162	7928	7589	7928	
7846	7608	7309	7608	
7573	7347	7045	7347	
7283	7084	6829	7084	
7052	6865	6633	6865	
6853	6664	6481	6664	
6658	6463	6282	6463	
6463	6300	6118	6300	
6275	6119	5977	6119	
6124	5962	5847	5962	
5956	5807	5717	5807	
5818	5673	5584	5673	
5697	5554	5475	5554	
5572	5443	5383	5443	
5480	5350	5290	5350	
5402	5271	5216	5271	
5329	5200	5152	5200	
5259	5141	5103	5141	
5220	5092	5058	5092	
5194	5065	5045	5065	
5184	5058	5021	5058	
5179	5055	5030	5055	
5196	5072	5050	5072	
5226	5103	5065	5103	
5258	5147	5104	5147	
5323	5209	5169	5209	
5392	5284	5231	5284	
5491	5372	5308	5372	
5579	5465	5385	5465	
5686	5574	5500	5574	
5816	5705	5605	5705	
5959	5843	5730	5843	
6108	5998	5861	5998	
6275	6159	6018	6159	
6448	6318	6161	6318	
6632	6512	6333	6512	
6820	6690	6487	6690	
7052	6903	6685	6903	
7266	7143	6895	7143	
7530	7380	7116	7380	
7819	7656	7381	7656	
8144	7979	7676	7979	
8548	8331	8002	8331	
8918	8733	8393	8733	
9395	9171	8811	9171	
9843	9627	9233	9627	
10352	10130	9679	10130	
10280	10001	9497	10001	
9675	9366	8947	9366	
9210	8921	8523	8921	
8761	8506	8109	8506	
8361	8121	7784	8121	
8016	7776	7458	7776	
7693	7488	7182	7488	
7419	7224	6947	7224	
7175	6977	6728	6977	
6933	6755	6537	6755	
6725	6554	6336	6554	
6525	6356	6185	6356	
6339	6173	6044	6173	
6156	6003	5872	6003	
5990	5843	5737	5843	
5826	5684	5590	5684	
5701	5554	5488	5554	
5561	5423	5351	5423	
5456	5322	5259	5322	
5343	5220	5179	5220	
5256	5134	5101	5134	
5185	5071	5035	5071	
5135	5013	4981	5013	
5081	4973	4935	4973	
5050	4937	4925	4937	
5045	4929	4910	4929	
5039	4928	4899	4928	
5052	4942	4921	4942	
5082	4974	4954	4974	
5125	5026	4987	5026	
5193	5088	5043	5088	
5265	5154	5107	5154	
5346	5238	5192	5238	
5445	5347	5291	5347	
5581	5465	5392	5465	
5682	5589	5501	5589	
5829	5726	5621	5726	
5988	5882	5757	5882	
6175	6047	5916	6047	
6338	6220	6058	6220	
6533	6399	6218	6399	
6720	6594	6399	6594	
6922	6791	6581	6791	
7158	7017	6780	7017	
7387	7248	7004	7248	
7694	7526	7244	7526	
8019	7846	7546	7846	
8348	8181	7854	8181	
8774	8578	8241	8578	
9243	9006	8647	9006	
9716	9464	9060	9464	
10204	9975	9611	9975	
10072	9834	9403	9834	
9515	9231	8785	9231	
9024	8758	8371	8758	
8612	8363	7977	8363	
8220	7998	7635	7998	
7868	7662	7359	7662	
7578	7360	7093	7360	
7299	7103	6849	7103	
7054	6872	6624	6872	
6817	6637	6431	6637	
6617	6448	6265	6448	
6411	6254	6074	6254	
6225	6067	5925	6067	
6040	5884	5771	5884	
5873	5725	5627	5725	
5713	5573	5487	5573	
5574	5437	5365	5437	
5443	5304	5254	5304	
5306	5194	5146	5194	
5209	5094	5069	5094	
5128	5020	4995	5020	
5058	4950	4919	4950	
4995	4887	4873	4887	
4939	4850	4823	4850	
4920	4817	4801	4817	
4902	4808	4793	4808	
4908	4810	4791	4810	
4923	4823	4806	4823	
4959	4857	4834	4857	
4999	4907	4882	4907	
5049	4960	4942	4960	
5125	5036	5002	5036	
5216	5127	5081	5127	
5332	5232	5181	5232	
5439	5347	5277	5347	
5570	5470	5405	5470	
5716	5614	5537	5614	
5863	5768	5658	5768	
6043	5937	5819	5937	
6223	6110	5959	6110	
6412	6310	6140	6310	
6597	6497	6301	6497	
6814	6698	6472	6698	
7050	6914	6679	6914	
7283	7151	6894	7151	
7577	7406	7124	7406	
7885	7724	7428	7724	
8233	8041	7746	8041	
8626	8432	8102	8432	
9086	8860	8509	8860	
9547	9328	8946	9328	
10109	9837	9400	9837	
9921	9720	9242	9720	
9353	9068	8648	9068	
8861	8620	8262	8620	
8472	8228	7862	8228	
8075	7864	7515	7864	
7753	7538	7217	7538	
7458	7262	6976	7262	
7191	7007	6747	7007	
6953	6763	6537	6763	
6722	6547	6349	6547	
6513	6352	6178	6352	
6297	6144	5999	6144	
6130	5971	5842	5971	
5919	5785	5673	5785	
5753	5621	5528	5621	
5596	5468	5405	5468	
5451	5321	5268	5321	
5300	5194	5147	5194	
5186	5086	5047	5086	
5092	4982	4960	4982	
5010	4905	4887	4905	
4929	4834	4810	4834	
4865	4776	4765	4776	
4824	4737	4721	4737	
4788	4704	4698	4704	
4776	4685	4675	4685	
4781	4698	4680	4698	
4790	4705	4697	4705	
4824	4743	4723	4743	
4878	4788	4772	4788	
4926	4856	4825	4856	
5009	4920	4886	4920	
5094	5017	4980	5017	
5206	5118	5076	5118	
5323	5235	5176	5235	
5464	5366	5296	5366	
5601	5518	5427	5518	
5762	5674	5569	5674	
5935	5844	5715	5844	
6107	6014	5878	6014	
6301	6204	6045	6204	
6494	6391	6210	6391	
6726	6597	6391	6597	
6948	6834	6581	6834	
7194	7062	6789	7062	
7448	7305	7034	7305	
7747	7590	7311	7590	
8103	7933	7599	7933	
8464	8296	7956	8296	
8934	8727	8364	8727	
9345	9176	8809	9176	
9888	9719	9282	9719	
9790	9606	9130	9606	
9236	8934	8524	8934	
8759	8494	8110	8494	
8350	8110	7738	8110	
7987	7760	7415	7760	
7637	7443	7140	7443	
7345	7170	6887	7170	
7099	6930	6680	6930	
6851	6683	6454	6683	
6631	6461	6270	6461	
6410	6247	6086	6247	
6211	6060	5909	6060	
6012	5874	5749	5874	
5819	5694	5591	5694	
5648	5520	5441	5520	
5484	5366	5306	5366	
5336	5228	5169	5228	
5212	5096	5058	5096	
5083	4984	4954	4984	
4981	4883	4865	4883	
4884	4801	4786	4801	
4812	4729	4709	4729	
4759	4677	4669	4677	
4714	4632	4623	4632	
4687	4608	4602	4608	
4677	4591	4584	4591	
4668	4594	4583	4594	
4680	4612	4603	4612	
4719	4645	4627	4645	
4754	4688	4674	4688	
4822	4751	4728	4751	
4902	4822	4794	4822	
4989	4915	4882	4915	
5092	5023	4986	5023	
5216	5133	5083	5133	
5347	5262	5201	5262	
5499	5411	5326	5411	
5666	5580	5479	5580	
5840	5737	5630	5737	
6009	5922	5789	5922	
6209	6122	5970	6122	
6415	6312	6130	6312	
6621	6514	6319	6514	
6836	6735	6516	6735	
7084	6969	6714	6969	
7357	7224	6955	7224	
7658	7507	7210	7507	
7987	7812	7509	7812	
8335	8189	7855	8189	
8789	8596	8243	8596	
9282	9049	8703	9049	
9776	9589	9136	9589	
9689	9473	8978	9473	
9117	8820	8400	8820	
8617	8380	7996	8380	
8209	8009	7653	8009	
7868	7654	7326	7654	
7541	7345	7031	7345	
7257	7069	6787	7069	
7004	6836	6576	6836	
6771	6597	6366	6597	
6523	6380	6187	6380	
6315	6159	5986	6159	
6101	5963	5829	5963	
5910	5781	5652	5781	
5726	5598	5504	5598	
5552	5432	5352	5432	
5380	5267	5214	5267	
5238	5131	5082	5131	
5091	4996	4961	4996	
4974	4889	4853	4889	
4871	4793	4775	4793	
4780	4705	4694	4705	
4718	4637	4623	4637	
4659	4586	4577	4586	
4606	4535	4540	4535	
4583	4515	4511	4515	
4566	4500	4496	4500	
4565	4498	4498	4498	
4581	4523	4516	4523	
4614	4547	4544	4547	
4664	4590	4591	4590	
4717	4656	4649	4656	
4794	4731	4709	4731	
4886	4819	4804	4819	
4985	4919	4889	4919	
5115	5040	4990	5040	
5246	5171	5112	5171	
5405	5322	5250	5322	
5545	5480	5398	5480	
5743	5659	5545	5659	
5912	5842	5711	5842	
6112	6027	5881	6027	
6326	6233	6068	6233	
6536	6438	6257	6438	
6747	6656	6443	6656	
6989	6888	6648	6888	
7260	7130	6861	7130	
7551	7418	7135	7418	
7872	7721	7404	7721	
8233	8075	7744	8075	
8654	8468	8143	8468	
9125	8927	8561	8927	
9614	9475	9048	9475	
9532	9334	8884	9334	
9014	8712	8276	8712	
8516	8287	7903	8287	
8115	7909	7531	7909	
7778	7576	7250	7576	
7455	7263	6969	7263	
7173	7005	6738	7005	
6922	6759	6501	6759	
6691	6509	6284	6509	
6448	6295	6121	6295	
6234	6095	5925	6095	
6019	5884	5750	5884	
5826	5701	5593	5701	
5639	5505	5421	5505	
5458	5341	5272	5341	
5294	5188	5141	5188	
5144	5047	5001	5047	
5005	4913	4874	4913	
4866	4791	4769	4791	
4770	4696	4681	4696	
4687	4616	4610	4616	
4618	4550	4546	4550	
4554	4492	4489	4492	
4514	4458	4460	4458	
4495	4430	4430	4430	
4484	4419	4426	4419	
4477	4420	4420	4420	
4503	4437	4434	4437	
4517	4465	4464	4465	
4574	4514	4504	4514	
4627	4564	4558	4564	
4691	4645	4625	4645	
4795	4729	4709	4729	
4894	4829	4806	4829	
5011	4947	4909	4947	
5162	5084	5020	5084	
5302	5234	5171	5234	
5461	5393	5317	5393	
5644	5564	5471	5564	
5830	5755	5630	5755	
6032	5955	5811	5955	
6241	6151	5992	6151	
6473	6372	6183	6372	
6685	6586	6371	6586	
6912	6812	6569	6812	
7166	7057	6793	7057	
7473	7335	7059	7335	
7746	7642	7324	7642	
8128	7967	7650	7967	
8543	8368	8020	8368	
8995	8823	8434	8823	
9519	9351	8924	9351	
9420	9259	8785	9259	
8867	8631	8191	8631	
8419	8190	7798	8190	
8026	7818	7465	7818	
7679	7495	7148	7495	
7365	7188	6888	7188	
7089	6925	6655	6925	
6861	6685	6451	6685	
6590	6447	6248	6447	
6381	6233	6039	6233	
6151	6013	5859	6013	
5933	5812	5684	5812	
5746	5618	5522	5618	
5541	5437	5355	5437	
5355	5264	5195	5264	
5195	5101	5057	5101	
5044	4959	4925	4959	
4912	4827	4803	4827	
4791	4718	4687	4718	
4678	4619	4604	4619	
4604	4535	4531	4535	
4539	4470	4465	4470	
4478	4422	4426	4422	
4425	4381	4378	4381	
4401	4352	4348	4352	
4392	4350	4346	4350	
4398	4351	4350	4351	
4403	4361	4360	4361	
4437	4391	4387	4391	
4479	4437	4432	4437	
4542	4496	4489	4496	
4607	4563	4553	4563	
4693	4648	4631	4648	
4806	4757	4723	4757	
4925	4876	4837	4876	
5066	4998	4952	4998	
5219	5146	5080	5146	
5369	5317	5238	5317	
5553	5491	5386	5491	
5750	5670	5571	5670	
5962	5884	5749	5884	
6172	6086	5917	6086	
6387	6292	6116	6292	
6609	6513	6295	6513	
6850	6741	6511	6741	
7097	6988	6724	6988	
7387	7260	6978	7260	
7671	7551	7231	7551	
8031	7906	7564	7906	
8428	8278	7925	8278	
8904	8727	8339	8727	
9417	9232	8853	9232	
9341	9159	8703	9159	
8795	8540	8115	8540	
8322	8102	7724	8102	
7946	7752	7398	7752	
7609	7428	7092	7428	
7303	7130	6822	7130	
7027	6862	6606	6862	
6793	6622	6394	6622	
6542	6389	6189	6389	
6309	6162	5987	6162	
6082	5945	5805	5945	
5872	5744	5627	5744	
5662	5548	5456	5548	
5477	5365	5288	5365	
5287	5194	5140	5194	
5122	5031	4979	5031	
4972	4885	4838	4885	
4830	4755	4726	4755	
4703	4635	4621	4635	
4605	4546	4533	4546	
4518	4460	4452	4460	
4457	4406	4396	4406	
4402	4356	4361	4356	
4354	4320	4319	4320	
4335	4292	4299	4292	
4323	4283	4290	4283	
4329	4289	4286	4289	
4345	4303	4302	4303	
4369	4339	4331	4339	
4414	4370	4369	4370	
4471	4430	4423	4430	
4530	4492	4483	4492	
4625	4577	4565	4577	
4722	4686	4658	4686	
4850	4796	4753	4796	
4983	4931	4895	4931	
5140	5080	5026	5080	
5311	5248	5176	5248	
5481	5420	5338	5420	
5679	5612	5491	5612	
5879	5812	5678	5812	
6093	6019	5873	6019	
6327	6231	6053	6231	
6549	6447	6232	6447	
6773	6695	6448	6695	
7060	6933	6675	6933	
7316	7200	6918	7200	
7593	7487	7178	7487	
7965	7826	7498	7826	
8340	8198	7845	8198	
8796	8639	8241	8639	
9343	9151	8737	9151	
9254	9071	8624	9071	
8719	8465	8040	8465	
8256	8039	7672	8039	
7870	7685	7342	7685	
7549	7357	7028	7357	
7257	7070	6773	7070	
6979	6807	6559	6807	
6714	6572	6333	6572	
6470	6335	6130	6335	
6248	6108	5934	6108	
6028	5895	5749	5895	
5808	5684	5579	5684	
5613	5489	5398	5489	
5407	5301	5224	5301	
5221	5129	5075	5129	
5043	4964	4914	4964	
4896	4815	4785	4815	
4763	4693	4670	4693	
4642	4580	4555	4580	
4536	4483	4475	4483	
4456	4400	4406	4400	
4391	4346	4347	4346	
4344	4303	4302	4303	
4300	4269	4268	4269	
4283	4248	4256	4248	
4269	4236	4235	4236	
4267	4232	4243	4232	
4279	4256	4251	4256	
4308	4278	4280	4278	
4347	4319	4322	4319	
4401	4375	4362	4375	
4463	4434	4420	4434	
4544	4513	4502	4513	
4648	4614	4590	4614	
4774	4733	4710	4733	
4908	4866	4832	4866	
5078	5020	4972	5020	
5234	5178	5113	5178	
5424	5363	5278	5363	
5617	5542	5442	5542	
5827	5747	5631	5747	
6031	5962	5816	5962	
6270	6183	6009	6183	
6477	6393	6194	6393	
6719	6644	6398	6644	
6974	6869	6629	6869	
7255	7141	6865	7141	
7540	7424	7119	7424	
7888	7750	7408	7750	
8292	8145	7770	8145	
8717	8568	8182	8568	
9254	9083	8683	9083	
9213	8998	8544	8998	
8642	8400	7976	8400	
8182	7980	7602	7980	
7818	7629	7261	7629	
7473	7303	6978	7303	
7175	7018	6728	7018	
6923	6757	6493	6757	
6667	6520	6287	6520	
6420	6288	6075	6288	
6188	6058	5886	6058	
5969	5838	5689	5838	
5742	5625	5517	5625	
5549	5433	5343	5433	
5345	5239	5169	5239	
5157	5073	5011	5073	
4977	4905	4859	4905	
4833	4762	4728	4762	
4687	4629	4607	4629	
4584	4523	4515	4523	
4476	4431	4426	4431	
4393	4354	4359	4354	
4330	4297	4294	4297	
4280	4255	4253	4255	
4241	4217	4225	4217	
4226	4200	4204	4200	
4226	4195	4197	4195	
4221	4196	4206	4196	
4226	4203	4213	4203	
4253	4227	4232	4227	
4291	4267	4265	4267	
4346	4318	4318	4318	
4407	4381	4367	4381	
4490	4459	4438	4459	
4596	4554	4533	4554	
4715	4676	4635	4676	
4849	4814	4776	4814	
5007	4957	4911	4957	
5180	5126	5061	5126	
5361	5308	5224	5308	
5550	5493	5388	5493	
5755	5695	5591	5695	
5988	5911	5763	5911	
6192	6124	5954	6124	
6437	6353	6165	6353	
6665	6582	6357	6582	
6905	6821	6579	6821	
7210	7089	6820	7089	
7472	7362	7053	7362	
7823	7696	7357	7696	
8203	8068	7715	8068	
8619	8489	8110	8489	
9172	9030	8591	9030	
9102	8944	8513	8944	
8563	8337	7913	8337	
8117	7921	7546	7921	
7774	7576	7221	7576	
7415	7262	6934	7262	
7130	6979	6679	6979	
6857	6720	6464	6720	
6616	6477	6243	6477	
6372	6236	6045	6236	
6138	6012	5851	6012	
5901	5793	5649	5793	
5693	5576	5448	5576	
5479	5385	5287	5385	
5279	5190	5118	5190	
5095	5020	4963	5020	
4922	4858	4820	4858	
4773	4711	4675	4711	
4629	4586	4571	4586	
4521	4476	4460	4476	
4427	4385	4385	4385	
4347	4315	4309	4315	
4282	4258	4262	4258	
4243	4214	4219	4214	
4203	4184	4190	4184	
4190	4170	4175	4170	
4178	4157	4171	4157	
4186	4162	4167	4162	
4187	4172	4180	4172	
4213	4195	4201	4195	
4248	4231	4227	4231	
4294	4281	4276	4281	
4353	4338	4323	4338	
4442	4414	4405	4414	
4539	4513	4491	4513	
4659	4633	4601	4633	
4787	4763	4724	4763	
4946	4912	4855	4912	
5125	5085	5006	5085	
5303	5260	5180	5260	
5502	5447	5343	5447	
5718	5663	5537	5663	
5925	5868	5727	5868	
6153	6095	5911	6095	
6393	6316	6109	6316	
6626	6549	6308	6549	
6878	6787	6527	6787	
7144	7048	6767	7048	
7423	7329	7024	7329	
7760	7644	7313	7644	
8152	8014	7642	8014	
8573	8429	8047	8429	
9074	8951	8535	8951	
9092	8887	8457	8887	
8540	8294	7857	8294	
8084	7893	7510	7893	
7719	7536	7178	7536	
7376	7221	6885	7221	
7097	6936	6639	6936	
6829	6684	6426	6684	
6575	6446	6210	6446	
6334	6200	6003	6200	
6100	5982	5816	5982	
5872	5755	5629	5755	
5636	5537	5423	5537	
5431	5344	5247	5344	
5240	5150	5073	5150	
5059	4975	4922	4975	
4883	4815	4775	4815	
4727	4670	4643	4670	
4595	4545	4524	4545	
4489	4444	4427	4444	
4388	4359	4349	4359	
4320	4284	4282	4284	
4255	4224	4222	4224	
4208	4185	4189	4185	
4178	4159	4173	4159	
4160	4141	4157	4141	
4154	4138	4146	4138	
4154	4136	4148	4136	
4163	4151	4159	4151	
4191	4168	4170	4168	
4216	4198	4203	4198	
4260	4248	4240	4248	
4328	4309	4290	4309	
4398	4384	4363	4384	
4502	4479	4454	4479	
4613	4592	4551	4592	
4755	4722	4680	4722	
4911	4874	4828	4874	
5084	5036	4980	5036	
5267	5223	5134	5223	
5467	5415	5318	5415	
5666	5619	5497	5619	
5883	5837	5689	5837	
6117	6058	5885	6058	
6357	6283	6085	6283	
6591	6515	6282	6515	
6844	6751	6496	6751	
7111	7017	6725	7017	
7379	7294	6986	7294	
7722	7616	7275	7616	
8106	7979	7625	7979	
8539	8387	8026	8387	
8998	8924	8459	8924	
9022	8846	8395	8846	
8490	8255	7851	8255	
8029	7850	7462	7850	
7678	7510	7158	7510	
7353	7201	6868	7201	
7065	6922	6631	6922	
6810	6657	6400	6657	
6549	6414	6183	6414	
6311	6182	5982	6182	
6076	5961	5792	5961	
5833	5723	5591	5723	
5622	5514	5399	5514	
5397	5316	5223	5316	
5205	5123	5049	5123	
5022	4944	4893	4944	
4851	4785	4744	4785	
4698	4642	4611	4642	
4568	4514	4494	4514	
4447	4413	4409	4413	
4361	4326	4321	4326	
4284	4256	4255	4256	
4231	4206	4212	4206	
4188	4165	4174	4165	
4159	4141	4141	4141	
4135	4120	4131	4120	
4135	4115	4129	4115	
4129	4116	4127	4116	
4140	4130	4137	4130	
4164	4158	4156	4158	
4195	4183	4179	4183	
4237	4225	4220	4225	
4294	4284	4280	4284	
4367	4350	4336	4350	
4472	4443	4414	4443	
4572	4552	4521	4552	
4711	4685	4646	4685	
4866	4837	4776	4837	
5030	5009	4944	5009	
5235	5189	5111	5189	
5435	5384	5285	5384	
5648	5592	5486	5592	
5869	5809	5680	5809	
6088	6018	5864	6018	
6302	6251	6052	6251	
6557	6495	6258	6495	
6795	6727	6490	6727	
7071	7000	6721	7000	
7348	7267	6966	7267	
7677	7600	7246	7600	
8060	7937	7582	7937	
8496	8362	7988	8362	
8967	8866	8448	8866	
8949	8818	8351	8818	
8430	8212	7801	8212	
7966	7817	7436	7817	
7632	7471	7103	7471	
7324	7163	6848	7163	
7017	6887	6591	6887	
6771	6636	6384	6636	
6518	6399	6142	6399	
6267	6158	5946	6158	
6046	5925	5766	5925	
5793	5702	5555	5702	
5581	5478	5367	5478	
5369	5287	5201	5287	
5177	5093	5025	5093	
4990	4922	4868	4922	
4816	4758	4716	4758	
4663	4610	4580	4610	
4531	4484	4454	4484	
4414	4387	4370	4387	
4329	4306	4295	4306	
4254	4233	4231	4233	
4202	4186	4189	4186	
4160	4151	4149	4151	
4130	4122	4122	4122	
4119	4106	4106	4106	
4110	4105	4107	4105	
4108	4103	4107	4103	
4120	4113	4108	4113	
4138	4133	4132	4133	
4168	4164	4160	4164	
4211	4201	4197	4201	
4265	4265	4242	4265	
4334	4328	4311	4328	
4439	4427	4396	4427	
4548	4533	4500	4533	
4683	4663	4619	4663	
4835	4810	4762	4810	
5006	4978	4916	4978	
5198	5162	5081	5162	
5395	5366	5256	5366	
5640	5591	5474	5591	
5843	5810	5655	5810	
6064	6002	5827	6002	
6282	6228	6027	6228	
6509	6467	6230	6467	
6767	6704	6450	6704	
7050	6970	6679	6970	
7306	7242	6930	7242	
7649	7562	7226	7562	
8022	7925	7551	7925	
8437	8323	7932	8323	
8963	8841	8413	8841	
8910	8792	8325	8792	
8420	8205	7786	8205	
7993	7803	7416	7803	
7627	7467	7103	7467	
7317	7171	6831	7171	
7010	6885	6607	6885	
6748	6623	6374	6623	
6520	6386	6145	6386	
6260	6147	5937	6147	
6024	5914	5741	5914	
5790	5697	5552	5697	
5577	5472	5359	5472	
5364	5280	5190	5280	
5157	5086	5009	5086	
4978	4908	4859	4908	
4803	4753	4710	4753	
4647	4606	4576	4606	
4521	4482	4446	4482	
4399	4378	4351	4378	
4320	4296	4280	4296	
4246	4232	4225	4232	
4193	4174	4176	4174	
4155	4139	4142	4139	
4123	4118	4119	4118	
4114	4110	4108	4110	
4096	4099	4097	4099	
4101	4098	4099	4098	
4118	4117	4113	4117	
4129	4135	4131	4135	
4161	4156	4161	4156	
4199	4194	4184	4194	
4255	4256	4231	4256	
4337	4320	4308	4320	
4424	4415	4385	4415	
4540	4525	4484	4525	
4683	4651	4608	4651	
4821	4805	4749	4805	
4995	4968	4892	4968	
5186	5153	5068	5153	
5397	5374	5267	5374	
5622	5593	5449	5593	
5837	5795	5647	5795	
6051	6009	5825	6009	
6271	6218	6008	6218	
6525	6464	6238	6464	
6776	6695	6434	6695	
7033	6962	6669	6962	
7327	7243	6923	7243	
7655	7553	7200	7553	
7989	7917	7556	7917	
8443	8321	7925	8321	
8925	8844	8437	8844	
8943	8818	8332	8818	
8403	8207	7789	8207	
7983	7800	7399	7800	
7601	7468	7103	7468	
7293	7160	6820	7160	
7024	6889	6586	6889	
6748	6628	6359	6628	
6492	6387	6143	6387	
6254	6148	5944	6148	
6030	5910	5749	5910	
5783	5684	5540	5684	
5561	5465	5347	5465	
5344	5275	5181	5275	
5141	5079	5006	5079	
4970	4907	4848	4907	
4799	4741	4686	4741	
4649	4602	4555	4602	
4507	4471	4441	4471	
4411	4377	4354	4377	
4315	4293	4277	4293	
4237	4228	4214	4228	
4187	4168	4161	4168	
4160	4141	4137	4141	
4119	4112	4121	4112	
4107	4108	4105	4108	
4106	4099	4096	4099	
4100	4097	4099	4097	
4105	4109	4113	4109	
4130	4128	4122	4128	
4153	4150	4143	4150	
4192	4190	4176	4190	
4247	4250	4242	4250	
4325	4322	4293	4322	
4421	4415	4383	4415	
4528	4518	4481	4518	
4665	4651	4601	4651	
4821	4803	4740	4803	
4990	4972	4897	4972	
5177	5154	5067	5154	
5388	5367	5255	5367	
5613	5585	5447	5585	
5817	5789	5630	5789	
6053	6003	5822	6003	
6263	6217	6015	6217	
6509	6462	6219	6462	
6755	6703	6424	6703	
7035	6970	6672	6970	
7307	7236	6912	7236	
7635	7557	7199	7557	
8015	7903	7538	7903	
8431	8307	7923	8307	
8892	8849	8395	8849	
8978	8804	8345	8804	
8428	8209	7767	8209	
7966	7814	7402	7814	
7614	7457	7102	7457	
7308	7172	6837	7172	
7022	6893	6575	6893	
6759	6644	6351	6644	
6506	6397	6154	6397	
6263	6149	5941	6149	
6013	5926	5734	5926	
5781	5692	5546	5692	
5564	5478	5364	5478	
5350	5283	5174	5283	
5138	5080	5003	5080	
4963	4903	4841	4903	
4797	4744	4694	4744	
4634	4600	4567	4600	
4505	4478	4447	4478	
4399	4373	4349	4373	
4314	4297	4285	4297	
4238	4232	4219	4232	
4184	4175	4174	4175	
4150	4143	4136	4143	
4125	4117	4114	4117	
4107	4105	4108	4105	
4100	4100	4100	4100	
4102	4096	4101	4096	
4099	4106	4102	4106	
4127	4131	4121	4131	
4152	4155	4146	4155	
4189	4199	4182	4199	
4239	4247	4232	4247	
4321	4323	4293	4323	
4409	4408	4372	4408	
4526	4520	4477	4520	
4653	4652	4603	4652	
4823	4812	4748	4812	
4996	4975	4900	4975	
5174	5162	5065	5162	
5376	5352	5246	5352	
5604	5581	5443	5581	
5831	5791	5640	5791	
6032	5997	5814	5997	
6270	6227	6011	6227	
6512	6454	6222	6454	
6770	6705	6456	6705	
7034	6972	6665	6972	
7306	7242	6919	7242	
7636	7568	7211	7568	
7993	7917	7563	7917	
8394	8327	7933	8327	
8927	8844	8397	8844	
8939	8805	8353	8805	
8434	8219	7774	8219	
7973	7814	7407	7814	
7620	7487	7104	7487	
7295	7179	6833	7179	
7014	6895	6580	6895	
6756	6647	6360	6647	
6499	6396	6157	6396	
6266	6161	5947	6161	
6024	5927	5745	5927	
5778	5697	5544	5697	
5557	5480	5350	5480	
5348	5292	5178	5292	
5154	5081	5005	5081	
4961	4915	4845	4915	
4793	4758	4697	4758	
4643	4614	4569	4614	
4501	4489	4451	4489	
4405	4382	4357	4382	
4318	4301	4281	4301	
4239	4235	4224	4235	
4198	4184	4173	4184	
4148	4145	4135	4145	
4122	4116	4114	4116	
4102	4110	4103	4110	
4099	4106	4097	4106	
4101	4109	4103	4109	
4103	4113	4105	4113	
4122	4130	4127	4130	
4152	4159	4151	4159	
4186	4204	4187	4204	
4239	4251	4232	4251	
4323	4323	4293	4323	
4410	4415	4381	4415	
4532	4529	4486	4529	
4668	4662	4607	4662	
4816	4814	4747	4814	
4983	4979	4905	4979	
5176	5161	5073	5161	
5377	5356	5236	5356	
5593	5571	5430	5571	
5801	5778	5604	5778	
6025	5994	5811	5994	
6246	6232	6018	6232	
6506	6468	6205	6468	
6757	6708	6443	6708	
7046	6979	6685	6979	
7308	7249	6925	7249	
7630	7557	7197	7557	
8006	7928	7556	7928	
8412	8329	7905	8329	
8924	8849	8425	8849	
8945	8854	8384	8854	
8424	8241	7802	8241	
7983	7837	7452	7837	
7644	7497	7123	7497	
7314	7191	6831	7191	
7035	6910	6611	6910	
6752	6653	6376	6653	
6523	6417	6159	6417	
6266	6176	5959	6176	
6036	5935	5756	5935	
5796	5720	5570	5720	
5578	5499	5362	5499	
5364	5299	5188	5299	
5156	5103	5018	5103	
4981	4932	4859	4932	
4807	4774	4714	4774	
4659	4630	4583	4630	
4519	4502	4466	4502	
4416	4397	4371	4397	
4327	4316	4296	4316	
4257	4245	4232	4245	
4197	4187	4173	4187	
4154	4156	4149	4156	
4127	4128	4122	4128	
4111	4118	4114	4118	
4108	4116	4109	4116	
4105	4111	4104	4111	
4119	4119	4119	4119	
4129	4136	4125	4136	
4158	4171	4155	4171	
4206	4213	4187	4213	
4259	4266	4241	4266	
4325	4340	4304	4340	
4427	4439	4399	4439	
4539	4547	4493	4547	
4670	4678	4623	4678	
4835	4830	4763	4830	
5001	5005	4915	5005	
5194	5185	5090	5185	
5387	5374	5250	5374	
5601	5577	5449	5577	
5813	5796	5629	5796	
6057	6018	5815	6018	
6281	6255	6033	6255	
6517	6489	6235	6489	
6763	6732	6456	6732	
7038	7003	6704	7003	
7313	7274	6953	7274	
7647	7591	7222	7591	
7996	7940	7565	7940	
8437	8352	7939	8352	
8945	8905	8457	8905	
9001	8865	8408	8865	
8458	8270	7833	8270	
8026	7874	7466	7874	
7651	7523	7147	7523	
7357	7211	6874	7211	
7062	6936	6619	6936	
6787	6683	6394	6683	
6539	6437	6179	6437	
6303	6200	5975	6200	
6059	5977	5787	5977	
5813	5736	5581	5736	
5592	5525	5401	5525	
5381	5323	5218	5323	
5185	5132	5028	5132	
5008	4962	4881	4962	
4841	4798	4737	4798	
4678	4654	4604	4654	
4545	4528	4489	4528	
4439	4423	4386	4423	
4350	4340	4317	4340	
4277	4262	4249	4262	
4204	4210	4196	4210	
4171	4177	4155	4177	
4143	4148	4142	4148	
4128	4130	4121	4130	
4115	4124	4111	4124	
4112	4125	4108	4125	
4117	4136	4125	4136	
4143	4161	4145	4161	
4175	4188	4171	4188	
4221	4231	4204	4231	
4269	4288	4257	4288	
4350	4364	4330	4364	
4449	4463	4414	4463	
4565	4572	4512	4572	
4705	4709	4637	4709	
4863	4862	4788	4862	
5032	5034	4932	5034	
5216	5210	5102	5210	
5416	5402	5273	5402	
5617	5606	5455	5606	
5831	5811	5655	5811	
6051	6040	5838	6040	
6299	6276	6043	6276	
6536	6514	6263	6514	
6804	6766	6476	6766	
7074	7023	6715	7023	
7355	7301	6963	7301	
7673	7612	7247	7612	
8041	7967	7573	7967	
8456	8375	7962	8375	
8977	8919	8480	8919	
9021	8916	8408	8916	
8498	8315	7862	8315	
8032	7914	7497	7914	
7708	7561	7156	7561	
7363	7256	6894	7256	
7076	6964	6639	6964	
6807	6718	6418	6718	
6557	6474	6201	6474	
6306	6228	5990	6228	
6077	6002	5806	6002	
5844	5776	5613	5776	
5622	5560	5410	5560	
5415	5369	5236	5369	
5211	5170	5075	5170	
5035	4999	4914	4999	
4862	4834	4762	4834	
4704	4689	4630	4689	
4580	4561	4516	4561	
4459	4455	4418	4455	
4366	4366	4327	4366	
4287	4291	4258	4291	
4229	4236	4216	4236	
4191	4196	4172	4196	
4157	4171	4152	4171	
4144	4155	4142	4155	
4135	4143	4127	4143	
4133	4147	4136	4147	
4143	4162	4142	4162	
4169	4186	4161	4186	
4198	4216	4190	4216	
4233	4257	4224	4257	
4296	4314	4280	4314	
4383	4394	4354	4394	
4488	4500	4446	4500	
4600	4611	4556	4611	
4741	4745	4679	4745	
4892	4892	4801	4892	
5069	5062	4977	5062	
5253	5243	5121	5243	
5434	5433	5299	5433	
5643	5644	5488	5644	
5865	5855	5665	5855	
6089	6076	5864	6076	
6347	6308	6076	6308	
6563	6541	6277	6541	
6816	6789	6505	6789	
7102	7059	6734	7059	
7375	7337	6990	7337	
7702	7649	7273	7649	
8073	8012	7629	8012	
8503	8426	8017	8426	
9017	8956	8481	8956	
9098	8962	8471	8962	
8538	8360	7922	8360	
8068	7953	7545	7953	
7700	7607	7201	7607	
7383	7293	6914	7293	
7107	7011	6681	7011	
6835	6747	6450	6747	
6590	6519	6243	6519	
6342	6277	6021	6277	
6100	6042	5825	6042	
5872	5814	5642	5814	
5658	5601	5459	5601	
5453	5399	5272	5399	
5257	5213	5095	5213	
5062	5044	4947	5044	
4903	4881	4801	4881	
4747	4730	4663	4730	
4611	4605	4544	4605	
4498	4496	4449	4496	
4397	4401	4354	4401	
4325	4331	4294	4331	
4255	4266	4241	4266	
4216	4228	4209	4228	
4186	4202	4172	4202	
4158	4178	4159	4178	
4162	4172	4153	4172	
4156	4175	4148	4175	
4162	4189	4156	4189	
4196	4213	4189	4213	
4224	4246	4209	4246	
4269	4291	4250	4291	
4338	4355	4317	4355	
4423	4441	4392	4441	
4508	4534	4479	4534	
4628	4650	4587	4650	
4759	4779	4713	4779	
4922	4929	4840	4929	
5095	5105	5002	5105	
5278	5291	5165	5291	
5464	5470	5333	5470	
5676	5688	5526	5688	
5900	5903	5703	5903	
6114	6114	5899	6114	
6364	6343	6099	6343	
6580	6582	6308	6582	
6849	6828	6536	6828	
7124	7094	6774	7094	
7413	7376	7024	7376	
7749	7697	7304	7697	
8123	8060	7654	8060	
8550	8462	8039	8462	
9058	8977	8565	8977	
9086	9042	8535	9042	
8586	8416	7955	8416	
8125	7992	7565	7992	
7770	7658	7249	7658	
7429	7336	6964	7336	
7138	7051	6704	7051	
6862	6796	6471	6796	
6615	6551	6279	6551	
6375	6309	6069	6309	
6139	6096	5862	6096	
5902	5853	5660	5853	
5690	5652	5484	5652	
5491	5453	5317	5453	
5295	5269	5141	5269	
5118	5096	4985	5096	
4938	4925	4836	4925	
4791	4785	4707	4785	
4654	4648	4590	4648	
4543	4543	4491	4543	
4432	4441	4392	4441	
4359	4367	4324	4367	
4297	4304	4275	4304	
4250	4261	4235	4261	
4213	4233	4207	4233	
4182	4209	4184	4209	
4186	4208	4185	4208	
4179	4207	4176	4207	
4195	4218	4185	4218	
4221	4241	4214	4241	
4257	4282	4238	4282	
4308	4329	4289	4329	
4375	4398	4351	4398	
4453	4482	4427	4482	
4565	4583	4527	4583	
4668	4702	4620	4702	
4818	4828	4751	4828	
4971	4987	4890	4987	
5141	5152	5041	5152	
5329	5339	5200	5339	
5516	5521	5368	5521	
5724	5727	5561	5727	
5927	5936	5739	5936	
6158	6153	5924	6153	
6390	6392	6135	6392	
6622	6636	6340	6636	
6887	6863	6553	6863	
7158	7134	6790	7134	
7448	7417	7044	7417	
7777	7741	7377	7741	
8179	8109	7708	8109	
8592	8528	8096	8528	
9119	9069	8596	9069	
9221	9105	8590	9105	
8648	8487	8021	8487	
8189	8072	7627	8072	
7788	7714	7285	7714	
7486	7393	7011	7393	
7186	7111	6754	7111	
6926	6851	6534	6851	
6657	6603	6316	6603	
6414	6355	6110	6355	
6196	6139	5909	6139	
5974	5923	5706	5923	
5746	5713	5536	5713	
5548	5513	5371	5513	
5342	5328	5198	5328	
5181	5153	5048	5153	
4997	4989	4901	4989	
4844	4842	4762	4842	
4712	4711	4636	4711	
4595	4596	4538	4596	
4487	4503	4456	4503	
4409	4422	4376	4422	
4348	4355	4312	4355	
4297	4312	4268	4312	
4257	4276	4247	4276	
4238	4264	4221	4264	
4232	4250	4215	4250	
4227	4251	4215	4251	
4237	4260	4231	4260	
4263	4286	4249	4286	
4308	4329	4288	4329	
4351	4387	4336	4387	
4424	4450	4388	4450	
4513	4540	4475	4540	
4620	4647	4578	4647	
4735	4756	4679	4756	
4877	4886	4796	4886	
5030	5042	4944	5042	
5183	5215	5094	5215	
5370	5392	5259	5392	
5560	5583	5412	5583	
5766	5779	5592	5779	
5997	5992	5783	5992	
6207	6217	5976	6217	
6440	6438	6184	6438	
6679	6672	6387	6672	
6923	6920	6607	6920	
7193	7196	6859	7196	
7493	7477	7108	7477	
7826	7792	7399	7792	
8230	8178	7781	8178	
8659	8589	8181	8589	
9124	9148	8640	9148	
9291	9167	8676	9167	
8717	8571	8068	8571	
8241	8133	7684	8133	
7874	7777	7381	7777	
7523	7455	7061	7455	
7237	7164	6800	7164	
6988	6912	6580	6912	
6719	6664	6361	6664	
6465	6419	6130	6419	
6235	6192	5965	6192	
6006	5983	5775	5983	
5809	5772	5589	5772	
5592	5583	5426	5583	
5418	5395	5259	5395	
5231	5217	5100	5217	
5063	5054	4962	5054	
4907	4910	4822	4910	
4769	4781	4698	4781	
4660	4661	4593	4661	
4547	4558	4495	4558	
4465	4475	4421	4475	
4391	4408	4368	4408	
4342	4362	4326	4362	
4304	4332	4294	4332	
4281	4307	4263	4307	
4264	4295	4257	4295	
4264	4305	4259	4305	
4279	4315	4269	4315	
4314	4344	4291	4344	
4350	4388	4339	4388	
4407	4436	4379	4436	
4482	4512	4449	4512	
4567	4604	4531	4604	
4670	4704	4629	4704	
4790	4827	4742	4827	
4926	4953	4861	4953	
5074	5105	4991	5105	
5259	5284	5157	5284	
5427	5461	5317	5461	
5621	5647	5477	5647	
5831	5851	5638	5851	
6036	6057	5829	6057	
6272	6265	6029	6265	
6495	6506	6241	6506	
6722	6733	6428	6733	
6976	6975	6659	6975	
7258	7245	6907	7245	
7563	7535	7158	7535	
7906	7881	7488	7881	
8301	8250	7832	8250	
8717	8670	8226	8670	
9293	9221	8743	9221	
9353	9289	8768	9289	
8815	8645	8168	8645	
8322	8223	7761	8223	
7934	7854	7433	7854	
7607	7536	7131	7536	
7294	7233	6868	7233	
7046	6976	6636	6976	
6769	6730	6414	6730	
6520	6478	6198	6478	
6296	6270	6025	6270	
6070	6047	5826	6047	
5873	5848	5649	5848	
5676	5663	5470	5663	
5474	5471	5328	5471	
5300	5296	5164	5296	
5140	5135	5023	5135	
4986	4987	4898	4987	
4844	4849	4762	4849	
4720	4733	4652	4733	
4615	4633	4566	4633	
4527	4547	4484	4547	
4456	4475	4413	4475	
4405	4429	4373	4429	
4359	4399	4342	4399	
4345	4371	4327	4371	
4319	4359	4312	4359	
4325	4361	4307	4361	
4337	4380	4324	4380	
4372	4406	4352	4406	
4409	4453	4395	4453	
4471	4509	4448	4509	
4551	4583	4510	4583	
4636	4677	4594	4677	
4755	4780	4693	4780	
4855	4900	4793	4900	
5000	5039	4930	5039	
5153	5192	5065	5192	
5326	5361	5209	5361	
5502	5532	5375	5532	
5696	5725	5550	5725	
5886	5924	5708	5924	
6110	6129	5903	6129	
6327	6347	6092	6347	
6550	6566	6293	6566	
6780	6798	6490	6798	
7031	7050	6723	7050	
7328	7319	6985	7319	
7628	7602	7214	7602	
7952	7949	7552	7949	
8377	8339	7918	8339	
8803	8758	8328	8758	
9316	9320	8789	9320	
9478	9379	8882	9379	
8897	8755	8242	8755	
8426	8309	7847	8309	
8031	7948	7514	7948	
7691	7606	7207	7606	
7379	7315	6928	7315	
7096	7035	6695	7035	
6837	6796	6482	6796	
6601	6563	6259	6563	
6365	6337	6069	6337	
6144	6126	5873	6126	
5944	5925	5728	5925	
5739	5741	5559	5741	
5548	5547	5370	5547	
5374	5378	5237	5378	
5207	5217	5084	5217	
5067	5069	4952	5069	
4920	4940	4838	4940	
4795	4811	4716	4811	
4692	4715	4638	4715	
4597	4627	4556	4627	
4527	4549	4489	4549	
4479	4509	4453	4509	
4429	4465	4409	4465	
4401	4440	4383	4440	
4393	4433	4375	4433	
4395	4434	4382	4434	
4415	4451	4389	4451	
4445	4487	4416	4487	
4495	4526	4457	4526	
4543	4591	4508	4591	
4626	4665	4586	4665	
4716	4758	4664	4758	
4833	4866	4773	4866	
4948	4992	4877	4992	
5080	5122	4994	5122	
5232	5276	5150	5276	
5395	5431	5279	5431	
5567	5610	5428	5610	
5759	5801	5608	5801	
5963	5992	5784	5992	
6167	6203	5950	6203	
6382	6411	6136	6411	
6621	6634	6347	6634	
6842	6873	6549	6873	
7111	7125	6772	7125	
7380	7398	7019	7398	
7684	7691	7306	7691	
8039	8031	7615	8031	
8462	8434	8000	8434	
8903	8876	8418	8876	
9387	9419	8884	9419	
9582	9508	8933	9508	
8998	8863	8369	8863	
8530	8422	7929	8422	
8112	8049	7596	8049	
7765	7689	7272	7689	
7463	7396	6997	7396	
7152	7124	6762	7124	
6910	6883	6548	6883	
6676	6639	6337	6639	
6440	6429	6141	6429	
6221	6207	5970	6207	
6020	6015	5793	6015	
5826	5823	5629	5823	
5650	5645	5476	5645	
5463	5472	5319	5472	
5304	5310	5177	5310	
5138	5161	5040	5161	
5007	5032	4916	5032	
4889	4915	4815	4915	
4777	4808	4721	4808	
4691	4726	4632	4726	
4619	4642	4564	4642	
4569	4594	4515	4594	
4513	4558	4491	4558	
4499	4531	4461	4531	
4485	4523	4456	4523	
4485	4517	4453	4517	
4495	4541	4473	4541	
4533	4569	4502	4569	
4573	4604	4534	4604	
4630	4678	4597	4678	
4711	4752	4666	4752	
4809	4852	4750	4852	
4904	4957	4848	4957	
5032	5076	4959	5076	
5173	5207	5079	5207	
5319	5358	5220	5358	
5476	5522	5366	5522	
5656	5695	5517	5695	
5833	5884	5673	5884	
6033	6077	5848	6077	
6234	6280	6018	6280	
6464	6492	6222	6492	
6694	6713	6416	6713	
6925	6958	6621	6958	
7174	7192	6852	7192	
7455	7471	7103	7471	
7805	7781	7385	7781	
8137	8144	7718	8144	
8561	8546	8098	8546	
9002	8995	8532	8995	
9503	9538	8969	9538	
9693	9631	9054	9631	
9137	8992	8493	8992	
8620	8526	8079	8526	
8207	8154	7700	8154	
7858	7803	7376	7803	
7515	7494	7081	7494	
7246	7211	6821	7211	
6993	6973	6620	6973	
6733	6724	6399	6724	
6506	6512	6214	6512	
6304	6308	6038	6308	
6085	6099	5875	6099	
5908	5920	5704	5920	
5724	5740	5543	5740	
5550	5561	5400	5561	
5399	5408	5269	5408	
5234	5256	5118	5256	
5108	5125	5009	5125	
4982	5010	4896	5010	
4865	4902	4807	4902	
4792	4823	4731	4823	
4715	4745	4669	4745	
4659	4691	4606	4691	
4613	4653	4574	4653	
4578	4615	4552	4615	
4575	4613	4537	4613	
4569	4620	4547	4620	
4585	4635	4558	4635	
4617	4663	4588	4663	
4665	4714	4630	4714	
4734	4774	4686	4774	
4810	4851	4748	4851	
4893	4944	4850	4944	
5011	5059	4939	5059	
5120	5176	5039	5176	
5270	5306	5173	5306	
5403	5460	5294	5460	
5572	5625	5447	5625	
5744	5797	5598	5797	
5921	5974	5749	5974	
6124	6175	5938	6175	
6324	6376	6106	6376	
6528	6574	6292	6574	
6784	6806	6490	6806	
7000	7025	6680	7025	
7260	7287	6920	7287	
7565	7571	7174	7571	
7900	7881	7471	7881	
8251	8239	7816	8239	
8678	8660	8206	8660	
9143	9114	8629	9114	
9620	9666	9124	9666	
9801	9775	9216	9775	
9255	9145	8599	9145	
8751	8673	8184	8673	
8341	8281	7813	8281	
7952	7913	7457	7913	
7642	7598	7170	7598	
7357	7324	6948	7324	
7104	7069	6705	7069	
6837	6823	6495	6823	
6627	6610	6313	6610	
6402	6402	6123	6402	
6203	6217	5968	6217	
6003	6026	5794	6026	
5826	5847	5645	5847	
5651	5673	5492	5673	
5487	5522	5359	5522	
5358	5371	5218	5371	
5210	5240	5095	5240	
5095	5127	5005	5127	
4997	5026	4917	5026	
4900	4942	4830	4942	
4822	4860	4770	4860	
4765	4800	4711	4800	
4719	4758	4673	4758	
4695	4732	4643	4732	
4684	4724	4635	4724	
4676	4729	4638	4729	
4704	4747	4651	4747	
4734	4785	4688	4785	
4778	4827	4732	4827	
4838	4894	4790	4894	
4924	4972	4864	4972	
5016	5063	4947	5063	
5121	5172	5048	5172	
5229	5290	5143	5290	
5373	5425	5265	5425	
5521	5571	5397	5571	
5665	5723	5537	5723	
5844	5897	5699	5897	
6042	6082	5843	6082	
6210	6271	6015	6271	
6419	6468	6196	6468	
6631	6678	6384	6678	
6857	6889	6571	6889	
7109	7122	6792	7122	
7361	7389	7012	7389	
7665	7689	7280	7689	
8001	8009	7589	8009	
8385	8372	7938	8372	
8794	8807	8324	8807	
9261	9252	8766	9252	
9795	9791	9278	9791	
9953	9940	9327	9940	
9397	9275	8733	9275	
8878	8825	8304	8825	
8474	8418	7933	8418	
8102	8043	7587	8043	
7752	7715	7306	7715	
7457	7428	7026	7428	
7176	7161	6795	7161	
6927	6921	6585	6921	
6716	6713	6400	6713	
6489	6501	6216	6501	
6298	6312	6061	6312	
6113	6127	5876	6127	
5939	5957	5756	5957	
5765	5787	5603	5787	
5610	5627	5445	5627	
5451	5488	5329	5488	
5335	5365	5217	5365	
5203	5244	5105	5244	
5099	5145	5016	5145	
5023	5055	4945	5055	
4943	4975	4870	4975	
4880	4920	4827	4920	
4840	4883	4776	4883	
4801	4852	4763	4852	
4793	4839	4732	4839	
4804	4848	4756	4848	
4820	4865	4758	4865	
4846	4893	4798	4893	
4890	4945	4836	4945	
4955	5012	4894	5012	
5040	5088	4964	5088	
5117	5182	5060	5182	
5242	5288	5143	5288	
5348	5406	5250	5406	
5478	5537	5366	5537	
5623	5685	5496	5685	
5783	5851	5636	5851	
5962	6009	5778	6009	
6137	6193	5948	6193	
6319	6381	6097	6381	
6523	6581	6297	6581	
6727	6771	6476	6771	
6964	7000	6664	7000	
7219	7247	6891	7247	
7460	7494	7114	7494	
7796	7796	7393	7796	
8118	8141	7717	8141	
8537	8517	8068	8517	
8952	8935	8476	8935	
9426	9385	8905	9385	
9891	9924	9370	9924	
10123	10062	9479	10062	
9532	9422	8935	9422	
9040	8956	8483	8956	
8644	8553	8063	8553	
8217	8186	7721	8186	
7861	7840	7414	7840	
7567	7539	7140	7539	
7281	7271	6905	7271	
7029	7023	6678	7023	
6816	6817	6479	6817	
6587	6613	6315	6613	
6400	6410	6147	6410	
6214	6251	5990	6251	
6026	6070	5822	6070	
5870	5906	5690	5906	
5713	5744	5558	5744	
5573	5610	5429	5610	
5452	5485	5317	5485	
5337	5371	5208	5371	
5223	5264	5121	5264	
5139	5179	5048	5179	
5069	5103	4986	5103	
5009	5053	4934	5053	
4960	5000	4887	5000	
4926	4972	4860	4972	
4914	4962	4851	4962	
4925	4970	4867	4970	
4939	4993	4875	4993	
4967	5024	4912	5024	
5020	5072	4950	5072	
5081	5139	5001	5139	
5160	5211	5080	5211	
5239	5305	5154	5305	
5348	5406	5258	5406	
5466	5528	5356	5528	
5595	5662	5469	5662	
5736	5802	5601	5802	
5880	5953	5733	5953	
6070	6128	5892	6128	
6237	6302	6033	6302	
6426	6492	6210	6492	
6629	6685	6379	6685	
6837	6884	6561	6884	
7077	7116	6769	7116	
7306	7358	6989	7358	
7590	7623	7230	7623	
7900	7931	7508	7931	
8279	8268	7836	8268	
8664	8665	8198	8665	
9102	9098	8625	9098	
9532	9536	9028	9536	
10039	10079	9559	10079	
10267	10237	9636	10237	
9705	9587	9031	9587	
9226	9130	8639	9130	
8774	8719	8230	8719	
8372	8324	7862	8324	
7989	7968	7518	7968	
7698	7673	7257	7673	
7408	7404	7018	7404	
7144	7151	6779	7151	
6941	6945	6599	6945	
6699	6726	6398	6726	
6508	6536	6243	6536	
6343	6368	6095	6368	
6158	6196	5940	6196	
5993	6026	5798	6026	
5842	5885	5658	5885	
5693	5743	5550	5743	
5568	5626	5431	5626	
5452	5505	5329	5505	
5348	5403	5234	5403	
5272	5317	5179	5317	
5200	5248	5096	5248	
5137	5180	5048	5180	
5094	5147	5020	5147	
5074	5119	4995	5119	
5045	5098	4979	5098	
5059	5109	4975	5109	
5068	5120	4987	5120	
5103	5161	5030	5161	
5158	5218	5073	5218	
5202	5273	5122	5273	
5291	5347	5196	5347	
5376	5442	5282	5442	
5479	5549	5365	5549	
5604	5668	5484	5668	
5724	5798	5589	5798	
5863	5932	5716	5932	
6001	6093	5842	6093	
6169	6255	6004	6255	
6359	6427	6150	6427	
6534	6619	6310	6619	
6745	6804	6482	6804	
6934	7006	6679	7006	
7189	7243	6876	7243	
7431	7489	7101	7489	
7725	7766	7371	7766	
8057	8081	7656	8081	
8404	8422	7970	8422	
8820	8839	8348	8839	
9282	9280	8766	9280	
9726	9721	9183	9721	
10194	10242	9666	10242	
10435	10422	9787	10422	
9893	9761	9202	9761	
9404	9319	8804	9319	
8940	8889	8401	8889	
8535	8489	8002	8489	
8173	8140	7669	8140	
7855	7817	7391	7817	
7541	7543	7137	7543	
7298	7291	6899	7291	
7040	7067	6703	7067	
6833	6844	6507	6844	
6638	6672	6355	6672	
6443	6491	6196	6491	
6297	6327	6053	6327	
6140	6175	5918	6175	
5953	6007	5779	6007	
5825	5881	5655	5881	
5714	5757	5552	5757	
5599	5646	5460	5646	
5493	5545	5374	5545	
5403	5455	5288	5455	
5339	5382	5222	5382	
5277	5328	5181	5328	
5228	5292	5131	5292	
5206	5261	5122	5261	
5203	5246	5108	5246	
5194	5253	5117	5253	
5212	5268	5120	5268	
5250	5300	5158	5300	
5281	5347	5200	5347	
5349	5414	5260	5414	
5426	5498	5319	5498	
5506	5584	5406	5584	
5609	5688	5490	5688	
5728	5799	5590	5799	
5854	5934	5710	5934	
5995	6064	5826	6064	
6137	6222	5957	6222	
6297	6385	6116	6385	
6488	6545	6255	6545	
6667	6742	6418	6742	
6871	6937	6599	6937	
7069	7140	6786	7140	
7300	7378	6999	7378	
7586	7626	7239	7626	
7886	7914	7486	7914	
8236	8243	7815	8243	
8590	8600	8133	8600	
8989	9016	8543	9016	
9429	9442	8914	9442	
9883	9884	9365	9884	
10355	10414	9833	10414	
10577	10576	9934	10576	
10048	9934	9376	9934	
9563	9499	8960	9499	
9122	9076	8535	9076	
8704	8678	8174	8678	
8333	8304	7845	8304	
7993	7972	7520	7972	
7707	7684	7266	7684	
7435	7425	7028	7425	
7188	7184	6816	7184	
6952	6978	6640	6978	
6766	6793	6456	6793	
6582	6613	6293	6613	
6410	6459	6159	6459	
6249	6297	6026	6297	
6100	6156	5911	6156	
5967	6028	5785	6028	
5855	5899	5669	5899	
5725	5790	5596	5790	
5638	5694	5506	5694	
5563	5602	5418	5602	
5481	5536	5366	5536	
5427	5479	5300	5479	
5378	5440	5277	5440	
5360	5417	5253	5417	
5342	5395	5236	5395	
5345	5398	5245	5398	
5371	5423	5262	5423	
5400	5450	5291	5450	
5443	5503	5326	5503	
5503	5571	5385	5571	
5576	5647	5447	5647	
5657	5729	5534	5729	
5767	5839	5622	5839	
5863	5942	5733	5942	
6002	6070	5832	6070	
6121	6207	5952	6207	
6279	6352	6078	6352	
6440	6518	6228	6518	
6615	6689	6379	6689	
6794	6860	6532	6860	
6982	7066	6724	7066	
7222	7275	6910	7275	
7465	7522	7127	7522	
7728	7772	7370	7772	
8036	8091	7656	8091	
8396	8402	7978	8402	
8760	8787	8310	8787	
9158	9196	8709	9196	
9607	9625	9100	9625	
10043	10056	9495	10056	
10515	10580	10002	10580	
10783	10776	10064	10776	
10233	10115	9569	10115	
9710	9693	9149	9693	
9324	9278	8754	9278	
8905	8873	8363	8873	
8504	8487	7994	8487	
8187	8151	7688	8151	
7860	7854	7421	7854	
7557	7570	7158	7570	
7311	7343	6949	7343	
7098	7132	6747	7132	
6919	6932	6574	6932	
6725	6752	6419	6752	
6536	6587	6274	6587	
6381	6432	6168	6432	
6247	6288	6023	6288	
6118	6162	5927	6162	
5979	6049	5811	6049	
5878	5933	5716	5933	
5802	5854	5640	5854	
5701	5765	5558	5765	
5633	5694	5501	5694	
5573	5631	5452	5631	
5530	5592	5405	5592	
5515	5574	5382	5574	
5492	5563	5382	5563	
5512	5562	5377	5562	
5503	5577	5385	5577	
5564	5615	5435	5615	
5600	5658	5463	5658	
5645	5725	5523	5725	
5715	5796	5584	5796	
5809	5873	5661	5873	
5912	5984	5749	5984	
6010	6084	5840	6084	
6138	6214	5962	6214	
6269	6347	6070	6347	
6422	6499	6187	6499	
6569	6643	6341	6643	
6752	6812	6490	6812	
6931	7003	6658	7003	
7131	7199	6849	7199	
7356	7426	7039	7426	
7608	7664	7259	7664	
7884	7955	7515	7955	
8223	8269	7816	8269	
8589	8619	8165	8619	
8949	8997	8505	8997	
9368	9405	8883	9405	
9802	9826	9291	9826	
10238	10244	9668	10244	
10692	10740	10132	10740	
10936	10915	10233	10915	
10409	10315	9708	10315	
9955	9880	9319	9880	
9512	9505	8958	9505	
9102	9063	8547	9063	
8696	8688	8187	8688	
8348	8344	7869	8344	
8036	8023	7577	8023	
7740	7746	7313	7746	
7495	7497	7103	7497	
7255	7284	6891	7284	
7051	7085	6725	7085	
6851	6905	6544	6905	
6692	6743	6403	6743	
6544	6596	6280	6596	
6402	6446	6152	6446	
6263	6327	6067	6327	
6145	6201	5943	6201	
6050	6101	5852	6101	
5939	6004	5772	6004	
5868	5922	5699	5922	
5789	5858	5638	5858	
5737	5802	5583	5802	
5695	5762	5552	5762	
5668	5739	5523	5739	
5664	5727	5532	5727	
5659	5733	5522	5733	
5680	5752	5531	5752	
5715	5774	5575	5774	
5763	5830	5614	5830	
5807	5889	5668	5889	
5877	5955	5726	5955	
5963	6041	5806	6041	
6061	6135	5897	6135	
6164	6241	5981	6241	
6288	6369	6097	6369	
6421	6496	6190	6496	
6568	6650	6332	6650	
6713	6792	6477	6792	
6882	6964	6624	6964	
7080	7150	6792	7150	
7297	7361	6979	7361	
7537	7591	7202	7591	
7784	7848	7418	7848	
8068	8138	7678	8138	
8417	8459	8012	8459	
8784	8825	8333	8825	
9157	9204	8714	9204	
9571	9617	9093	9617	
10009	10016	9471	10016	
10405	10449	9887	10449	
10889	10882	10236	10882	
11094	11096	10430	11096	
10600	10488	9872	10488	
10157	10090	9527	10090	
9728	9686	9129	9686	
9308	9300	8734	9300	
8929	8905	8388	8905	
8534	8549	8077	8549	
8210	8217	7760	8217	
7917	7931	7490	7931	
7655	7668	7250	7668	
7424	7441	7042	7441	
7197	7231	6850	7231	
7017	7058	6703	7058	
6850	6894	6564	6894	
6692	6739	6424	6739	
6546	6595	6283	6595	
6421	6479	6173	6479	
6302	6358	6073	6358	
6180	6255	5986	6255	
6104	6167	5922	6167	
6021	6085	5846	6085	
5952	6012	5773	6012	
5906	5974	5737	5974	
5854	5926	5691	5926	
5844	5897	5666	5897	
5828	5896	5663	5896	
5834	5895	5666	5895	
5839	5912	5683	5912	
5882	5951	5722	5951	
5922	5988	5751	5988	
5974	6054	5812	6054	
6036	6122	5861	6122	
6115	6196	5934	6196	
6211	6300	6023	6300	
6312	6397	6112	6397	
6445	6518	6213	6518	
6565	6645	6342	6645	
6709	6788	6464	6788	
6865	6948	6615	6948	
7040	7114	6761	7114	
7239	7310	6910	7310	
7441	7518	7113	7518	
7673	7759	7345	7759	
7965	8041	7602	8041	
8259	8322	7891	8322	
8611	8665	8197	8665	
8994	9025	8546	9025	
9386	9418	8905	9418	
9792	9813	9259	9813	
10208	10217	9659	10217	
10609	10611	10022	10611	
11041	11059	10455	11059	
11331	11244	10539	11244	
10765	10681	10061	10681	
10315	10292	9702	10292	
9927	9878	9336	9878	
9551	9516	8985	9516	
9132	9124	8609	9124	
8791	8758	8247	8758	
8431	8433	7957	8433	
8108	8129	7653	8129	
7826	7854	7419	7854	
7560	7614	7185	7614	
7362	7395	6995	7395	
7174	7220	6838	7220	
6991	7054	6666	7054	
6841	6895	6542	6895	
6704	6765	6416	6765	
6566	6637	6323	6637	
6437	6515	6207	6515	
6349	6418	6128	6418	
6257	6335	6052	6335	
6195	6249	5967	6249	
6143	6184	5930	6184	
6062	6143	5888	6143	
6014	6093	5841	6093	
5999	6075	5820	6075	
5985	6064	5802	6064	
5991	6070	5803	6070	
6010	6084	5831	6084	
6042	6120	5861	6120	
6088	6157	5901	6157	
6141	6220	5941	6220	
6205	6282	6014	6282	
6272	6362	6064	6362	
6368	6456	6162	6456	
6478	6559	6247	6559	
6582	6672	6356	6672	
6710	6799	6485	6799	
6860	6952	6599	6952	
7041	7116	6761	7116	
7199	7277	6899	7277	
7381	7480	7088	7480	
7609	7689	7276	7689	
7869	7947	7515	7947	
8166	8233	7792	8233	
8496	8540	8074	8540	
8838	8874	8415	8874	
9198	9252	8746	9252	
9602	9645	9130	9645	
9974	10038	9489	10038	
10385	10427	9820	10427	
10768	10781	10186	10781	
11208	11207	10553	11207	
11389	11412	10693	11412	
10976	10864	10222	10864	
10529	10495	9888	10495	
10172	10135	9546	10135	
9766	9744	9198	9744	
9358	9357	8815	9357	
9014	9008	8477	9008	
8657	8652	8168	8652	
8312	8333	7865	8333	
8016	8050	7612	8050	
7785	7808	7378	7808	
7539	7594	7178	7594	
7358	7403	6997	7403	
7147	7215	6824	7215	
6996	7057	6705	7057	
6866	6931	6577	6931	
6721	6791	6449	6791	
6626	6684	6356	6684	
6518	6588	6267	6588	
6417	6504	6194	6504	
6361	6422	6125	6422	
6298	6367	6064	6367	
6229	6305	6025	6305	
6200	6274	5992	6274	
6173	6252	5982	6252	
6171	6236	5956	6236	
6164	6244	5971	6244	
6184	6260	5986	6260	
6206	6284	6020	6284	
6246	6329	6045	6329	
6303	6385	6080	6385	
6367	6449	6159	6449	
6444	6530	6228	6530	
6527	6624	6312	6624	
6644	6728	6395	6728	
6752	6838	6497	6838	
6877	6967	6629	6967	
7014	7118	6759	7118	
7196	7269	6887	7269	
7366	7459	7073	7459	
7575	7659	7262	7659	
7800	7885	7473	7885	
8063	8148	7712	8148	
8372	8452	7999	8452	
8707	8767	8301	8767	
9054	9106	8622	9106	
9463	9472	8972	9472	
9825	9858	9297	9858	
10187	10240	9668	10240	
10572	10623	10040	10623	
10951	10954	10354	10954	
11334	11348	10684	11348	
11577	11603	10826	11603	
11107	11046	10378	11046	
10709	10678	10072	10678	
10363	10354	9744	10354	
10001	9984	9389	9984	
9629	9599	9023	9599	
9247	9256	8719	9256	
8904	8905	8386	8905	
8577	8580	8095	8580	
8263	8282	7808	8282	
7993	8019	7571	8019	
7758	7787	7349	7787	
7539	7585	7173	7585	
7350	7406	7006	7406	
7196	7240	6854	7240	
7033	7102	6739	7102	
6912	6979	6622	6979	
6777	6852	6512	6852	
6703	6762	6420	6762	
6593	6672	6339	6672	
6536	6605	6288	6605	
6463	6542	6232	6542	
6413	6501	6181	6501	
6381	6458	6147	6458	
6360	6428	6122	6428	
6358	6422	6118	6422	
6337	6429	6125	6429	
6353	6446	6135	6446	
6390	6474	6163	6474	
6418	6510	6192	6510	
6480	6564	6246	6564	
6563	6633	6307	6633	
6621	6707	6368	6707	
6699	6805	6457	6805	
6821	6898	6555	6898	
6932	7021	6650	7021	
7073	7152	6782	7152	
7209	7296	6904	7296	
7370	7468	7062	7468	
7571	7644	7249	7644	
7787	7859	7419	7859	
8021	8105	7652	8105	
8317	8384	7928	8384	
8609	8679	8207	8679	
8926	9017	8506	9017	
9308	9356	8863	9356	
9662	9732	9209	9732	
10037	10087	9513	10087	
10423	10461	9868	10461	
10766	10815	10209	10815	
11142	11121	10525	11121	
11458	11509	10829	11509	
11682	11735	10977	11735	
11276	11202	10544	11202	
10955	10895	10264	10895	
10612	10606	9981	10606	
10267	10246	9639	10246	
9866	9869	9285	9869	
9530	9529	8988	9529	
9196	9162	8627	9162	
8831	8849	8338	8849	
8540	8540	8069	8540	
8238	8242	7782	8242	
7970	8012	7544	8012	
7773	7800	7372	7800	
7574	7614	7197	7614	
7395	7446	7045	7446	
7247	7296	6894	7296	
7104	7164	6797	7164	
6983	7055	6675	7055	
6875	6959	6584	6959	
6792	6867	6517	6867	
6711	6790	6454	6790	
6677	6737	6388	6737	
6604	6698	6349	6698	
6549	6646	6316	6646	
6543	6635	6305	6635	
6530	6619	6297	6619	
6532	6619	6288	6619	
6545	6642	6300	6642	
6578	6668	6331	6668	
6605	6701	6348	6701	
6669	6766	6413	6766	
6749	6826	6475	6826	
6793	6899	6530	6899	
6896	6988	6640	6988	
7006	7095	6711	7095	
7135	7215	6823	7215	
7256	7353	6954	7353	
7423	7509	7115	7509	
7613	7674	7279	7674	
7808	7885	7467	7885	
8000	8101	7661	8101	
8277	8349	7904	8349	
8573	8640	8165	8640	
8879	8940	8474	8940	
9214	9270	8752	9270	
9553	9624	9094	9624	
9913	9991	9430	9991	
10280	10345	9769	10345	
10644	10689	10089	10689	
10940	11008	10387	11008	
11314	11313	10676	11313	
11636	11668	11030	11668	
11887	11888	11113	11888	
11545	11434	10710	11434	
11169	11148	10474	11148	
10859	10880	10216	10880	
10592	10538	9892	10538	
10112	10187	9545	10187	
9784	9827	9245	9827	
9449	9496	8904	9496	
9131	9161	8599	9161	
8791	8840	8308	8840	
8513	8558	8043	8558	
8279	8310	7826	8310	
8043	8071	7598	8071	
7832	7864	7450	7864	
7670	7706	7244	7706	
7457	7521	7135	7521	
7328	7415	6955	7415	
7240	7269	6862	7269	
7078	7176	6815	7176	
6988	7096	6710	7096	
6944	7020	6638	7020	
6831	6953	6598	6953	
6809	6895	6544	6895	
6785	6890	6510	6890	
6756	6856	6483	6856	
6736	6828	6470	6828	
6732	6859	6474	6859	
6767	6877	6499	6877	
6812	6891	6520	6891	
6849	6937	6557	6937	
6872	6991	6621	6991	
6912	7054	6659	7054	
6986	7126	6717	7126	
7116	7223	6802	7223	
7249	7339	6919	7339	
7328	7448	7022	7448	
7488	7583	7156	7583	
7690	7784	7319	7784	
7849	7962	7493	7962	
8074	8152	7690	8152	
8309	8372	7919	8372	
8575	8645	8181	8645	
8883	8930	8447	8930	
9178	9270	8737	9270	
9527	9614	9033	9614	
9878	9933	9375	9933	
10252	10298	9695	10298	
10591	10607	9971	10607	
10911	10958	10295	10958	
11204	11258	10597	11258	
11479	11540	10860	11540	
11873	11889	11129	11889	
