1.66E+02
1.66E+02
1.66E+02
1.66E+02
1.66E+02
1.66E+02
1.66E+02
1.66E+02
1.66E+02
1.66E+02
1.66E+02
1.65E+02
1.63E+02
1.59E+02
1.53E+02
1.48E+02
1.42E+02
1.35E+02
1.29E+02
1.22E+02
1.14E+02
1.07E+02
9.95E+01
9.23E+01
8.65E+01
8.00E+01
7.48E+01
6.89E+01
6.37E+01
5.92E+01
5.46E+01
5.07E+01
4.68E+01
4.29E+01
3.97E+01
3.64E+01
3.32E+01
3.06E+01
2.80E+01
2.60E+01
2.34E+01
2.15E+01
1.95E+01
1.82E+01
1.69E+01
1.56E+01
1.43E+01
1.37E+01
1.24E+01
1.17E+01
1.11E+01
1.11E+01
1.04E+01
1.04E+01
1.04E+01
1.04E+01
1.04E+01
1.04E+01
1.04E+01
1.04E+01
1.04E+01
1.04E+01
1.04E+01
1.04E+01
1.04E+01
1.04E+01
1.04E+01
1.04E+01
1.04E+01
1.04E+01
1.04E+01
1.04E+01
1.04E+01
1.04E+01
1.04E+01
1.04E+01
1.04E+01
1.04E+01
1.04E+01
1.04E+01
1.04E+01
1.04E+01
1.04E+01
1.04E+01
1.04E+01
1.04E+01
1.04E+01
1.04E+01
1.04E+01
1.04E+01
1.04E+01
1.04E+01
1.04E+01
1.04E+01
1.04E+01
1.04E+01
1.04E+01
1.04E+01
1.04E+01
1.04E+01
1.04E+01
1.04E+01
1.04E+01
1.04E+01
1.04E+01
1.04E+01
1.04E+01
1.04E+01
1.04E+01
1.04E+01
1.04E+01
1.04E+01
1.04E+01
1.04E+01
1.04E+01
1.04E+01
1.04E+01
1.04E+01
1.04E+01
1.04E+01
1.04E+01
1.04E+01
1.04E+01
1.04E+01
1.04E+01
1.04E+01
1.04E+01
1.04E+01
