  5.3419576e+001
  5.3419576e+001
  5.3419576e+001
  5.3419576e+001
  5.3419576e+001
  5.3419576e+001
  5.3419576e+001
  5.3419576e+001
  5.3419576e+001
  5.3419576e+001
  5.3419576e+001
  5.7590337e+001
  6.1761099e+001
  6.5931860e+001
  7.0102621e+001
  7.4273383e+001
  7.8444144e+001
  8.2614905e+001
  8.6785667e+001
  9.0956428e+001
  9.5127190e+001
  9.9297951e+001
  1.0346871e+002
  1.0763947e+002
  1.1181024e+002
  1.1598100e+002
  1.2015176e+002
  1.2432252e+002
  1.2849328e+002
  1.3266404e+002
  1.3683480e+002
  1.4100556e+002
  1.4517633e+002
  1.4934709e+002
  1.5351785e+002
  1.5768861e+002
  1.6185937e+002
  1.6603013e+002
  1.7020089e+002
  1.7437166e+002
  1.7854242e+002
  1.8271318e+002
  1.8688394e+002
  1.9105470e+002
  1.9522546e+002
  1.9939622e+002
  2.0356699e+002
  2.0773775e+002
  2.1190851e+002
  2.1607927e+002
  2.2025003e+002
  2.2442079e+002
  2.2859155e+002
  2.3276231e+002
  2.3693308e+002
  2.4110384e+002
  2.4527460e+002
  2.4944536e+002
  2.5361612e+002
  2.5778688e+002
  2.6195764e+002
  2.6612841e+002
  2.7029917e+002
  2.7446993e+002
  2.7864069e+002
  2.8281145e+002
  2.8698221e+002
  2.9115297e+002
  2.9532374e+002
  2.9949450e+002
  3.0366526e+002
  3.0783602e+002
  3.1138053e+002
  3.1011109e+002
  3.0884166e+002
  3.0757223e+002
  3.0630280e+002
  3.0503336e+002
  3.0376393e+002
  3.0249450e+002
  3.0122506e+002
  2.9995563e+002
  2.9868620e+002
  2.9741677e+002
  2.9614733e+002
  2.9487790e+002
  2.9360847e+002
  2.9233903e+002
  2.9106960e+002
  2.8980017e+002
  2.8853073e+002
  2.8726130e+002
  2.8599187e+002
  2.8472244e+002
  2.8345300e+002
  2.8218357e+002
  2.8091414e+002
  2.7964470e+002
  2.7837527e+002
  2.7710584e+002
  2.7583641e+002
  2.7456697e+002
  2.7329754e+002
  2.7202811e+002
  2.7075867e+002
  2.6948924e+002
  2.6821981e+002
  2.6695038e+002
  2.6568094e+002
  2.6441151e+002
  2.6314208e+002
  2.6187264e+002
  2.6060321e+002
  2.5933378e+002
  2.5806434e+002
  2.5679491e+002
  2.5552548e+002
  2.5425605e+002
  2.5298661e+002
  2.5171718e+002
  2.5044775e+002
  2.4917831e+002
  2.4790888e+002
  2.4663945e+002
  2.4537002e+002
  2.4410058e+002
  2.4283115e+002
  2.4156172e+002
  2.4029228e+002
  2.3902285e+002
  2.3775342e+002
  2.3648399e+002
  2.3521455e+002
  2.3394512e+002
  2.3267569e+002
  2.3140625e+002
  2.3013682e+002
  2.2886739e+002
  2.2759795e+002
  2.2632852e+002
  2.2505909e+002
  2.2378966e+002
  2.2252022e+002
  2.2125079e+002
  2.1998136e+002
  2.1871192e+002
  2.1744249e+002
  2.1617306e+002
  2.1490363e+002
  2.1363419e+002
  2.1236476e+002
  2.1109533e+002
  2.0982589e+002
  2.0855646e+002
  2.0728703e+002
  2.0601760e+002
  2.0474816e+002
  2.0347873e+002
  2.0220930e+002
  2.0093986e+002
  1.9967043e+002
  1.9840100e+002
  1.9713156e+002
  1.9586213e+002
  1.9459270e+002
  1.9332327e+002
  1.9205383e+002
  1.9078440e+002
  1.8951497e+002
  1.8824553e+002
  1.8697610e+002
  1.8570667e+002
  1.8443724e+002
  1.8316780e+002
  1.8189837e+002
  1.8062894e+002
  1.7935950e+002
  1.7809007e+002
  1.7682064e+002
  1.7555121e+002
  1.7428177e+002
  1.7301234e+002
  1.7174291e+002
  1.7047347e+002
  1.6920404e+002
  1.6793461e+002
  1.6666517e+002
  1.6539574e+002
  1.6412631e+002
  1.6285688e+002
  1.6158744e+002
  1.6031801e+002
  1.5904858e+002
  1.5777914e+002
  1.5650971e+002
  1.5524028e+002
  1.5397085e+002
  1.5270141e+002
  1.5143198e+002
  1.5016255e+002
  1.4889311e+002
  1.4762368e+002
  1.4635425e+002
  1.4508482e+002
  1.4381538e+002
  1.4254595e+002
  1.4127652e+002
  1.4000708e+002
  1.3873765e+002
  1.3746822e+002
  1.3619878e+002
  1.3492935e+002
  1.3365992e+002
  1.3239049e+002
  1.3112105e+002
  1.2985162e+002
  1.2858219e+002
  1.2731275e+002
  1.2604332e+002
  1.2477389e+002
  1.2350446e+002
  1.2223502e+002
  1.2096559e+002
  1.1969616e+002
  1.1842672e+002
  1.1715729e+002
  1.1588786e+002
  1.1461843e+002
  1.1334899e+002
  1.1207956e+002
  1.1081013e+002
  1.0954069e+002
  1.0827126e+002
  1.0700183e+002
  1.0573239e+002
  1.0446296e+002
  1.0319353e+002
  1.0192410e+002
  1.0065466e+002
  9.9385230e+001
  9.8115797e+001
  9.6846364e+001
  9.5576931e+001
  9.4307498e+001
  9.3038065e+001
  9.1768633e+001
  9.0499200e+001
  8.9229767e+001
  8.7960334e+001
  8.6690901e+001
  8.5421468e+001
  8.4152035e+001
  8.2882602e+001
  8.1613169e+001
  8.0343736e+001
  7.9074303e+001
