  3.0494809e+001
  3.0494809e+001
  3.0494809e+001
  3.0494809e+001
  3.0494809e+001
  3.0494809e+001
  3.0494809e+001
  3.0494809e+001
  3.0494809e+001
  3.0494809e+001
  3.0494809e+001
  3.0494809e+001
  3.0494809e+001
  3.0494809e+001
  3.0494809e+001
  3.0494809e+001
  3.1159965e+001
  3.2680320e+001
  3.4200676e+001
  3.5721032e+001
  3.7241387e+001
  3.8761743e+001
  4.0282099e+001
  4.1802455e+001
  4.3322810e+001
  4.4843166e+001
  4.6363522e+001
  4.7883877e+001
  4.9404233e+001
  5.0924589e+001
  5.2444945e+001
  5.3965300e+001
  5.5485656e+001
  5.7006012e+001
  5.8526367e+001
  6.0046723e+001
  6.1567079e+001
  6.3087434e+001
  6.4607790e+001
  6.6128146e+001
  6.7648502e+001
  6.9168857e+001
  7.0689213e+001
  7.2209569e+001
  7.3729924e+001
  7.5250280e+001
  7.6770636e+001
  7.8290992e+001
  7.9811347e+001
  8.1331703e+001
  8.2852059e+001
  8.4372414e+001
  8.5892770e+001
  8.7413126e+001
  8.8933482e+001
  9.0453837e+001
  9.1974193e+001
  9.3494549e+001
  9.5014904e+001
  9.6535260e+001
  9.8055616e+001
  9.9575971e+001
  1.0109633e+002
  1.0261668e+002
  1.0413704e+002
  1.0565739e+002
  1.0717775e+002
  1.0869811e+002
  1.0972533e+002
  1.0928760e+002
  1.0884987e+002
  1.0841213e+002
  1.0797440e+002
  1.0753666e+002
  1.0709893e+002
  1.0666120e+002
  1.0622346e+002
  1.0578573e+002
  1.0534800e+002
  1.0491026e+002
  1.0447253e+002
  1.0403480e+002
  1.0359706e+002
  1.0315933e+002
  1.0272160e+002
  1.0228386e+002
  1.0184613e+002
  1.0140840e+002
  1.0097066e+002
  1.0053293e+002
  1.0009520e+002
  9.9657462e+001
  9.9219728e+001
  9.8781995e+001
  9.8344261e+001
  9.7906528e+001
  9.7468794e+001
  9.7031061e+001
  9.6593327e+001
  9.6155594e+001
  9.5717860e+001
  9.5280127e+001
  9.4842393e+001
  9.4404660e+001
  9.3966926e+001
  9.3529193e+001
  9.3091459e+001
  9.2653726e+001
  9.2215992e+001
  9.1778259e+001
  9.1340525e+001
  9.0902792e+001
  9.0465058e+001
  9.0027325e+001
  8.9589591e+001
  8.9151858e+001
  8.8714124e+001
  8.8276391e+001
  8.7838657e+001
  8.7400924e+001
  8.6963190e+001
  8.6525457e+001
  8.6087723e+001
  8.5649990e+001
  8.5212256e+001
  8.4774523e+001
  8.4336789e+001
  8.3899056e+001
  8.3461322e+001
  8.3023589e+001
  8.2585855e+001
  8.2148122e+001
  8.1710388e+001
  8.1272655e+001
  8.0834921e+001
  8.0397188e+001
  7.9959454e+001
  7.9521721e+001
  7.9083987e+001
  7.8646254e+001
  7.8208520e+001
  7.7770787e+001
  7.7333053e+001
  7.6895320e+001
  7.6457586e+001
  7.6019853e+001
  7.5582119e+001
  7.5144386e+001
  7.4706652e+001
  7.4268919e+001
  7.3831185e+001
  7.3393452e+001
  7.2955718e+001
  7.2517985e+001
  7.2080251e+001
  7.1642518e+001
  7.1204784e+001
  7.0767051e+001
  7.0329317e+001
  6.9891584e+001
  6.9453850e+001
  6.9016117e+001
  6.8578383e+001
  6.8140650e+001
  6.7702916e+001
  6.7265183e+001
  6.6827449e+001
  6.6389716e+001
  6.5951982e+001
  6.5514249e+001
  6.5076515e+001
  6.4638782e+001
  6.4201048e+001
  6.3763315e+001
  6.3325581e+001
  6.2887848e+001
  6.2450114e+001
  6.2012381e+001
  6.1574647e+001
  6.1136914e+001
  6.0699180e+001
  6.0261447e+001
  5.9823713e+001
  5.9385980e+001
  5.8948246e+001
  5.8510513e+001
  5.8072779e+001
  5.7635046e+001
  5.7197312e+001
  5.6759579e+001
  5.6321845e+001
  5.5884112e+001
  5.5446378e+001
  5.5008645e+001
  5.4570911e+001
  5.4133178e+001
  5.3695444e+001
  5.3257711e+001
  5.2819977e+001
  5.2382244e+001
  5.1944510e+001
  5.1506777e+001
  5.1069043e+001
  5.0631310e+001
  5.0193576e+001
  4.9755843e+001
  4.9318109e+001
  4.8880376e+001
  4.8442642e+001
  4.8004909e+001
  4.7567175e+001
  4.7129442e+001
  4.6691708e+001
  4.6253975e+001
  4.5816241e+001
  4.5378508e+001
  4.4940774e+001
  4.4503041e+001
  4.4065307e+001
  4.3627574e+001
  4.3189840e+001
  4.2752107e+001
  4.2314373e+001
  4.1876640e+001
  4.1438906e+001
  4.1001173e+001
  4.0563439e+001
  4.0125706e+001
  3.9687972e+001
  3.9250239e+001
  3.8812505e+001
  3.8374772e+001
  3.7937038e+001
  3.7499305e+001
  3.7061571e+001
  3.6623838e+001
  3.6186104e+001
  3.5748371e+001
  3.5310637e+001
  3.4872904e+001
  3.4435170e+001
  3.3997437e+001
  3.3559703e+001
  3.3121970e+001
  3.2684236e+001
  3.2246503e+001
  3.1808769e+001
  3.1371036e+001
  3.0933302e+001
  3.0495569e+001
  3.0057835e+001
  2.9620102e+001
  2.9182368e+001
  2.8744635e+001
  2.8306901e+001
  2.7869168e+001
