  2.0899206e+001
  2.0899206e+001
  2.0899206e+001
  2.0899206e+001
  2.0899206e+001
  2.0899206e+001
  2.0899206e+001
  2.0899206e+001
  2.0899206e+001
  2.0899206e+001
  2.0899206e+001
  2.0899206e+001
  2.0899206e+001
  2.0899206e+001
  2.0899206e+001
  2.0899206e+001
  2.0899206e+001
  2.0899206e+001
  2.1286827e+001
  2.1850639e+001
  2.2414452e+001
  2.2978264e+001
  2.3542077e+001
  2.4105889e+001
  2.4669701e+001
  2.5233514e+001
  2.5797326e+001
  2.6361139e+001
  2.6924951e+001
  2.7488764e+001
  2.8052576e+001
  2.8616388e+001
  2.9180201e+001
  2.9744013e+001
  3.0307826e+001
  3.0871638e+001
  3.1435450e+001
  3.1999263e+001
  3.2563075e+001
  3.3126888e+001
  3.3690700e+001
  3.4254512e+001
  3.4818325e+001
  3.5382137e+001
  3.5945950e+001
  3.6509762e+001
  3.7073574e+001
  3.7637387e+001
  3.8201199e+001
  3.8765012e+001
  3.9328824e+001
  3.9892636e+001
  4.0456449e+001
  4.1020261e+001
  4.1584074e+001
  4.2147886e+001
  4.2711698e+001
  4.3275511e+001
  4.3839323e+001
  4.4403136e+001
  4.4966948e+001
  4.5530761e+001
  4.6094573e+001
  4.6658385e+001
  4.7222198e+001
  4.7786010e+001
  4.8349823e+001
  4.8913635e+001
  4.9477447e+001
  5.0041260e+001
  5.0605072e+001
  5.1168885e+001
  5.1732697e+001
  5.2296509e+001
  5.2860322e+001
  5.3424134e+001
  5.3987947e+001
  5.4551759e+001
  5.5115571e+001
  5.5679384e+001
  5.6243196e+001
  5.6807009e+001
  5.7370821e+001
  5.7934633e+001
  5.8498446e+001
  5.9062258e+001
  5.9626071e+001
  6.0189883e+001
  6.0753695e+001
  6.1317508e+001
  6.1881320e+001
  6.2445133e+001
  6.3008945e+001
  6.3572758e+001
  6.4136570e+001
  6.4700382e+001
  6.5264195e+001
  6.5828007e+001
  6.6391820e+001
  6.6955632e+001
  6.7519444e+001
  6.8083257e+001
  6.8647069e+001
  6.9210882e+001
  6.9774694e+001
  7.0338506e+001
  7.0902319e+001
  7.1466131e+001
  7.2029944e+001
  7.2593756e+001
  7.3157568e+001
  7.3721381e+001
  7.4285193e+001
  7.4849006e+001
  7.5412818e+001
  7.5976630e+001
  7.6540443e+001
  7.6478734e+001
  7.6066364e+001
  7.5653994e+001
  7.5241624e+001
  7.4829254e+001
  7.4416884e+001
  7.4004514e+001
  7.3592145e+001
  7.3179775e+001
  7.2767405e+001
  7.2355035e+001
  7.1942665e+001
  7.1530295e+001
  7.1117925e+001
  7.0705555e+001
  7.0293186e+001
  6.9880816e+001
  6.9468446e+001
  6.9056076e+001
  6.8643706e+001
  6.8231336e+001
  6.7818966e+001
  6.7406596e+001
  6.6994227e+001
  6.6581857e+001
  6.6169487e+001
  6.5757117e+001
  6.5344747e+001
  6.4932377e+001
  6.4520007e+001
  6.4107637e+001
  6.3695268e+001
  6.3282898e+001
  6.2870528e+001
  6.2458158e+001
  6.2045788e+001
  6.1633418e+001
  6.1221048e+001
  6.0808678e+001
  6.0396309e+001
  5.9983939e+001
  5.9571569e+001
  5.9159199e+001
  5.8746829e+001
  5.8334459e+001
  5.7922089e+001
  5.7509720e+001
  5.7097350e+001
  5.6684980e+001
  5.6272610e+001
  5.5860240e+001
  5.5447870e+001
  5.5035500e+001
  5.4623130e+001
  5.4210761e+001
  5.3798391e+001
  5.3386021e+001
  5.2973651e+001
  5.2561281e+001
  5.2148911e+001
  5.1736541e+001
  5.1324171e+001
  5.0911802e+001
  5.0499432e+001
  5.0087062e+001
  4.9674692e+001
  4.9262322e+001
  4.8849952e+001
  4.8437582e+001
  4.8025212e+001
  4.7612843e+001
  4.7200473e+001
  4.6788103e+001
  4.6375733e+001
  4.5963363e+001
  4.5550993e+001
  4.5138623e+001
  4.4726253e+001
  4.4313884e+001
  4.3901514e+001
  4.3489144e+001
  4.3076774e+001
  4.2664404e+001
  4.2252034e+001
  4.1839664e+001
  4.1427294e+001
  4.1014925e+001
  4.0602555e+001
  4.0190185e+001
  3.9777815e+001
  3.9365445e+001
  3.8953075e+001
  3.8540705e+001
  3.8128336e+001
  3.7715966e+001
  3.7303596e+001
  3.6891226e+001
  3.6478856e+001
  3.6066486e+001
  3.5654116e+001
  3.5241746e+001
  3.4829377e+001
  3.4417007e+001
  3.4004637e+001
  3.3592267e+001
  3.3179897e+001
  3.2767527e+001
  3.2355157e+001
  3.1942787e+001
  3.1530418e+001
  3.1118048e+001
  3.0705678e+001
  3.0293308e+001
  2.9880938e+001
  2.9468568e+001
  2.9056198e+001
  2.8643828e+001
  2.8231459e+001
  2.7819089e+001
  2.7406719e+001
  2.6994349e+001
  2.6581979e+001
  2.6169609e+001
  2.5757239e+001
  2.5344869e+001
  2.4932500e+001
  2.4520130e+001
  2.4107760e+001
  2.3695390e+001
  2.3283020e+001
  2.2870650e+001
  2.2458280e+001
  2.2045910e+001
  2.1633541e+001
  2.1221171e+001
  2.0808801e+001
  2.0396431e+001
  1.9984061e+001
  1.9571691e+001
