  7.3464298e+001
  7.3464298e+001
  7.3464298e+001
  7.3464298e+001
  7.3464298e+001
  7.3464298e+001
  7.3464298e+001
  7.3464298e+001
  7.3464298e+001
  7.3464298e+001
  7.3464298e+001
  7.4757462e+001
  7.6050626e+001
  7.7343791e+001
  7.8636955e+001
  7.9930119e+001
  8.1223283e+001
  8.2516447e+001
  8.3809611e+001
  8.5102775e+001
  8.6395939e+001
  8.7689103e+001
  8.8982267e+001
  9.0275431e+001
  9.1568595e+001
  9.2861759e+001
  9.4154923e+001
  9.5448088e+001
  9.6741252e+001
  9.8034416e+001
  9.9327580e+001
  1.0062074e+002
  1.0191391e+002
  1.0320707e+002
  1.0450024e+002
  1.0579340e+002
  1.0708656e+002
  1.0837973e+002
  1.0967289e+002
  1.1096606e+002
  1.1225922e+002
  1.1355238e+002
  1.1484555e+002
  1.1613871e+002
  1.1743188e+002
  1.1872504e+002
  1.2001820e+002
  1.2131137e+002
  1.2260453e+002
  1.2389770e+002
  1.2519086e+002
  1.2648403e+002
  1.2777719e+002
  1.2907035e+002
  1.3036352e+002
  1.3165668e+002
  1.3294985e+002
  1.3424301e+002
  1.3553617e+002
  1.3682934e+002
  1.3812250e+002
  1.3941567e+002
  1.4070883e+002
  1.4200199e+002
  1.4329516e+002
  1.4458832e+002
  1.4588149e+002
  1.4717465e+002
  1.4846781e+002
  1.4976098e+002
  1.5105414e+002
  1.5234731e+002
  1.5364047e+002
  1.5493363e+002
  1.5622680e+002
  1.5751996e+002
  1.5881313e+002
  1.6010629e+002
  1.6139946e+002
  1.6269262e+002
  1.6398578e+002
  1.6527895e+002
  1.6657211e+002
  1.6786528e+002
  1.6915844e+002
  1.7045160e+002
  1.7174477e+002
  1.7303793e+002
  1.7433110e+002
  1.7562426e+002
  1.7691742e+002
  1.7821059e+002
  1.7950375e+002
  1.8079692e+002
  1.8209008e+002
  1.8338324e+002
  1.8467641e+002
  1.8596957e+002
  1.8726274e+002
  1.8855590e+002
  1.8984906e+002
  1.9114223e+002
  1.9243539e+002
  1.9372856e+002
  1.9502172e+002
  1.9631489e+002
  1.9673796e+002
  1.9575448e+002
  1.9477100e+002
  1.9378752e+002
  1.9280404e+002
  1.9182055e+002
  1.9083707e+002
  1.8985359e+002
  1.8887011e+002
  1.8788663e+002
  1.8690315e+002
  1.8591967e+002
  1.8493618e+002
  1.8395270e+002
  1.8296922e+002
  1.8198574e+002
  1.8100226e+002
  1.8001878e+002
  1.7903530e+002
  1.7805181e+002
  1.7706833e+002
  1.7608485e+002
  1.7510137e+002
  1.7411789e+002
  1.7313441e+002
  1.7215093e+002
  1.7116745e+002
  1.7018396e+002
  1.6920048e+002
  1.6821700e+002
  1.6723352e+002
  1.6625004e+002
  1.6526656e+002
  1.6428308e+002
  1.6329959e+002
  1.6231611e+002
  1.6133263e+002
  1.6034915e+002
  1.5936567e+002
  1.5838219e+002
  1.5739871e+002
  1.5641522e+002
  1.5543174e+002
  1.5444826e+002
  1.5346478e+002
  1.5248130e+002
  1.5149782e+002
  1.5051434e+002
  1.4953085e+002
  1.4854737e+002
  1.4756389e+002
  1.4658041e+002
  1.4559693e+002
  1.4461345e+002
  1.4362997e+002
  1.4264648e+002
  1.4166300e+002
  1.4067952e+002
  1.3969604e+002
  1.3871256e+002
  1.3772908e+002
  1.3674560e+002
  1.3576211e+002
  1.3477863e+002
  1.3379515e+002
  1.3281167e+002
  1.3182819e+002
  1.3084471e+002
  1.2986123e+002
  1.2887775e+002
  1.2789426e+002
  1.2691078e+002
  1.2592730e+002
  1.2494382e+002
  1.2396034e+002
  1.2297686e+002
  1.2199338e+002
  1.2100989e+002
  1.2002641e+002
  1.1904293e+002
  1.1805945e+002
  1.1707597e+002
  1.1609249e+002
  1.1510901e+002
  1.1412552e+002
  1.1314204e+002
  1.1215856e+002
  1.1117508e+002
  1.1019160e+002
  1.0920812e+002
  1.0822464e+002
  1.0724115e+002
  1.0625767e+002
  1.0527419e+002
  1.0429071e+002
  1.0330723e+002
  1.0232375e+002
  1.0134027e+002
  1.0035678e+002
  9.9373303e+001
  9.8389822e+001
  9.7406341e+001
  9.6422859e+001
  9.5439378e+001
  9.4455896e+001
  9.3472415e+001
  9.2488934e+001
  9.1505452e+001
  9.0521971e+001
  8.9538490e+001
  8.8555008e+001
  8.7571527e+001
  8.6588045e+001
  8.5604564e+001
  8.4621083e+001
  8.3637601e+001
  8.2654120e+001
  8.1670638e+001
  8.0687157e+001
  7.9703676e+001
  7.8720194e+001
  7.7736713e+001
  7.6753231e+001
  7.5769750e+001
  7.4786269e+001
  7.3802787e+001
  7.2819306e+001
  7.1835824e+001
  7.0852343e+001
  6.9868862e+001
  6.8885380e+001
  6.7901899e+001
  6.6918417e+001
  6.5934936e+001
  6.4951455e+001
  6.3967973e+001
  6.2984492e+001
  6.2001011e+001
  6.1017529e+001
  6.0034048e+001
  5.9050566e+001
  5.8067085e+001
  5.7083604e+001
  5.6100122e+001
  5.5116641e+001
  5.4133159e+001
  5.3149678e+001
  5.2166197e+001
  5.1182715e+001
  5.0199234e+001
