  1.0269634e+002
  1.0269634e+002
  1.0269634e+002
  1.0269634e+002
  1.0269634e+002
  1.0269634e+002
  1.0269634e+002
  1.0269634e+002
  1.0269634e+002
  1.0269634e+002
  1.0269634e+002
  1.0480786e+002
  1.0691938e+002
  1.0903089e+002
  1.1114241e+002
  1.1325393e+002
  1.1536545e+002
  1.1747697e+002
  1.1958848e+002
  1.2170000e+002
  1.2381152e+002
  1.2592304e+002
  1.2803455e+002
  1.3014607e+002
  1.3225759e+002
  1.3436911e+002
  1.3648062e+002
  1.3859214e+002
  1.4070366e+002
  1.4281518e+002
  1.4492670e+002
  1.4703821e+002
  1.4914973e+002
  1.5126125e+002
  1.5337277e+002
  1.5548428e+002
  1.5759580e+002
  1.5970732e+002
  1.6181884e+002
  1.6393036e+002
  1.6604187e+002
  1.6815339e+002
  1.7026491e+002
  1.7237643e+002
  1.7448794e+002
  1.7659946e+002
  1.7871098e+002
  1.8082250e+002
  1.8293401e+002
  1.8504553e+002
  1.8715705e+002
  1.8926857e+002
  1.9138009e+002
  1.9349160e+002
  1.9560312e+002
  1.9771464e+002
  1.9982616e+002
  2.0193767e+002
  2.0404919e+002
  2.0616071e+002
  2.0827223e+002
  2.1038374e+002
  2.1249526e+002
  2.1460678e+002
  2.1671830e+002
  2.1882982e+002
  2.2094133e+002
  2.2305285e+002
  2.2516437e+002
  2.2727589e+002
  2.2938740e+002
  2.3149892e+002
  2.3361044e+002
  2.3572196e+002
  2.3783348e+002
  2.3994499e+002
  2.4205651e+002
  2.4416803e+002
  2.4627955e+002
  2.4839106e+002
  2.5050258e+002
  2.5261410e+002
  2.5472562e+002
  2.5683713e+002
  2.5894865e+002
  2.6106017e+002
  2.6317169e+002
  2.6528321e+002
  2.6739472e+002
  2.6950624e+002
  2.7161776e+002
  2.7372928e+002
  2.7584079e+002
  2.7795231e+002
  2.8006383e+002
  2.8217535e+002
  2.8428687e+002
  2.8639838e+002
  2.8850990e+002
  2.9062142e+002
  2.9273294e+002
  2.9484445e+002
  2.9695597e+002
  2.9906749e+002
  3.0117901e+002
  3.0329052e+002
  3.0540204e+002
  3.0682282e+002
  3.0527825e+002
  3.0373367e+002
  3.0218910e+002
  3.0064453e+002
  2.9909996e+002
  2.9755539e+002
  2.9601082e+002
  2.9446625e+002
  2.9292167e+002
  2.9137710e+002
  2.8983253e+002
  2.8828796e+002
  2.8674339e+002
  2.8519882e+002
  2.8365425e+002
  2.8210967e+002
  2.8056510e+002
  2.7902053e+002
  2.7747596e+002
  2.7593139e+002
  2.7438682e+002
  2.7284225e+002
  2.7129768e+002
  2.6975310e+002
  2.6820853e+002
  2.6666396e+002
  2.6511939e+002
  2.6357482e+002
  2.6203025e+002
  2.6048568e+002
  2.5894110e+002
  2.5739653e+002
  2.5585196e+002
  2.5430739e+002
  2.5276282e+002
  2.5121825e+002
  2.4967368e+002
  2.4812910e+002
  2.4658453e+002
  2.4503996e+002
  2.4349539e+002
  2.4195082e+002
  2.4040625e+002
  2.3886168e+002
  2.3731710e+002
  2.3577253e+002
  2.3422796e+002
  2.3268339e+002
  2.3113882e+002
  2.2959425e+002
  2.2804968e+002
  2.2650510e+002
  2.2496053e+002
  2.2341596e+002
  2.2187139e+002
  2.2032682e+002
  2.1878225e+002
  2.1723768e+002
  2.1569310e+002
  2.1414853e+002
  2.1260396e+002
  2.1105939e+002
  2.0951482e+002
  2.0797025e+002
  2.0642568e+002
  2.0488111e+002
  2.0333653e+002
  2.0179196e+002
  2.0024739e+002
  1.9870282e+002
  1.9715825e+002
  1.9561368e+002
  1.9406911e+002
  1.9252453e+002
  1.9097996e+002
  1.8943539e+002
  1.8789082e+002
  1.8634625e+002
  1.8480168e+002
  1.8325711e+002
  1.8171253e+002
  1.8016796e+002
  1.7862339e+002
  1.7707882e+002
  1.7553425e+002
  1.7398968e+002
  1.7244511e+002
  1.7090053e+002
  1.6935596e+002
  1.6781139e+002
  1.6626682e+002
  1.6472225e+002
  1.6317768e+002
  1.6163311e+002
  1.6008853e+002
  1.5854396e+002
  1.5699939e+002
  1.5545482e+002
  1.5391025e+002
  1.5236568e+002
  1.5082111e+002
  1.4927653e+002
  1.4773196e+002
  1.4618739e+002
  1.4464282e+002
  1.4309825e+002
  1.4155368e+002
  1.4000911e+002
  1.3846454e+002
  1.3691996e+002
  1.3537539e+002
  1.3383082e+002
  1.3228625e+002
  1.3074168e+002
  1.2919711e+002
  1.2765254e+002
  1.2610796e+002
  1.2456339e+002
  1.2301882e+002
  1.2147425e+002
  1.1992968e+002
  1.1838511e+002
  1.1684054e+002
  1.1529596e+002
  1.1375139e+002
  1.1220682e+002
  1.1066225e+002
  1.0911768e+002
  1.0757311e+002
  1.0602854e+002
  1.0448396e+002
  1.0293939e+002
  1.0139482e+002
  9.9850250e+001
  9.8305679e+001
  9.6761107e+001
  9.5216536e+001
  9.3671965e+001
  9.2127393e+001
  9.0582822e+001
  8.9038250e+001
  8.7493679e+001
  8.5949108e+001
  8.4404536e+001
  8.2859965e+001
  8.1315393e+001
  7.9770822e+001
  7.8226251e+001
