  1.6210125e+001
  1.6210125e+001
  1.6210125e+001
  1.6210125e+001
  1.6210125e+001
  1.6210125e+001
  1.6210125e+001
  1.6210125e+001
  1.6210125e+001
  1.6210125e+001
  1.6210125e+001
  1.6210125e+001
  1.6210125e+001
  1.6210125e+001
  1.6210125e+001
  1.7226631e+001
  1.8705184e+001
  2.0183738e+001
  2.1662291e+001
  2.3140845e+001
  2.4619398e+001
  2.6097952e+001
  2.7576505e+001
  2.9055059e+001
  3.0533612e+001
  3.2012165e+001
  3.3490719e+001
  3.4969272e+001
  3.6447826e+001
  3.7926379e+001
  3.9404933e+001
  4.0883486e+001
  4.2362040e+001
  4.3840593e+001
  4.5319147e+001
  4.6797700e+001
  4.8276254e+001
  4.9754807e+001
  5.1233361e+001
  5.2711914e+001
  5.4190468e+001
  5.5669021e+001
  5.7147575e+001
  5.8626128e+001
  6.0104682e+001
  6.1199721e+001
  6.0982181e+001
  6.0764641e+001
  6.0547101e+001
  6.0329561e+001
  6.0112021e+001
  5.9894481e+001
  5.9676941e+001
  5.9459400e+001
  5.9241860e+001
  5.9024320e+001
  5.8806780e+001
  5.8589240e+001
  5.8371700e+001
  5.8154160e+001
  5.7936620e+001
  5.7719080e+001
  5.7501540e+001
  5.7284000e+001
  5.7066460e+001
  5.6848920e+001
  5.6631380e+001
  5.6413840e+001
  5.6196299e+001
  5.5978759e+001
  5.5761219e+001
  5.5543679e+001
  5.5326139e+001
  5.5108599e+001
  5.4891059e+001
  5.4673519e+001
  5.4455979e+001
  5.4238439e+001
  5.4020899e+001
  5.3803359e+001
  5.3585819e+001
  5.3368279e+001
  5.3150739e+001
  5.2933198e+001
  5.2715658e+001
  5.2498118e+001
  5.2280578e+001
  5.2063038e+001
  5.1845498e+001
  5.1627958e+001
  5.1410418e+001
  5.1192878e+001
  5.0975338e+001
  5.0757798e+001
  5.0540258e+001
  5.0322718e+001
  5.0105178e+001
  4.9887638e+001
  4.9670097e+001
  4.9452557e+001
  4.9235017e+001
  4.9017477e+001
  4.8799937e+001
  4.8582397e+001
  4.8364857e+001
  4.8147317e+001
  4.7929777e+001
  4.7712237e+001
  4.7494697e+001
  4.7277157e+001
  4.7059617e+001
  4.6842077e+001
  4.6624537e+001
  4.6406996e+001
  4.6189456e+001
  4.5971916e+001
  4.5754376e+001
  4.5536836e+001
  4.5319296e+001
  4.5101756e+001
  4.4884216e+001
  4.4666676e+001
  4.4449136e+001
  4.4231596e+001
  4.4014056e+001
  4.3796516e+001
  4.3578976e+001
  4.3361436e+001
  4.3143895e+001
  4.2926355e+001
  4.2708815e+001
  4.2491275e+001
  4.2273735e+001
  4.2056195e+001
  4.1838655e+001
  4.1621115e+001
  4.1403575e+001
  4.1186035e+001
  4.0968495e+001
  4.0750955e+001
  4.0533415e+001
  4.0315875e+001
  4.0098335e+001
  3.9880794e+001
  3.9663254e+001
  3.9445714e+001
  3.9228174e+001
  3.9010634e+001
  3.8793094e+001
  3.8575554e+001
  3.8358014e+001
  3.8140474e+001
  3.7922934e+001
  3.7705394e+001
  3.7487854e+001
  3.7270314e+001
  3.7052774e+001
  3.6835234e+001
  3.6617693e+001
  3.6400153e+001
  3.6182613e+001
  3.5965073e+001
  3.5747533e+001
  3.5529993e+001
  3.5312453e+001
  3.5094913e+001
  3.4877373e+001
  3.4659833e+001
  3.4442293e+001
  3.4224753e+001
  3.4007213e+001
  3.3789673e+001
  3.3572133e+001
  3.3354592e+001
  3.3137052e+001
  3.2919512e+001
  3.2701972e+001
  3.2484432e+001
  3.2266892e+001
  3.2049352e+001
  3.1831812e+001
  3.1614272e+001
  3.1396732e+001
  3.1179192e+001
  3.0961652e+001
  3.0744112e+001
  3.0526572e+001
  3.0309032e+001
  3.0091492e+001
  2.9873951e+001
  2.9656411e+001
  2.9438871e+001
  2.9221331e+001
  2.9003791e+001
  2.8786251e+001
  2.8568711e+001
  2.8351171e+001
  2.8133631e+001
  2.7916091e+001
  2.7698551e+001
  2.7481011e+001
  2.7263471e+001
  2.7045931e+001
  2.6828391e+001
  2.6610850e+001
  2.6393310e+001
  2.6175770e+001
  2.5958230e+001
  2.5740690e+001
  2.5523150e+001
  2.5305610e+001
  2.5088070e+001
  2.4870530e+001
  2.4652990e+001
  2.4435450e+001
  2.4217910e+001
  2.4000370e+001
  2.3782830e+001
  2.3565290e+001
  2.3347749e+001
  2.3130209e+001
  2.2912669e+001
  2.2695129e+001
  2.2477589e+001
  2.2260049e+001
  2.2042509e+001
  2.1824969e+001
  2.1607429e+001
  2.1389889e+001
  2.1172349e+001
  2.0954809e+001
  2.0737269e+001
  2.0519729e+001
  2.0302189e+001
  2.0084648e+001
  1.9867108e+001
  1.9649568e+001
  1.9432028e+001
  1.9214488e+001
  1.8996948e+001
  1.8779408e+001
  1.8561868e+001
  1.8344328e+001
  1.8126788e+001
  1.7909248e+001
  1.7691708e+001
  1.7474168e+001
  1.7256628e+001
  1.7039088e+001
  1.6821547e+001
  1.6604007e+001
  1.6386467e+001
  1.6168927e+001
  1.5951387e+001
  1.5733847e+001
  1.5516307e+001
