  1.1786725e+001
  1.1786725e+001
  1.1786725e+001
  1.1786725e+001
  1.1786725e+001
  1.1786725e+001
  1.1786725e+001
  1.1786725e+001
  1.1786725e+001
  1.1786725e+001
  1.1786725e+001
  1.1786725e+001
  1.1786725e+001
  1.1786725e+001
  1.1786725e+001
  1.1786725e+001
  1.1786725e+001
  1.1786725e+001
  1.1875341e+001
  1.2229807e+001
  1.2584273e+001
  1.2938739e+001
  1.3293205e+001
  1.3647671e+001
  1.4002137e+001
  1.4356603e+001
  1.4711069e+001
  1.5065535e+001
  1.5420001e+001
  1.5774467e+001
  1.6128933e+001
  1.6483399e+001
  1.6837865e+001
  1.7192331e+001
  1.7546797e+001
  1.7901263e+001
  1.8255729e+001
  1.8610195e+001
  1.8964661e+001
  1.9319127e+001
  1.9673593e+001
  2.0028059e+001
  2.0382525e+001
  2.0736991e+001
  2.1091457e+001
  2.1445923e+001
  2.1800389e+001
  2.2154855e+001
  2.2509321e+001
  2.2863787e+001
  2.3218253e+001
  2.3572719e+001
  2.3927185e+001
  2.4281651e+001
  2.4636117e+001
  2.4990583e+001
  2.5345049e+001
  2.5699515e+001
  2.6053981e+001
  2.6408447e+001
  2.6762913e+001
  2.7117379e+001
  2.7471845e+001
  2.7826311e+001
  2.8180777e+001
  2.8535243e+001
  2.8889709e+001
  2.9244175e+001
  2.9598641e+001
  2.9953107e+001
  3.0307573e+001
  3.0662039e+001
  3.1016505e+001
  3.1370971e+001
  3.1725437e+001
  3.2079903e+001
  3.2434369e+001
  3.2788835e+001
  3.3143301e+001
  3.3497767e+001
  3.3852233e+001
  3.4206699e+001
  3.4561165e+001
  3.4915631e+001
  3.5270097e+001
  3.5624563e+001
  3.5979029e+001
  3.6333495e+001
  3.6687961e+001
  3.7042427e+001
  3.7396893e+001
  3.7751359e+001
  3.8105825e+001
  3.8460291e+001
  3.8814757e+001
  3.9169223e+001
  3.9523689e+001
  3.9878155e+001
  4.0232621e+001
  4.0587087e+001
  4.0941553e+001
  4.1296019e+001
  4.1650485e+001
  4.2004951e+001
  4.2359417e+001
  4.2713883e+001
  4.3068349e+001
  4.3422815e+001
  4.3777281e+001
  4.4131747e+001
  4.4486213e+001
  4.4840679e+001
  4.5195145e+001
  4.5549611e+001
  4.5904077e+001
  4.6258543e+001
  4.6613009e+001
  4.6815162e+001
  4.6562563e+001
  4.6309963e+001
  4.6057364e+001
  4.5804764e+001
  4.5552165e+001
  4.5299565e+001
  4.5046966e+001
  4.4794367e+001
  4.4541767e+001
  4.4289168e+001
  4.4036568e+001
  4.3783969e+001
  4.3531369e+001
  4.3278770e+001
  4.3026170e+001
  4.2773571e+001
  4.2520971e+001
  4.2268372e+001
  4.2015773e+001
  4.1763173e+001
  4.1510574e+001
  4.1257974e+001
  4.1005375e+001
  4.0752775e+001
  4.0500176e+001
  4.0247576e+001
  3.9994977e+001
  3.9742378e+001
  3.9489778e+001
  3.9237179e+001
  3.8984579e+001
  3.8731980e+001
  3.8479380e+001
  3.8226781e+001
  3.7974181e+001
  3.7721582e+001
  3.7468982e+001
  3.7216383e+001
  3.6963784e+001
  3.6711184e+001
  3.6458585e+001
  3.6205985e+001
  3.5953386e+001
  3.5700786e+001
  3.5448187e+001
  3.5195587e+001
  3.4942988e+001
  3.4690389e+001
  3.4437789e+001
  3.4185190e+001
  3.3932590e+001
  3.3679991e+001
  3.3427391e+001
  3.3174792e+001
  3.2922192e+001
  3.2669593e+001
  3.2416993e+001
  3.2164394e+001
  3.1911795e+001
  3.1659195e+001
  3.1406596e+001
  3.1153996e+001
  3.0901397e+001
  3.0648797e+001
  3.0396198e+001
  3.0143598e+001
  2.9890999e+001
  2.9638400e+001
  2.9385800e+001
  2.9133201e+001
  2.8880601e+001
  2.8628002e+001
  2.8375402e+001
  2.8122803e+001
  2.7870203e+001
  2.7617604e+001
  2.7365004e+001
  2.7112405e+001
  2.6859806e+001
  2.6607206e+001
  2.6354607e+001
  2.6102007e+001
  2.5849408e+001
  2.5596808e+001
  2.5344209e+001
  2.5091609e+001
  2.4839010e+001
  2.4586411e+001
  2.4333811e+001
  2.4081212e+001
  2.3828612e+001
  2.3576013e+001
  2.3323413e+001
  2.3070814e+001
  2.2818214e+001
  2.2565615e+001
  2.2313015e+001
  2.2060416e+001
  2.1807817e+001
  2.1555217e+001
  2.1302618e+001
  2.1050018e+001
  2.0797419e+001
  2.0544819e+001
  2.0292220e+001
  2.0039620e+001
  1.9787021e+001
  1.9534421e+001
  1.9281822e+001
  1.9029223e+001
  1.8776623e+001
  1.8524024e+001
  1.8271424e+001
  1.8018825e+001
  1.7766225e+001
  1.7513626e+001
  1.7261026e+001
  1.7008427e+001
  1.6755828e+001
  1.6503228e+001
  1.6250629e+001
  1.5998029e+001
  1.5745430e+001
  1.5492830e+001
  1.5240231e+001
  1.4987631e+001
  1.4735032e+001
  1.4482432e+001
  1.4229833e+001
  1.3977234e+001
  1.3724634e+001
  1.3472035e+001
  1.3219435e+001
  1.2966836e+001
  1.2714236e+001
  1.2461637e+001
  1.2209037e+001
  1.1956438e+001
