  1.6286121e+002
  1.6286121e+002
  1.6286121e+002
  1.6286121e+002
  1.6286121e+002
  1.6286121e+002
  1.6286121e+002
  1.6286121e+002
  1.6286121e+002
  1.6286121e+002
  1.6286121e+002
  1.6507123e+002
  1.6728126e+002
  1.6949128e+002
  1.7170131e+002
  1.7391133e+002
  1.7612136e+002
  1.7833138e+002
  1.8054141e+002
  1.8275143e+002
  1.8496146e+002
  1.8717148e+002
  1.8938151e+002
  1.9159153e+002
  1.9380156e+002
  1.9601158e+002
  1.9822161e+002
  2.0043163e+002
  2.0264166e+002
  2.0485168e+002
  2.0706171e+002
  2.0927173e+002
  2.1148175e+002
  2.1369178e+002
  2.1590180e+002
  2.1811183e+002
  2.2032185e+002
  2.2253188e+002
  2.2474190e+002
  2.2695193e+002
  2.2916195e+002
  2.3137198e+002
  2.3358200e+002
  2.3579203e+002
  2.3800205e+002
  2.4021208e+002
  2.4242210e+002
  2.4463213e+002
  2.4684215e+002
  2.4905218e+002
  2.5126220e+002
  2.5347223e+002
  2.5568225e+002
  2.5789227e+002
  2.6010230e+002
  2.6231232e+002
  2.6452235e+002
  2.6673237e+002
  2.6894240e+002
  2.7115242e+002
  2.7336245e+002
  2.7557247e+002
  2.7778250e+002
  2.7999252e+002
  2.8220255e+002
  2.8441257e+002
  2.8662260e+002
  2.8883262e+002
  2.9104265e+002
  2.9325267e+002
  2.9546270e+002
  2.9767272e+002
  2.9988275e+002
  3.0209277e+002
  3.0430279e+002
  3.0651282e+002
  3.0872284e+002
  3.1093287e+002
  3.1314289e+002
  3.1535292e+002
  3.1756294e+002
  3.1977297e+002
  3.2198299e+002
  3.2419302e+002
  3.2640304e+002
  3.2809873e+002
  3.2665944e+002
  3.2522016e+002
  3.2378087e+002
  3.2234159e+002
  3.2090230e+002
  3.1946301e+002
  3.1802373e+002
  3.1658444e+002
  3.1514516e+002
  3.1370587e+002
  3.1226659e+002
  3.1082730e+002
  3.0938801e+002
  3.0794873e+002
  3.0650944e+002
  3.0507016e+002
  3.0363087e+002
  3.0219159e+002
  3.0075230e+002
  2.9931301e+002
  2.9787373e+002
  2.9643444e+002
  2.9499516e+002
  2.9355587e+002
  2.9211659e+002
  2.9067730e+002
  2.8923801e+002
  2.8779873e+002
  2.8635944e+002
  2.8492016e+002
  2.8348087e+002
  2.8204159e+002
  2.8060230e+002
  2.7916301e+002
  2.7772373e+002
  2.7628444e+002
  2.7484516e+002
  2.7340587e+002
  2.7196659e+002
  2.7052730e+002
  2.6908801e+002
  2.6764873e+002
  2.6620944e+002
  2.6477016e+002
  2.6333087e+002
  2.6189159e+002
  2.6045230e+002
  2.5901301e+002
  2.5757373e+002
  2.5613444e+002
  2.5469516e+002
  2.5325587e+002
  2.5181658e+002
  2.5037730e+002
  2.4893801e+002
  2.4749873e+002
  2.4605944e+002
  2.4462016e+002
  2.4318087e+002
  2.4174158e+002
  2.4030230e+002
  2.3886301e+002
  2.3742373e+002
  2.3598444e+002
  2.3454516e+002
  2.3310587e+002
  2.3166658e+002
  2.3022730e+002
  2.2878801e+002
  2.2734873e+002
  2.2590944e+002
  2.2447016e+002
  2.2303087e+002
  2.2159158e+002
  2.2015230e+002
  2.1871301e+002
  2.1727373e+002
  2.1583444e+002
  2.1439516e+002
  2.1295587e+002
  2.1151658e+002
  2.1007730e+002
  2.0863801e+002
  2.0719873e+002
  2.0575944e+002
  2.0432016e+002
  2.0288087e+002
  2.0144158e+002
  2.0000230e+002
  1.9856301e+002
  1.9712373e+002
  1.9568444e+002
  1.9424516e+002
  1.9280587e+002
  1.9136658e+002
  1.8992730e+002
  1.8848801e+002
  1.8704873e+002
  1.8560944e+002
  1.8417015e+002
  1.8273087e+002
  1.8129158e+002
  1.7985230e+002
  1.7841301e+002
  1.7697373e+002
  1.7553444e+002
  1.7409515e+002
  1.7265587e+002
  1.7121658e+002
  1.6977730e+002
  1.6833801e+002
  1.6689873e+002
  1.6545944e+002
  1.6402015e+002
  1.6258087e+002
  1.6114158e+002
  1.5970230e+002
  1.5826301e+002
  1.5682373e+002
  1.5538444e+002
  1.5394515e+002
  1.5250587e+002
  1.5106658e+002
  1.4962730e+002
  1.4818801e+002
  1.4674873e+002
  1.4530944e+002
  1.4387015e+002
  1.4243087e+002
  1.4099158e+002
  1.3955230e+002
  1.3811301e+002
  1.3667373e+002
  1.3523444e+002
  1.3379515e+002
  1.3235587e+002
  1.3091658e+002
  1.2947730e+002
  1.2803801e+002
  1.2659873e+002
  1.2515944e+002
  1.2372015e+002
  1.2228087e+002
  1.2084158e+002
  1.1940230e+002
  1.1796301e+002
  1.1652372e+002
  1.1508444e+002
  1.1364515e+002
  1.1220587e+002
  1.1076658e+002
  1.0932730e+002
  1.0788801e+002
  1.0644872e+002
  1.0500944e+002
  1.0357015e+002
  1.0213087e+002
  1.0069158e+002
  9.9252296e+001
  9.7813010e+001
  9.6373725e+001
  9.4934439e+001
  9.3495153e+001
  9.2055867e+001
  9.0616582e+001
  8.9177296e+001
  8.7738010e+001
  8.6298724e+001
  8.4859439e+001
  8.3420153e+001
