  4.5017874e+001
  4.5017874e+001
  4.5017874e+001
  4.5017874e+001
  4.5017874e+001
  4.5017874e+001
  4.5017874e+001
  4.5017874e+001
  4.5017874e+001
  4.5017874e+001
  4.5017874e+001
  4.5017874e+001
  4.5017874e+001
  4.5017874e+001
  4.5017874e+001
  4.5017874e+001
  4.5017874e+001
  4.5017874e+001
  4.5017874e+001
  4.5017874e+001
  4.5017874e+001
  4.5017874e+001
  4.5803962e+001
  4.6771454e+001
  4.7738947e+001
  4.8706440e+001
  4.9673932e+001
  5.0641425e+001
  5.1608918e+001
  5.2576410e+001
  5.3543903e+001
  5.4511395e+001
  5.5478888e+001
  5.6446381e+001
  5.7413873e+001
  5.8381366e+001
  5.9348859e+001
  6.0316351e+001
  6.1283844e+001
  6.2251337e+001
  6.3218829e+001
  6.4186322e+001
  6.5153814e+001
  6.6121307e+001
  6.7088800e+001
  6.8056292e+001
  6.9023785e+001
  6.9991278e+001
  7.0958770e+001
  7.1926263e+001
  7.2893755e+001
  7.3861248e+001
  7.4828741e+001
  7.5796233e+001
  7.6763726e+001
  7.7731219e+001
  7.8698711e+001
  7.9666204e+001
  8.0633697e+001
  8.1601189e+001
  8.2568682e+001
  8.3536174e+001
  8.4503667e+001
  8.5471160e+001
  8.6438652e+001
  8.7406145e+001
  8.8373638e+001
  8.9341130e+001
  9.0308623e+001
  9.1276116e+001
  9.2243608e+001
  9.3211101e+001
  9.4178593e+001
  9.5146086e+001
  9.6113579e+001
  9.7081071e+001
  9.8048564e+001
  9.9016057e+001
  9.9983549e+001
  1.0095104e+002
  1.0191853e+002
  1.0288603e+002
  1.0385352e+002
  1.0482101e+002
  1.0578851e+002
  1.0675600e+002
  1.0772349e+002
  1.0869098e+002
  1.0965848e+002
  1.1062597e+002
  1.1159346e+002
  1.1256095e+002
  1.1352845e+002
  1.1449594e+002
  1.1546343e+002
  1.1643092e+002
  1.1739842e+002
  1.1836591e+002
  1.1933340e+002
  1.2030089e+002
  1.2126839e+002
  1.2223588e+002
  1.2320337e+002
  1.2417087e+002
  1.2513836e+002
  1.2610585e+002
  1.2707334e+002
  1.2804084e+002
  1.2900833e+002
  1.2997582e+002
  1.3094331e+002
  1.3191081e+002
  1.3287830e+002
  1.3384579e+002
  1.3481328e+002
  1.3578078e+002
  1.3674827e+002
  1.3771576e+002
  1.3868325e+002
  1.3965075e+002
  1.4061824e+002
  1.4158573e+002
  1.4255323e+002
  1.4352072e+002
  1.4448821e+002
  1.4545570e+002
  1.4642320e+002
  1.4739069e+002
  1.4835818e+002
  1.4932567e+002
  1.5029317e+002
  1.5126066e+002
  1.5173002e+002
  1.5081231e+002
  1.4989459e+002
  1.4897688e+002
  1.4805917e+002
  1.4714145e+002
  1.4622374e+002
  1.4530603e+002
  1.4438832e+002
  1.4347060e+002
  1.4255289e+002
  1.4163518e+002
  1.4071746e+002
  1.3979975e+002
  1.3888204e+002
  1.3796433e+002
  1.3704661e+002
  1.3612890e+002
  1.3521119e+002
  1.3429347e+002
  1.3337576e+002
  1.3245805e+002
  1.3154033e+002
  1.3062262e+002
  1.2970491e+002
  1.2878720e+002
  1.2786948e+002
  1.2695177e+002
  1.2603406e+002
  1.2511634e+002
  1.2419863e+002
  1.2328092e+002
  1.2236321e+002
  1.2144549e+002
  1.2052778e+002
  1.1961007e+002
  1.1869235e+002
  1.1777464e+002
  1.1685693e+002
  1.1593921e+002
  1.1502150e+002
  1.1410379e+002
  1.1318608e+002
  1.1226836e+002
  1.1135065e+002
  1.1043294e+002
  1.0951522e+002
  1.0859751e+002
  1.0767980e+002
  1.0676209e+002
  1.0584437e+002
  1.0492666e+002
  1.0400895e+002
  1.0309123e+002
  1.0217352e+002
  1.0125581e+002
  1.0033810e+002
  9.9420382e+001
  9.8502669e+001
  9.7584956e+001
  9.6667243e+001
  9.5749530e+001
  9.4831817e+001
  9.3914104e+001
  9.2996392e+001
  9.2078679e+001
  9.1160966e+001
  9.0243253e+001
  8.9325540e+001
  8.8407827e+001
  8.7490114e+001
  8.6572401e+001
  8.5654688e+001
  8.4736975e+001
  8.3819262e+001
  8.2901549e+001
  8.1983836e+001
  8.1066123e+001
  8.0148410e+001
  7.9230698e+001
  7.8312985e+001
  7.7395272e+001
  7.6477559e+001
  7.5559846e+001
  7.4642133e+001
  7.3724420e+001
  7.2806707e+001
  7.1888994e+001
  7.0971281e+001
  7.0053568e+001
  6.9135855e+001
  6.8218142e+001
  6.7300429e+001
  6.6382716e+001
  6.5465003e+001
  6.4547291e+001
  6.3629578e+001
  6.2711865e+001
  6.1794152e+001
  6.0876439e+001
  5.9958726e+001
  5.9041013e+001
  5.8123300e+001
  5.7205587e+001
  5.6287874e+001
  5.5370161e+001
  5.4452448e+001
  5.3534735e+001
  5.2617022e+001
  5.1699309e+001
  5.0781597e+001
  4.9863884e+001
  4.8946171e+001
  4.8028458e+001
  4.7110745e+001
  4.6193032e+001
  4.5275319e+001
  4.4357606e+001
  4.3439893e+001
  4.2522180e+001
  4.1604467e+001
  4.0686754e+001
  3.9769041e+001
  3.8851328e+001
