  3.9540658e+001
  3.9540658e+001
  3.9540658e+001
  3.9540658e+001
  3.9540658e+001
  3.9540658e+001
  3.9540658e+001
  3.9540658e+001
  3.9540658e+001
  3.9540658e+001
  3.9540658e+001
  3.9540658e+001
  4.0543006e+001
  4.1612176e+001
  4.2681347e+001
  4.3750518e+001
  4.4819688e+001
  4.5888859e+001
  4.6958030e+001
  4.8027200e+001
  4.9096371e+001
  5.0165542e+001
  5.1234713e+001
  5.2303883e+001
  5.3373054e+001
  5.4442225e+001
  5.5511395e+001
  5.6580566e+001
  5.7649737e+001
  5.8718907e+001
  5.9788078e+001
  6.0857249e+001
  6.1926420e+001
  6.2995590e+001
  6.4064761e+001
  6.5133932e+001
  6.6203102e+001
  6.7272273e+001
  6.8341444e+001
  6.9410614e+001
  7.0479785e+001
  7.1548956e+001
  7.2618127e+001
  7.3687297e+001
  7.4756468e+001
  7.5825639e+001
  7.6894809e+001
  7.7963980e+001
  7.9033151e+001
  8.0102321e+001
  8.1171492e+001
  8.2240663e+001
  8.3309834e+001
  8.4379004e+001
  8.5448175e+001
  8.6517346e+001
  8.7586516e+001
  8.8655687e+001
  8.9724858e+001
  9.0794028e+001
  9.1863199e+001
  9.2932370e+001
  9.4001541e+001
  9.5070711e+001
  9.6139882e+001
  9.7209053e+001
  9.8278223e+001
  9.9347394e+001
  1.0041656e+002
  1.0148574e+002
  1.0255491e+002
  1.0362408e+002
  1.0469325e+002
  1.0576242e+002
  1.0683159e+002
  1.0790076e+002
  1.0896993e+002
  1.1003910e+002
  1.1110827e+002
  1.1190239e+002
  1.1142818e+002
  1.1095397e+002
  1.1047976e+002
  1.1000556e+002
  1.0953135e+002
  1.0905714e+002
  1.0858293e+002
  1.0810873e+002
  1.0763452e+002
  1.0716031e+002
  1.0668610e+002
  1.0621190e+002
  1.0573769e+002
  1.0526348e+002
  1.0478927e+002
  1.0431506e+002
  1.0384086e+002
  1.0336665e+002
  1.0289244e+002
  1.0241823e+002
  1.0194403e+002
  1.0146982e+002
  1.0099561e+002
  1.0052140e+002
  1.0004720e+002
  9.9572989e+001
  9.9098781e+001
  9.8624574e+001
  9.8150366e+001
  9.7676159e+001
  9.7201951e+001
  9.6727743e+001
  9.6253536e+001
  9.5779328e+001
  9.5305121e+001
  9.4830913e+001
  9.4356705e+001
  9.3882498e+001
  9.3408290e+001
  9.2934083e+001
  9.2459875e+001
  9.1985667e+001
  9.1511460e+001
  9.1037252e+001
  9.0563045e+001
  9.0088837e+001
  8.9614629e+001
  8.9140422e+001
  8.8666214e+001
  8.8192007e+001
  8.7717799e+001
  8.7243591e+001
  8.6769384e+001
  8.6295176e+001
  8.5820969e+001
  8.5346761e+001
  8.4872554e+001
  8.4398346e+001
  8.3924138e+001
  8.3449931e+001
  8.2975723e+001
  8.2501516e+001
  8.2027308e+001
  8.1553100e+001
  8.1078893e+001
  8.0604685e+001
  8.0130478e+001
  7.9656270e+001
  7.9182062e+001
  7.8707855e+001
  7.8233647e+001
  7.7759440e+001
  7.7285232e+001
  7.6811024e+001
  7.6336817e+001
  7.5862609e+001
  7.5388402e+001
  7.4914194e+001
  7.4439986e+001
  7.3965779e+001
  7.3491571e+001
  7.3017364e+001
  7.2543156e+001
  7.2068948e+001
  7.1594741e+001
  7.1120533e+001
  7.0646326e+001
  7.0172118e+001
  6.9697910e+001
  6.9223703e+001
  6.8749495e+001
  6.8275288e+001
  6.7801080e+001
  6.7326872e+001
  6.6852665e+001
  6.6378457e+001
  6.5904250e+001
  6.5430042e+001
  6.4955834e+001
  6.4481627e+001
  6.4007419e+001
  6.3533212e+001
  6.3059004e+001
  6.2584797e+001
  6.2110589e+001
  6.1636381e+001
  6.1162174e+001
  6.0687966e+001
  6.0213759e+001
  5.9739551e+001
  5.9265343e+001
  5.8791136e+001
  5.8316928e+001
  5.7842721e+001
  5.7368513e+001
  5.6894305e+001
  5.6420098e+001
  5.5945890e+001
  5.5471683e+001
  5.4997475e+001
  5.4523267e+001
  5.4049060e+001
  5.3574852e+001
  5.3100645e+001
  5.2626437e+001
  5.2152229e+001
  5.1678022e+001
  5.1203814e+001
  5.0729607e+001
  5.0255399e+001
  4.9781191e+001
  4.9306984e+001
  4.8832776e+001
  4.8358569e+001
  4.7884361e+001
  4.7410153e+001
  4.6935946e+001
  4.6461738e+001
  4.5987531e+001
  4.5513323e+001
  4.5039115e+001
  4.4564908e+001
  4.4090700e+001
  4.3616493e+001
  4.3142285e+001
  4.2668077e+001
  4.2193870e+001
  4.1719662e+001
  4.1245455e+001
  4.0771247e+001
  4.0297040e+001
  3.9822832e+001
  3.9348624e+001
  3.8874417e+001
  3.8400209e+001
  3.7926002e+001
  3.7451794e+001
  3.6977586e+001
  3.6503379e+001
  3.6029171e+001
  3.5554964e+001
  3.5080756e+001
  3.4606548e+001
  3.4132341e+001
  3.3658133e+001
  3.3183926e+001
  3.2709718e+001
  3.2235510e+001
  3.1761303e+001
  3.1287095e+001
  3.0812888e+001
  3.0338680e+001
  2.9864472e+001
  2.9390265e+001
  2.8916057e+001
  2.8441850e+001
