  4.2315793e+001
  4.2315793e+001
  4.2315793e+001
  4.2315793e+001
  4.2315793e+001
  4.2315793e+001
  4.2315793e+001
  4.2315793e+001
  4.2315793e+001
  4.2315793e+001
  4.2315793e+001
  4.2315793e+001
  4.2315793e+001
  4.2315793e+001
  4.2315793e+001
  4.2315793e+001
  4.2315793e+001
  4.2315793e+001
  4.2372805e+001
  4.3284998e+001
  4.4197190e+001
  4.5109383e+001
  4.6021575e+001
  4.6933768e+001
  4.7845960e+001
  4.8758153e+001
  4.9670345e+001
  5.0582538e+001
  5.1494731e+001
  5.2406923e+001
  5.3319116e+001
  5.4231308e+001
  5.5143501e+001
  5.6055693e+001
  5.6967886e+001
  5.7880078e+001
  5.8792271e+001
  5.9704463e+001
  6.0616656e+001
  6.1528849e+001
  6.2441041e+001
  6.3353234e+001
  6.4265426e+001
  6.5177619e+001
  6.6089811e+001
  6.7002004e+001
  6.7914196e+001
  6.8826389e+001
  6.9738581e+001
  7.0650774e+001
  7.1562967e+001
  7.2475159e+001
  7.3387352e+001
  7.4299544e+001
  7.5211737e+001
  7.6123929e+001
  7.7036122e+001
  7.7948314e+001
  7.8860507e+001
  7.9772699e+001
  8.0684892e+001
  8.1597085e+001
  8.2509277e+001
  8.3421470e+001
  8.4333662e+001
  8.5245855e+001
  8.6158047e+001
  8.7070240e+001
  8.7982432e+001
  8.8894625e+001
  8.9806817e+001
  9.0719010e+001
  9.1631203e+001
  9.2543395e+001
  9.3455588e+001
  9.4367780e+001
  9.5279973e+001
  9.6192165e+001
  9.7104358e+001
  9.8016550e+001
  9.8928743e+001
  9.9840935e+001
  1.0075313e+002
  1.0166532e+002
  1.0257751e+002
  1.0348971e+002
  1.0440190e+002
  1.0531409e+002
  1.0622628e+002
  1.0713848e+002
  1.0805067e+002
  1.0896286e+002
  1.0987505e+002
  1.1078725e+002
  1.1169944e+002
  1.1261163e+002
  1.1352382e+002
  1.1443602e+002
  1.1534821e+002
  1.1626040e+002
  1.1717259e+002
  1.1808479e+002
  1.1899698e+002
  1.1990917e+002
  1.2082136e+002
  1.2173356e+002
  1.2264575e+002
  1.2355794e+002
  1.2447013e+002
  1.2538233e+002
  1.2629452e+002
  1.2720671e+002
  1.2811890e+002
  1.2903110e+002
  1.2994329e+002
  1.3085548e+002
  1.3176767e+002
  1.3267987e+002
  1.3359206e+002
  1.3450425e+002
  1.3541644e+002
  1.3632864e+002
  1.3724083e+002
  1.3815302e+002
  1.3906522e+002
  1.3997741e+002
  1.4088960e+002
  1.4180179e+002
  1.4271399e+002
  1.4362618e+002
  1.4453837e+002
  1.4380003e+002
  1.4293841e+002
  1.4207679e+002
  1.4121517e+002
  1.4035355e+002
  1.3949193e+002
  1.3863031e+002
  1.3776869e+002
  1.3690707e+002
  1.3604545e+002
  1.3518383e+002
  1.3432221e+002
  1.3346059e+002
  1.3259897e+002
  1.3173735e+002
  1.3087573e+002
  1.3001411e+002
  1.2915249e+002
  1.2829087e+002
  1.2742925e+002
  1.2656763e+002
  1.2570602e+002
  1.2484440e+002
  1.2398278e+002
  1.2312116e+002
  1.2225954e+002
  1.2139792e+002
  1.2053630e+002
  1.1967468e+002
  1.1881306e+002
  1.1795144e+002
  1.1708982e+002
  1.1622820e+002
  1.1536658e+002
  1.1450496e+002
  1.1364334e+002
  1.1278172e+002
  1.1192010e+002
  1.1105848e+002
  1.1019686e+002
  1.0933524e+002
  1.0847362e+002
  1.0761200e+002
  1.0675038e+002
  1.0588876e+002
  1.0502714e+002
  1.0416552e+002
  1.0330390e+002
  1.0244228e+002
  1.0158066e+002
  1.0071904e+002
  9.9857422e+001
  9.8995802e+001
  9.8134182e+001
  9.7272563e+001
  9.6410943e+001
  9.5549323e+001
  9.4687703e+001
  9.3826083e+001
  9.2964464e+001
  9.2102844e+001
  9.1241224e+001
  9.0379604e+001
  8.9517985e+001
  8.8656365e+001
  8.7794745e+001
  8.6933125e+001
  8.6071506e+001
  8.5209886e+001
  8.4348266e+001
  8.3486646e+001
  8.2625026e+001
  8.1763407e+001
  8.0901787e+001
  8.0040167e+001
  7.9178547e+001
  7.8316928e+001
  7.7455308e+001
  7.6593688e+001
  7.5732068e+001
  7.4870449e+001
  7.4008829e+001
  7.3147209e+001
  7.2285589e+001
  7.1423969e+001
  7.0562350e+001
  6.9700730e+001
  6.8839110e+001
  6.7977490e+001
  6.7115871e+001
  6.6254251e+001
  6.5392631e+001
  6.4531011e+001
  6.3669391e+001
  6.2807772e+001
  6.1946152e+001
  6.1084532e+001
  6.0222912e+001
  5.9361293e+001
  5.8499673e+001
  5.7638053e+001
  5.6776433e+001
  5.5914814e+001
  5.5053194e+001
  5.4191574e+001
  5.3329954e+001
  5.2468334e+001
  5.1606715e+001
  5.0745095e+001
  4.9883475e+001
  4.9021855e+001
  4.8160236e+001
  4.7298616e+001
  4.6436996e+001
  4.5575376e+001
  4.4713756e+001
  4.3852137e+001
  4.2990517e+001
  4.2128897e+001
  4.1267277e+001
  4.0405658e+001
  3.9544038e+001
  3.8682418e+001
  3.7820798e+001
  3.6959179e+001
