2 /*n_tbl*/
2 /*nreg*/
/*loop2 for n_tbl*/
161 /*n_entry*/
0    /*tblidx_min*/
0x30 /*sensorMode of this tbl*/
80  /*(SINT8)exp_tblidx0_unit*/
16 /*exp_tblidx_unit*/
1 /*n_burst_sec*/
/*template*/ /*nreg*/
0x75
0
0
0
0
/*template*/
0x78
0xB0
0x07
0
0
/*loop1 for n_burst_sec*/ /*long exp*/
161  /*n_burstidx*/
4  /*nbyte_entry*/
0  /*burstidx_min*/
2  /*n_op*/
/*loop0 for n_op*/
0   /*tmpl_reg: reg# in template, 0-based*/
0   /*entry_lsb: right shift table entry contain*/
26  /*reg_lsb: left shift to reg*/
13  /*nbit_mask*/ /*NOTE! LSB12->8*/
/*loop0 ends*/
/*loop1 for n_op*/
1   /*tmpl_reg: reg# in template, 0-based*/
16   /*entry_lsb: right shift table entry contain*/
26  /*reg_lsb: left shift to reg*/
14  /*nbit_mask*/ /*NOTE! LSB12->8*/
/*loop1 ends*/
/*contains for n_burstidx * nbyte_entry*/
148
0
123
0
235
0
123
0
43
0
123
0
123
0
123
0
199
0
123
0
16
1
123
0
67
0
123
0
135
0
123
0
199
0
123
0
4
1
123
0
44
0
123
0
101
0
123
0
155
0
123
0
207
0
123
0
0
1
123
0
29
0
123
0
74
0
123
0
118
0
123
0
159
0
123
0
199
0
123
0
237
0
123
0
18
1
123
0
34
0
123
0
68
0
123
0
100
0
123
0
130
0
123
0
160
0
123
0
188
0
123
0
215
0
123
0
241
0
123
0
10
1
123
0
15
0
123
0
37
0
123
0
59
0
123
0
80
0
123
0
100
0
123
0
119
0
123
0
137
0
123
0
155
0
123
0
172
0
123
0
188
0
123
0
203
0
123
0
218
0
123
0
232
0
123
0
245
0
123
0
2
1
123
0
15
1
123
0
8
0
123
0
19
0
123
0
30
0
123
0
40
0
123
0
50
0
123
0
60
0
123
0
69
0
123
0
78
0
123
0
86
0
123
0
94
0
123
0
102
0
123
0
109
0
123
0
116
0
123
0
123
0
123
0
129
0
123
0
136
0
123
0
142
0
123
0
147
0
123
0
153
0
123
0
158
0
123
0
163
0
123
0
168
0
123
0
172
0
123
0
177
0
123
0
181
0
123
0
185
0
123
0
189
0
123
0
192
0
123
0
196
0
123
0
199
0
123
0
202
0
123
0
206
0
123
0
209
0
123
0
211
0
123
0
214
0
123
0
217
0
123
0
219
0
123
0
222
0
123
0
224
0
123
0
226
0
123
0
228
0
123
0
230
0
123
0
232
0
123
0
234
0
123
0
236
0
123
0
237
0
123
0
239
0
123
0
241
0
123
0
242
0
123
0
243
0
123
0
245
0
123
0
246
0
123
0
247
0
123
0
249
0
123
0
250
0
123
0
251
0
123
0
252
0
123
0
253
0
123
0
254
0
123
0
255
0
123
0
0
1
123
0
0
1
123
0
1
1
123
0
2
1
123
0
3
1
123
0
3
1
50
15
4
1
15
10
5
1
117
4
5
1
120
14
6
1
0
8
7
1
111
2
7
1
234
9
8
1
55
3
8
1
87
10
9
1
105
3
9
1
101
9
10
1
11
2
10
1
51
7
10
1
177
13
11
1
99
4
11
1
206
9
11
1
6
16
12
1
109
5
12
1
167
10
12
1
169
15
13
1
238
3
13
1
253
8
13
1
98
13
14
1
67
1
14
1
145
5
14
1
109
9
14
1
32
13
15
1
0
1
15
1
155
3
15
1
62
7
15
1
90
10
15
1
84
13
16
1
232
4
16
1
61
2
16
1
119
5
16
1
248
7
16
1
93
10
16
1
169
12
16
1
219
14
17
1
123
0
17
1
144
2
17
1
32
4
17
1
179
6
17
1
120
8
17
1
42
10
17
1
202
11
17
1
87
13
17
1
212
14
18
1
76
5
/*end contains*/
/*loop1 ends*/
/*vtable partition: n_vtblsec,def_vtype(0:no used,1:vcount,0xff:100us timer)*/
1
1
/*loop3 for n_vtblsec*/
161  /*n_vidx*/
1   /*nbyte_entry*/
0   /*vmin*/
1   /*vtype*/
/*contains n_vidx * nbyte_entry*/
8
8
7
7
7
7
6
6
6
6
5
5
5
5
5
4
4
4
4
4
4
4
3
3
3
3
3
3
3
3
3
2
2
2
2
2
2
2
2
2
2
2
2
2
2
2
2
1
1
1
1
1
1
1
1
1
1
1
1
1
1
1
1
1
1
1
1
1
1
1
1
1
1
1
1
1
1
1
1
1
1
1
1
1
1
1
1
1
1
1
1
1
1
1
1
1
1
1
1
1
1
1
1
1
1
1
1
1
1
1
1
1
1
1
1
1
1
1
1
1
1
1
1
1
1
1
1
1
1
1
1
1
1
1
1
1
1
1
1
1
1
1
1
1
1
1
1
1
1
1
1
1
1
1
1
1
1
1
1
1
1
/*end contains*/
/*end loop3*/
/*error table: n_erridx, emin, err unit in "N"-th ev*/
0
0
64
/*contains, for n_erridx (SINT8)*/
/*end contains*/
/*loop2 ends*/
/*loop2 for n_tbl*/
177 /*n_entry*/
0    /*tblidx_min*/
0x40 /*sensorMode of this tbl*/
48  /*(SINT8)exp_tblidx0_unit*/
16 /*exp_tblidx_unit*/
1 /*n_burst_sec*/
/*template*/ /*nreg*/
0x75
0
0
0
0x80
/*template*/
0x78
0x50
0x04
0
0
/*loop1 for n_burst_sec*/ /*long exp*/
177  /*n_burstidx*/
4  /*nbyte_entry*/
0  /*burstidx_min*/
2  /*n_op*/
/*loop0 for n_op*/
0   /*tmpl_reg: reg# in template, 0-based*/
0   /*entry_lsb: right shift table entry contain*/
26  /*reg_lsb: left shift to reg*/
13  /*nbit_mask*/ /*NOTE! LSB12->8*/
/*loop0 ends*/
/*loop1 for n_op*/
1   /*tmpl_reg: reg# in template, 0-based*/
16   /*entry_lsb: right shift table entry contain*/
26  /*reg_lsb: left shift to reg*/
14  /*nbit_mask*/ /*NOTE! LSB12->8*/
/*loop1 ends*/
/*contains for n_burstidx * nbyte_entry*/
14
0
40
5
87
0
137
7
146
0
123
0
190
0
198
1
221
0
123
0
238
0
101
9
244
0
123
0
237
0
62
6
219
0
124
7
190
0
87
10
151
0
46
6
102
0
27
2
43
0
235
4
250
0
21
5
173
0
214
8
88
0
23
6
14
1
148
2
169
0
196
3
61
0
123
0
220
0
234
8
98
0
166
6
245
0
123
0
110
0
123
0
244
0
31
3
98
0
123
0
221
0
123
0
63
0
30
11
176
0
20
9
9
0
124
10
113
0
138
2
212
0
107
4
32
0
11
3
148
0
123
0
235
0
123
0
43
0
78
3
123
0
123
0
199
0
52
7
16
1
62
10
67
0
160
11
135
0
123
0
199
0
188
1
4
1
122
10
44
0
112
9
101
0
123
0
155
0
24
1
207
0
123
0
0
1
22
6
29
0
123
0
74
0
134
4
118
0
123
0
159
0
155
7
199
0
27
6
237
0
142
9
18
1
12
3
34
0
189
3
68
0
123
0
100
0
123
0
130
0
49
11
160
0
165
2
188
0
38
6
215
0
128
6
241
0
132
4
10
1
248
0
15
0
123
0
37
0
55
8
59
0
89
4
80
0
186
1
100
0
251
0
119
0
180
2
137
0
122
7
155
0
123
0
172
0
123
0
188
0
123
0
203
0
133
3
218
0
123
0
232
0
0
1
245
0
52
9
2
1
54
8
15
1
123
0
8
0
123
0
19
0
8
2
30
0
123
0
40
0
209
6
50
0
113
6
60
0
123
0
69
0
170
1
78
0
123
0
86
0
19
4
94
0
157
4
102
0
123
0
109
0
148
5
116
0
116
6
123
0
135
2
129
0
15
10
136
0
123
0
142
0
123
0
147
0
248
6
153
0
123
0
158
0
86
1
163
0
38
1
168
0
123
0
172
0
201
6
177
0
123
0
181
0
123
0
185
0
123
0
189
0
123
0
192
0
190
8
196
0
39
1
199
0
55
7
202
0
251
10
206
0
123
0
209
0
123
0
211
0
112
9
214
0
241
4
217
0
123
0
219
0
135
6
222
0
123
0
224
0
81
1
226
0
95
4
228
0
239
5
230
0
18
6
232
0
214
4
234
0
76
2
236
0
123
0
237
0
144
9
239
0
107
3
241
0
123
0
242
0
237
3
243
0
172
10
245
0
123
0
246
0
64
5
247
0
55
9
249
0
123
0
250
0
123
0
251
0
123
0
252
0
229
0
253
0
246
0
254
0
123
0
255
0
123
0
0
1
123
0
0
1
188
10
1
1
169
7
2
1
10
4
3
1
123
0
3
1
50
15
4
1
15
10
5
1
117
4
5
1
120
14
6
1
0
8
7
1
111
2
7
1
234
9
8
1
55
3
8
1
87
10
9
1
105
3
9
1
101
9
10
1
11
2
10
1
51
7
10
1
177
13
11
1
99
4
11
1
206
9
11
1
6
16
12
1
109
5
12
1
167
10
12
1
169
15
13
1
238
3
13
1
253
8
13
1
98
13
14
1
67
1
14
1
145
5
14
1
109
9
14
1
32
13
15
1
0
1
15
1
155
3
15
1
62
7
15
1
90
10
15
1
84
13
15
1
95
13
/*end contains*/
/*loop1 ends*/
/*vtable partition: n_vtblsec,def_vtype(0:no used,1:vcount,0xff:100us timer)*/
1
1
/*loop3 for n_vtblsec*/
177  /*n_vidx*/
1   /*nbyte_entry*/
0   /*vmin*/
1   /*vtype*/
/*contains n_vidx * nbyte_entry*/
30
29
28
27
26
25
24
23
22
21
20
19
18
18
17
16
16
15
14
14
13
13
12
12
11
11
10
10
9
9
9
8
8
8
7
7
7
7
6
6
6
6
5
5
5
5
5
4
4
4
4
4
4
4
3
3
3
3
3
3
3
3
3
2
2
2
2
2
2
2
2
2
2
2
2
2
2
2
2
1
1
1
1
1
1
1
1
1
1
1
1
1
1
1
1
1
1
1
1
1
1
1
1
1
1
1
1
1
1
1
1
1
1
1
1
1
1
1
1
1
1
1
1
1
1
1
1
1
1
1
1
1
1
1
1
1
1
1
1
1
1
1
1
1
1
1
1
1
1
1
1
1
1
1
1
1
1
1
1
1
1
1
1
1
1
1
1
1
1
1
1
1
1
1
1
1
1
/*end contains*/
/*end loop3*/
/*error table: n_erridx, emin, err unit in "N"-th ev*/
0
0
64
/*contains, for n_erridx (SINT8)*/
/*end contains*/
/*loop2 ends*/
