  1.3480858e+002
  1.3480858e+002
  1.3480858e+002
  1.3480858e+002
  1.3480858e+002
  1.3480858e+002
  1.3480858e+002
  1.3480858e+002
  1.3480858e+002
  1.3480858e+002
  1.3480858e+002
  1.3759704e+002
  1.4038549e+002
  1.4317395e+002
  1.4596241e+002
  1.4875086e+002
  1.5153932e+002
  1.5432778e+002
  1.5711623e+002
  1.5990469e+002
  1.6269315e+002
  1.6548160e+002
  1.6827006e+002
  1.7105852e+002
  1.7384697e+002
  1.7663543e+002
  1.7942389e+002
  1.8221234e+002
  1.8500080e+002
  1.8778926e+002
  1.9057771e+002
  1.9336617e+002
  1.9615463e+002
  1.9894309e+002
  2.0173154e+002
  2.0452000e+002
  2.0730846e+002
  2.1009691e+002
  2.1288537e+002
  2.1567383e+002
  2.1846228e+002
  2.2125074e+002
  2.2403920e+002
  2.2682765e+002
  2.2961611e+002
  2.3240457e+002
  2.3519302e+002
  2.3798148e+002
  2.4076994e+002
  2.4355839e+002
  2.4634685e+002
  2.4913531e+002
  2.5192376e+002
  2.5471222e+002
  2.5750068e+002
  2.6028913e+002
  2.6307759e+002
  2.6586605e+002
  2.6865450e+002
  2.7144296e+002
  2.7423142e+002
  2.7701987e+002
  2.7980833e+002
  2.8259679e+002
  2.8538524e+002
  2.8817370e+002
  2.9096216e+002
  2.9375061e+002
  2.9653907e+002
  2.9932753e+002
  3.0211599e+002
  3.0490444e+002
  3.0769290e+002
  3.1048136e+002
  3.1326981e+002
  3.1605827e+002
  3.1884673e+002
  3.2163518e+002
  3.2442364e+002
  3.2721210e+002
  3.3000055e+002
  3.3278901e+002
  3.3557747e+002
  3.3836592e+002
  3.4115438e+002
  3.4394284e+002
  3.4673129e+002
  3.4951975e+002
  3.5230821e+002
  3.5509666e+002
  3.5788512e+002
  3.6067358e+002
  3.6346203e+002
  3.6625049e+002
  3.6903895e+002
  3.7182740e+002
  3.7157239e+002
  3.6983182e+002
  3.6809126e+002
  3.6635070e+002
  3.6461014e+002
  3.6286957e+002
  3.6112901e+002
  3.5938845e+002
  3.5764788e+002
  3.5590732e+002
  3.5416676e+002
  3.5242620e+002
  3.5068563e+002
  3.4894507e+002
  3.4720451e+002
  3.4546395e+002
  3.4372338e+002
  3.4198282e+002
  3.4024226e+002
  3.3850169e+002
  3.3676113e+002
  3.3502057e+002
  3.3328001e+002
  3.3153944e+002
  3.2979888e+002
  3.2805832e+002
  3.2631775e+002
  3.2457719e+002
  3.2283663e+002
  3.2109607e+002
  3.1935550e+002
  3.1761494e+002
  3.1587438e+002
  3.1413381e+002
  3.1239325e+002
  3.1065269e+002
  3.0891213e+002
  3.0717156e+002
  3.0543100e+002
  3.0369044e+002
  3.0194988e+002
  3.0020931e+002
  2.9846875e+002
  2.9672819e+002
  2.9498762e+002
  2.9324706e+002
  2.9150650e+002
  2.8976594e+002
  2.8802537e+002
  2.8628481e+002
  2.8454425e+002
  2.8280368e+002
  2.8106312e+002
  2.7932256e+002
  2.7758200e+002
  2.7584143e+002
  2.7410087e+002
  2.7236031e+002
  2.7061974e+002
  2.6887918e+002
  2.6713862e+002
  2.6539806e+002
  2.6365749e+002
  2.6191693e+002
  2.6017637e+002
  2.5843581e+002
  2.5669524e+002
  2.5495468e+002
  2.5321412e+002
  2.5147355e+002
  2.4973299e+002
  2.4799243e+002
  2.4625187e+002
  2.4451130e+002
  2.4277074e+002
  2.4103018e+002
  2.3928961e+002
  2.3754905e+002
  2.3580849e+002
  2.3406793e+002
  2.3232736e+002
  2.3058680e+002
  2.2884624e+002
  2.2710568e+002
  2.2536511e+002
  2.2362455e+002
  2.2188399e+002
  2.2014342e+002
  2.1840286e+002
  2.1666230e+002
  2.1492174e+002
  2.1318117e+002
  2.1144061e+002
  2.0970005e+002
  2.0795948e+002
  2.0621892e+002
  2.0447836e+002
  2.0273780e+002
  2.0099723e+002
  1.9925667e+002
  1.9751611e+002
  1.9577554e+002
  1.9403498e+002
  1.9229442e+002
  1.9055386e+002
  1.8881329e+002
  1.8707273e+002
  1.8533217e+002
  1.8359161e+002
  1.8185104e+002
  1.8011048e+002
  1.7836992e+002
  1.7662935e+002
  1.7488879e+002
  1.7314823e+002
  1.7140767e+002
  1.6966710e+002
  1.6792654e+002
  1.6618598e+002
  1.6444541e+002
  1.6270485e+002
  1.6096429e+002
  1.5922373e+002
  1.5748316e+002
  1.5574260e+002
  1.5400204e+002
  1.5226147e+002
  1.5052091e+002
  1.4878035e+002
  1.4703979e+002
  1.4529922e+002
  1.4355866e+002
  1.4181810e+002
  1.4007754e+002
  1.3833697e+002
  1.3659641e+002
  1.3485585e+002
  1.3311528e+002
  1.3137472e+002
  1.2963416e+002
  1.2789360e+002
  1.2615303e+002
  1.2441247e+002
  1.2267191e+002
  1.2093134e+002
  1.1919078e+002
  1.1745022e+002
  1.1570966e+002
  1.1396909e+002
  1.1222853e+002
  1.1048797e+002
  1.0874740e+002
  1.0700684e+002
  1.0526628e+002
  1.0352572e+002
  1.0178515e+002
  1.0004459e+002
  9.8304028e+001
  9.6563465e+001
  9.4822903e+001
