  6.6412341e+001
  6.6412341e+001
  6.6412341e+001
  6.6412341e+001
  6.6412341e+001
  6.6412341e+001
  6.6412341e+001
  6.6412341e+001
  6.6412341e+001
  6.6412341e+001
  6.6412341e+001
  6.6412341e+001
  6.6412341e+001
  6.6412341e+001
  6.7386239e+001
  6.8499266e+001
  6.9612292e+001
  7.0725319e+001
  7.1838345e+001
  7.2951372e+001
  7.4064398e+001
  7.5177424e+001
  7.6290451e+001
  7.7403477e+001
  7.8516504e+001
  7.9629530e+001
  8.0742557e+001
  8.1855583e+001
  8.2968610e+001
  8.4081636e+001
  8.5194663e+001
  8.6307689e+001
  8.7420716e+001
  8.8533742e+001
  8.9646769e+001
  9.0759795e+001
  9.1872822e+001
  9.2985848e+001
  9.4098875e+001
  9.5211901e+001
  9.6324927e+001
  9.7437954e+001
  9.8550980e+001
  9.9664007e+001
  1.0077703e+002
  1.0189006e+002
  1.0300309e+002
  1.0411611e+002
  1.0522914e+002
  1.0634217e+002
  1.0745519e+002
  1.0856822e+002
  1.0968125e+002
  1.1079427e+002
  1.1190730e+002
  1.1302032e+002
  1.1413335e+002
  1.1524638e+002
  1.1635940e+002
  1.1747243e+002
  1.1858546e+002
  1.1969848e+002
  1.2081151e+002
  1.2192454e+002
  1.2303756e+002
  1.2415059e+002
  1.2526362e+002
  1.2637664e+002
  1.2748967e+002
  1.2860270e+002
  1.2971572e+002
  1.3082875e+002
  1.3194177e+002
  1.3305480e+002
  1.3416783e+002
  1.3528085e+002
  1.3639388e+002
  1.3750691e+002
  1.3861993e+002
  1.3973296e+002
  1.4084599e+002
  1.4195901e+002
  1.4307204e+002
  1.4418507e+002
  1.4529809e+002
  1.4641112e+002
  1.4752415e+002
  1.4863717e+002
  1.4975020e+002
  1.5086322e+002
  1.5197625e+002
  1.5308928e+002
  1.5420230e+002
  1.5531533e+002
  1.5642836e+002
  1.5754138e+002
  1.5865441e+002
  1.5976744e+002
  1.6088046e+002
  1.6199349e+002
  1.6310652e+002
  1.6421954e+002
  1.6533257e+002
  1.6644560e+002
  1.6755862e+002
  1.6867165e+002
  1.6978467e+002
  1.7089770e+002
  1.7201073e+002
  1.7312375e+002
  1.7423678e+002
  1.7534981e+002
  1.7646283e+002
  1.7757586e+002
  1.7868889e+002
  1.7980191e+002
  1.8091494e+002
  1.8202797e+002
  1.8314099e+002
  1.8425402e+002
  1.8536705e+002
  1.8648007e+002
  1.8759310e+002
  1.8870612e+002
  1.8981915e+002
  1.9093218e+002
  1.9204520e+002
  1.9315823e+002
  1.9311536e+002
  1.9212315e+002
  1.9113095e+002
  1.9013875e+002
  1.8914655e+002
  1.8815434e+002
  1.8716214e+002
  1.8616994e+002
  1.8517773e+002
  1.8418553e+002
  1.8319333e+002
  1.8220112e+002
  1.8120892e+002
  1.8021672e+002
  1.7922452e+002
  1.7823231e+002
  1.7724011e+002
  1.7624791e+002
  1.7525570e+002
  1.7426350e+002
  1.7327130e+002
  1.7227910e+002
  1.7128689e+002
  1.7029469e+002
  1.6930249e+002
  1.6831028e+002
  1.6731808e+002
  1.6632588e+002
  1.6533367e+002
  1.6434147e+002
  1.6334927e+002
  1.6235707e+002
  1.6136486e+002
  1.6037266e+002
  1.5938046e+002
  1.5838825e+002
  1.5739605e+002
  1.5640385e+002
  1.5541164e+002
  1.5441944e+002
  1.5342724e+002
  1.5243504e+002
  1.5144283e+002
  1.5045063e+002
  1.4945843e+002
  1.4846622e+002
  1.4747402e+002
  1.4648182e+002
  1.4548961e+002
  1.4449741e+002
  1.4350521e+002
  1.4251301e+002
  1.4152080e+002
  1.4052860e+002
  1.3953640e+002
  1.3854419e+002
  1.3755199e+002
  1.3655979e+002
  1.3556759e+002
  1.3457538e+002
  1.3358318e+002
  1.3259098e+002
  1.3159877e+002
  1.3060657e+002
  1.2961437e+002
  1.2862216e+002
  1.2762996e+002
  1.2663776e+002
  1.2564556e+002
  1.2465335e+002
  1.2366115e+002
  1.2266895e+002
  1.2167674e+002
  1.2068454e+002
  1.1969234e+002
  1.1870013e+002
  1.1770793e+002
  1.1671573e+002
  1.1572353e+002
  1.1473132e+002
  1.1373912e+002
  1.1274692e+002
  1.1175471e+002
  1.1076251e+002
  1.0977031e+002
  1.0877811e+002
  1.0778590e+002
  1.0679370e+002
  1.0580150e+002
  1.0480929e+002
  1.0381709e+002
  1.0282489e+002
  1.0183268e+002
  1.0084048e+002
  9.9848278e+001
  9.8856075e+001
  9.7863872e+001
  9.6871669e+001
  9.5879466e+001
  9.4887263e+001
  9.3895060e+001
  9.2902857e+001
  9.1910655e+001
  9.0918452e+001
  8.9926249e+001
  8.8934046e+001
  8.7941843e+001
  8.6949640e+001
  8.5957437e+001
  8.4965234e+001
  8.3973031e+001
  8.2980828e+001
  8.1988625e+001
  8.0996422e+001
  8.0004219e+001
  7.9012016e+001
  7.8019813e+001
  7.7027610e+001
  7.6035407e+001
  7.5043204e+001
  7.4051001e+001
  7.3058798e+001
  7.2066595e+001
  7.1074392e+001
  7.0082189e+001
  6.9089986e+001
  6.8097783e+001
  6.7105580e+001
