2704	2704	2704	2704	
13250	11658	11162	11658	
12864	11310	10702	11310	
12622	10998	10642	10998	
12132	10666	10166	10666	
11732	10260	9842	10260	
11260	9918	9228	9918	
10856	9588	9270	9588	
10392	9202	8660	9202	
10098	8912	8598	8912	
9606	8514	8162	8514	
9376	8189	7869	8189	
9024	7940	7746	7940	
8778	7745	7505	7745	
8550	7572	7370	7572	
8292	7397	7102	7397	
8134	7171	6885	7171	
7933	7105	6806	7105	
7705	6981	6804	6981	
7553	6852	6679	6852	
7508	6749	6654	6749	
7401	6697	6541	6697	
7229	6570	6444	6570	
7200	6562	6395	6562	
7154	6479	6333	6479	
7066	6439	6382	6439	
7007	6410	6257	6410	
7115	6420	6263	6420	
7077	6478	6350	6478	
7087	6505	6418	6505	
7096	6491	6399	6491	
7160	6569	6347	6569	
7245	6591	6434	6591	
7368	6705	6484	6705	
7471	6753	6622	6753	
7554	6868	6679	6868	
7708	7008	6859	7008	
7881	7110	6924	7110	
8045	7278	7000	7278	
8276	7352	7127	7352	
8586	7630	7393	7630	
8740	7780	7470	7780	
9090	8070	7915	8070	
9408	8276	8053	8276	
9662	8544	8266	8544	
10044	8828	8628	8828	
10384	9122	8854	9122	
10870	9546	9176	9546	
11086	9918	9660	9918	
11658	10198	9814	10198	
11838	10614	9988	10614	
12266	10836	10558	10836	
12696	11248	10772	11248	
13120	11566	10900	11566	
12672	10834	10542	10834	
12250	10632	10246	10632	
11818	10260	9830	10260	
11324	9930	9564	9930	
11084	9522	9120	9522	
10538	9150	8806	9150	
10116	8790	8482	8790	
9734	8468	8214	8468	
9310	8175	7848	8175	
9018	7963	7586	7963	
8736	7673	7517	7673	
8514	7454	7280	7454	
8280	7306	7107	7306	
8054	7143	6899	7143	
7790	6951	6763	6951	
7683	6843	6665	6843	
7499	6696	6578	6696	
7304	6615	6511	6615	
7245	6472	6327	6472	
7131	6447	6267	6447	
7041	6341	6240	6341	
6922	6272	6153	6272	
6829	6257	6099	6257	
6829	6200	6116	6200	
6788	6180	6074	6180	
6795	6186	6102	6186	
6757	6158	6065	6158	
6830	6249	6080	6249	
6892	6242	6154	6242	
6941	6294	6213	6294	
7014	6371	6194	6371	
7079	6410	6238	6410	
7137	6492	6469	6492	
7281	6611	6494	6611	
7494	6724	6589	6724	
7674	6835	6752	6835	
7781	6986	6806	6986	
8028	7118	6943	7118	
8192	7291	7132	7291	
8500	7511	7214	7511	
8696	7762	7542	7762	
9062	7912	7851	7912	
9296	8204	8101	8204	
9626	8536	8206	8536	
10032	8844	8588	8844	
10496	9160	8854	9160	
10818	9562	9264	9562	
11306	9868	9530	9868	
11646	10234	9752	10234	
11986	10510	10278	10510	
12408	10906	10556	10906	
13084	11370	10888	11370	
12468	10696	10124	10696	
12040	10358	10172	10358	
11734	10080	9762	10080	
11126	9624	9316	9624	
10702	9294	8946	9294	
10232	8942	8576	8942	
9818	8580	8290	8580	
9428	8206	8013	8206	
9050	7963	7666	7963	
8794	7750	7468	7750	
8496	7458	7215	7458	
8218	7321	7068	7321	
8021	7097	6888	7097	
7776	6926	6733	6926	
7566	6823	6686	6823	
7404	6678	6565	6678	
7244	6523	6415	6523	
7117	6417	6232	6417	
6970	6331	6177	6331	
6853	6248	6132	6248	
6776	6165	6093	6165	
6640	6112	6021	6112	
6651	6070	6045	6070	
6608	6042	5948	6042	
6524	5986	5894	5986	
6605	6010	5944	6010	
6592	6004	5948	6004	
6564	6023	6019	6023	
6616	6071	5933	6071	
6730	6128	5978	6128	
6768	6191	6078	6191	
6879	6225	6196	6225	
6978	6343	6279	6343	
7103	6423	6342	6423	
7254	6550	6406	6550	
7434	6650	6597	6650	
7561	6803	6688	6803	
7802	6966	6763	6966	
7987	7111	6970	7111	
8192	7379	7059	7379	
8538	7544	7266	7544	
8752	7750	7486	7750	
9090	8046	7774	8046	
9414	8304	8073	8304	
9698	8674	8338	8674	
10186	8912	8656	8912	
10642	9308	9096	9308	
11032	9670	9260	9670	
11488	10064	9662	10064	
11792	10348	10022	10348	
12284	10722	10354	10722	
12862	11176	10824	11176	
12276	10596	10086	10596	
11710	10242	9916	10242	
11428	9900	9554	9900	
10834	9394	9088	9394	
10430	9128	8812	9128	
10068	8696	8426	8696	
9616	8400	8107	8400	
9286	8069	7945	8069	
8872	7799	7433	7799	
8592	7582	7362	7582	
8258	7291	7139	7291	
8014	7131	6964	7131	
7793	6955	6734	6955	
7625	6803	6714	6803	
7409	6653	6492	6653	
7172	6514	6309	6514	
7068	6401	6151	6401	
6948	6305	6113	6305	
6790	6158	6005	6158	
6641	6090	5986	6090	
6554	5988	5926	5988	
6534	5984	5902	5984	
6449	5924	5877	5924	
6394	5873	5841	5873	
6354	5848	5773	5848	
6331	5840	5771	5840	
6339	5843	5762	5843	
6376	5871	5791	5871	
6414	5883	5865	5883	
6513	5959	5808	5959	
6596	6014	5935	6014	
6656	6099	6032	6099	
6752	6180	6039	6180	
6915	6265	6185	6265	
7094	6405	6322	6405	
7193	6502	6452	6502	
7394	6699	6521	6699	
7597	6844	6569	6844	
7745	6966	6766	6966	
8026	7146	6878	7146	
8290	7341	7089	7341	
8538	7583	7336	7583	
8824	7830	7578	7830	
9180	8094	7774	8094	
9580	8380	8272	8380	
9974	8762	8556	8762	
10400	9062	8822	9062	
10820	9484	9182	9484	
11252	9880	9572	9880	
11706	10156	9912	10156	
12042	10584	10204	10584	
12724	11056	10300	11056	
12122	10408	9856	10408	
11714	10028	9542	10028	
11148	9710	9244	9710	
10682	9260	8858	9260	
10154	8874	8462	8874	
9730	8492	8072	8492	
9350	8202	7943	8202	
8920	7842	7536	7842	
8688	7628	7310	7628	
8358	7388	7092	7388	
8051	7153	6866	7153	
7826	6954	6776	6954	
7612	6811	6653	6811	
7440	6681	6485	6681	
7173	6492	6386	6492	
7004	6381	6274	6381	
6875	6238	6177	6238	
6726	6107	6013	6107	
6618	6007	5962	6007	
6455	5945	5865	5945	
6335	5841	5848	5841	
6241	5791	5709	5791	
6206	5756	5698	5756	
6164	5715	5631	5715	
6149	5702	5585	5702	
6167	5669	5675	5669	
6143	5658	5672	5658	
6197	5718	5635	5718	
6230	5742	5648	5742	
6294	5806	5745	5806	
6328	5842	5861	5842	
6463	5939	5811	5939	
6588	6036	5888	6036	
6730	6121	6043	6121	
6844	6230	6206	6230	
7006	6350	6284	6350	
7193	6534	6332	6534	
7339	6647	6480	6647	
7620	6815	6565	6815	
7820	7003	6809	7003	
8058	7209	7041	7209	
8328	7391	7142	7391	
8638	7644	7424	7644	
8956	7903	7527	7903	
9278	8224	7991	8224	
9696	8558	8306	8558	
10120	8888	8546	8888	
10576	9284	8882	9284	
11020	9650	9354	9650	
11444	10056	9644	10056	
11850	10420	9882	10420	
12420	10930	10698	10930	
11802	10268	9838	10268	
11310	9890	9520	9890	
10944	9490	9118	9490	
10404	9082	8644	9082	
9960	8694	8324	8694	
9552	8292	7979	8292	
9126	8010	7780	8010	
8756	7687	7373	7687	
8444	7464	7099	7464	
8189	7214	6933	7214	
7872	7045	6689	7045	
7621	6892	6609	6892	
7454	6707	6549	6707	
7243	6550	6406	6550	
7015	6351	6277	6351	
6788	6213	6084	6213	
6680	6090	5943	6090	
6502	5966	5897	5966	
6367	5884	5791	5884	
6260	5768	5732	5768	
6138	5680	5658	5680	
6036	5634	5615	5634	
5994	5586	5537	5586	
5967	5564	5575	5564	
5966	5550	5503	5550	
5932	5543	5444	5543	
5969	5548	5473	5548	
5961	5557	5474	5557	
5990	5573	5610	5573	
6067	5644	5626	5644	
6134	5710	5672	5710	
6250	5764	5730	5764	
6361	5865	5811	5865	
6510	6010	5909	6010	
6648	6124	6044	6124	
6784	6225	6120	6225	
6991	6353	6246	6353	
7199	6526	6353	6526	
7352	6645	6442	6645	
7642	6862	6553	6862	
7875	7042	6835	7042	
8132	7260	7014	7260	
8432	7475	7241	7475	
8736	7752	7520	7752	
9156	8029	7734	8029	
9562	8366	8177	8366	
9948	8688	8412	8688	
10324	9074	8766	9074	
10770	9474	9118	9474	
11202	9822	9580	9822	
11664	10200	9866	10200	
12248	10818	10410	10818	
11718	10102	9550	10102	
11136	9684	9202	9684	
10670	9266	9022	9266	
10310	8860	8440	8860	
9766	8464	8230	8464	
9300	8129	7789	8129	
8958	7872	7568	7872	
8596	7558	7405	7558	
8308	7330	7022	7330	
7993	7099	6874	7099	
7728	6901	6776	6901	
7453	6713	6504	6713	
7231	6560	6399	6560	
7010	6406	6177	6406	
6866	6234	6140	6234	
6636	6101	5934	6101	
6499	5961	5808	5961	
6315	5825	5792	5825	
6170	5745	5703	5745	
6068	5634	5579	5634	
5964	5543	5550	5543	
5906	5473	5485	5473	
5834	5442	5397	5442	
5777	5424	5401	5424	
5710	5389	5392	5389	
5736	5397	5391	5397	
5739	5391	5333	5391	
5777	5418	5384	5418	
5836	5464	5483	5464	
5863	5550	5508	5550	
5960	5580	5476	5580	
6085	5659	5629	5659	
6190	5752	5664	5752	
6329	5839	5803	5839	
6460	5981	5875	5981	
6643	6096	5977	6096	
6813	6218	6090	6218	
7040	6423	6255	6423	
7215	6553	6381	6553	
7409	6739	6551	6739	
7719	6925	6638	6925	
7982	7098	6923	7098	
8230	7335	7073	7335	
8568	7544	7340	7544	
8904	7863	7498	7863	
9292	8136	7839	8136	
9736	8498	8272	8498	
10190	8882	8568	8882	
10606	9276	8896	9276	
10992	9696	9434	9696	
11536	10164	9896	10164	
12124	10566	10464	10566	
11564	9986	9474	9986	
11002	9522	9118	9522	
10448	9122	8762	9122	
10018	8704	8390	8704	
9614	8326	7944	8326	
9186	7961	7772	7961	
8728	7696	7438	7696	
8392	7439	7111	7439	
8171	7189	6921	7189	
7823	6993	6749	6993	
7504	6740	6656	6740	
7258	6556	6360	6556	
7094	6416	6197	6416	
6861	6236	6185	6236	
6641	6090	5964	6090	
6458	5959	5776	5959	
6310	5798	5716	5798	
6138	5710	5518	5710	
5951	5589	5553	5589	
5905	5486	5451	5486	
5754	5387	5381	5387	
5670	5376	5354	5376	
5632	5307	5237	5307	
5566	5268	5236	5268	
5539	5249	5208	5249	
5561	5245	5242	5245	
5574	5240	5249	5240	
5587	5303	5272	5303	
5627	5312	5315	5312	
5697	5354	5318	5354	
5788	5427	5385	5427	
5913	5489	5425	5489	
5989	5609	5535	5609	
6144	5697	5625	5697	
6278	5841	5768	5841	
6455	5992	5935	5992	
6647	6142	6028	6142	
6897	6270	6045	6270	
7032	6424	6140	6424	
7285	6628	6416	6628	
7539	6777	6561	6777	
7813	7015	6798	7015	
8073	7170	7027	7170	
8326	7411	7090	7411	
8696	7694	7470	7694	
9174	8026	7801	8026	
9490	8352	8173	8352	
9948	8700	8360	8700	
10384	9094	8782	9094	
10920	9496	9080	9496	
11446	10000	9652	10000	
12022	10488	10066	10488	
11366	9736	9410	9736	
10896	9350	9102	9350	
10318	8914	8514	8914	
9830	8520	8238	8520	
9398	8208	7832	8208	
8968	7835	7591	7835	
8556	7540	7335	7540	
8206	7284	7029	7284	
7940	7082	6818	7082	
7680	6850	6654	6850	
7379	6637	6504	6637	
7127	6475	6290	6475	
6938	6304	6130	6304	
6691	6152	6005	6152	
6452	5963	5845	5963	
6294	5817	5738	5817	
6103	5683	5668	5683	
5922	5561	5492	5561	
5820	5449	5411	5449	
5689	5344	5369	5344	
5584	5266	5263	5266	
5485	5213	5206	5213	
5448	5166	5219	5166	
5412	5127	5115	5127	
5382	5091	5075	5091	
5378	5096	5043	5096	
5378	5111	5083	5111	
5441	5128	5064	5128	
5457	5185	5174	5185	
5501	5250	5249	5250	
5614	5287	5291	5287	
5684	5375	5308	5375	
5816	5488	5331	5488	
6006	5599	5529	5599	
6109	5709	5612	5709	
6318	5860	5778	5860	
6519	5988	5810	5988	
6742	6121	6024	6121	
6874	6306	6074	6306	
7080	6445	6407	6445	
7427	6688	6523	6688	
7677	6869	6679	6869	
7910	7069	6902	7069	
8242	7305	7017	7305	
8574	7608	7310	7608	
8948	7864	7666	7864	
9292	8198	7852	8198	
9776	8582	8396	8582	
10238	8936	8574	8936	
10648	9314	8982	9314	
11194	9828	9578	9828	
11858	10344	9844	10344	
11158	9688	9260	9688	
10654	9228	8740	9228	
10120	8790	8344	8790	
9574	8346	8115	8346	
9156	8054	7719	8054	
8738	7706	7465	7706	
8436	7427	7218	7427	
8078	7198	6922	7198	
7837	6973	6723	6973	
7555	6798	6585	6798	
7260	6523	6426	6523	
7019	6321	6215	6321	
6784	6184	6085	6184	
6519	6012	5912	6012	
6351	5837	5810	5837	
6143	5684	5622	5684	
5947	5572	5539	5572	
5798	5408	5383	5408	
5647	5319	5261	5319	
5528	5223	5260	5223	
5446	5188	5127	5188	
5334	5079	5078	5079	
5290	5043	5037	5043	
5213	5010	5031	5010	
5183	4975	4959	4975	
5205	4975	4938	4975	
5219	4980	5022	4980	
5232	5017	5023	5017	
5278	5046	5024	5046	
5368	5106	5143	5106	
5428	5167	5178	5167	
5505	5230	5185	5230	
5677	5349	5260	5349	
5847	5479	5385	5479	
5968	5589	5415	5589	
6172	5761	5621	5761	
6341	5874	5707	5874	
6591	6043	5949	6043	
6747	6185	6012	6185	
6997	6366	6161	6366	
7220	6562	6332	6562	
7505	6751	6589	6751	
7799	6958	6713	6958	
8126	7224	7077	7224	
8370	7464	7215	7464	
8748	7768	7404	7768	
9158	8007	7873	8007	
9580	8394	8051	8394	
9976	8858	8514	8858	
10506	9176	8702	9176	
11066	9690	9088	9690	
11662	10174	9786	10174	
10942	9462	9192	9462	
10392	9032	8696	9032	
9882	8636	8324	8636	
9508	8244	7852	8244	
9062	7924	7669	7924	
8646	7615	7400	7615	
8344	7297	7047	7297	
7981	7079	6840	7079	
7681	6842	6634	6842	
7369	6621	6424	6621	
7083	6478	6309	6478	
6881	6254	6134	6254	
6659	6101	5940	6101	
6385	5925	5891	5925	
6192	5746	5659	5746	
6001	5577	5557	5577	
5791	5466	5432	5466	
5626	5343	5275	5343	
5474	5211	5211	5211	
5383	5117	5086	5117	
5261	5058	5014	5058	
5186	4967	4964	4967	
5118	4926	4960	4926	
5065	4869	4837	4869	
5030	4848	4832	4848	
5032	4838	4815	4838	
5075	4870	4907	4870	
5084	4894	4858	4894	
5110	4924	4860	4924	
5196	4957	5001	4957	
5296	5065	4957	5065	
5377	5142	5111	5142	
5501	5250	5205	5250	
5657	5351	5272	5351	
5824	5467	5307	5467	
6014	5622	5505	5622	
6164	5779	5697	5779	
6372	5935	5819	5935	
6566	6096	5969	6096	
6869	6286	6119	6286	
7095	6476	6329	6476	
7408	6658	6572	6658	
7655	6847	6703	6847	
7977	7116	6888	7116	
8236	7331	7079	7331	
8580	7643	7451	7643	
8942	7917	7660	7917	
9464	8254	8077	8254	
9920	8642	8330	8642	
10312	9040	8836	9040	
10782	9552	9170	9552	
11468	10052	9682	10052	
10762	9336	8952	9336	
10286	8884	8528	8884	
9824	8502	8260	8502	
9346	8148	7838	8148	
8886	7804	7591	7804	
8584	7542	7203	7542	
8151	7259	6998	7259	
7848	6977	6709	6977	
7575	6751	6567	6751	
7309	6545	6395	6545	
7014	6353	6230	6353	
6726	6136	6007	6136	
6505	5967	5817	5967	
6242	5801	5733	5801	
6039	5636	5595	5636	
5833	5467	5422	5467	
5642	5315	5300	5315	
5477	5200	5189	5200	
5315	5090	5070	5090	
5242	5014	5029	5014	
5138	4901	4896	4901	
5059	4881	4881	4881	
4959	4812	4786	4812	
4964	4779	4801	4779	
4923	4733	4707	4733	
4912	4719	4767	4719	
4928	4754	4741	4754	
4947	4790	4783	4790	
5006	4810	4821	4810	
5060	4875	4853	4875	
5117	4922	4878	4922	
5249	5005	4966	5005	
5364	5109	5039	5109	
5541	5258	5177	5258	
5680	5356	5301	5356	
5879	5488	5413	5488	
6077	5669	5569	5669	
6264	5833	5728	5833	
6477	6001	5878	6001	
6758	6157	6037	6157	
7039	6361	6211	6361	
7270	6570	6357	6570	
7584	6797	6557	6797	
7829	6996	6737	6996	
8186	7243	7027	7243	
8502	7504	7279	7504	
8848	7862	7529	7862	
9222	8169	7891	8169	
9738	8582	8254	8582	
10214	8934	8520	8934	
10656	9474	9012	9474	
11328	9832	9294	9832	
10658	9224	8928	9224	
10140	8794	8474	8794	
9660	8390	8164	8390	
9176	8037	7735	8037	
8840	7709	7450	7709	
8450	7423	7194	7423	
8095	7192	6967	7192	
7742	6930	6670	6930	
7455	6699	6598	6699	
7172	6494	6259	6494	
6861	6282	6146	6282	
6609	6064	5918	6064	
6394	5917	5842	5917	
6133	5728	5672	5728	
5924	5562	5445	5562	
5699	5375	5342	5375	
5513	5243	5223	5243	
5334	5115	5036	5115	
5232	4995	4986	4995	
5094	4895	4898	4895	
4972	4800	4846	4800	
4912	4749	4759	4749	
4878	4693	4745	4693	
4820	4662	4647	4662	
4783	4628	4659	4628	
4779	4637	4680	4637	
4791	4642	4662	4642	
4821	4673	4709	4673	
4864	4710	4709	4710	
4921	4745	4768	4745	
5019	4836	4794	4836	
5095	4928	4945	4928	
5245	5023	5001	5023	
5356	5138	5093	5138	
5575	5285	5218	5285	
5682	5368	5365	5368	
5919	5565	5510	5565	
6149	5740	5734	5740	
6361	5915	5807	5915	
6588	6118	6002	6118	
6888	6300	6196	6300	
7132	6502	6362	6502	
7456	6701	6494	6701	
7702	6976	6700	6976	
8010	7138	6898	7138	
8390	7472	7162	7472	
8728	7727	7402	7727	
9210	8035	7808	8035	
9574	8442	8196	8442	
10038	8866	8564	8866	
10484	9252	8914	9252	
11274	9900	9372	9900	
10536	9042	8720	9042	
10006	8708	8370	8708	
9510	8264	7898	8264	
9070	7929	7602	7929	
8686	7630	7240	7630	
8318	7321	7045	7321	
7977	7069	6812	7069	
7637	6849	6569	6849	
7317	6583	6444	6583	
7077	6415	6261	6415	
6744	6165	6070	6165	
6515	5999	5880	5999	
6231	5787	5667	5787	
6018	5602	5602	5602	
5782	5429	5425	5429	
5561	5262	5192	5262	
5407	5159	5043	5159	
5233	5035	4962	5035	
5096	4912	4924	4912	
4975	4813	4848	4813	
4892	4710	4668	4710	
4779	4658	4653	4658	
4744	4603	4668	4603	
4694	4583	4596	4583	
4655	4541	4526	4541	
4663	4556	4575	4556	
4674	4572	4576	4572	
4696	4568	4570	4568	
4739	4602	4627	4602	
4794	4656	4661	4656	
4885	4723	4686	4723	
4993	4792	4755	4792	
5098	4916	4863	4916	
5226	5027	4998	5027	
5413	5166	5119	5166	
5605	5308	5227	5308	
5805	5458	5389	5458	
6063	5633	5594	5633	
6233	5817	5749	5817	
6486	6016	5888	6016	
6790	6216	6130	6216	
6997	6422	6303	6422	
7284	6633	6433	6633	
7613	6860	6612	6860	
7903	7074	6946	7074	
8234	7355	7196	7355	
8596	7660	7363	7660	
9002	7924	7771	7924	
9452	8328	8018	8328	
9966	8684	8428	8684	
10534	9168	8844	9168	
11138	9734	9236	9734	
10404	9022	8570	9022	
9802	8602	8108	8602	
9484	8208	7914	8208	
8944	7869	7546	7869	
8558	7538	7257	7538	
8212	7247	7026	7247	
7884	7051	6816	7051	
7547	6756	6575	6756	
7181	6565	6404	6565	
6962	6332	6172	6332	
6636	6121	5933	6121	
6334	5918	5792	5918	
6129	5735	5641	5735	
5900	5558	5461	5558	
5660	5366	5345	5366	
5428	5195	5161	5195	
5287	5056	5061	5056	
5118	4908	4918	4908	
4962	4807	4747	4807	
4875	4705	4693	4705	
4757	4652	4643	4652	
4665	4578	4582	4578	
4633	4519	4532	4519	
4595	4473	4488	4473	
4559	4452	4488	4452	
4549	4453	4479	4453	
4560	4453	4479	4453	
4579	4488	4539	4488	
4596	4515	4542	4515	
4691	4556	4524	4556	
4767	4628	4648	4628	
4861	4711	4689	4711	
4995	4810	4760	4810	
5111	4932	4947	4932	
5307	5078	5025	5078	
5485	5210	5202	5210	
5662	5360	5288	5360	
5914	5568	5480	5568	
6103	5737	5673	5737	
6421	5930	5775	5930	
6661	6133	6023	6133	
6975	6299	6158	6299	
7228	6538	6387	6538	
7500	6742	6583	6742	
7829	6978	6788	6978	
8132	7238	6963	7238	
8514	7526	7220	7526	
8896	7835	7534	7835	
9362	8160	7918	8160	
9800	8656	8208	8656	
10352	9094	8700	9094	
11052	9696	9212	9696	
10270	8986	8524	8986	
9782	8488	8196	8488	
9332	8157	7832	8157	
8872	7749	7407	7749	
8514	7480	7124	7480	
8162	7212	6963	7212	
7836	6944	6683	6944	
7445	6735	6602	6735	
7121	6473	6314	6473	
6871	6234	6080	6234	
6564	6025	5995	6025	
6311	5808	5705	5808	
6048	5687	5620	5687	
5788	5494	5440	5494	
5551	5302	5190	5302	
5386	5134	5080	5134	
5238	4981	4920	4981	
5012	4859	4843	4859	
4868	4740	4684	4740	
4786	4653	4662	4653	
4682	4563	4547	4563	
4594	4481	4521	4481	
4538	4441	4440	4441	
4512	4429	4432	4429	
4463	4396	4409	4396	
4444	4420	4418	4420	
4457	4385	4428	4385	
4502	4409	4417	4409	
4533	4444	4429	4444	
4601	4492	4515	4492	
4684	4567	4528	4567	
4790	4653	4660	4653	
4882	4769	4698	4769	
5043	4855	4832	4855	
5186	4982	4976	4982	
5379	5148	5053	5148	
5602	5302	5206	5302	
5823	5484	5387	5484	
6064	5657	5544	5657	
6288	5856	5752	5856	
6567	6080	5943	6080	
6862	6312	6198	6312	
7183	6509	6343	6509	
7464	6732	6484	6732	
7754	6953	6722	6953	
8068	7198	6963	7198	
8406	7482	7099	7482	
8804	7787	7536	7787	
9254	8124	7896	8124	
9632	8496	8254	8496	
10268	9020	8766	9020	
11000	9578	8996	9578	
10254	8784	8382	8784	
9634	8444	8071	8444	
9190	8053	7715	8053	
8732	7711	7294	7711	
8416	7428	7187	7428	
8047	7117	6858	7117	
7732	6888	6695	6888	
7348	6637	6492	6637	
7090	6399	6246	6399	
6751	6215	6146	6215	
6475	5966	5850	5966	
6194	5746	5657	5746	
5928	5566	5507	5566	
5685	5379	5342	5379	
5448	5218	5184	5218	
5267	5041	4984	5041	
5095	4907	4890	4907	
4944	4768	4749	4768	
4811	4671	4654	4671	
4678	4586	4545	4586	
4583	4494	4522	4494	
4498	4426	4422	4426	
4460	4368	4429	4368	
4421	4359	4434	4359	
4388	4341	4326	4341	
4376	4334	4330	4334	
4396	4337	4340	4337	
4407	4356	4356	4356	
4479	4389	4396	4389	
4491	4415	4405	4415	
4576	4485	4430	4485	
4673	4587	4569	4587	
4779	4659	4681	4659	
4956	4781	4806	4781	
5144	4933	4900	4933	
5275	5076	5043	5076	
5500	5238	5163	5238	
5714	5423	5339	5423	
5927	5616	5455	5616	
6234	5779	5603	5779	
6505	6014	5930	6014	
6712	6181	6026	6181	
7066	6413	6298	6413	
7356	6647	6480	6647	
7685	6882	6664	6882	
8002	7119	6874	7119	
8366	7424	7210	7424	
8742	7719	7454	7719	
9174	8089	7729	8089	
9622	8406	8133	8406	
10140	8908	8454	8908	
10756	9428	9134	9428	
10114	8732	8404	8732	
9662	8340	8008	8340	
9102	7974	7611	7974	
8672	7628	7321	7628	
8298	7358	7023	7358	
7912	7093	6934	7093	
7653	6816	6596	6816	
7312	6622	6293	6622	
7039	6371	6148	6371	
6721	6106	5984	6106	
6422	5936	5792	5936	
6159	5664	5604	5664	
5850	5515	5483	5515	
5624	5313	5303	5313	
5373	5173	5118	5173	
5166	4977	4950	4977	
5004	4841	4787	4841	
4867	4726	4721	4726	
4737	4606	4582	4606	
4594	4512	4504	4512	
4511	4429	4458	4429	
4430	4369	4374	4369	
4400	4314	4315	4314	
4350	4291	4327	4291	
4330	4267	4265	4267	
4312	4265	4240	4265	
4313	4279	4249	4279	
4332	4296	4283	4296	
4356	4295	4290	4295	
4418	4381	4330	4381	
4505	4411	4323	4411	
4615	4508	4499	4508	
4730	4593	4566	4593	
4883	4726	4714	4726	
5021	4869	4864	4869	
5184	4991	4941	4991	
5373	5162	5146	5162	
5647	5361	5273	5361	
5869	5520	5453	5520	
6150	5727	5647	5727	
6371	5937	5754	5937	
6639	6175	5988	6175	
6991	6366	6236	6366	
7294	6607	6375	6607	
7634	6838	6585	6838	
7990	7099	6882	7099	
8232	7375	7101	7375	
8642	7664	7373	7664	
9030	7981	7813	7981	
9548	8364	8153	8364	
9978	8804	8550	8804	
10670	9400	8818	9400	
10076	8748	8490	8748	
9522	8272	7913	8272	
9120	7958	7641	7958	
8708	7604	7338	7604	
8236	7307	7002	7307	
7916	7010	6699	7010	
7555	6825	6554	6825	
7237	6493	6256	6493	
6934	6321	6152	6321	
6616	6074	5985	6074	
6338	5848	5796	5848	
6049	5644	5540	5644	
5765	5451	5421	5451	
5545	5281	5263	5281	
5304	5078	5046	5078	
5109	4926	4898	4926	
4946	4795	4741	4795	
4762	4662	4654	4662	
4643	4554	4511	4554	
4514	4448	4493	4448	
4434	4385	4434	4385	
4349	4315	4329	4315	
4329	4277	4339	4277	
4254	4245	4243	4245	
4243	4217	4221	4217	
4249	4213	4243	4213	
4234	4216	4217	4216	
4271	4240	4207	4240	
4303	4257	4261	4257	
4342	4307	4289	4307	
4430	4378	4336	4378	
4529	4454	4440	4454	
4642	4541	4560	4541	
4779	4654	4654	4654	
4966	4784	4772	4784	
5118	4946	4877	4946	
5356	5108	5080	5108	
5574	5318	5239	5318	
5796	5511	5409	5511	
6070	5653	5557	5653	
6323	5884	5817	5884	
6599	6114	5915	6114	
6891	6331	6255	6331	
7196	6556	6364	6556	
7611	6765	6553	6765	
7802	7009	6850	7009	
8208	7305	7043	7305	
8580	7566	7323	7566	
8996	7941	7662	7941	
9444	8270	8046	8270	
9894	8750	8332	8750	
10560	9302	8748	9302	
9976	8636	8222	8636	
9496	8194	7998	8194	
9000	7890	7546	7890	
8576	7552	7269	7552	
8208	7294	6975	7294	
7844	6979	6695	6979	
7491	6760	6591	6760	
7188	6484	6311	6484	
6847	6224	6169	6224	
6512	6016	5934	6016	
6240	5812	5701	5812	
6002	5591	5492	5591	
5720	5375	5370	5375	
5486	5213	5206	5213	
5256	5039	5026	5039	
5048	4893	4911	4893	
4870	4732	4673	4732	
4707	4614	4587	4614	
4594	4510	4511	4510	
4482	4412	4439	4412	
4399	4339	4319	4339	
4326	4275	4256	4275	
4281	4253	4285	4253	
4241	4209	4214	4209	
4203	4191	4148	4191	
4219	4184	4177	4184	
4215	4203	4193	4203	
4227	4207	4200	4207	
4243	4223	4189	4223	
4317	4273	4246	4273	
4396	4332	4319	4332	
4485	4404	4330	4404	
4610	4508	4461	4508	
4708	4596	4634	4596	
4875	4726	4701	4726	
5060	4880	4841	4880	
5260	5054	5051	5054	
5513	5241	5110	5241	
5744	5416	5313	5416	
6035	5634	5542	5634	
6290	5834	5726	5834	
6558	6068	5859	6068	
6860	6300	6094	6300	
7192	6504	6267	6504	
7482	6746	6463	6746	
7807	7011	6763	7011	
8140	7239	6957	7239	
8506	7534	7287	7534	
8942	7889	7590	7889	
9434	8256	7875	8256	
9862	8732	8368	8732	
10698	9234	8762	9234	
9852	8580	8189	8580	
9436	8204	7868	8204	
8946	7828	7410	7828	
8514	7516	7197	7516	
8204	7263	6922	7263	
7788	6942	6759	6942	
7398	6727	6527	6727	
7166	6443	6266	6443	
6829	6215	6133	6215	
6495	5996	5874	5996	
6200	5757	5696	5757	
5922	5550	5525	5550	
5686	5357	5268	5357	
5443	5171	5142	5171	
5221	4990	4980	4990	
5026	4842	4830	4842	
4834	4693	4712	4693	
4650	4561	4505	4561	
4545	4459	4475	4459	
4455	4387	4359	4387	
4362	4300	4290	4300	
4285	4258	4242	4258	
4260	4198	4222	4198	
4213	4203	4166	4203	
4186	4154	4160	4154	
4158	4143	4177	4143	
4150	4157	4168	4157	
4197	4182	4179	4182	
4212	4200	4186	4200	
4297	4236	4213	4236	
4345	4297	4258	4297	
4420	4364	4384	4364	
4541	4456	4436	4456	
4671	4563	4525	4563	
4845	4719	4651	4719	
5036	4830	4795	4830	
5197	5004	4954	5004	
5466	5212	5190	5212	
5696	5360	5261	5360	
5942	5603	5479	5603	
6243	5782	5665	5782	
6553	6037	5899	6037	
6821	6244	6164	6244	
7110	6476	6315	6476	
7449	6722	6502	6722	
7811	6949	6695	6949	
8113	7210	6906	7210	
8480	7455	7244	7455	
8892	7842	7619	7842	
9282	8202	7974	8202	
9788	8670	8294	8670	
10492	9250	8908	9250	
9872	8592	8262	8592	
9376	8171	7890	8171	
8906	7834	7479	7834	
8490	7463	7289	7463	
8112	7232	6939	7232	
7724	6934	6672	6934	
7461	6706	6475	6706	
7110	6464	6206	6464	
6772	6238	6082	6238	
6440	5972	5795	5972	
6155	5768	5597	5768	
5876	5533	5476	5533	
5638	5319	5271	5319	
5362	5160	5055	5160	
5204	4962	4951	4962	
4964	4821	4726	4821	
4794	4688	4685	4688	
4619	4544	4542	4544	
4534	4457	4442	4457	
4411	4359	4374	4359	
4334	4291	4277	4291	
4240	4239	4237	4239	
4208	4197	4186	4197	
4166	4175	4159	4175	
4155	4138	4122	4138	
4124	4138	4136	4138	
4160	4144	4104	4144	
4161	4167	4138	4167	
4177	4164	4170	4164	
4256	4218	4178	4218	
4313	4264	4269	4264	
4387	4342	4340	4342	
4494	4430	4421	4430	
4630	4556	4487	4556	
4793	4656	4643	4656	
4954	4831	4830	4831	
5187	4974	4915	4974	
5392	5151	5126	5151	
5672	5366	5321	5366	
5899	5561	5434	5561	
6206	5764	5612	5764	
6490	5985	5817	5985	
6824	6209	6076	6209	
7096	6461	6296	6461	
7419	6685	6428	6685	
7717	6924	6772	6924	
8040	7179	6854	7179	
8482	7516	7187	7516	
8854	7831	7449	7831	
9298	8166	7975	8166	
9764	8620	8234	8620	
10542	9220	8910	9220	
9780	8586	8330	8586	
9396	8086	7652	8086	
8868	7799	7513	7799	
8444	7482	7200	7482	
8149	7211	6911	7211	
7750	6927	6726	6927	
7423	6682	6427	6682	
7033	6432	6281	6432	
6785	6188	6048	6188	
6434	5942	5899	5942	
6129	5723	5574	5723	
5833	5522	5426	5522	
5626	5283	5312	5283	
5382	5143	5093	5143	
5143	4966	4944	4966	
4918	4783	4755	4783	
4776	4663	4625	4663	
4610	4517	4507	4517	
4474	4414	4389	4414	
4371	4341	4360	4341	
4288	4256	4245	4256	
4238	4233	4260	4233	
4204	4174	4174	4174	
4172	4158	4156	4158	
4144	4149	4116	4149	
4137	4135	4116	4135	
4128	4124	4136	4124	
4161	4152	4118	4152	
4176	4166	4168	4166	
4208	4204	4190	4204	
4307	4256	4247	4256	
4381	4309	4275	4309	
4469	4401	4401	4401	
4606	4524	4499	4524	
4768	4623	4608	4623	
4935	4786	4730	4786	
5166	4956	4895	4956	
5370	5156	5104	5156	
5628	5339	5270	5339	
5880	5554	5398	5554	
6120	5773	5662	5773	
6441	6005	5860	6005	
6756	6239	6065	6239	
7110	6462	6238	6462	
7374	6690	6474	6690	
7703	6929	6699	6929	
8019	7186	7038	7186	
8418	7446	7230	7446	
8860	7797	7447	7797	
9254	8126	7827	8126	
9666	8568	8122	8568	
10322	9240	8748	9240	
9884	8566	8070	8566	
9356	8147	7755	8147	
8920	7801	7462	7801	
8448	7446	7118	7446	
8161	7170	6902	7170	
7719	6901	6635	6901	
7405	6631	6472	6631	
7045	6415	6232	6415	
6721	6172	6030	6172	
6379	5928	5875	5928	
6087	5701	5670	5701	
5845	5466	5409	5466	
5546	5266	5207	5266	
5370	5132	5064	5132	
5084	4910	4895	4910	
4934	4779	4759	4779	
4757	4621	4627	4621	
4575	4515	4527	4515	
4471	4416	4397	4416	
4391	4325	4322	4325	
4268	4264	4286	4264	
4217	4204	4223	4204	
4193	4165	4152	4165	
4145	4131	4134	4131	
4117	4117	4132	4117	
4118	4102	4101	4102	
4123	4122	4109	4122	
4111	4139	4130	4139	
4141	4130	4140	4130	
4211	4194	4158	4194	
4248	4230	4249	4230	
4330	4304	4301	4304	
4443	4402	4406	4402	
4569	4469	4445	4469	
4741	4632	4619	4632	
4914	4781	4692	4781	
5120	4958	4858	4958	
5361	5127	5056	5127	
5573	5309	5199	5309	
5887	5494	5426	5494	
6145	5747	5694	5747	
6422	5993	5854	5993	
6765	6180	5989	6180	
7024	6388	6204	6388	
7428	6644	6457	6644	
7689	6937	6661	6937	
8076	7133	6887	7133	
8420	7438	7252	7438	
8810	7803	7501	7803	
9254	8147	7924	8147	
9814	8550	8149	8550	
10514	9242	8862	9242	
9814	8508	8092	8508	
9308	8136	7762	8136	
8902	7836	7350	7836	
8494	7464	7079	7464	
8098	7206	6836	7206	
7732	6929	6687	6929	
7406	6636	6504	6636	
7039	6387	6239	6387	
6740	6151	6017	6151	
6453	5947	5817	5947	
6083	5692	5603	5692	
5798	5482	5344	5482	
5559	5279	5239	5279	
5327	5100	5047	5100	
5120	4929	4922	4929	
4897	4777	4721	4777	
4745	4641	4614	4641	
4580	4506	4495	4506	
4473	4426	4339	4426	
4362	4340	4340	4340	
4294	4276	4270	4276	
4205	4205	4204	4205	
4180	4159	4175	4159	
4153	4144	4159	4144	
4096	4132	4154	4132	
4121	4117	4096	4117	
4121	4134	4129	4134	
4126	4121	4117	4121	
4160	4143	4158	4143	
4198	4182	4156	4182	
4250	4227	4228	4227	
4325	4301	4252	4301	
4440	4372	4357	4372	
4556	4495	4439	4495	
4751	4635	4596	4635	
4899	4779	4744	4779	
5120	4940	4859	4940	
5368	5152	5017	5152	
5576	5317	5235	5317	
5886	5537	5417	5537	
6175	5736	5612	5736	
6431	5942	5763	5942	
6747	6222	6000	6222	
7060	6424	6239	6424	
7406	6699	6374	6699	
7707	6911	6691	6911	
8034	7141	6964	7141	
8430	7437	7197	7437	
8794	7786	7471	7786	
9248	8119	7860	8119	
9738	8576	8124	8576	
10412	9272	8886	9272	
9874	8542	8120	8542	
9422	8148	7700	8148	
8874	7779	7395	7779	
8492	7481	7220	7481	
8107	7205	6937	7205	
7765	6934	6640	6934	
7392	6657	6486	6657	
7054	6417	6265	6417	
6748	6217	6011	6217	
6425	5983	5814	5983	
6119	5721	5626	5721	
5849	5488	5453	5488	
5559	5319	5224	5319	
5378	5117	5082	5117	
5149	4938	4900	4938	
4946	4786	4751	4786	
4769	4664	4638	4664	
4610	4522	4538	4522	
4464	4420	4437	4420	
4341	4331	4330	4331	
4276	4243	4228	4243	
4226	4220	4219	4220	
4178	4176	4141	4176	
4166	4145	4146	4145	
4115	4135	4168	4135	
4110	4126	4104	4126	
4097	4149	4124	4149	
4117	4133	4149	4133	
4151	4164	4167	4164	
4211	4200	4196	4200	
4273	4246	4209	4246	
4330	4321	4277	4321	
4472	4400	4345	4400	
4573	4521	4488	4521	
4766	4632	4572	4632	
4923	4778	4703	4778	
5117	4965	4876	4965	
5392	5173	5022	5173	
5596	5316	5275	5316	
5935	5552	5441	5552	
6196	5756	5635	5756	
6441	5974	5841	5974	
6771	6182	6042	6182	
7082	6465	6149	6465	
7353	6682	6383	6682	
7714	6919	6648	6919	
8017	7162	6868	7162	
8476	7486	7243	7486	
8800	7786	7506	7786	
9224	8163	7810	8163	
9704	8616	8282	8616	
10572	9210	8660	9210	
9812	8624	8204	8624	
9364	8210	7770	8210	
8962	7831	7482	7831	
8470	7489	7091	7489	
8103	7177	6901	7177	
7788	6967	6745	6967	
7412	6692	6483	6692	
7075	6426	6179	6426	
6786	6215	6095	6215	
6422	5953	5893	5953	
6109	5749	5632	5749	
5844	5510	5456	5510	
5579	5303	5226	5303	
5365	5162	5083	5162	
5133	4970	4882	4970	
4943	4787	4767	4787	
4775	4645	4689	4645	
4605	4544	4541	4544	
4483	4413	4426	4413	
4384	4349	4343	4349	
4287	4259	4275	4259	
4243	4236	4241	4236	
4179	4185	4170	4185	
4170	4153	4148	4153	
4134	4151	4112	4151	
4152	4148	4116	4148	
4129	4129	4123	4129	
4152	4169	4133	4169	
4167	4164	4174	4164	
4210	4212	4202	4212	
4295	4265	4240	4265	
4368	4336	4331	4336	
4444	4410	4377	4410	
4590	4514	4427	4514	
4750	4640	4663	4640	
4947	4780	4739	4780	
5150	4974	4881	4974	
5365	5159	5052	5159	
5621	5357	5268	5357	
5906	5565	5477	5565	
6145	5748	5723	5748	
6484	6001	5878	6001	
6754	6204	5972	6204	
7093	6439	6200	6439	
7405	6656	6398	6656	
7664	6908	6711	6908	
8082	7187	6895	7187	
8414	7472	7191	7472	
8830	7804	7527	7804	
9250	8192	7861	8192	
9758	8646	8183	8646	
10568	9304	8902	9304	
9900	8574	8177	8574	
9362	8226	7817	8226	
8956	7868	7459	7868	
8536	7510	7197	7510	
8145	7216	6882	7216	
7734	6922	6622	6922	
7438	6716	6449	6716	
7053	6460	6249	6460	
6769	6222	6109	6222	
6416	5965	5803	5965	
6129	5750	5696	5750	
5866	5540	5437	5540	
5641	5340	5253	5340	
5369	5139	5077	5139	
5147	4982	4897	4982	
4959	4823	4788	4823	
4760	4664	4682	4664	
4625	4538	4534	4538	
4505	4446	4414	4446	
4399	4359	4292	4359	
4321	4309	4279	4309	
4253	4253	4280	4253	
4214	4198	4208	4198	
4178	4176	4162	4176	
4145	4149	4156	4149	
4147	4163	4131	4163	
4163	4154	4161	4154	
4153	4159	4183	4159	
4185	4187	4116	4187	
4213	4227	4171	4227	
4279	4299	4236	4299	
4391	4350	4303	4350	
4466	4423	4411	4423	
4628	4545	4524	4545	
4794	4673	4599	4673	
4939	4823	4727	4823	
5171	4981	4863	4981	
5367	5187	5126	5187	
5652	5367	5320	5367	
5881	5579	5455	5579	
6186	5797	5622	5797	
6459	6017	5789	6017	
6797	6236	5991	6236	
7079	6447	6249	6447	
7400	6657	6453	6657	
7751	6980	6650	6980	
8123	7216	6874	7216	
8444	7513	7208	7513	
8858	7856	7461	7856	
9248	8164	7894	8164	
9858	8668	8048	8668	
10672	9332	8728	9332	
9938	8680	8232	8680	
9434	8238	7911	8238	
9026	7867	7522	7867	
8604	7534	7156	7534	
8161	7262	6933	7262	
7853	6966	6744	6966	
7509	6752	6505	6752	
7144	6485	6244	6485	
6817	6244	6093	6244	
6513	6004	5868	6004	
6237	5801	5664	5801	
5922	5564	5507	5564	
5649	5405	5294	5405	
5426	5200	5104	5200	
5200	4995	4985	4995	
4976	4846	4808	4846	
4794	4692	4669	4692	
4649	4561	4515	4561	
4525	4476	4448	4476	
4417	4373	4325	4373	
4350	4323	4292	4323	
4285	4264	4262	4264	
4221	4221	4209	4221	
4188	4215	4171	4215	
4163	4185	4168	4185	
4175	4174	4174	4174	
4157	4174	4191	4174	
4173	4194	4178	4194	
4221	4202	4184	4202	
4262	4240	4259	4240	
4341	4312	4282	4312	
4407	4383	4344	4383	
4526	4466	4423	4466	
4635	4557	4482	4557	
4820	4717	4659	4717	
4968	4848	4799	4848	
5171	5033	4932	5033	
5449	5227	5147	5227	
5667	5396	5246	5396	
5995	5600	5493	5600	
6231	5821	5656	5821	
6553	6039	5850	6039	
6861	6265	6066	6265	
7092	6486	6243	6486	
7424	6746	6489	6746	
7814	6953	6768	6953	
8104	7230	6899	7230	
8560	7542	7203	7542	
8862	7892	7510	7892	
9338	8202	7821	8202	
9866	8764	8236	8764	
10642	9412	8770	9412	
9998	8684	8220	8684	
9494	8248	7912	8248	
9028	7885	7517	7885	
8514	7602	7211	7602	
8226	7273	6902	7273	
7939	7036	6714	7036	
7518	6758	6510	6758	
7190	6514	6335	6514	
6881	6306	6119	6306	
6510	6064	5887	6064	
6181	5811	5683	5811	
5949	5603	5521	5603	
5688	5432	5323	5432	
5471	5234	5185	5234	
5224	5034	4955	5034	
5037	4886	4833	4886	
4863	4738	4709	4738	
4676	4608	4567	4608	
4580	4524	4470	4524	
4473	4427	4392	4427	
4374	4337	4321	4337	
4299	4291	4269	4291	
4278	4250	4219	4250	
4228	4223	4216	4223	
4189	4197	4156	4197	
4185	4202	4164	4202	
4201	4211	4186	4211	
4225	4211	4193	4211	
4250	4240	4200	4240	
4298	4275	4238	4275	
4378	4338	4309	4338	
4452	4410	4328	4410	
4568	4500	4470	4500	
4707	4621	4566	4621	
4858	4744	4693	4744	
5059	4898	4842	4898	
5237	5042	5016	5042	
5456	5220	5163	5220	
5720	5420	5336	5420	
6048	5640	5518	5640	
6299	5866	5773	5866	
6557	6078	5937	6078	
6892	6285	6093	6285	
7160	6535	6308	6535	
7547	6754	6498	6754	
7825	7007	6671	7007	
8174	7268	6914	7268	
8580	7589	7278	7589	
8944	7907	7576	7907	
9354	8278	7991	8278	
9942	8708	8380	8708	
10794	9462	9004	9462	
10116	8762	8260	8762	
9510	8336	7842	8336	
9058	7984	7554	7984	
8594	7642	7266	7642	
8288	7356	7110	7356	
7936	7052	6722	7052	
7542	6814	6566	6814	
7201	6589	6309	6589	
6921	6310	6144	6310	
6585	6108	6015	6108	
6324	5888	5763	5888	
6027	5670	5541	5670	
5731	5438	5377	5438	
5514	5273	5159	5273	
5295	5079	5025	5079	
5099	4901	4825	4901	
4915	4784	4718	4784	
4747	4654	4560	4654	
4622	4549	4458	4549	
4496	4436	4401	4436	
4411	4384	4343	4384	
4333	4331	4267	4331	
4323	4294	4239	4294	
4267	4252	4273	4252	
4220	4237	4221	4237	
4232	4235	4221	4235	
4238	4250	4249	4250	
4235	4258	4228	4258	
4283	4271	4246	4271	
4357	4327	4270	4327	
4396	4382	4340	4382	
4502	4450	4412	4450	
4601	4533	4513	4533	
4754	4654	4602	4654	
4904	4813	4738	4813	
5089	4932	4856	4932	
5298	5134	4972	5134	
5544	5315	5265	5315	
5794	5479	5337	5479	
6047	5674	5514	5674	
6299	5877	5760	5877	
6648	6113	5860	6113	
6916	6366	6241	6366	
7186	6577	6402	6577	
7504	6795	6526	6795	
7859	7076	6810	7076	
8258	7332	7003	7332	
8562	7625	7208	7625	
8966	7974	7595	7974	
9392	8426	8053	8426	
9874	8788	8550	8788	
10820	9496	9044	9496	
10224	8850	8302	8850	
9610	8368	8090	8368	
9194	8025	7629	8025	
8714	7689	7382	7689	
8308	7398	7050	7398	
8026	7124	6814	7124	
7629	6871	6567	6871	
7294	6664	6359	6664	
6980	6345	6237	6345	
6678	6166	6017	6166	
6360	5911	5769	5911	
6051	5708	5562	5708	
5845	5510	5440	5510	
5593	5332	5259	5332	
5389	5130	5078	5130	
5154	4986	4906	4986	
4966	4821	4757	4821	
4790	4706	4608	4706	
4671	4585	4547	4585	
4554	4515	4463	4515	
4507	4456	4405	4456	
4408	4377	4374	4377	
4359	4357	4293	4357	
4323	4320	4290	4320	
4291	4302	4250	4302	
4301	4274	4225	4274	
4287	4283	4239	4283	
4330	4284	4281	4284	
4349	4323	4265	4323	
4394	4361	4292	4361	
4462	4437	4386	4437	
4553	4490	4496	4490	
4657	4591	4523	4591	
4796	4694	4646	4694	
4965	4866	4797	4866	
5171	4991	4946	4991	
5368	5179	5064	5179	
5644	5355	5287	5355	
5831	5555	5406	5555	
6139	5757	5607	5757	
6389	5941	5785	5941	
6655	6162	5983	6162	
6989	6378	6177	6378	
7335	6635	6469	6635	
7598	6874	6570	6874	
7956	7149	6816	7149	
8328	7381	7186	7381	
8628	7682	7449	7682	
9142	8036	7682	8036	
9496	8346	7981	8346	
10090	8838	8522	8838	
10960	9530	9048	9530	
10190	8878	8446	8878	
9666	8376	8051	8376	
9190	8062	7628	8062	
8792	7796	7490	7796	
8424	7420	7089	7420	
8098	7217	6901	7217	
7676	6905	6675	6905	
7349	6682	6495	6682	
7084	6467	6207	6467	
6753	6203	6083	6203	
6415	5991	5857	5991	
6140	5749	5648	5749	
5891	5570	5478	5570	
5666	5387	5250	5387	
5457	5208	5126	5208	
5206	5053	5008	5053	
5039	4913	4824	4913	
4877	4765	4695	4765	
4739	4652	4639	4652	
4647	4555	4455	4555	
4532	4494	4410	4494	
4457	4443	4395	4443	
4411	4383	4306	4383	
4378	4351	4350	4351	
4364	4331	4303	4331	
4340	4306	4290	4306	
4367	4303	4317	4303	
4365	4360	4338	4360	
4394	4384	4373	4384	
4459	4412	4396	4412	
4528	4475	4478	4475	
4632	4579	4494	4579	
4713	4632	4565	4632	
4899	4779	4748	4779	
5070	4884	4813	4884	
5249	5055	5006	5055	
5461	5221	5172	5221	
5714	5408	5344	5408	
5948	5629	5493	5629	
6211	5807	5686	5807	
6437	5993	5813	5993	
6733	6239	6029	6239	
7070	6440	6217	6440	
7332	6685	6424	6685	
7692	6909	6619	6909	
8032	7192	6893	7192	
8328	7420	7110	7420	
8734	7765	7420	7765	
9156	8109	7699	8109	
9652	8506	8047	8506	
10140	8918	8658	8918	
11032	9636	8986	9636	
10354	8974	8522	8974	
9838	8554	8212	8554	
9252	8160	7761	8160	
8926	7800	7417	7800	
8520	7515	7132	7515	
8192	7256	6956	7256	
7767	6977	6732	6977	
7466	6739	6520	6739	
7098	6510	6306	6510	
6831	6319	6091	6319	
6551	6058	5965	6058	
6245	5831	5696	5831	
5950	5619	5586	5619	
5725	5454	5329	5454	
5541	5277	5135	5277	
5327	5127	5007	5127	
5133	4983	4893	4983	
4943	4828	4730	4828	
4815	4734	4664	4734	
4714	4597	4563	4597	
4601	4539	4544	4539	
4550	4472	4465	4472	
4458	4439	4408	4439	
4436	4411	4392	4411	
4398	4386	4382	4386	
4406	4388	4314	4388	
4400	4400	4366	4400	
4439	4403	4393	4403	
4470	4418	4382	4418	
4553	4493	4441	4493	
4626	4554	4492	4554	
4707	4627	4577	4627	
4827	4720	4658	4720	
4980	4858	4764	4858	
5163	4979	4884	4979	
5349	5148	5088	5148	
5517	5314	5215	5314	
5784	5497	5298	5497	
6017	5669	5571	5669	
6254	5901	5737	5901	
6576	6052	5930	6052	
6818	6309	6104	6309	
7141	6549	6316	6549	
7404	6724	6528	6724	
7756	6931	6707	6931	
8056	7206	6969	7206	
8412	7470	7143	7470	
8808	7780	7470	7780	
9284	8177	7848	8177	
9656	8576	8196	8576	
10196	9056	8802	9056	
11150	9764	9158	9764	
10456	9076	8582	9076	
9904	8628	8230	8628	
9458	8254	7838	8254	
8912	7877	7474	7877	
8606	7531	7180	7531	
8204	7318	7000	7318	
7843	7050	6796	7050	
7553	6776	6562	6776	
7208	6590	6378	6590	
6890	6359	6101	6359	
6655	6120	5927	6120	
6328	5915	5753	5915	
6086	5716	5607	5716	
5851	5537	5404	5537	
5633	5350	5223	5350	
5419	5205	5043	5205	
5216	5025	4934	5025	
5041	4889	4812	4889	
4930	4787	4739	4787	
4805	4711	4664	4711	
4667	4618	4565	4618	
4605	4551	4483	4551	
4574	4529	4481	4529	
4535	4488	4427	4488	
4500	4427	4385	4427	
4486	4447	4400	4447	
4515	4452	4466	4452	
4533	4465	4444	4465	
4558	4514	4422	4514	
4622	4552	4538	4552	
4704	4624	4572	4624	
4806	4687	4647	4687	
4913	4806	4708	4806	
5081	4946	4837	4946	
5251	5073	4971	5073	
5416	5206	5084	5206	
5648	5389	5235	5389	
5871	5589	5479	5589	
6110	5776	5609	5776	
6388	5969	5793	5969	
6640	6146	6008	6146	
6932	6371	6124	6371	
7197	6616	6361	6616	
7560	6781	6556	6781	
7850	7037	6796	7037	
8188	7281	6916	7281	
8520	7587	7246	7587	
8860	7924	7555	7924	
9350	8274	7966	8274	
9778	8632	8302	8632	
10394	9140	8660	9140	
11212	9876	9488	9876	
10594	9212	8672	9212	
10022	8706	8356	8706	
9464	8350	7916	8350	
9036	7972	7590	7972	
8688	7677	7313	7677	
8304	7421	7020	7421	
7964	7176	6843	7176	
7603	6898	6599	6898	
7297	6624	6413	6624	
6988	6421	6217	6421	
6691	6204	6048	6204	
6499	6041	5879	6041	
6190	5851	5723	5851	
5957	5645	5543	5645	
5722	5450	5283	5450	
5514	5314	5171	5314	
5325	5138	5087	5138	
5163	5009	4899	5009	
5030	4897	4849	4897	
4902	4795	4759	4795	
4789	4709	4670	4709	
4719	4646	4617	4646	
4661	4585	4541	4585	
4612	4544	4529	4544	
4597	4536	4504	4536	
4577	4525	4477	4525	
4621	4535	4527	4535	
4613	4544	4516	4544	
4638	4578	4594	4578	
4724	4633	4561	4633	
4825	4715	4714	4715	
4915	4794	4719	4794	
5052	4922	4863	4922	
5202	5025	4949	5025	
5372	5172	5135	5172	
5499	5303	5212	5303	
5750	5497	5326	5497	
6011	5661	5580	5661	
6260	5852	5652	5852	
6515	6042	5826	6042	
6756	6222	6005	6222	
7019	6413	6149	6413	
7349	6660	6454	6660	
7667	6898	6600	6898	
7983	7143	6870	7143	
8268	7410	7067	7410	
8636	7644	7311	7644	
9076	8032	7628	8032	
9504	8334	8069	8334	
9904	8774	8452	8774	
10492	9346	8612	9346	
11476	10016	9466	10016	
10642	9270	8758	9270	
10120	8888	8488	8888	
9636	8478	8047	8478	
9248	8040	7691	8040	
8822	7778	7459	7778	
8396	7495	7173	7495	
8061	7268	6975	7268	
7752	6951	6731	6951	
7535	6777	6563	6777	
7155	6539	6276	6539	
6837	6315	6208	6315	
6579	6110	5931	6110	
6326	5904	5804	5904	
6121	5718	5525	5718	
5836	5549	5461	5549	
5649	5396	5272	5396	
5439	5238	5203	5238	
5273	5116	5016	5116	
5148	4987	4900	4987	
5027	4885	4841	4885	
4917	4800	4801	4800	
4821	4727	4695	4727	
4754	4687	4630	4687	
4721	4645	4604	4645	
4711	4626	4601	4626	
4686	4620	4558	4620	
4699	4630	4553	4630	
4755	4644	4609	4644	
4768	4683	4636	4683	
4846	4728	4661	4728	
4937	4831	4740	4831	
5037	4886	4833	4886	
5155	5002	4880	5002	
5300	5127	5017	5127	
5491	5256	5170	5256	
5692	5411	5345	5411	
5869	5604	5415	5604	
6065	5762	5661	5762	
6317	5952	5808	5952	
6618	6155	5939	6155	
6850	6352	6164	6352	
7181	6533	6288	6533	
7442	6725	6515	6725	
7754	6990	6635	6990	
8067	7211	6902	7211	
8386	7502	7239	7502	
8738	7777	7340	7777	
9150	8090	7810	8090	
9702	8484	8120	8484	
10126	8826	8512	8826	
10692	9424	8860	9424	
11592	10244	9600	10244	
10888	9460	8968	9460	
10284	8988	8582	8988	
9862	8582	8149	8582	
9366	8194	7839	8194	
8954	7881	7432	7881	
8590	7583	7120	7583	
8208	7330	7059	7330	
7834	7071	6804	7071	
7560	6862	6595	6862	
7301	6645	6341	6645	
7020	6405	6163	6405	
6703	6207	6000	6207	
6414	5997	5846	5997	
6249	5839	5690	5839	
6000	5666	5510	5666	
5777	5513	5360	5513	
5578	5357	5221	5357	
5399	5215	5143	5215	
5266	5108	5004	5108	
5124	5008	4951	5008	
5071	4913	4819	4913	
4958	4858	4778	4858	
4925	4804	4788	4804	
4862	4759	4720	4759	
4846	4739	4706	4739	
4817	4738	4713	4738	
4835	4738	4669	4738	
4860	4784	4724	4784	
4890	4805	4762	4805	
5004	4841	4761	4841	
5081	4926	4861	4926	
5155	5026	4934	5026	
5282	5135	4984	5135	
5484	5246	5072	5246	
5615	5363	5287	5363	
5826	5545	5407	5545	
5999	5702	5504	5702	
6246	5872	5796	5872	
6475	6040	5849	6040	
6714	6221	6002	6221	
7036	6408	6212	6408	
7271	6661	6441	6661	
7592	6831	6665	6831	
7872	7069	6746	7069	
8186	7281	6934	7281	
8490	7611	7217	7611	
8936	7845	7533	7845	
9294	8172	7870	8172	
9794	8570	8244	8570	
10296	8990	8652	8990	
10744	9476	9090	9476	
11738	10322	9604	10322	
11040	9538	9018	9538	
10426	9128	8572	9128	
9962	8708	8332	8708	
9466	8310	7893	8310	
8998	7977	7576	7977	
8640	7695	7403	7695	
8316	7417	7251	7417	
7961	7157	6846	7157	
7710	6975	6633	6975	
7433	6710	6460	6710	
7105	6510	6259	6510	
6852	6310	6081	6310	
6607	6132	5946	6132	
6312	5959	5789	5959	
6128	5775	5585	5775	
5904	5617	5528	5617	
5704	5489	5330	5489	
5560	5319	5231	5319	
5426	5206	5083	5206	
5278	5115	5043	5115	
5189	5027	5007	5027	
5122	4954	4889	4954	
5050	4912	4803	4912	
4988	4857	4795	4857	
4935	4834	4778	4834	
4984	4830	4785	4830	
4956	4872	4810	4872	
4977	4872	4769	4872	
5040	4898	4847	4898	
5127	4958	4890	4958	
5245	5057	5039	5057	
5339	5133	5032	5133	
5435	5245	5099	5245	
5573	5366	5277	5366	
5762	5520	5394	5520	
5950	5656	5489	5656	
6145	5784	5638	5784	
6407	5985	5779	5985	
6629	6132	5919	6132	
6834	6357	6063	6357	
7127	6545	6297	6545	
7402	6745	6504	6745	
7692	6915	6691	6915	
8028	7193	6837	7193	
8340	7407	7232	7407	
8616	7683	7345	7683	
9032	7972	7662	7972	
9476	8394	7924	8394	
9932	8730	8264	8730	
10362	9140	8698	9140	
10932	9680	9108	9680	
11922	10526	9646	10526	
11196	9716	9176	9716	
10584	9270	8808	9270	
10150	8838	8334	8838	
9678	8464	8062	8464	
9242	8094	7707	8094	
8756	7758	7467	7758	
8472	7513	7086	7513	
8161	7311	7020	7311	
7893	7054	6810	7054	
7531	6805	6513	6805	
7218	6626	6387	6626	
6997	6408	6183	6408	
6707	6212	6050	6212	
6506	6055	5843	6055	
6258	5907	5719	5907	
6090	5732	5529	5732	
5892	5601	5529	5601	
5724	5470	5321	5470	
5565	5333	5273	5333	
5400	5257	5130	5257	
5361	5146	5025	5146	
5246	5090	5005	5090	
5207	5025	4917	5025	
5138	4982	4879	4982	
5103	4984	4894	4984	
5118	4943	4950	4943	
5131	4984	4894	4984	
5171	5003	4877	5003	
5197	5049	4986	5049	
5262	5109	5012	5109	
5390	5183	5110	5183	
5449	5269	5126	5269	
5604	5400	5223	5400	
5745	5467	5376	5467	
5918	5625	5495	5625	
6101	5764	5620	5764	
6323	5927	5756	5927	
6567	6116	5904	6116	
6771	6260	6065	6260	
7035	6419	6212	6419	
7281	6630	6334	6630	
7599	6866	6555	6866	
7801	7028	6731	7028	
8161	7302	6945	7302	
8546	7528	7148	7528	
8786	7800	7498	7800	
9174	8128	7831	8128	
9588	8480	8026	8480	
10096	8872	8482	8872	
10460	9330	8838	9330	
11066	9754	9372	9754	
12214	10636	10054	10636	
11358	9906	9382	9906	
10842	9418	9032	9418	
10330	8998	8572	8998	
9874	8680	8183	8680	
9378	8216	7894	8216	
8994	7936	7590	7936	
8652	7605	7167	7605	
8280	7403	7014	7403	
8012	7150	6879	7150	
7695	6943	6636	6943	
7439	6743	6414	6743	
7141	6555	6250	6555	
6896	6368	6113	6368	
6632	6226	5946	6226	
6399	6036	5903	6036	
6227	5862	5706	5862	
6065	5716	5608	5716	
5920	5596	5476	5596	
5757	5478	5367	5478	
5597	5360	5328	5360	
5555	5311	5148	5311	
5447	5248	5149	5248	
5379	5178	5037	5178	
5325	5136	5061	5136	
5293	5123	5087	5123	
5294	5087	5001	5087	
5314	5128	5034	5128	
5325	5137	5051	5137	
5377	5196	5057	5196	
5493	5262	5156	5262	
5558	5295	5171	5295	
5642	5408	5298	5408	
5770	5532	5382	5532	
5958	5639	5477	5639	
6105	5775	5672	5775	
6309	5900	5734	5900	
6512	6083	5844	6083	
6771	6247	6061	6247	
6937	6420	6190	6420	
7170	6579	6414	6579	
7429	6757	6536	6757	
7666	6974	6707	6974	
7955	7206	6939	7206	
8372	7411	7066	7411	
8622	7692	7318	7692	
9004	7952	7710	7952	
9344	8224	7875	8224	
9832	8646	8171	8646	
10414	9090	8638	9090	
10824	9514	9102	9514	
11200	9974	9434	9974	
12376	10856	10166	10856	
11588	10076	9338	10076	
11008	9604	9112	9604	
10468	9268	8858	9268	
9926	8834	8334	8834	
9568	8390	8006	8390	
9212	8088	7789	8088	
8736	7793	7379	7793	
8470	7544	7156	7544	
8202	7304	7103	7304	
7865	7082	6707	7082	
7593	6884	6583	6884	
7312	6700	6492	6700	
7057	6526	6177	6526	
6828	6328	6144	6328	
6595	6184	5911	6184	
6412	5979	5795	5979	
6267	5914	5633	5914	
6058	5715	5549	5715	
5919	5635	5528	5635	
5820	5500	5456	5500	
5688	5465	5324	5465	
5611	5370	5263	5370	
5539	5334	5176	5334	
5532	5294	5147	5294	
5452	5243	5118	5243	
5441	5249	5197	5249	
5482	5263	5208	5263	
5519	5302	5178	5302	
5559	5344	5298	5344	
5631	5395	5290	5395	
5719	5453	5363	5453	
5855	5582	5418	5582	
5963	5673	5528	5673	
6117	5775	5601	5775	
6306	5898	5747	5898	
6427	6046	5824	6046	
6636	6165	5945	6165	
6919	6356	6140	6356	
7069	6493	6277	6493	
7361	6718	6474	6718	
7596	6881	6608	6881	
7949	7158	6788	7158	
8202	7302	6975	7302	
8438	7618	7232	7618	
8826	7810	7383	7810	
9160	8073	7839	8073	
9492	8450	8016	8450	
10098	8816	8386	8816	
10564	9212	8796	9212	
11064	9656	9186	9656	
11474	10076	9548	10076	
12326	10940	10376	10940	
11758	10280	9644	10280	
11200	9812	9186	9812	
10860	9400	8744	9400	
10240	8938	8410	8938	
9810	8594	8126	8594	
9346	8222	7905	8222	
8970	7946	7559	7946	
8610	7651	7302	7651	
8302	7413	6975	7413	
8035	7237	6878	7237	
7748	6974	6702	6974	
7479	6800	6448	6800	
7231	6661	6359	6661	
6999	6459	6152	6459	
6811	6295	6000	6295	
6625	6143	5901	6143	
6409	6010	5806	6010	
6251	5892	5681	5892	
6110	5792	5559	5792	
5974	5679	5554	5679	
5897	5616	5411	5616	
5803	5530	5436	5530	
5720	5478	5388	5478	
5685	5445	5319	5445	
5660	5403	5281	5403	
5628	5404	5294	5404	
5673	5413	5313	5413	
5715	5461	5355	5461	
5745	5491	5417	5491	
5849	5557	5390	5557	
5907	5630	5492	5630	
5994	5709	5584	5709	
6125	5784	5651	5784	
6277	5910	5652	5910	
6481	6057	5896	6057	
6717	6196	5960	6196	
6814	6339	6131	6339	
7058	6447	6239	6447	
7234	6630	6406	6630	
7519	6848	6630	6848	
7752	7043	6692	7043	
8003	7203	6814	7203	
8338	7447	7148	7447	
8650	7697	7405	7697	
9008	7988	7632	7988	
9324	8280	7799	8280	
9818	8582	8133	8582	
10186	8984	8492	8984	
10708	9382	8822	9382	
11232	9814	9422	9814	
11722	10354	9790	10354	
12602	11212	10476	11212	
11942	10426	9972	10426	
11420	9984	9400	9984	
10982	9578	9136	9578	
10466	9112	8624	9112	
10000	8732	8374	8732	
9526	8392	8007	8392	
9052	8048	7704	8048	
8798	7840	7398	7840	
8470	7569	7167	7569	
8173	7326	6981	7326	
7957	7143	6772	7143	
7645	6945	6576	6945	
7440	6767	6441	6767	
7199	6595	6334	6595	
6963	6421	6112	6421	
6751	6289	6022	6289	
6637	6182	5950	6182	
6445	6010	5807	6010	
6315	5949	5721	5949	
6164	5840	5737	5840	
6074	5750	5600	5750	
6026	5708	5509	5708	
5934	5641	5501	5641	
5903	5596	5475	5596	
5873	5568	5455	5568	
5836	5544	5491	5544	
5867	5574	5479	5574	
5963	5603	5476	5603	
5942	5645	5505	5645	
6017	5722	5528	5722	
6123	5759	5639	5759	
6247	5877	5748	5877	
6374	5961	5788	5961	
6484	6057	5835	6057	
6668	6238	5998	6238	
6843	6326	6174	6326	
7044	6473	6250	6473	
7219	6643	6334	6643	
7452	6777	6591	6777	
7690	6952	6583	6952	
7944	7176	6748	7176	
8181	7389	7055	7389	
8472	7596	7258	7596	
8802	7855	7464	7855	
9162	8113	7669	8113	
9608	8404	8048	8404	
9890	8778	8444	8778	
10426	9114	8736	9114	
10938	9494	9098	9494	
11354	9938	9608	9938	
11980	10496	9808	10496	
12848	11256	10542	11256	
12182	10580	10040	10580	
11702	10182	9656	10182	
11312	9746	9252	9746	
10724	9334	8896	9334	
10198	8932	8400	8932	
9756	8602	8171	8602	
9358	8244	7806	8244	
9004	7965	7569	7965	
8724	7717	7326	7717	
8388	7477	7049	7477	
8089	7292	6914	7292	
7863	7098	6747	7098	
7637	6926	6520	6926	
7411	6758	6406	6758	
7143	6538	6261	6538	
6944	6406	6150	6406	
6789	6352	6103	6352	
6640	6193	5907	6193	
6484	6092	5839	6092	
6388	6024	5745	6024	
6282	5920	5728	5920	
6200	5836	5636	5836	
6127	5777	5650	5777	
6076	5734	5588	5734	
6059	5744	5520	5744	
6079	5722	5601	5722	
6116	5731	5605	5731	
6089	5779	5633	5779	
6128	5808	5710	5808	
6240	5845	5661	5845	
6321	5953	5748	5953	
6405	5997	5754	5997	
6582	6147	5940	6147	
6741	6241	6072	6241	
6842	6369	6141	6369	
6957	6489	6222	6489	
7219	6604	6303	6604	
7438	6807	6513	6807	
7671	6944	6634	6944	
7855	7127	6762	7127	
8189	7319	7014	7319	
8428	7530	7168	7530	
8718	7752	7384	7752	
8952	7982	7664	7982	
9418	8278	7876	8278	
9758	8610	8147	8610	
10194	8972	8540	8972	
10738	9396	8886	9396	
11176	9748	9278	9748	
11608	10184	9622	10184	
12188	10654	10338	10654	
13186	11510	10472	11510	
12348	10746	10154	10746	
12122	10404	9868	10404	
11402	9974	9476	9974	
10960	9514	9040	9514	
10416	9156	8634	9156	
10004	8764	8272	8764	
9626	8466	7786	8466	
9238	8172	7769	8172	
8942	7872	7438	7872	
8586	7642	7249	7642	
8308	7380	7000	7380	
8045	7277	6917	7277	
7777	7068	6691	7068	
7567	6909	6552	6909	
7382	6795	6441	6795	
7199	6627	6275	6627	
7026	6478	6175	6478	
6886	6367	6035	6367	
6761	6252	6091	6252	
6636	6161	5890	6161	
6507	6075	5906	6075	
6379	5999	5813	5999	
6348	6021	5779	6021	
6374	5944	5834	5944	
6273	5928	5772	5928	
6354	5909	5692	5909	
6354	5948	5784	5948	
6347	5986	5753	5986	
6355	5992	5791	5992	
6432	6051	5819	6051	
6584	6094	5928	6094	
6639	6186	5970	6186	
6751	6276	6063	6276	
6897	6417	6150	6417	
7073	6523	6288	6523	
7230	6622	6390	6622	
7383	6775	6447	6775	
7594	6896	6625	6896	
7789	7096	6690	7096	
8067	7283	6994	7283	
8368	7474	7080	7474	
8566	7677	7235	7677	
8940	7932	7532	7932	
9302	8165	7724	8165	
9636	8484	8116	8484	
9956	8806	8440	8806	
10420	9214	8676	9214	
10976	9610	9200	9610	
11334	9988	9400	9988	
11900	10432	9818	10432	
12198	10784	10200	10784	
13308	11740	10926	11740	
12750	10946	10452	10946	
12244	10640	10038	10640	
11732	10206	9624	10206	
11166	9786	9008	9786	
10750	9310	8814	9310	
10266	8988	8550	8988	
9880	8672	8208	8672	
9472	8334	7860	8334	
9074	8074	7514	8074	
8784	7811	7411	7811	
8524	7598	7263	7598	
8228	7378	6976	7378	
7993	7219	6869	7219	
7779	7065	6745	7065	
7528	6884	6575	6884	
7438	6797	6477	6797	
7215	6659	6376	6659	
7072	6548	6202	6548	
6940	6429	6194	6429	
6807	6337	6076	6337	
6744	6227	6030	6227	
6672	6170	5991	6170	
6593	6133	5920	6133	
6556	6147	5924	6147	
6486	6091	5877	6091	
6512	6051	5867	6051	
6548	6118	5908	6118	
6582	6124	5893	6124	
6611	6166	5909	6166	
6684	6229	5965	6229	
6779	6298	5986	6298	
6884	6381	6100	6381	
6976	6473	6170	6473	
7158	6524	6261	6524	
7306	6690	6437	6690	
7489	6781	6549	6781	
7684	6969	6621	6969	
7826	7098	6822	7098	
8062	7261	6900	7261	
8258	7431	7052	7431	
8534	7650	7339	7650	
8764	7868	7443	7868	
9104	8136	7697	8136	
9462	8358	7925	8358	
9838	8692	8390	8692	
10282	9022	8668	9022	
10708	9458	8952	9458	
11198	9806	9284	9806	
11600	10226	9762	10226	
12138	10570	10140	10570	
12518	10974	10534	10974	
13376	11820	11234	11820	
12934	11170	10560	11170	
12388	10740	10080	10740	
11958	10476	9892	10476	
11396	10056	9430	10056	
11018	9630	8886	9630	
10574	9282	8686	9282	
10144	8884	8412	8884	
9654	8576	8064	8576	
9300	8268	7824	8268	
9060	8045	7538	8045	
8756	7789	7283	7789	
8516	7566	7150	7566	
8256	7371	6900	7371	
8009	7219	6794	7219	
7790	7104	6660	7104	
7629	6942	6431	6942	
7457	6825	6525	6825	
7349	6697	6350	6697	
7222	6595	6237	6595	
7086	6526	6189	6526	
6951	6429	6216	6429	
6930	6391	6148	6391	
6841	6346	6142	6346	
6863	6289	6017	6289	
6745	6280	6021	6280	
6761	6248	6159	6248	
6750	6299	6014	6299	
6819	6343	6031	6343	
6859	6362	6140	6362	
6919	6393	6157	6393	
7036	6511	6194	6511	
7099	6549	6243	6549	
7202	6659	6360	6659	
7355	6692	6444	6692	
7523	6851	6555	6851	
7658	6943	6661	6943	
7882	7108	6721	7108	
8117	7256	6872	7256	
8268	7434	7070	7434	
8448	7603	7093	7603	
8764	7849	7483	7849	
9034	8043	7688	8043	
9426	8292	7838	8292	
9736	8612	8164	8612	
10040	8948	8538	8948	
10592	9282	8822	9282	
10950	9662	9078	9662	
11526	10056	9530	10056	
11870	10340	9938	10340	
12298	10796	10186	10796	
12594	11146	10626	11146	
13746	12120	11206	12120	
13100	11362	10734	11362	
12788	11056	10384	11056	
12244	10678	10126	10678	
11700	10260	9668	10260	
11296	9878	9210	9878	
10810	9430	9010	9430	
10354	9070	8530	9070	
9994	8752	8244	8752	
9556	8510	7983	8510	
9318	8232	7685	8232	
8980	7984	7612	7984	
8698	7745	7318	7745	
8432	7576	7162	7576	
8254	7429	7011	7429	
8014	7269	6909	7269	
7866	7075	6726	7075	
7729	6985	6637	6985	
7536	6884	6491	6884	
7377	6747	6408	6747	
7281	6703	6379	6703	
7171	6630	6302	6630	
7150	6544	6288	6544	
7046	6514	6235	6514	
7045	6483	6205	6483	
7043	6454	6159	6454	
7008	6462	6208	6462	
6993	6437	6186	6437	
7070	6492	6219	6492	
7125	6498	6270	6498	
7158	6580	6283	6580	
7213	6654	6427	6654	
7319	6740	6374	6740	
7441	6801	6441	6801	
7586	6935	6605	6935	
7699	7020	6673	7020	
7887	7165	6810	7165	
8067	7245	6849	7245	
8238	7435	7096	7435	
8410	7598	7222	7598	
8720	7812	7409	7812	
9010	8016	7590	8016	
9304	8258	7812	8258	
9688	8510	8093	8510	
10012	8850	8328	8850	
10480	9200	8696	9200	
10876	9644	8960	9644	
11188	9910	9342	9910	
11624	10286	9714	10286	
12102	10602	10100	10602	
12544	10926	10414	10926	
12784	11494	10530	11494	
14094	12192	11448	12192	
13284	11508	10776	11508	
12872	11244	10550	11244	
12540	10830	10150	10830	
12006	10524	9918	10524	
11556	10116	9644	10116	
11076	9706	9056	9706	
10680	9392	8760	9392	
10240	9010	8392	9010	
9870	8740	8218	8740	
9550	8442	7910	8442	
9152	8155	7594	8155	
8900	7957	7399	7957	
8742	7786	7264	7786	
8520	7569	7187	7569	
8362	7449	7043	7449	
8132	7313	6872	7313	
7926	7193	6854	7193	
7796	7080	6707	7080	
7647	6972	6594	6972	
7501	6894	6540	6894	
7467	6796	6422	6796	
7450	6748	6393	6748	
7299	6741	6421	6741	
7263	6651	6422	6651	
7308	6616	6352	6616	
7229	6640	6387	6640	
7253	6670	6432	6670	
7272	6681	6287	6681	
7355	6736	6411	6736	
7399	6785	6408	6785	
7470	6835	6511	6835	
7606	6880	6634	6880	
7736	7013	6687	7013	
7812	7082	6697	7082	
8001	7220	6858	7220	
8134	7334	6994	7334	
8314	7455	7144	7455	
8494	7598	7242	7598	
8706	7822	7391	7822	
8990	7973	7603	7973	
9246	8161	7715	8161	
9600	8516	7997	8516	
9938	8806	8144	8806	
10266	9040	8600	9040	
10638	9406	8914	9406	
11158	9760	9280	9760	
11542	10148	9744	10148	
11992	10486	10004	10486	
12338	10814	10240	10814	
12716	11144	10394	11144	
13150	11482	10684	11482	
14104	12304	11570	12304	
13460	11744	11058	11744	
13118	11450	10628	11450	
12872	11130	10494	11130	
12338	10812	10100	10812	
11812	10340	9742	10340	
11426	9966	9268	9966	
10958	9592	9058	9592	
10542	9290	8862	9290	
10162	8956	8376	8956	
9836	8696	8183	8696	
9494	8372	7925	8372	
9178	8127	7722	8127	
8988	7928	7453	7928	
8700	7814	7305	7814	
8540	7633	7226	7633	
8298	7490	7103	7490	
8226	7390	6988	7390	
8048	7243	6859	7243	
7904	7136	6765	7136	
7821	7055	6674	7055	
7719	7007	6655	7007	
7657	6928	6597	6928	
7601	6887	6571	6887	
7514	6891	6459	6891	
7466	6834	6569	6834	
7532	6838	6537	6838	
7494	6830	6619	6830	
7504	6846	6597	6846	
7565	6873	6533	6873	
7656	6920	6573	6920	
7720	7019	6726	7019	
7863	7071	6658	7071	
7962	7162	6766	7162	
8009	7306	6920	7306	
8230	7422	7020	7422	
8382	7503	7136	7503	
8538	7637	7288	7637	
8752	7813	7363	7813	
8968	7976	7556	7976	
9212	8204	7814	8204	
9572	8482	8065	8482	
9908	8718	8268	8718	
10278	9028	8578	9028	
10542	9350	8764	9350	
10992	9684	9060	9684	
11402	10032	9616	10032	
11832	10426	9820	10426	
12248	10720	10210	10720	
12662	10990	10428	10990	
12830	11316	10808	11316	
13232	11714	11000	11714	
14178	12474	11684	12474	
13684	12058	11278	12058	
13302	11656	11016	11656	
13002	11454	10764	11454	
12730	11114	10400	11114	
12262	10670	9984	10670	
11882	10326	9892	10326	
11370	9958	9580	9958	
10950	9610	9052	9610	
10512	9294	8740	9294	
10202	8962	8426	8962	
9950	8666	8248	8666	
9524	8476	7974	8476	
9274	8266	7723	8266	
8964	8120	7561	8120	
8820	7914	7562	7914	
8654	7695	7254	7695	
8458	7610	7221	7610	
8306	7466	7161	7466	
8222	7408	7016	7408	
8099	7350	6897	7350	
8047	7231	6873	7231	
7911	7202	6874	7202	
7841	7121	6809	7121	
7803	7111	6701	7111	
7823	7054	6817	7054	
7856	7074	6665	7074	
7856	7080	6753	7080	
7829	7147	6817	7147	
7874	7192	6746	7192	
7953	7230	6847	7230	
7997	7285	7009	7285	
8126	7290	6952	7290	
8173	7403	6928	7403	
8402	7544	7208	7544	
8456	7699	7329	7699	
8708	7811	7357	7811	
8908	7924	7462	7924	
9124	8104	7613	8104	
9240	8298	7951	8298	
9580	8526	8076	8526	
9866	8826	8362	8826	
10228	9016	8492	9016	
10702	9386	8832	9386	
11000	9740	9152	9740	
11346	10026	9304	10026	
11688	10376	9758	10376	
12204	10684	10182	10684	
12560	11066	10710	11066	
12864	11384	10938	11384	
13200	11542	10970	11542	
13456	11964	11512	11964	
                                                                                                                                                                                                                                                                                                                                                                                                                                                                                                                                                                                                                                                                                                                                                                                                                                                                                                                                                                                                                                                                                                                                                                                                                                                                                                                                                                                                                                                                                                                                                                                                                                                                                                                                                                                                                                                                                                                                                                                                                                                                                                                                                                                                                                                                                                                                                                                                                                                                                                                                                                                                                                                                                                                                                                                                                                                                                                                                                                                                                                                                                                                                                                                                                                                                                                                                                                                                                                                                                                                                                                                                                                                                                                                                                                                                                                                                                                                                                                                                                                                                                                                                                                                                                                                                                                                                                                                                                                                                                                                                                                                                                                                                                                                                                                                                                                                                                                                                                                                                                                                                                                                                                                                                                                                                                                                                                                                                                                                                                                                                                                                                                                                                                                                                                                                                                                                                                                                                                                                                                                                                                                                                                                                                                                                                                                                                                                                                                                                                                                                                                                                                                                                                                                                                                                                                                                                                                                                                                                                                                                                                                                                                                                                                                                                                                                                                                                                                                                                                                                                                                                                                                                                                                                                                                                                                                                                                                                                                                                                                                                                                                                                                                                                                                                                                                                                                                                                                                                                                                                                                                                                                                                                                                                                                                                                                                                                                                                                                                                                                                                                                                                                                                                                                                                                                                                                                                                                                                                                                                                                                                                                                                                                                                                                                                                                                                                                                                                                                                                                                                                                                                                                                                                                                                                                                                                                                                                                                                                                                                                                                                    