2704	2704	2704	2704	
11628	11638	10840	11638	
11248	11024	10568	11024	
11022	10896	10428	10896	
10502	10512	10096	10512	
10424	10184	9694	10184	
10034	9906	9402	9906	
9630	9526	9018	9526	
9180	9078	8776	9078	
8826	8708	8392	8708	
8504	8432	8106	8432	
8222	8145	7918	8145	
7997	7908	7634	7908	
7807	7686	7474	7686	
7507	7491	7249	7491	
7358	7337	7148	7337	
7266	7199	6994	7199	
7168	7003	6875	7003	
7048	6906	6633	6906	
6894	6810	6669	6810	
6797	6711	6513	6711	
6761	6593	6462	6593	
6661	6581	6409	6581	
6650	6531	6389	6531	
6564	6436	6350	6436	
6475	6437	6262	6437	
6529	6434	6270	6434	
6547	6439	6312	6439	
6538	6423	6357	6423	
6540	6453	6301	6453	
6543	6472	6363	6472	
6628	6506	6334	6506	
6765	6594	6456	6594	
6759	6711	6455	6711	
6862	6746	6615	6746	
7003	6882	6755	6882	
7068	7009	6758	7009	
7109	7135	6972	7135	
7328	7250	7097	7250	
7502	7459	7170	7459	
7679	7601	7455	7601	
7855	7836	7579	7836	
8041	8074	7843	8074	
8382	8342	8112	8342	
8762	8606	8250	8606	
9054	8960	8622	8960	
9422	9232	8888	9232	
9870	9660	9346	9660	
10002	10012	9688	10012	
10502	10314	10052	10314	
10758	10764	10174	10764	
11094	10980	10534	10980	
11212	11506	10792	11506	
11552	11364	10864	11364	
11022	10810	10342	10810	
10676	10500	10208	10500	
10424	10134	9892	10134	
9978	9838	9378	9838	
9564	9426	9130	9426	
9286	9052	8704	9052	
8828	8706	8438	8706	
8526	8360	8123	8360	
8236	8129	7836	8129	
7955	7872	7638	7872	
7660	7604	7451	7604	
7480	7386	7147	7386	
7356	7209	7057	7209	
7151	7043	6773	7043	
7038	6895	6733	6895	
6881	6776	6597	6776	
6776	6652	6528	6652	
6692	6563	6475	6563	
6578	6488	6386	6488	
6530	6404	6235	6404	
6421	6325	6218	6325	
6396	6256	6142	6256	
6380	6210	6092	6210	
6308	6192	6084	6192	
6309	6182	6078	6182	
6298	6160	6011	6160	
6365	6183	6128	6183	
6355	6216	6121	6216	
6372	6241	6114	6241	
6460	6308	6150	6308	
6482	6353	6290	6353	
6575	6400	6325	6400	
6640	6519	6413	6519	
6707	6606	6492	6606	
6812	6712	6617	6712	
6996	6839	6716	6839	
7059	6989	6837	6989	
7288	7175	7001	7175	
7465	7314	7122	7314	
7642	7522	7279	7522	
7850	7757	7478	7757	
8062	7974	7772	7974	
8486	8220	8025	8220	
8764	8548	8320	8548	
9000	8872	8598	8872	
9390	9300	9058	9300	
9788	9602	9308	9602	
10232	9966	9626	9966	
10590	10400	10144	10400	
10916	10718	10394	10718	
11182	11022	10574	11022	
11240	11226	10658	11226	
10940	10606	10202	10606	
10500	10302	9944	10302	
10230	9946	9690	9946	
9664	9520	9202	9520	
9340	9210	8866	9210	
8870	8794	8520	8794	
8644	8462	8206	8462	
8356	8128	7899	8128	
8056	7902	7746	7902	
7747	7618	7380	7618	
7499	7421	7186	7421	
7319	7254	7012	7254	
7160	7012	6920	7012	
6952	6862	6658	6862	
6793	6742	6541	6742	
6680	6606	6449	6606	
6618	6489	6361	6489	
6476	6370	6290	6370	
6446	6279	6178	6279	
6325	6204	6112	6204	
6234	6166	6049	6166	
6210	6094	5994	6094	
6209	6085	5932	6085	
6142	6011	5953	6011	
6097	5970	5952	5970	
6099	5983	5881	5983	
6138	6002	5942	6002	
6154	6042	5941	6042	
6168	6060	5949	6060	
6238	6109	6015	6109	
6338	6188	6044	6188	
6352	6271	6139	6271	
6479	6346	6247	6346	
6503	6461	6336	6461	
6681	6556	6506	6556	
6813	6640	6511	6640	
6913	6794	6672	6794	
7098	6979	6819	6979	
7216	7118	6993	7118	
7430	7350	7086	7350	
7630	7563	7384	7563	
7889	7734	7524	7734	
8161	8049	7843	8049	
8450	8322	8096	8322	
8842	8660	8388	8660	
9136	9036	8752	9036	
9548	9414	9234	9414	
9992	9778	9450	9778	
10362	10108	9778	10108	
10780	10504	10150	10504	
10902	10824	10412	10824	
11188	11050	10578	11050	
10810	10472	10170	10472	
10358	10120	9782	10120	
9912	9710	9474	9710	
9534	9336	9122	9336	
9242	8988	8632	8988	
8828	8584	8328	8584	
8366	8266	8029	8266	
8119	7966	7711	7966	
7800	7705	7443	7705	
7562	7461	7208	7461	
7286	7236	6986	7236	
7146	7059	6841	7059	
6995	6869	6677	6869	
6842	6711	6596	6711	
6700	6562	6465	6562	
6546	6455	6300	6455	
6467	6349	6224	6349	
6339	6243	6080	6243	
6235	6140	5981	6140	
6169	6070	5976	6070	
6103	5990	5885	5990	
6075	5940	5875	5940	
6006	5863	5855	5863	
5993	5858	5825	5858	
5942	5845	5808	5845	
5952	5835	5767	5835	
5968	5827	5821	5827	
5990	5847	5802	5847	
6038	5913	5810	5913	
6096	5941	5878	5941	
6165	6030	5910	6030	
6193	6080	5972	6080	
6286	6180	6099	6180	
6397	6300	6192	6300	
6521	6409	6274	6409	
6635	6521	6411	6521	
6765	6662	6538	6662	
6986	6817	6620	6817	
7000	6950	6784	6950	
7303	7155	6979	7155	
7407	7349	7094	7349	
7684	7595	7342	7595	
7968	7835	7623	7835	
8232	8106	7899	8106	
8610	8458	8176	8458	
8906	8810	8490	8810	
9292	9190	8928	9190	
9748	9594	9158	9594	
10102	9946	9684	9946	
10442	10268	9984	10268	
10786	10668	10478	10668	
10946	10796	10428	10796	
10460	10366	9934	10366	
10276	9976	9566	9976	
9782	9562	9186	9562	
9298	9122	8828	9122	
8868	8750	8434	8750	
8524	8392	8105	8392	
8238	8037	7811	8037	
7901	7758	7461	7758	
7593	7505	7332	7505	
7423	7300	7068	7300	
7247	7074	6860	7074	
7033	6872	6681	6872	
6858	6730	6599	6730	
6717	6598	6436	6598	
6535	6424	6294	6424	
6437	6323	6202	6323	
6281	6205	6144	6205	
6135	6047	5984	6047	
6080	5979	5886	5979	
6030	5898	5809	5898	
5956	5820	5717	5820	
5887	5774	5678	5774	
5829	5730	5681	5730	
5836	5701	5668	5701	
5778	5696	5590	5696	
5795	5698	5614	5698	
5829	5712	5622	5712	
5793	5710	5697	5710	
5819	5764	5671	5764	
5972	5804	5759	5804	
5961	5861	5801	5861	
6047	5942	5873	5942	
6169	6027	5940	6027	
6231	6123	6030	6123	
6345	6238	6184	6238	
6463	6378	6278	6378	
6593	6479	6401	6479	
6717	6624	6509	6624	
6927	6812	6700	6812	
7117	6979	6839	6979	
7302	7143	6998	7143	
7577	7409	7200	7409	
7801	7672	7416	7672	
8049	7908	7734	7908	
8356	8228	7999	8228	
8714	8580	8366	8580	
9060	8954	8618	8954	
9450	9336	9064	9336	
9862	9718	9484	9718	
10334	10090	9830	10090	
10604	10536	9964	10536	
10814	10814	10188	10814	
10270	10182	9830	10182	
9924	9796	9390	9796	
9482	9370	9062	9370	
9030	8910	8584	8910	
8650	8518	8288	8518	
8320	8187	7953	8187	
8066	7865	7672	7865	
7734	7600	7388	7600	
7462	7360	7108	7360	
7228	7148	6950	7148	
7056	6896	6696	6896	
6846	6730	6550	6730	
6686	6553	6438	6553	
6561	6437	6315	6437	
6371	6254	6186	6254	
6225	6180	6027	6180	
6109	6033	5973	6033	
6031	5928	5840	5928	
5980	5838	5786	5838	
5875	5766	5690	5766	
5792	5700	5640	5700	
5704	5635	5587	5635	
5690	5587	5537	5587	
5693	5546	5492	5546	
5645	5521	5492	5521	
5632	5540	5477	5540	
5651	5550	5470	5550	
5722	5550	5519	5550	
5697	5573	5553	5573	
5765	5660	5609	5660	
5785	5681	5615	5681	
5910	5757	5756	5757	
5952	5868	5788	5868	
6089	5977	5896	5977	
6217	6120	6001	6120	
6329	6210	6097	6210	
6475	6337	6246	6337	
6655	6553	6379	6553	
6747	6680	6499	6680	
6938	6845	6628	6845	
7129	7051	6812	7051	
7410	7277	7140	7277	
7565	7512	7323	7512	
7882	7753	7622	7753	
8174	8023	7810	8023	
8538	8396	8127	8396	
8836	8762	8580	8762	
9238	9128	8880	9128	
9706	9552	9310	9552	
10122	9932	9664	9932	
10442	10356	9880	10356	
10760	10720	10144	10720	
10162	9944	9648	9944	
9760	9574	9312	9574	
9234	9126	8924	9126	
8880	8756	8410	8756	
8530	8352	8140	8352	
8192	8024	7739	8024	
7859	7682	7490	7682	
7521	7455	7239	7455	
7369	7177	6992	7177	
7091	7007	6706	7007	
6911	6787	6622	6787	
6715	6603	6494	6603	
6568	6458	6324	6458	
6407	6323	6225	6323	
6256	6174	6039	6174	
6100	6025	5932	6025	
5972	5922	5848	5922	
5889	5778	5664	5778	
5780	5692	5623	5692	
5681	5608	5573	5608	
5674	5528	5476	5528	
5566	5465	5426	5465	
5542	5430	5405	5430	
5547	5401	5372	5401	
5500	5375	5336	5375	
5483	5385	5327	5385	
5480	5405	5372	5405	
5489	5407	5362	5407	
5558	5477	5416	5477	
5610	5492	5485	5492	
5671	5563	5550	5563	
5729	5663	5610	5663	
5845	5764	5711	5764	
5921	5847	5738	5847	
6068	5961	5887	5961	
6197	6097	5970	6097	
6323	6211	6103	6211	
6502	6395	6228	6395	
6608	6544	6414	6544	
6835	6735	6515	6735	
6994	6892	6729	6892	
7233	7119	6913	7119	
7452	7311	7169	7311	
7676	7626	7397	7626	
7988	7876	7671	7876	
8364	8246	7930	8246	
8694	8554	8288	8554	
9056	8956	8666	8956	
9538	9364	9138	9364	
9938	9746	9408	9746	
10456	10212	9820	10212	
10614	10466	10084	10466	
10010	9838	9514	9838	
9544	9356	9124	9356	
9046	8974	8602	8974	
8686	8578	8314	8578	
8270	8177	7890	8177	
8028	7830	7550	7830	
7729	7537	7394	7537	
7373	7287	7071	7287	
7177	7056	6877	7056	
6896	6879	6689	6879	
6789	6633	6487	6633	
6602	6474	6363	6474	
6428	6327	6192	6327	
6264	6186	6039	6186	
6110	6003	5979	6003	
5967	5875	5781	5875	
5833	5752	5707	5752	
5726	5617	5580	5617	
5621	5531	5505	5531	
5545	5472	5424	5472	
5461	5409	5362	5409	
5450	5332	5321	5332	
5431	5327	5259	5327	
5385	5258	5268	5258	
5351	5237	5209	5237	
5330	5239	5214	5239	
5312	5260	5214	5260	
5400	5280	5251	5280	
5387	5289	5284	5289	
5451	5353	5338	5353	
5502	5444	5439	5444	
5610	5523	5459	5523	
5705	5591	5551	5591	
5803	5683	5651	5683	
5933	5861	5750	5861	
6025	5941	5883	5941	
6176	6110	6003	6110	
6316	6241	6084	6241	
6520	6387	6267	6387	
6678	6602	6431	6602	
6867	6790	6607	6790	
7111	6989	6823	6989	
7359	7225	7008	7225	
7558	7445	7277	7445	
7805	7704	7460	7704	
8212	8025	7836	8025	
8478	8382	8141	8382	
8904	8814	8476	8814	
9334	9164	8962	9164	
9744	9550	9296	9550	
10258	10064	9634	10064	
10456	10284	9886	10284	
9804	9628	9292	9628	
9322	9222	8842	9222	
8976	8812	8528	8812	
8472	8384	8121	8384	
8125	8034	7786	8034	
7861	7699	7445	7699	
7530	7408	7231	7408	
7277	7190	6966	7190	
7011	6972	6682	6972	
6817	6726	6582	6726	
6647	6520	6407	6520	
6508	6363	6246	6363	
6298	6196	6082	6196	
6163	6046	5953	6046	
5978	5882	5767	5882	
5783	5775	5695	5775	
5696	5612	5577	5612	
5603	5503	5454	5503	
5505	5404	5378	5404	
5418	5325	5322	5325	
5332	5235	5230	5235	
5297	5196	5193	5196	
5251	5164	5129	5164	
5227	5124	5083	5124	
5179	5097	5098	5097	
5160	5087	5082	5087	
5161	5103	5109	5103	
5219	5138	5106	5138	
5255	5154	5174	5154	
5300	5227	5243	5227	
5369	5290	5285	5290	
5443	5346	5330	5346	
5548	5477	5408	5477	
5650	5568	5535	5568	
5789	5702	5611	5702	
5881	5811	5758	5811	
6049	5962	5881	5962	
6190	6146	6027	6146	
6361	6297	6134	6297	
6511	6418	6334	6418	
6719	6675	6539	6675	
7010	6838	6693	6838	
7135	7051	6932	7051	
7380	7280	7097	7280	
7647	7552	7332	7552	
8058	7869	7644	7869	
8320	8182	7969	8182	
8664	8634	8312	8634	
9118	8962	8700	8962	
9576	9434	9090	9434	
9984	9864	9602	9864	
10196	10170	9510	10170	
9682	9464	9142	9464	
9224	8996	8684	8996	
8762	8642	8284	8642	
8336	8198	7818	8198	
7994	7852	7647	7852	
7616	7539	7318	7539	
7430	7293	7074	7293	
7130	7023	6804	7023	
6932	6838	6623	6838	
6704	6654	6411	6654	
6495	6424	6272	6424	
6307	6240	6143	6240	
6173	6086	5957	6086	
6015	5926	5811	5926	
5860	5766	5721	5766	
5737	5616	5525	5616	
5580	5486	5412	5486	
5467	5368	5334	5368	
5390	5271	5251	5271	
5255	5181	5199	5181	
5205	5139	5108	5139	
5129	5055	5035	5055	
5099	5030	4983	5030	
5063	4983	5026	4983	
5002	4966	4933	4966	
5047	4975	4937	4975	
5039	4959	4972	4959	
5101	5017	5010	5017	
5092	5022	5019	5022	
5179	5101	5068	5101	
5224	5143	5160	5143	
5292	5241	5232	5241	
5355	5337	5313	5337	
5543	5438	5372	5438	
5654	5570	5521	5570	
5802	5703	5626	5703	
5886	5819	5773	5819	
6088	6024	5911	6024	
6273	6140	6011	6140	
6433	6334	6215	6334	
6608	6535	6371	6535	
6814	6753	6584	6753	
7012	6926	6720	6926	
7319	7198	7012	7198	
7545	7434	7215	7434	
7914	7750	7475	7750	
8090	8048	7843	8048	
8518	8420	8127	8420	
9004	8832	8580	8832	
9446	9264	8906	9264	
9734	9718	9448	9718	
10156	9994	9434	9994	
9456	9288	8934	9288	
9032	8862	8530	8862	
8636	8488	8074	8488	
8204	8059	7800	8059	
7857	7712	7486	7712	
7540	7430	7154	7430	
7266	7135	6946	7135	
7020	6905	6701	6905	
6795	6697	6575	6697	
6649	6482	6357	6482	
6439	6335	6208	6335	
6229	6151	6032	6151	
6045	5994	5915	5994	
5892	5794	5718	5794	
5735	5642	5586	5642	
5554	5510	5488	5510	
5423	5370	5356	5370	
5324	5259	5178	5259	
5260	5150	5144	5150	
5128	5070	5049	5070	
5069	5015	4989	5015	
4997	4951	4944	4951	
4954	4880	4865	4880	
4949	4858	4841	4858	
4876	4847	4785	4847	
4915	4834	4811	4834	
4916	4853	4844	4853	
4950	4853	4879	4853	
4967	4893	4915	4893	
5012	4965	4931	4965	
5100	5043	5016	5043	
5201	5118	5118	5118	
5278	5219	5178	5219	
5381	5319	5287	5319	
5514	5436	5374	5436	
5677	5588	5449	5588	
5803	5722	5620	5722	
5940	5894	5788	5894	
6179	6062	5938	6062	
6337	6243	6074	6243	
6486	6427	6279	6427	
6757	6643	6457	6643	
6973	6837	6604	6837	
7171	7068	6786	7068	
7378	7267	7106	7267	
7633	7621	7404	7621	
8044	7891	7703	7891	
8394	8288	8064	8288	
8874	8652	8424	8652	
9204	9138	8816	9138	
9718	9578	9212	9578	
9892	9848	9398	9848	
9298	9152	8848	9152	
8832	8718	8360	8718	
8454	8338	8039	8338	
8076	7939	7661	7939	
7769	7589	7354	7589	
7455	7335	7106	7335	
7174	7090	6846	7090	
6951	6814	6596	6814	
6734	6629	6413	6629	
6509	6443	6243	6443	
6293	6223	6123	6223	
6143	6042	5926	6042	
5906	5874	5749	5874	
5817	5714	5621	5714	
5612	5542	5492	5542	
5457	5383	5373	5383	
5381	5260	5273	5260	
5199	5143	5139	5143	
5121	5035	5011	5035	
5033	4974	4929	4974	
4956	4871	4906	4871	
4872	4831	4817	4831	
4819	4785	4767	4785	
4816	4759	4750	4759	
4756	4715	4755	4715	
4778	4720	4704	4720	
4790	4730	4753	4730	
4808	4760	4773	4760	
4871	4780	4757	4780	
4899	4874	4876	4874	
4957	4895	4919	4895	
5052	4981	4980	4981	
5169	5093	5042	5093	
5256	5220	5202	5220	
5406	5343	5266	5343	
5540	5448	5405	5448	
5721	5625	5578	5625	
5868	5751	5716	5751	
5985	5932	5828	5932	
6197	6156	6003	6156	
6382	6318	6209	6318	
6619	6518	6398	6518	
6791	6727	6571	6727	
7043	6943	6776	6943	
7312	7201	6989	7201	
7607	7434	7313	7434	
7889	7805	7618	7805	
8290	8190	7841	8190	
8672	8510	8304	8510	
9092	8970	8740	8970	
9526	9468	9140	9468	
9806	9754	9352	9754	
9196	9014	8638	9014	
8792	8642	8185	8642	
8302	8194	7922	8194	
7925	7778	7559	7778	
7669	7523	7272	7523	
7385	7225	7003	7225	
7052	6976	6809	6976	
6878	6730	6522	6730	
6665	6552	6407	6552	
6424	6321	6186	6321	
6196	6132	5999	6132	
6040	5938	5825	5938	
5833	5783	5672	5783	
5681	5616	5558	5616	
5544	5449	5381	5449	
5403	5291	5230	5291	
5207	5155	5131	5155	
5117	5048	5007	5048	
5013	4962	4943	4962	
4900	4831	4856	4831	
4805	4771	4771	4771	
4773	4719	4739	4719	
4731	4665	4681	4665	
4690	4637	4636	4637	
4662	4626	4605	4626	
4649	4615	4615	4615	
4694	4610	4650	4610	
4680	4645	4663	4645	
4746	4680	4689	4680	
4773	4745	4710	4745	
4855	4807	4817	4807	
4953	4882	4898	4882	
5052	4992	4971	4992	
5169	5102	5069	5102	
5306	5235	5213	5235	
5429	5365	5318	5365	
5577	5510	5453	5510	
5743	5688	5683	5688	
5928	5872	5760	5872	
6121	6063	5953	6063	
6292	6252	6023	6252	
6518	6466	6255	6466	
6696	6659	6480	6659	
6977	6860	6702	6860	
7268	7099	6920	7099	
7441	7369	7179	7369	
7748	7661	7366	7661	
8192	8023	7783	8023	
8586	8422	8138	8422	
8920	8854	8506	8854	
9442	9266	8964	9266	
9644	9612	9028	9612	
9124	8882	8560	8882	
8682	8444	8200	8444	
8202	8043	7799	8043	
7843	7721	7445	7721	
7490	7434	7117	7434	
7253	7154	6882	7154	
6984	6884	6662	6884	
6741	6687	6458	6687	
6545	6431	6298	6431	
6273	6215	6135	6215	
6125	6023	5944	6023	
5931	5862	5724	5862	
5765	5669	5616	5669	
5597	5517	5477	5517	
5406	5340	5289	5340	
5294	5209	5152	5209	
5161	5071	5045	5071	
4986	4953	4926	4953	
4895	4859	4847	4859	
4807	4742	4747	4742	
4738	4668	4666	4668	
4660	4629	4655	4629	
4596	4585	4621	4585	
4594	4551	4588	4551	
4576	4521	4560	4521	
4572	4524	4567	4524	
4600	4555	4594	4555	
4573	4544	4572	4544	
4651	4582	4599	4582	
4704	4641	4638	4641	
4746	4699	4701	4699	
4829	4781	4780	4781	
4961	4892	4865	4892	
5025	5000	4963	5000	
5183	5130	5153	5130	
5302	5257	5259	5257	
5474	5403	5379	5403	
5648	5616	5528	5616	
5849	5761	5664	5761	
6022	5934	5837	5934	
6224	6175	6045	6175	
6446	6336	6179	6336	
6656	6588	6422	6588	
6837	6794	6586	6794	
7160	7017	6866	7017	
7412	7290	7092	7290	
7628	7570	7321	7570	
8028	7906	7669	7906	
8464	8294	7954	8294	
8886	8702	8452	8702	
9150	9148	8764	9148	
9570	9406	8976	9406	
8908	8790	8442	8790	
8512	8360	8012	8360	
8107	7989	7702	7989	
7749	7636	7337	7636	
7382	7293	7058	7293	
7171	7066	6787	7066	
6927	6805	6563	6805	
6632	6570	6409	6570	
6476	6403	6219	6403	
6265	6187	5992	6187	
6042	5935	5834	5935	
5836	5769	5703	5769	
5675	5619	5549	5619	
5524	5397	5329	5397	
5328	5251	5243	5251	
5177	5105	5068	5105	
5045	4966	4954	4966	
4932	4835	4861	4835	
4801	4742	4712	4742	
4743	4643	4694	4643	
4625	4601	4622	4601	
4561	4530	4555	4530	
4523	4489	4535	4489	
4487	4442	4467	4442	
4472	4435	4446	4435	
4468	4432	4464	4432	
4483	4435	4465	4435	
4525	4464	4488	4464	
4570	4497	4552	4497	
4596	4555	4555	4555	
4671	4602	4637	4602	
4715	4689	4696	4689	
4844	4784	4772	4784	
4962	4910	4912	4910	
5099	5044	5033	5044	
5227	5176	5147	5176	
5403	5317	5293	5317	
5567	5519	5465	5519	
5741	5646	5633	5646	
5982	5862	5757	5862	
6108	6047	5945	6047	
6375	6287	6181	6287	
6583	6459	6339	6459	
6766	6706	6520	6706	
7005	6935	6717	6935	
7279	7212	6959	7212	
7590	7467	7202	7467	
7933	7798	7552	7798	
8298	8194	7905	8194	
8778	8578	8322	8578	
9244	9074	8838	9074	
9430	9376	8920	9376	
8876	8712	8372	8712	
8364	8220	7969	8220	
8046	7868	7669	7868	
7643	7569	7317	7569	
7282	7258	6972	7258	
7115	6978	6811	6978	
6827	6729	6588	6729	
6631	6529	6352	6529	
6376	6321	6176	6321	
6184	6104	5996	6104	
5973	5887	5783	5887	
5785	5687	5599	5687	
5567	5519	5462	5519	
5449	5372	5293	5372	
5244	5173	5108	5173	
5116	5056	4989	5056	
4963	4904	4873	4904	
4799	4775	4788	4775	
4708	4678	4688	4678	
4680	4601	4611	4601	
4548	4521	4500	4521	
4506	4455	4505	4455	
4441	4425	4433	4425	
4451	4399	4403	4399	
4415	4358	4382	4358	
4414	4390	4375	4390	
4439	4375	4392	4375	
4453	4386	4392	4386	
4457	4422	4430	4422	
4524	4473	4487	4473	
4573	4532	4509	4532	
4662	4624	4619	4624	
4748	4729	4717	4729	
4904	4824	4828	4824	
5016	4958	4941	4958	
5161	5101	5062	5101	
5309	5234	5231	5234	
5490	5430	5391	5430	
5662	5603	5512	5603	
5855	5797	5703	5797	
6096	5996	5898	5996	
6314	6208	6107	6208	
6502	6417	6271	6417	
6743	6671	6445	6671	
6992	6917	6653	6917	
7268	7150	6945	7150	
7557	7417	7199	7417	
7879	7752	7533	7752	
8218	8122	7825	8122	
8616	8454	8200	8454	
9104	8978	8672	8978	
9290	9206	8860	9206	
8694	8576	8212	8576	
8316	8194	7886	8194	
7961	7839	7560	7839	
7604	7479	7151	7479	
7357	7177	6895	7177	
7011	6912	6701	6912	
6815	6703	6478	6703	
6547	6449	6283	6449	
6356	6247	6058	6247	
6191	6033	5902	6033	
5894	5808	5728	5808	
5742	5650	5544	5650	
5541	5435	5419	5435	
5371	5277	5215	5277	
5185	5099	5074	5099	
5033	4953	4956	4953	
4877	4829	4794	4829	
4767	4701	4703	4701	
4662	4612	4620	4612	
4558	4539	4553	4539	
4454	4449	4473	4449	
4422	4386	4428	4386	
4402	4362	4392	4362	
4360	4337	4380	4337	
4339	4314	4341	4314	
4338	4313	4323	4313	
4363	4297	4339	4297	
4351	4338	4344	4338	
4402	4380	4341	4380	
4428	4392	4440	4392	
4502	4460	4479	4460	
4557	4557	4576	4557	
4676	4635	4641	4635	
4777	4750	4710	4750	
4931	4893	4876	4893	
5070	5049	4998	5049	
5231	5195	5138	5195	
5433	5365	5320	5365	
5589	5555	5462	5555	
5812	5702	5647	5702	
6042	5958	5797	5958	
6249	6140	6014	6140	
6466	6363	6212	6363	
6635	6599	6433	6599	
6951	6832	6598	6832	
7230	7077	6831	7077	
7401	7333	7156	7333	
7831	7681	7492	7681	
8126	8013	7775	8013	
8510	8418	8128	8418	
9028	8886	8548	8886	
9236	9216	8642	9216	
8668	8520	8158	8520	
8236	8089	7727	8089	
7901	7717	7434	7717	
7552	7411	7144	7411	
7276	7150	6864	7150	
7006	6863	6715	6863	
6722	6617	6426	6617	
6511	6412	6243	6412	
6329	6205	6084	6205	
6114	5961	5858	5961	
5896	5763	5728	5763	
5624	5558	5489	5558	
5452	5386	5334	5386	
5249	5209	5197	5209	
5148	5063	5029	5063	
4965	4907	4871	4907	
4811	4763	4732	4763	
4679	4664	4677	4664	
4592	4549	4591	4549	
4511	4455	4487	4455	
4422	4402	4405	4402	
4383	4345	4377	4345	
4334	4300	4306	4300	
4298	4266	4283	4266	
4306	4252	4326	4252	
4252	4241	4282	4241	
4279	4249	4294	4249	
4276	4270	4315	4270	
4330	4277	4308	4277	
4396	4349	4368	4349	
4426	4395	4435	4395	
4512	4488	4496	4488	
4606	4569	4568	4569	
4731	4696	4710	4696	
4889	4826	4791	4826	
5025	4976	4954	4976	
5181	5123	5093	5123	
5364	5284	5259	5284	
5531	5465	5432	5465	
5692	5665	5610	5665	
5959	5878	5788	5878	
6250	6086	6001	6086	
6384	6293	6187	6293	
6583	6556	6381	6556	
6840	6746	6601	6746	
7081	7010	6800	7010	
7368	7272	7019	7272	
7748	7587	7329	7587	
8107	7925	7691	7925	
8500	8322	8126	8322	
8872	8800	8446	8800	
9136	9174	8744	9174	
8548	8494	8224	8494	
8129	8043	7662	8043	
7854	7709	7347	7709	
7449	7354	7190	7354	
7139	7074	6850	7074	
6932	6811	6530	6811	
6703	6582	6380	6582	
6435	6334	6175	6334	
6262	6139	6005	6139	
6016	5912	5811	5912	
5818	5704	5616	5704	
5614	5513	5407	5513	
5405	5337	5258	5337	
5230	5166	5122	5166	
5063	4994	4955	4994	
4896	4826	4824	4826	
4737	4716	4695	4716	
4638	4588	4624	4588	
4513	4495	4498	4495	
4436	4408	4410	4408	
4387	4356	4366	4356	
4290	4290	4347	4290	
4266	4266	4251	4266	
4262	4232	4278	4232	
4204	4195	4230	4195	
4254	4180	4215	4180	
4239	4218	4224	4218	
4260	4226	4227	4226	
4270	4254	4254	4254	
4314	4305	4282	4305	
4380	4357	4371	4357	
4443	4433	4436	4433	
4527	4531	4549	4531	
4676	4636	4611	4636	
4813	4763	4784	4763	
4919	4891	4879	4891	
5101	5047	5064	5047	
5303	5256	5166	5256	
5510	5435	5364	5435	
5686	5629	5557	5629	
5868	5813	5730	5813	
6146	6051	5897	6051	
6329	6286	6109	6286	
6552	6471	6282	6471	
6820	6702	6554	6702	
7091	6928	6774	6928	
7348	7236	7080	7236	
7630	7524	7281	7524	
7988	7840	7596	7840	
8410	8244	7906	8244	
8718	8716	8426	8716	
9120	9020	8648	9020	
8556	8388	8027	8388	
8146	8008	7591	8008	
7732	7643	7320	7643	
7427	7288	7023	7288	
7127	7038	6717	7038	
6884	6773	6576	6773	
6635	6549	6385	6549	
6424	6336	6098	6336	
6180	6071	5960	6071	
5942	5860	5729	5860	
5779	5657	5607	5657	
5530	5474	5368	5474	
5337	5288	5205	5288	
5192	5116	5062	5116	
4989	4937	4886	4937	
4847	4811	4757	4811	
4678	4678	4649	4678	
4634	4555	4537	4555	
4496	4450	4490	4450	
4385	4367	4371	4367	
4337	4300	4331	4300	
4283	4252	4268	4252	
4238	4213	4234	4213	
4218	4197	4224	4197	
4217	4169	4174	4169	
4193	4160	4189	4160	
4208	4197	4194	4197	
4211	4183	4237	4183	
4256	4212	4240	4212	
4310	4261	4254	4261	
4343	4295	4333	4295	
4434	4379	4399	4379	
4516	4474	4484	4474	
4651	4565	4604	4565	
4754	4693	4673	4693	
4902	4833	4817	4833	
5054	5026	4977	5026	
5257	5207	5134	5207	
5388	5352	5327	5352	
5641	5561	5494	5561	
5854	5795	5664	5795	
6096	6008	5901	6008	
6315	6218	6017	6218	
6519	6437	6264	6437	
6759	6667	6511	6667	
7020	6911	6687	6911	
7231	7194	6972	7194	
7550	7484	7238	7484	
7947	7894	7555	7894	
8346	8206	7906	8206	
8716	8698	8272	8698	
9098	8962	8574	8962	
8518	8304	7984	8304	
8118	7930	7597	7930	
7629	7558	7269	7558	
7417	7282	7008	7282	
7108	6999	6679	6999	
6863	6738	6496	6738	
6590	6542	6310	6542	
6414	6242	6150	6242	
6158	6044	5895	6044	
5873	5819	5709	5819	
5728	5603	5563	5603	
5473	5394	5351	5394	
5307	5231	5201	5231	
5100	5079	5010	5079	
4962	4904	4868	4904	
4800	4766	4742	4766	
4683	4635	4646	4635	
4559	4495	4499	4495	
4449	4412	4419	4412	
4372	4327	4359	4327	
4318	4280	4298	4280	
4247	4236	4276	4236	
4204	4173	4201	4173	
4192	4176	4205	4176	
4149	4154	4176	4154	
4142	4146	4130	4146	
4160	4143	4160	4143	
4176	4176	4167	4176	
4203	4177	4201	4177	
4207	4224	4224	4224	
4281	4277	4299	4277	
4365	4347	4368	4347	
4467	4432	4429	4432	
4575	4531	4546	4531	
4727	4686	4685	4686	
4828	4787	4782	4787	
5004	4988	4925	4988	
5209	5153	5119	5153	
5416	5316	5258	5316	
5618	5538	5466	5538	
5848	5735	5651	5735	
6033	5954	5844	5954	
6298	6179	6071	6179	
6475	6398	6215	6398	
6733	6628	6415	6628	
6922	6884	6699	6884	
7184	7141	6890	7141	
7518	7408	7177	7408	
7836	7757	7459	7757	
8183	8124	7820	8124	
8674	8630	8218	8630	
9070	8958	8542	8958	
8388	8314	7990	8314	
7994	7908	7587	7908	
7700	7568	7238	7568	
7368	7225	6945	7225	
7077	6972	6747	6972	
6768	6713	6566	6713	
6558	6475	6325	6475	
6338	6254	6055	6254	
6088	6028	5949	6028	
5875	5813	5653	5813	
5643	5599	5549	5599	
5464	5385	5361	5385	
5263	5194	5142	5194	
5082	5040	4979	5040	
4919	4888	4837	4888	
4764	4717	4702	4717	
4620	4601	4590	4601	
4517	4469	4477	4469	
4403	4398	4426	4398	
4322	4314	4323	4314	
4255	4234	4264	4234	
4232	4204	4193	4204	
4185	4174	4199	4174	
4161	4161	4183	4161	
4167	4140	4157	4140	
4142	4115	4159	4115	
4131	4141	4119	4141	
4158	4131	4142	4131	
4156	4160	4169	4160	
4222	4201	4209	4201	
4237	4257	4262	4257	
4347	4320	4319	4320	
4434	4396	4376	4396	
4531	4515	4512	4515	
4670	4645	4612	4645	
4828	4786	4755	4786	
4962	4937	4907	4937	
5136	5112	5106	5112	
5374	5293	5260	5293	
5573	5498	5385	5498	
5746	5701	5619	5701	
6010	5922	5819	5922	
6227	6148	6024	6148	
6516	6379	6179	6379	
6704	6602	6379	6602	
6965	6823	6653	6823	
7180	7091	6837	7091	
7497	7409	7138	7409	
7838	7752	7491	7752	
8175	8132	7790	8132	
8638	8554	8286	8554	
8928	8914	8520	8914	
8430	8286	7952	8286	
7944	7853	7516	7853	
7677	7557	7231	7557	
7295	7217	6913	7217	
7003	6970	6676	6970	
6793	6704	6445	6704	
6568	6470	6277	6470	
6289	6215	6072	6215	
6087	6004	5861	6004	
5827	5775	5642	5775	
5637	5575	5487	5575	
5417	5357	5296	5357	
5231	5172	5141	5172	
5070	5003	4948	5003	
4919	4859	4814	4859	
4749	4715	4691	4715	
4588	4566	4569	4566	
4472	4451	4452	4451	
4382	4369	4408	4369	
4321	4285	4302	4285	
4247	4223	4256	4223	
4187	4190	4198	4190	
4144	4151	4159	4151	
4150	4140	4140	4140	
4158	4116	4113	4116	
4117	4108	4119	4108	
4111	4116	4137	4116	
4146	4136	4144	4136	
4155	4160	4164	4160	
4197	4179	4193	4179	
4249	4235	4246	4235	
4311	4288	4299	4288	
4378	4389	4354	4389	
4511	4484	4474	4484	
4632	4607	4582	4607	
4816	4726	4697	4726	
4973	4923	4892	4923	
5127	5113	5035	5113	
5319	5259	5185	5259	
5556	5483	5388	5483	
5781	5669	5575	5669	
5961	5906	5774	5906	
6214	6134	6008	6134	
6458	6362	6174	6362	
6684	6590	6424	6590	
6886	6849	6677	6849	
7189	7058	6902	7058	
7488	7383	7131	7383	
7843	7720	7426	7720	
8248	8086	7859	8086	
8664	8512	8290	8512	
8884	8922	8496	8922	
8324	8230	7880	8230	
7981	7829	7544	7829	
7614	7493	7168	7493	
7301	7204	6926	7204	
7049	6926	6682	6926	
6742	6631	6460	6631	
6533	6425	6237	6425	
6267	6223	6055	6223	
6019	5980	5816	5980	
5843	5748	5640	5748	
5598	5546	5458	5546	
5403	5335	5259	5335	
5193	5165	5112	5165	
5084	4999	4967	4999	
4868	4797	4827	4797	
4731	4677	4651	4677	
4580	4537	4537	4537	
4459	4431	4427	4431	
4394	4352	4357	4352	
4309	4255	4268	4255	
4246	4212	4237	4212	
4155	4162	4165	4162	
4162	4133	4163	4133	
4127	4127	4120	4127	
4142	4104	4155	4104	
4110	4096	4114	4096	
4110	4112	4125	4112	
4131	4118	4126	4118	
4151	4127	4143	4127	
4180	4148	4200	4148	
4196	4198	4209	4198	
4266	4253	4241	4253	
4381	4347	4343	4347	
4471	4455	4458	4455	
4618	4591	4564	4591	
4767	4725	4682	4725	
4930	4875	4821	4875	
5107	5058	5020	5058	
5315	5239	5177	5239	
5539	5466	5346	5466	
5695	5656	5541	5656	
5965	5895	5755	5895	
6146	6112	5959	6112	
6374	6319	6156	6319	
6646	6550	6376	6550	
6887	6802	6551	6802	
7143	7045	6790	7045	
7436	7361	7105	7361	
7783	7698	7351	7698	
8158	8026	7784	8026	
8550	8482	8130	8482	
8780	8812	8320	8812	
8328	8228	7886	8228	
7952	7849	7454	7849	
7563	7499	7185	7499	
7285	7196	6961	7196	
6964	6904	6621	6904	
6725	6677	6467	6677	
6518	6428	6267	6428	
6274	6182	6030	6182	
6039	5964	5806	5964	
5860	5755	5619	5755	
5616	5517	5382	5517	
5398	5309	5264	5309	
5210	5140	5087	5140	
5024	4976	4950	4976	
4872	4818	4770	4818	
4711	4683	4638	4683	
4588	4548	4551	4548	
4440	4421	4455	4421	
4345	4353	4340	4353	
4272	4284	4267	4284	
4202	4211	4203	4211	
4188	4154	4167	4154	
4163	4138	4139	4138	
4136	4127	4132	4127	
4107	4104	4138	4104	
4122	4107	4096	4107	
4107	4118	4105	4118	
4114	4105	4119	4105	
4149	4129	4142	4129	
4171	4158	4156	4158	
4224	4203	4219	4203	
4250	4261	4260	4261	
4386	4349	4364	4349	
4471	4445	4435	4445	
4614	4581	4546	4581	
4756	4704	4678	4704	
4905	4867	4841	4867	
5128	5061	5006	5061	
5341	5248	5152	5248	
5480	5438	5353	5438	
5737	5656	5523	5656	
5918	5883	5731	5883	
6167	6096	5910	6096	
6377	6340	6162	6340	
6642	6583	6368	6583	
6906	6779	6581	6779	
7049	7048	6831	7048	
7400	7338	7089	7338	
7694	7666	7448	7666	
8143	8001	7792	8001	
8528	8454	8139	8454	
8864	8854	8466	8854	
8342	8252	7940	8252	
7949	7824	7476	7824	
7579	7516	7197	7516	
7315	7193	6955	7193	
7055	6962	6668	6962	
6770	6685	6477	6685	
6494	6407	6259	6407	
6301	6213	6029	6213	
6085	6002	5834	6002	
5806	5766	5648	5766	
5585	5536	5461	5536	
5387	5340	5248	5340	
5206	5167	5085	5167	
5044	4984	4968	4984	
4849	4813	4794	4813	
4721	4677	4652	4677	
4590	4542	4542	4542	
4467	4420	4438	4420	
4353	4331	4336	4331	
4296	4254	4256	4254	
4202	4202	4195	4202	
4178	4155	4175	4155	
4147	4145	4154	4145	
4101	4130	4136	4130	
4119	4102	4113	4102	
4110	4111	4112	4111	
4096	4113	4128	4113	
4132	4103	4112	4103	
4113	4126	4157	4126	
4180	4161	4147	4161	
4236	4204	4212	4204	
4292	4272	4268	4272	
4359	4344	4357	4344	
4484	4458	4453	4458	
4591	4574	4557	4574	
4785	4712	4668	4712	
4903	4888	4840	4888	
5120	5085	5036	5085	
5316	5256	5164	5256	
5531	5464	5394	5464	
5695	5663	5494	5663	
5956	5873	5768	5873	
6195	6072	5957	6072	
6438	6320	6112	6320	
6608	6536	6275	6536	
6844	6788	6607	6788	
7124	7085	6765	7085	
7482	7400	7093	7400	
7788	7664	7352	7664	
8071	8038	7706	8038	
8674	8474	8148	8474	
8862	8908	8332	8908	
8350	8238	7899	8238	
7942	7867	7478	7867	
7594	7549	7194	7549	
7257	7201	6890	7201	
6963	6925	6654	6925	
6788	6694	6448	6694	
6484	6458	6231	6458	
6274	6197	6050	6197	
6085	5967	5860	5967	
5834	5749	5635	5749	
5618	5538	5484	5538	
5389	5339	5269	5339	
5204	5155	5118	5155	
5046	5001	4982	5001	
4860	4843	4775	4843	
4708	4691	4651	4691	
4575	4538	4522	4538	
4436	4426	4399	4426	
4355	4342	4322	4342	
4291	4278	4290	4278	
4221	4200	4214	4200	
4195	4182	4167	4182	
4149	4131	4137	4131	
4116	4133	4122	4133	
4105	4119	4133	4119	
4108	4109	4116	4109	
4128	4111	4120	4111	
4129	4121	4119	4121	
4163	4138	4119	4138	
4199	4180	4172	4180	
4222	4226	4233	4226	
4300	4265	4263	4265	
4376	4365	4355	4365	
4471	4449	4454	4449	
4606	4580	4591	4580	
4756	4720	4692	4720	
4941	4875	4855	4875	
5108	5082	4972	5082	
5303	5252	5189	5252	
5531	5466	5393	5466	
5707	5679	5498	5679	
5945	5878	5769	5878	
6159	6089	5934	6089	
6412	6331	6141	6331	
6650	6546	6321	6546	
6921	6822	6551	6822	
7199	7056	6791	7056	
7447	7389	7035	7389	
7748	7686	7381	7686	
8114	8075	7702	8075	
8592	8524	8222	8524	
8948	8924	8524	8924	
8358	8254	7781	8254	
7917	7912	7500	7912	
7553	7541	7251	7541	
7271	7209	6982	7209	
6972	6948	6628	6948	
6756	6679	6460	6679	
6562	6442	6274	6442	
6283	6224	6064	6224	
6065	5987	5815	5987	
5834	5777	5638	5777	
5614	5561	5454	5561	
5420	5368	5268	5368	
5214	5165	5121	5165	
5062	4993	4951	4993	
4836	4835	4788	4835	
4728	4694	4661	4694	
4563	4558	4594	4558	
4480	4451	4430	4451	
4372	4373	4364	4373	
4286	4281	4296	4281	
4243	4231	4226	4231	
4210	4196	4186	4196	
4162	4167	4167	4167	
4134	4153	4113	4153	
4117	4109	4127	4109	
4151	4121	4133	4121	
4129	4131	4144	4131	
4162	4121	4163	4121	
4145	4128	4138	4128	
4173	4170	4198	4170	
4219	4238	4253	4238	
4317	4298	4257	4298	
4396	4364	4393	4364	
4496	4477	4463	4477	
4627	4612	4610	4612	
4782	4765	4770	4765	
4936	4899	4852	4899	
5137	5101	5040	5101	
5345	5275	5215	5275	
5520	5470	5397	5470	
5733	5677	5570	5677	
5975	5903	5734	5903	
6210	6108	5968	6108	
6453	6370	6156	6370	
6629	6567	6346	6567	
6945	6823	6555	6823	
7138	7078	6831	7078	
7426	7365	7006	7365	
7797	7720	7375	7720	
8107	8047	7708	8047	
8648	8550	8234	8550	
8896	8976	8530	8976	
8412	8334	7900	8334	
7964	7924	7532	7924	
7622	7567	7217	7567	
7308	7252	6917	7252	
7043	6976	6667	6976	
6777	6699	6433	6699	
6544	6453	6248	6453	
6313	6208	6052	6208	
6074	5998	5796	5998	
5897	5815	5679	5815	
5626	5606	5513	5606	
5439	5403	5292	5403	
5246	5225	5164	5225	
5079	5042	4972	5042	
4905	4882	4852	4882	
4760	4727	4675	4727	
4652	4587	4600	4587	
4534	4474	4454	4474	
4370	4378	4379	4378	
4320	4322	4275	4322	
4263	4254	4219	4254	
4233	4212	4206	4212	
4171	4175	4163	4175	
4156	4152	4168	4152	
4168	4145	4155	4145	
4144	4142	4148	4142	
4163	4131	4158	4131	
4139	4141	4141	4141	
4177	4168	4154	4168	
4211	4213	4183	4213	
4257	4262	4240	4262	
4317	4313	4331	4313	
4396	4397	4411	4397	
4523	4508	4450	4508	
4688	4639	4624	4639	
4826	4760	4728	4760	
4970	4951	4840	4951	
5178	5124	5064	5124	
5359	5299	5205	5299	
5559	5508	5408	5508	
5818	5710	5615	5710	
6015	5935	5798	5935	
6238	6167	5938	6167	
6422	6374	6193	6374	
6656	6588	6412	6588	
6956	6843	6595	6843	
7169	7122	6857	7122	
7478	7432	7164	7432	
7771	7736	7375	7736	
8258	8096	7749	8096	
8614	8584	8189	8584	
8996	9010	8526	9010	
8460	8310	7933	8310	
8064	7945	7574	7945	
7645	7617	7268	7617	
7393	7256	7053	7256	
7096	6976	6724	6976	
6865	6746	6474	6746	
6584	6477	6263	6477	
6393	6265	6103	6265	
6109	6073	5921	6073	
5914	5841	5681	5841	
5704	5635	5519	5635	
5467	5418	5342	5418	
5282	5263	5190	5263	
5114	5054	4990	5054	
4941	4901	4864	4901	
4797	4749	4710	4749	
4661	4637	4579	4637	
4565	4505	4468	4505	
4434	4424	4409	4424	
4368	4351	4321	4351	
4279	4276	4277	4276	
4251	4246	4226	4246	
4205	4204	4184	4204	
4206	4178	4189	4178	
4161	4150	4154	4150	
4154	4147	4154	4147	
4170	4167	4168	4167	
4168	4177	4162	4177	
4194	4196	4192	4196	
4243	4231	4233	4231	
4295	4285	4295	4285	
4341	4347	4305	4347	
4434	4419	4400	4419	
4592	4545	4499	4545	
4691	4666	4612	4666	
4864	4821	4764	4821	
5015	4978	4975	4978	
5204	5153	5102	5153	
5393	5336	5232	5336	
5635	5550	5447	5550	
5808	5745	5633	5745	
6058	5981	5809	5981	
6275	6192	5995	6192	
6511	6368	6193	6368	
6683	6632	6380	6632	
6960	6849	6672	6849	
7250	7152	6874	7152	
7580	7445	7182	7445	
7817	7720	7570	7720	
8240	8093	7772	8093	
8680	8622	8148	8622	
9114	9070	8564	9070	
8452	8378	8131	8378	
8150	7969	7596	7969	
7673	7603	7348	7603	
7418	7326	7002	7326	
7169	7047	6787	7047	
6832	6786	6527	6786	
6638	6566	6311	6566	
6371	6305	6134	6305	
6173	6106	5941	6106	
5950	5895	5762	5895	
5730	5658	5616	5658	
5517	5449	5365	5449	
5348	5266	5224	5266	
5177	5116	5074	5116	
4983	4952	4892	4952	
4815	4800	4761	4800	
4697	4680	4679	4680	
4568	4549	4498	4549	
4449	4453	4421	4453	
4393	4350	4306	4350	
4327	4311	4306	4311	
4256	4264	4280	4264	
4236	4228	4241	4228	
4207	4199	4200	4199	
4208	4186	4202	4186	
4177	4206	4193	4206	
4194	4179	4203	4179	
4186	4183	4196	4183	
4235	4235	4227	4235	
4263	4279	4267	4279	
4327	4318	4282	4318	
4404	4388	4354	4388	
4486	4467	4449	4467	
4622	4599	4549	4599	
4777	4720	4666	4720	
4855	4845	4777	4845	
5066	5023	4967	5023	
5265	5230	5145	5230	
5450	5387	5265	5387	
5608	5583	5451	5583	
5821	5798	5683	5798	
6041	6038	5863	6038	
6324	6249	6039	6249	
6511	6429	6236	6429	
6725	6683	6429	6683	
7008	6911	6670	6911	
7253	7189	6900	7189	
7567	7503	7168	7503	
7943	7832	7548	7832	
8348	8244	7913	8244	
8774	8690	8334	8690	
9016	9128	8682	9128	
8588	8492	8056	8492	
8099	8056	7684	8056	
7812	7710	7369	7710	
7392	7372	7072	7372	
7164	7105	6811	7105	
6924	6878	6609	6878	
6665	6579	6372	6579	
6475	6383	6144	6383	
6167	6140	5955	6140	
5985	5923	5776	5923	
5793	5725	5602	5725	
5572	5502	5423	5502	
5376	5328	5260	5328	
5207	5168	5125	5168	
5072	4987	4905	4987	
4872	4859	4821	4859	
4721	4718	4675	4718	
4618	4595	4558	4595	
4521	4512	4494	4512	
4423	4420	4401	4420	
4394	4381	4358	4381	
4315	4307	4283	4307	
4298	4268	4272	4268	
4242	4240	4279	4240	
4237	4227	4218	4227	
4225	4230	4237	4230	
4237	4217	4234	4217	
4271	4250	4254	4250	
4267	4262	4251	4262	
4337	4304	4278	4304	
4372	4370	4364	4370	
4453	4449	4424	4449	
4534	4521	4520	4521	
4652	4649	4608	4649	
4792	4767	4737	4767	
4946	4911	4871	4911	
5111	5084	4996	5084	
5316	5259	5204	5259	
5484	5460	5409	5460	
5686	5642	5476	5642	
5896	5850	5695	5850	
6046	6047	5894	6047	
6357	6251	6113	6251	
6596	6484	6284	6484	
6788	6711	6502	6711	
7081	6990	6681	6990	
7299	7242	7031	7242	
7552	7528	7237	7528	
7971	7884	7559	7884	
8356	8240	7906	8240	
8808	8688	8286	8688	
9166	9044	8704	9044	
8646	8528	8160	8528	
8171	8060	7824	8060	
7775	7748	7424	7748	
7495	7411	7087	7411	
7215	7145	6892	7145	
6968	6889	6597	6889	
6695	6643	6408	6643	
6524	6404	6248	6404	
6266	6208	6027	6208	
6022	5979	5841	5979	
5818	5759	5644	5759	
5610	5553	5466	5553	
5435	5386	5294	5386	
5246	5213	5122	5213	
5108	5069	5004	5069	
4937	4910	4840	4910	
4798	4780	4719	4780	
4673	4672	4602	4672	
4561	4550	4495	4550	
4457	4457	4441	4457	
4439	4411	4389	4411	
4357	4356	4339	4356	
4324	4325	4294	4325	
4290	4285	4261	4285	
4291	4264	4284	4264	
4267	4266	4259	4266	
4264	4258	4250	4258	
4300	4286	4265	4286	
4329	4331	4285	4331	
4380	4356	4339	4356	
4439	4405	4395	4405	
4518	4488	4499	4488	
4605	4580	4587	4580	
4694	4693	4642	4693	
4852	4806	4772	4806	
5006	4973	4928	4973	
5160	5144	5063	5144	
5379	5333	5272	5333	
5569	5506	5388	5506	
5741	5711	5551	5711	
5981	5898	5761	5898	
6158	6108	5950	6108	
6364	6323	6140	6323	
6594	6541	6344	6541	
6811	6757	6564	6757	
7103	7029	6795	7029	
7353	7317	7014	7317	
7715	7598	7325	7598	
8050	7935	7696	7935	
8464	8332	8048	8332	
8928	8824	8280	8824	
9228	9234	8796	9234	
8734	8552	8178	8552	
8153	8137	7815	8137	
8035	7806	7464	7806	
7564	7495	7182	7495	
7295	7212	6874	7212	
6970	6950	6670	6950	
6759	6694	6492	6694	
6551	6428	6239	6428	
6324	6252	6054	6252	
6125	6063	5877	6063	
5889	5851	5731	5851	
5698	5613	5560	5613	
5473	5445	5362	5445	
5316	5288	5162	5288	
5151	5105	5030	5105	
4986	4965	4882	4965	
4868	4852	4804	4852	
4727	4703	4711	4703	
4646	4613	4628	4613	
4529	4534	4493	4534	
4462	4454	4465	4454	
4408	4393	4367	4393	
4372	4373	4344	4373	
4355	4335	4323	4335	
4332	4319	4331	4319	
4328	4302	4311	4302	
4326	4322	4294	4322	
4333	4340	4318	4340	
4361	4350	4344	4350	
4434	4421	4435	4421	
4493	4464	4474	4464	
4578	4537	4498	4537	
4647	4656	4614	4656	
4799	4774	4748	4774	
4913	4924	4849	4924	
5108	5051	5007	5051	
5201	5216	5128	5216	
5427	5387	5303	5387	
5578	5545	5413	5545	
5797	5774	5624	5774	
5982	5956	5809	5956	
6233	6162	5961	6162	
6480	6367	6183	6367	
6709	6575	6371	6575	
6888	6861	6610	6861	
7156	7100	6822	7100	
7397	7363	7071	7363	
7783	7678	7276	7678	
8102	8025	7691	8025	
8562	8412	8017	8412	
8938	8876	8512	8876	
9352	9390	8760	9390	
8798	8668	8252	8668	
8336	8230	7812	8230	
8051	7886	7531	7886	
7624	7502	7130	7502	
7328	7282	7002	7282	
7025	6975	6759	6975	
6789	6733	6516	6733	
6594	6507	6284	6507	
6355	6332	6134	6332	
6124	6066	5946	6066	
5949	5885	5745	5885	
5760	5700	5555	5700	
5567	5521	5420	5521	
5406	5361	5266	5361	
5193	5180	5084	5180	
5062	5039	4986	5039	
4904	4908	4819	4908	
4777	4768	4724	4768	
4692	4694	4638	4694	
4598	4604	4515	4604	
4536	4515	4474	4515	
4475	4468	4417	4468	
4431	4434	4420	4434	
4401	4397	4384	4397	
4380	4363	4351	4363	
4376	4355	4356	4355	
4385	4395	4366	4395	
4394	4402	4351	4402	
4421	4416	4380	4416	
4494	4494	4439	4494	
4541	4549	4526	4549	
4629	4633	4562	4633	
4735	4724	4675	4724	
4857	4828	4796	4828	
4986	4988	4901	4988	
5131	5108	5039	5108	
5331	5292	5205	5292	
5506	5458	5328	5458	
5667	5625	5544	5625	
5894	5844	5676	5844	
6013	6017	5866	6017	
6291	6218	6019	6218	
6521	6445	6234	6445	
6707	6659	6459	6659	
6989	6905	6639	6905	
7172	7120	6881	7120	
7491	7415	7118	7415	
7841	7762	7439	7762	
8196	8074	7759	8074	
8652	8500	8107	8500	
9124	8954	8596	8954	
9542	9396	8864	9396	
8894	8768	8416	8768	
8384	8348	8017	8348	
8116	7976	7651	7976	
7711	7620	7277	7620	
7375	7342	7015	7342	
7126	7090	6713	7090	
6892	6835	6570	6835	
6662	6595	6320	6595	
6431	6369	6165	6369	
6230	6170	6005	6170	
6008	5953	5790	5953	
5851	5786	5622	5786	
5627	5604	5483	5604	
5476	5424	5306	5424	
5296	5243	5163	5243	
5145	5116	5022	5116	
5011	4975	4927	4975	
4893	4847	4788	4847	
4757	4760	4693	4760	
4657	4672	4649	4672	
4578	4602	4534	4602	
4531	4539	4497	4539	
4496	4490	4436	4490	
4460	4461	4460	4461	
4464	4449	4426	4449	
4457	4430	4364	4430	
4463	4453	4435	4453	
4488	4465	4438	4465	
4528	4512	4439	4512	
4580	4550	4513	4550	
4638	4646	4604	4646	
4730	4684	4645	4684	
4781	4801	4735	4801	
4958	4941	4862	4941	
5076	5053	4982	5053	
5251	5187	5103	5187	
5417	5367	5233	5367	
5581	5541	5416	5541	
5710	5726	5535	5726	
5931	5889	5738	5889	
6161	6074	5928	6074	
6357	6261	6066	6261	
6557	6498	6299	6498	
6832	6746	6457	6746	
7062	6931	6646	6931	
7278	7199	6949	7199	
7581	7490	7185	7490	
7867	7791	7466	7791	
8254	8166	7883	8166	
8722	8554	8212	8554	
9180	9124	8654	9124	
9622	9614	9094	9614	
9014	8838	8556	8838	
8582	8446	8014	8446	
8184	8089	7737	8089	
7707	7714	7369	7714	
7482	7425	7076	7425	
7209	7152	6835	7152	
6943	6917	6610	6917	
6726	6656	6453	6656	
6475	6432	6250	6432	
6284	6228	6094	6228	
6090	6059	5885	6059	
5884	5859	5695	5859	
5748	5688	5568	5688	
5528	5486	5373	5486	
5376	5346	5223	5346	
5240	5222	5119	5222	
5091	5081	4975	5081	
4959	4956	4885	4956	
4886	4859	4760	4859	
4766	4758	4714	4758	
4687	4684	4649	4684	
4641	4625	4599	4625	
4584	4577	4512	4577	
4555	4551	4517	4551	
4539	4534	4499	4534	
4547	4529	4487	4529	
4526	4521	4469	4521	
4566	4543	4554	4543	
4585	4588	4563	4588	
4674	4612	4583	4612	
4718	4721	4675	4721	
4812	4786	4776	4786	
4923	4899	4848	4899	
5007	4999	4931	4999	
5207	5148	5039	5148	
5320	5296	5194	5296	
5472	5435	5361	5435	
5627	5609	5503	5609	
5814	5786	5627	5786	
5989	5998	5803	5998	
6228	6152	5962	6152	
6443	6329	6163	6329	
6585	6572	6353	6572	
6846	6812	6536	6812	
7120	7016	6743	7016	
7390	7344	6986	7344	
7639	7550	7270	7550	
8010	7917	7621	7917	
8336	8318	7963	8318	
8834	8664	8370	8664	
9276	9186	8710	9186	
9772	9696	9190	9696	
9098	9000	8538	9000	
8578	8608	8124	8608	
8284	8182	7823	8182	
7940	7770	7412	7770	
7584	7478	7195	7478	
7307	7235	6939	7235	
7087	6968	6668	6968	
6825	6777	6528	6777	
6580	6540	6302	6540	
6349	6323	6113	6323	
6148	6134	5947	6134	
5986	5957	5784	5957	
5736	5772	5621	5772	
5650	5611	5488	5611	
5477	5464	5306	5464	
5313	5304	5167	5304	
5161	5177	5079	5177	
5018	5038	4968	5038	
4968	4958	4924	4958	
4865	4862	4810	4862	
4780	4773	4718	4773	
4722	4712	4673	4712	
4677	4678	4651	4678	
4657	4640	4606	4640	
4643	4612	4569	4612	
4604	4604	4572	4604	
4633	4619	4574	4619	
4660	4652	4631	4652	
4688	4667	4629	4667	
4792	4743	4695	4743	
4816	4794	4776	4794	
4944	4889	4845	4889	
5030	5008	4931	5008	
5131	5136	5060	5136	
5277	5235	5162	5235	
5448	5408	5292	5408	
5572	5557	5438	5557	
5793	5728	5583	5728	
5924	5883	5748	5883	
6143	6068	5870	6068	
6272	6261	6031	6261	
6497	6484	6228	6484	
6691	6660	6372	6660	
6914	6890	6662	6890	
7143	7100	6889	7100	
7407	7350	7064	7350	
7716	7707	7362	7707	
8081	8011	7708	8011	
8448	8380	8037	8380	
8948	8814	8478	8814	
9380	9314	8948	9314	
9740	9888	9260	9888	
9296	9142	8674	9142	
8818	8734	8296	8734	
8394	8292	7926	8292	
7970	7914	7616	7914	
7627	7600	7268	7600	
7358	7345	7012	7345	
7173	7063	6812	7063	
6933	6840	6572	6840	
6714	6652	6370	6652	
6464	6421	6135	6421	
6273	6218	6011	6218	
6083	6036	5846	6036	
5910	5873	5705	5873	
5747	5679	5558	5679	
5568	5553	5412	5553	
5426	5407	5276	5407	
5315	5281	5164	5281	
5162	5152	5050	5152	
5050	5058	4979	5058	
4983	4951	4840	4951	
4879	4879	4839	4879	
4830	4816	4758	4816	
4778	4774	4696	4774	
4726	4741	4695	4741	
4716	4707	4642	4707	
4735	4715	4669	4715	
4742	4732	4684	4732	
4773	4744	4718	4744	
4785	4774	4717	4774	
4867	4839	4768	4839	
4911	4932	4836	4932	
5050	4996	4927	4996	
5132	5094	5032	5094	
5255	5210	5127	5210	
5351	5343	5265	5343	
5512	5493	5379	5493	
5638	5605	5473	5605	
5823	5803	5692	5803	
6008	5944	5805	5944	
6192	6148	5989	6148	
6385	6358	6168	6358	
6599	6541	6275	6541	
6865	6717	6544	6717	
7047	6952	6704	6952	
7257	7180	6955	7180	
7555	7451	7117	7451	
7872	7762	7449	7762	
8161	8138	7772	8138	
8628	8482	8240	8482	
9124	8926	8552	8926	
9512	9434	9096	9434	
10084	9958	9396	9958	
9428	9266	8808	9266	
8860	8834	8368	8834	
8488	8436	8075	8436	
8154	8023	7723	8023	
7813	7729	7419	7729	
7478	7421	7082	7421	
7181	7151	6935	7151	
6982	6933	6645	6933	
6781	6698	6429	6698	
6583	6502	6270	6502	
6318	6310	6092	6310	
6203	6135	5952	6135	
6030	5969	5827	5969	
5815	5796	5598	5796	
5662	5668	5483	5668	
5516	5525	5367	5525	
5405	5368	5265	5368	
5288	5259	5197	5259	
5199	5149	5048	5149	
5116	5070	4960	5070	
5016	5001	4897	5001	
4951	4933	4859	4933	
4888	4863	4785	4863	
4872	4840	4778	4840	
4834	4829	4763	4829	
4824	4832	4760	4832	
4871	4841	4824	4841	
4896	4885	4783	4885	
4915	4907	4846	4907	
4988	4965	4916	4965	
5081	5034	4947	5034	
5118	5113	5044	5113	
5259	5210	5148	5210	
5329	5309	5246	5309	
5480	5462	5358	5462	
5616	5600	5484	5600	
5810	5777	5622	5777	
5935	5935	5741	5935	
6102	6075	5884	6075	
6349	6240	6044	6240	
6509	6425	6202	6425	
6696	6635	6388	6635	
6882	6844	6575	6844	
7106	7084	6822	7084	
7380	7316	6990	7316	
7731	7601	7278	7601	
8031	7902	7603	7902	
8382	8262	7888	8262	
8750	8642	8298	8642	
9254	9094	8642	9094	
9560	9568	9250	9568	
10064	10156	9446	10156	
9546	9384	8940	9384	
9122	8996	8614	8996	
8638	8592	8228	8592	
8330	8210	7828	8210	
7958	7812	7529	7812	
7579	7575	7175	7575	
7347	7302	7001	7302	
7080	7065	6788	7065	
6861	6832	6608	6832	
6713	6624	6359	6624	
6468	6430	6208	6430	
6242	6253	6072	6253	
6143	6083	5911	6083	
5953	5938	5736	5938	
5791	5792	5661	5792	
5670	5635	5486	5635	
5523	5530	5398	5530	
5398	5397	5286	5397	
5260	5278	5208	5278	
5215	5185	5075	5185	
5131	5118	5038	5118	
5069	5084	4996	5084	
5039	5006	4926	5006	
5009	4990	4931	4990	
4987	4948	4907	4948	
4977	4957	4901	4957	
5007	4985	4897	4985	
5034	4994	4941	4994	
5075	5044	4973	5044	
5138	5084	4979	5084	
5197	5151	5109	5151	
5272	5269	5174	5269	
5335	5351	5230	5351	
5472	5445	5378	5445	
5624	5604	5503	5604	
5744	5728	5602	5728	
5931	5884	5704	5884	
6063	6045	5898	6045	
6190	6200	6027	6200	
6419	6366	6193	6366	
6588	6545	6347	6545	
6807	6754	6546	6754	
7015	6948	6741	6948	
7253	7175	6880	7175	
7490	7436	7177	7436	
7801	7666	7468	7666	
8028	8016	7741	8016	
8424	8430	8050	8430	
8920	8774	8478	8774	
9326	9266	8946	9266	
9708	9666	9302	9666	
10216	10312	9686	10312	
9762	9600	9080	9600	
9258	9124	8752	9124	
8828	8760	8376	8760	
8408	8350	8034	8350	
7990	7994	7629	7994	
7793	7680	7396	7680	
7481	7422	7072	7422	
7195	7174	6886	7174	
6955	6971	6685	6971	
6762	6773	6455	6773	
6605	6559	6279	6559	
6462	6366	6174	6366	
6251	6216	6040	6216	
6073	6069	5896	6069	
5892	5897	5724	5897	
5794	5757	5599	5757	
5662	5640	5518	5640	
5532	5533	5448	5533	
5422	5437	5350	5437	
5351	5339	5230	5339	
5263	5276	5154	5276	
5234	5217	5094	5217	
5167	5162	5074	5162	
5153	5116	5072	5116	
5109	5070	5029	5070	
5094	5095	5018	5095	
5165	5112	5053	5112	
5170	5141	5044	5141	
5182	5185	5086	5185	
5269	5239	5155	5239	
5288	5297	5170	5297	
5426	5387	5327	5387	
5506	5482	5365	5482	
5591	5609	5439	5609	
5739	5735	5565	5735	
5897	5876	5703	5876	
6013	5990	5773	5990	
6227	6155	5983	6155	
6312	6349	6140	6349	
6496	6493	6284	6493	
6753	6691	6503	6691	
6963	6923	6578	6923	
7131	7096	6776	7096	
7388	7319	7075	7319	
7635	7572	7340	7572	
7938	7852	7531	7852	
8298	8202	7872	8202	
8648	8568	8300	8568	
9134	9032	8714	9032	
9472	9430	9066	9430	
9962	9884	9420	9884	
10444	10472	9836	10472	
9864	9772	9338	9772	
9438	9310	8848	9310	
9014	8910	8562	8910	
8522	8480	8173	8480	
8238	8172	7824	8172	
7917	7842	7444	7842	
7602	7532	7274	7532	
7273	7295	6980	7295	
7128	7074	6742	7074	
6923	6854	6608	6854	
6732	6657	6398	6657	
6492	6514	6292	6514	
6362	6354	6099	6354	
6208	6164	6004	6164	
6006	6010	5803	6010	
5890	5886	5732	5886	
5817	5770	5653	5770	
5675	5649	5553	5649	
5567	5578	5420	5578	
5467	5457	5314	5457	
5393	5411	5279	5411	
5371	5354	5235	5354	
5325	5311	5195	5311	
5296	5275	5169	5275	
5248	5256	5212	5256	
5279	5231	5143	5231	
5268	5273	5133	5273	
5277	5291	5223	5291	
5326	5327	5208	5327	
5404	5391	5269	5391	
5498	5447	5309	5447	
5545	5541	5437	5541	
5658	5625	5496	5625	
5736	5723	5602	5723	
5890	5864	5708	5864	
5995	5992	5854	5992	
6163	6141	5927	6141	
6380	6294	6109	6294	
6517	6445	6245	6445	
6594	6625	6379	6625	
6838	6833	6562	6833	
7054	7002	6703	7002	
7298	7234	6915	7234	
7535	7471	7169	7471	
7764	7715	7430	7715	
8104	8024	7726	8024	
8466	8402	8045	8402	
8758	8788	8466	8788	
9214	9140	8830	9140	
9722	9600	9198	9600	
10198	10060	9572	10060	
10676	10568	9866	10568	
10072	9924	9510	9924	
9518	9518	9108	9518	
9262	9108	8722	9108	
8734	8722	8212	8722	
8370	8334	7916	8334	
8069	8019	7607	8019	
7794	7715	7348	7715	
7518	7447	7125	7447	
7211	7211	6911	7211	
7030	7028	6652	7028	
6827	6789	6581	6789	
6685	6633	6384	6633	
6483	6451	6270	6451	
6329	6314	6061	6314	
6169	6162	5939	6162	
6041	6044	5863	6044	
5927	5919	5774	5919	
5856	5814	5635	5814	
5733	5707	5561	5707	
5662	5637	5457	5637	
5535	5569	5399	5569	
5510	5503	5369	5503	
5449	5439	5346	5439	
5438	5417	5334	5417	
5430	5398	5281	5398	
5392	5379	5276	5379	
5442	5415	5305	5415	
5463	5452	5303	5452	
5477	5477	5329	5477	
5549	5536	5418	5536	
5588	5600	5461	5600	
5674	5674	5554	5674	
5794	5758	5601	5758	
5934	5895	5761	5895	
6085	6015	5861	6015	
6182	6117	5995	6117	
6293	6239	6091	6239	
6446	6443	6206	6443	
6593	6564	6301	6564	
6747	6744	6483	6744	
6969	6936	6650	6936	
7200	7187	6896	7187	
7388	7338	7150	7338	
7649	7623	7268	7623	
7931	7872	7611	7872	
8294	8160	7867	8160	
8564	8560	8162	8560	
9040	8936	8524	8936	
9402	9340	8946	9340	
9840	9824	9364	9824	
10332	10230	9804	10230	
10734	10788	10152	10788	
10294	10108	9662	10108	
9874	9720	9286	9720	
9286	9344	8828	9344	
8964	8940	8496	8940	
8586	8492	8109	8492	
8288	8165	7801	8165	
7828	7831	7509	7831	
7622	7603	7261	7603	
7396	7356	6997	7356	
7172	7103	6803	7103	
6925	6908	6590	6908	
6812	6799	6469	6799	
6633	6593	6347	6593	
6492	6453	6222	6453	
6326	6314	6114	6314	
6230	6154	5964	6154	
6074	6053	5879	6053	
5962	5945	5766	5945	
5854	5861	5654	5861	
5836	5787	5608	5787	
5776	5694	5571	5694	
5658	5655	5471	5655	
5632	5621	5488	5621	
5585	5543	5446	5543	
5583	5544	5406	5544	
5519	5546	5405	5546	
5597	5561	5451	5561	
5582	5576	5440	5576	
5627	5624	5481	5624	
5707	5677	5568	5677	
5801	5772	5622	5772	
5858	5852	5658	5852	
5960	5959	5782	5959	
6047	6044	5868	6044	
6156	6112	5962	6112	
6324	6302	6117	6302	
6368	6403	6186	6403	
6560	6581	6363	6581	
6751	6726	6478	6726	
6956	6883	6675	6883	
7103	7077	6773	7077	
7299	7288	6950	7288	
7533	7475	7171	7475	
7803	7755	7435	7755	
8131	8057	7687	8057	
8476	8356	7965	8356	
8864	8750	8386	8750	
9248	9186	8730	9186	
9532	9550	9132	9550	
10012	10018	9592	10018	
10458	10518	9994	10518	
10968	10934	10378	10934	
10442	10286	9824	10286	
10106	9940	9408	9940	
9664	9552	9166	9552	
9210	9078	8676	9078	
8824	8746	8332	8746	
8454	8350	7990	8350	
8126	8065	7681	8065	
7799	7708	7425	7708	
7566	7501	7162	7501	
7336	7304	6985	7304	
7085	7097	6793	7097	
6935	6927	6655	6927	
6763	6766	6484	6766	
6657	6585	6301	6585	
6494	6461	6277	6461	
6348	6323	6071	6323	
6204	6221	5991	6221	
6166	6089	5908	6089	
6006	6035	5810	6035	
6001	5925	5795	5925	
5866	5846	5682	5846	
5810	5793	5622	5793	
5778	5771	5640	5771	
5764	5764	5612	5764	
5777	5720	5520	5720	
5766	5719	5532	5719	
5763	5739	5601	5739	
5796	5771	5622	5771	
5818	5798	5662	5798	
5864	5833	5682	5833	
5941	5921	5760	5921	
5974	6000	5785	6000	
6101	6062	5875	6062	
6237	6213	6056	6213	
6299	6342	6115	6342	
6414	6409	6193	6409	
6594	6563	6347	6563	
6762	6710	6467	6710	
6873	6867	6592	6867	
7078	7006	6742	7006	
7324	7254	6935	7254	
7477	7434	7111	7434	
7748	7676	7261	7676	
8031	7939	7646	7939	
8366	8286	7850	8286	
8776	8630	8256	8630	
9068	8982	8614	8982	
9530	9340	8930	9340	
9768	9726	9362	9726	
10292	10174	9732	10174	
10760	10666	10070	10666	
11134	11134	10532	11134	
10558	10442	10018	10442	
10228	10088	9666	10088	
9752	9808	9258	9808	
9402	9272	8866	9272	
9000	8908	8480	8908	
8604	8566	8134	8566	
8244	8250	7813	8250	
7933	7919	7569	7919	
7695	7662	7329	7662	
7482	7456	7076	7456	
7248	7241	6953	7241	
7126	7037	6790	7037	
6971	6902	6608	6902	
6736	6747	6415	6747	
6645	6591	6288	6591	
6492	6485	6218	6485	
6375	6391	6127	6391	
6276	6266	5968	6266	
6188	6184	5936	6184	
6089	6090	5944	6090	
6057	6023	5824	6023	
5986	5975	5768	5975	
5968	5922	5768	5922	
5978	5935	5748	5935	
5873	5878	5705	5878	
5885	5880	5662	5880	
5963	5918	5701	5918	
6004	5933	5755	5933	
6026	5965	5811	5965	
6020	6008	5835	6008	
6071	6075	5876	6075	
6162	6173	5962	6173	
6295	6254	6027	6254	
6430	6345	6123	6345	
6500	6498	6183	6498	
6627	6564	6318	6564	
6778	6740	6459	6740	
6887	6892	6552	6892	
7041	7025	6688	7025	
7228	7187	6909	7187	
7483	7378	7101	7378	
7666	7576	7272	7576	
8002	7893	7565	7893	
8174	8117	7816	8117	
8532	8458	8051	8458	
8846	8830	8474	8830	
9230	9222	8644	9222	
9642	9528	9124	9528	
10082	10040	9560	10040	
10506	10364	9892	10364	
10948	10674	10232	10674	
11206	11286	10664	11286	
10764	10664	10162	10664	
10432	10312	9800	10312	
10094	9980	9400	9980	
9672	9536	9144	9536	
9170	9134	8682	9134	
8940	8776	8412	8776	
8536	8480	8065	8480	
8202	8150	7771	8150	
7898	7885	7587	7885	
7656	7634	7328	7634	
7437	7402	7101	7402	
7232	7238	6930	7238	
7088	7055	6695	7055	
6957	6880	6619	6880	
6753	6761	6518	6761	
6633	6622	6339	6622	
6535	6545	6253	6545	
6430	6424	6168	6424	
6398	6314	6016	6314	
6304	6261	6036	6261	
6215	6196	5952	6196	
6131	6137	5972	6137	
6080	6110	5927	6110	
6078	6096	5871	6096	
6123	6092	5847	6092	
6097	6030	5829	6030	
6053	6062	5885	6062	
6136	6134	5874	6134	
6139	6123	5956	6123	
6193	6185	5972	6185	
6349	6277	6010	6277	
6288	6322	6128	6322	
6456	6391	6170	6391	
6511	6458	6244	6458	
6606	6635	6365	6635	
6772	6722	6451	6722	
6867	6879	6597	6879	
7067	7029	6727	7029	
7236	7192	6896	7192	
7416	7341	7071	7341	
7567	7514	7311	7514	
7844	7772	7469	7772	
8072	8087	7753	8087	
8388	8358	7977	8358	
8800	8738	8398	8738	
9114	9034	8602	9034	
9478	9362	8946	9362	
9854	9806	9382	9806	
10322	10190	9820	10190	
10686	10530	10108	10530	
11062	10994	10368	10994	
11278	11434	10666	11434	
10988	10810	10204	10810	
10694	10566	9998	10566	
10282	10156	9598	10156	
9780	9716	9190	9716	
9454	9422	8882	9422	
9058	9016	8678	9016	
8706	8616	8200	8616	
8308	8280	7918	8280	
8103	8055	7671	8055	
7770	7825	7419	7825	
7630	7579	7317	7579	
7368	7375	7060	7375	
7211	7188	6910	7188	
7055	7076	6746	7076	
6938	6889	6606	6889	
6770	6775	6473	6775	
6707	6677	6406	6677	
6563	6561	6301	6561	
6510	6486	6205	6486	
6424	6441	6133	6441	
6396	6368	6071	6368	
6326	6327	6091	6327	
6299	6265	6027	6265	
6235	6234	6052	6234	
6243	6227	5927	6227	
6266	6230	6000	6230	
6244	6214	5986	6214	
6260	6245	5988	6245	
6328	6261	6053	6261	
6364	6345	6066	6345	
6436	6413	6175	6413	
6511	6482	6234	6482	
6597	6527	6308	6527	
6680	6691	6387	6691	
6772	6765	6502	6765	
6904	6868	6580	6868	
7018	7023	6749	7023	
7169	7185	6917	7185	
7385	7377	7050	7377	
7572	7538	7164	7538	
7769	7760	7440	7760	
8098	8002	7595	8002	
8374	8272	7920	8272	
8566	8548	8216	8548	
8960	8892	8452	8892	
9356	9264	8808	9264	
9752	9650	9174	9650	
10082	10070	9462	10070	
10426	10360	9892	10360	
10786	10696	10282	10696	
11142	11090	10414	11090	
11640	11556	10898	11556	
11156	10930	10440	10930	
10724	10730	10024	10730	
10294	10322	9834	10322	
10084	9986	9504	9986	
9674	9676	9176	9676	
9284	9256	8820	9256	
8974	8864	8488	8864	
8652	8572	8071	8572	
8350	8288	7875	8288	
8021	8027	7633	8027	
7822	7796	7433	7796	
7536	7525	7208	7525	
7392	7375	7050	7375	
7239	7263	6929	7263	
7100	7100	6789	7100	
6941	6977	6662	6977	
6886	6865	6536	6865	
6783	6759	6430	6759	
6710	6670	6401	6670	
6618	6570	6312	6570	
6569	6533	6232	6533	
6484	6484	6233	6484	
6442	6442	6219	6442	
6410	6417	6110	6417	
6389	6392	6120	6392	
6400	6386	6124	6386	
6415	6408	6231	6408	
6484	6441	6136	6441	
6516	6465	6205	6465	
6557	6516	6273	6516	
6582	6586	6293	6586	
6683	6642	6377	6642	
6795	6744	6459	6744	
6800	6844	6522	6844	
6975	6965	6704	6965	
7119	7072	6756	7072	
7212	7222	6881	7222	
7447	7398	7011	7398	
7525	7543	7228	7543	
7760	7716	7366	7716	
8004	7924	7642	7924	
8254	8222	7829	8222	
8566	8524	8108	8524	
8818	8748	8378	8748	
9228	9158	8728	9158	
9570	9588	9066	9588	
9988	9878	9316	9878	
10412	10232	9718	10232	
10702	10560	10104	10560	
10924	10910	10254	10910	
11408	11246	10646	11246	
11628	11624	11004	11624	
11320	11144	10554	11144	
10890	10822	10360	10822	
10694	10570	9968	10570	
10266	10220	9684	10220	
9874	9816	9336	9816	
9572	9482	9024	9482	
9244	9126	8692	9126	
8872	8798	8448	8798	
8532	8466	8097	8466	
8294	8230	7807	8230	
8034	8002	7608	8002	
7752	7748	7395	7748	
7663	7570	7177	7570	
7474	7415	7045	7415	
7328	7246	6931	7246	
7141	7131	6806	7131	
7063	7036	6749	7036	
7004	6926	6617	6926	
6891	6822	6535	6822	
6819	6785	6443	6785	
6753	6701	6429	6701	
6696	6622	6410	6622	
6656	6643	6372	6643	
6596	6613	6333	6613	
6598	6541	6324	6541	
6634	6569	6322	6569	
6619	6628	6391	6628	
6634	6599	6338	6599	
6655	6614	6361	6614	
6769	6681	6404	6681	
6768	6735	6461	6735	
6835	6802	6459	6802	
6937	6887	6601	6887	
7056	6992	6721	6992	
7189	7153	6869	7153	
7266	7247	6994	7247	
7428	7403	7090	7403	
7576	7574	7288	7574	
7773	7670	7385	7670	
8008	7912	7588	7912	
8194	8189	7840	8189	
8578	8412	8101	8412	
8752	8710	8346	8710	
9118	9066	8718	9066	
9562	9396	8904	9396	
9744	9740	9362	9740	
10218	10094	9732	10094	
10510	10474	9976	10474	
10980	10810	10358	10810	
11130	11098	10534	11098	
11584	11398	10816	11398	
11972	11982	11004	11982	
11482	11440	10738	11440	
11212	11120	10572	11120	
10912	10854	10290	10854	
10572	10510	10106	10510	
10232	10122	9638	10122	
9950	9844	9352	9844	
9500	9446	9072	9446	
9226	9128	8660	9128	
8946	8800	8450	8800	
8564	8530	8136	8530	
8272	8244	7822	8244	
8083	8040	7673	8040	
7802	7868	7390	7868	
7700	7682	7340	7682	
7555	7504	7206	7504	
7342	7318	7019	7318	
7260	7243	6932	7243	
7121	7171	6847	7171	
7105	7035	6755	7035	
7008	6969	6685	6969	
6961	6920	6586	6920	
6886	6880	6522	6880	
6868	6809	6566	6809	
6844	6822	6509	6822	
6815	6821	6566	6821	
6818	6786	6518	6786	
6825	6821	6535	6821	
6825	6838	6482	6838	
6911	6844	6528	6844	
6856	6923	6679	6923	
7019	7020	6700	7020	
7079	7042	6710	7042	
7232	7150	6783	7150	
7273	7274	6822	7274	
7391	7352	7036	7352	
7494	7510	7120	7510	
7686	7639	7268	7639	
7837	7843	7439	7843	
8070	7988	7614	7988	
8268	8176	7835	8176	
8536	8490	8067	8490	
8728	8738	8356	8738	
9124	9048	8670	9048	
9410	9388	9100	9388	
9734	9744	9396	9744	
10108	10066	9650	10066	
10600	10442	9986	10442	
10848	10780	10378	10780	
11160	11018	10578	11018	
11478	11316	10710	11316	
11816	11640	10974	11640	
                                                                                                                                                                                                                                                                                                                                                                                                                                                                                                                                                                                                                                                                                                                                                                                                                                                                                                                                                                                                                                                                                                                                                                                                                                                                                                                                                                                                                                                                                                                                                                                                                                                                                                                                                                                                                                                                                                                                                                                                                                                                                                                                                                                                                                                                                                                                                                                                                                                                                                                                                                                                                                                                                                                                                                                                                                                                                                                                                                                                                                                                                                                                                                                                                                                                                                                                                                                                                                                                                                                                                                                                                                                                                                                                                                                                                                                                                                                                                                                                                                                                                                                                                                                                                                                                                                                                                                                                                                                                                                                                                                                                                                                                                                                                                                                                                                                                                                                                                                                                                                                                                                                                                                                                                                                                                                                                                                                                                                                                                                                                                                                                                                                                                                                                                                                                                                                                                                                                                                                                                                                                                                                                                                                                                                                                                                                                                                                                                                                                                                                                                                                                                                                                                                                                                                                                                                                                                                                                                                                                                                                                                                                                                                                                                                                                                                                                                                                                                                                                                                                                                                                                                                                                                                                                                                                                                                                                                                                                                                                                                                                                                                                                                                                                                                                                                                                                                                                                                                                                                                                                                                                                                                                                                                                                                                                                                                                                                                                                                                                                                                                                                                                                                                                                                                                                                                                                                                                                                                                                                                                                                                                                                                                                                                                                                                                                                                                                                                                                                                                                                                                                                                                                                                                                                                                                                                                                                                                                                                                                                                                                                                                                                                                                                                                                                                                                                                                               