  1.2500000e-001
  6.2500000e-001
  1.0625000e+000
  1.5625000e+000
  2.0000000e+000
  2.5000000e+000
  2.9375000e+000
  3.4375000e+000
  3.8750000e+000
  4.3125000e+000
  4.7500000e+000
  5.2500000e+000
  5.6875000e+000
  6.1250000e+000
  6.5000000e+000
  6.9375000e+000
  7.3750000e+000
  7.8125000e+000
  8.1875000e+000
  8.6250000e+000
  9.0000000e+000
  9.4375000e+000
  9.8125000e+000
  1.0187500e+001
  1.0625000e+001
  1.1000000e+001
  1.1375000e+001
  1.1750000e+001
  1.2125000e+001
  1.2500000e+001
  1.2812500e+001
  1.3187500e+001
  1.3562500e+001
  1.3875000e+001
  1.4250000e+001
  1.4562500e+001
  1.4937500e+001
  1.5250000e+001
  1.5562500e+001
  1.5875000e+001
  1.6187500e+001
  1.6500000e+001
  1.6812500e+001
  1.7125000e+001
  1.7437500e+001
  1.7750000e+001
  1.8062500e+001
  1.8312500e+001
  1.8625000e+001
  1.8875000e+001
  1.9187500e+001
  1.9437500e+001
  1.9687500e+001
  2.0000000e+001
  2.0250000e+001
  2.0500000e+001
  2.0750000e+001
  2.1000000e+001
  2.1250000e+001
  2.1437500e+001
  2.1687500e+001
  2.1937500e+001
  2.2125000e+001
  2.2375000e+001
  2.2562500e+001
  2.2812500e+001
  2.3000000e+001
  2.3187500e+001
  2.3375000e+001
  2.3562500e+001
  2.3812500e+001
  2.3937500e+001
  2.4125000e+001
  2.4312500e+001
  2.4500000e+001
  2.4687500e+001
  2.4812500e+001
  2.5000000e+001
  2.5125000e+001
  2.5312500e+001
  2.5437500e+001
  2.5562500e+001
  2.5750000e+001
  2.5875000e+001
  2.6000000e+001
  2.6125000e+001
  2.6250000e+001
  2.6375000e+001
  2.6437500e+001
  2.6562500e+001
  2.6687500e+001
  2.6750000e+001
  2.6875000e+001
  2.6937500e+001
  2.7062500e+001
  2.7125000e+001
  2.7187500e+001
  2.7312500e+001
  2.7375000e+001
  2.7437500e+001
  2.7500000e+001
  2.7562500e+001
  2.7562500e+001
  2.7625000e+001
  2.7687500e+001
  2.7687500e+001
  2.7750000e+001
  2.7812500e+001
  2.7812500e+001
  2.7812500e+001
  2.7875000e+001
  2.7875000e+001
  2.7875000e+001
  2.7875000e+001
  2.7875000e+001
  2.7875000e+001
  2.7875000e+001
  2.7875000e+001
  2.7875000e+001
  2.7875000e+001
  2.7875000e+001
  2.7875000e+001
  2.7875000e+001
  2.7875000e+001
  2.7875000e+001
  2.7875000e+001
  2.7875000e+001
  2.7875000e+001
  2.7875000e+001
  2.7875000e+001
  2.7875000e+001
  2.7875000e+001
  2.7875000e+001
  2.7875000e+001
  2.7875000e+001
  2.7875000e+001
  2.7875000e+001
  2.7875000e+001
  2.7875000e+001
  2.7875000e+001
  2.7875000e+001
  2.7875000e+001
  2.7875000e+001
  2.7875000e+001
  2.7875000e+001
  2.7875000e+001
  2.7875000e+001
  2.7875000e+001
  2.7875000e+001
  2.7875000e+001
  2.7875000e+001
  2.7875000e+001
  2.7875000e+001
  2.7875000e+001
  2.7875000e+001
  2.7875000e+001
  2.7875000e+001
  2.7875000e+001
  2.7875000e+001
  2.7875000e+001
  2.7875000e+001
  2.7875000e+001
  2.7875000e+001
  2.7875000e+001
  2.7875000e+001
  2.7875000e+001
  2.7875000e+001
  2.7875000e+001
  2.7875000e+001
  2.7875000e+001
  2.7875000e+001
  2.7875000e+001
  2.7875000e+001
  2.7875000e+001
  2.7875000e+001
  2.7875000e+001
  2.7875000e+001
  2.7875000e+001
  2.7875000e+001
  2.7875000e+001
  2.7875000e+001
  2.7875000e+001
  2.7875000e+001
  2.7875000e+001
  2.7875000e+001
  2.7875000e+001
  2.7875000e+001
  2.7875000e+001
  2.7875000e+001
  2.7875000e+001
  2.7875000e+001
  2.7875000e+001
  2.7875000e+001
  2.7875000e+001
  2.7875000e+001
  2.7875000e+001
  2.7875000e+001
  2.7875000e+001
  2.7875000e+001
  2.7875000e+001
  2.7875000e+001
  2.7875000e+001
  2.7875000e+001
  2.7875000e+001
  2.7875000e+001
  2.7875000e+001
  2.7875000e+001
  2.7875000e+001
  2.7875000e+001
  2.7875000e+001
  2.7875000e+001
  2.7875000e+001
  2.7875000e+001
  2.7875000e+001
  2.7875000e+001
  2.7875000e+001
  2.7875000e+001
  2.7875000e+001
  2.7875000e+001
  2.7875000e+001
  2.7875000e+001
  2.7875000e+001
  2.7875000e+001
  2.7875000e+001
  2.7875000e+001
  2.7875000e+001
  2.7875000e+001
  2.7875000e+001
  2.7875000e+001
  2.7875000e+001
  2.7875000e+001
  2.7875000e+001
  2.7875000e+001
  2.7875000e+001
  2.7875000e+001
  2.7875000e+001
  2.7875000e+001
  2.7875000e+001
  2.7875000e+001
  2.7875000e+001
  2.7875000e+001
  2.7875000e+001
  2.7875000e+001
  2.7875000e+001
  2.7875000e+001
  2.7875000e+001
  2.7875000e+001
  2.7875000e+001
  2.7875000e+001
  2.7875000e+001
  2.7875000e+001
  2.7875000e+001
  2.7875000e+001
  2.7875000e+001
  2.7875000e+001
  2.7875000e+001
