  3.0625000e+000
  3.9375000e+000
  4.8125000e+000
  5.6875000e+000
  6.5625000e+000
  7.4375000e+000
  8.3125000e+000
  9.1250000e+000
  1.0000000e+001
  1.0812500e+001
  1.1625000e+001
  1.2437500e+001
  1.3250000e+001
  1.4062500e+001
  1.4875000e+001
  1.5687500e+001
  1.6437500e+001
  1.7250000e+001
  1.8000000e+001
  1.8750000e+001
  1.9500000e+001
  2.0250000e+001
  2.1000000e+001
  2.1687500e+001
  2.2437500e+001
  2.3125000e+001
  2.3875000e+001
  2.4562500e+001
  2.5250000e+001
  2.5937500e+001
  2.6625000e+001
  2.7250000e+001
  2.7937500e+001
  2.8625000e+001
  2.9250000e+001
  2.9875000e+001
  3.0500000e+001
  3.1125000e+001
  3.1750000e+001
  3.2375000e+001
  3.3000000e+001
  3.3562500e+001
  3.4187500e+001
  3.4750000e+001
  3.5312500e+001
  3.5875000e+001
  3.6437500e+001
  3.7000000e+001
  3.7562500e+001
  3.8062500e+001
  3.8625000e+001
  3.9125000e+001
  3.9625000e+001
  4.0187500e+001
  4.0687500e+001
  4.1125000e+001
  4.1625000e+001
  4.2125000e+001
  4.2562500e+001
  4.3062500e+001
  4.3500000e+001
  4.3937500e+001
  4.4375000e+001
  4.4812500e+001
  4.5250000e+001
  4.5687500e+001
  4.6062500e+001
  4.6500000e+001
  4.6875000e+001
  4.7250000e+001
  4.7687500e+001
  4.8062500e+001
  4.8375000e+001
  4.8750000e+001
  4.9125000e+001
  4.9437500e+001
  4.9812500e+001
  5.0125000e+001
  5.0437500e+001
  5.0750000e+001
  5.1062500e+001
  5.1375000e+001
  5.1687500e+001
  5.1937500e+001
  5.2250000e+001
  5.2500000e+001
  5.2750000e+001
  5.3000000e+001
  5.3250000e+001
  5.3500000e+001
  5.3750000e+001
  5.3937500e+001
  5.4187500e+001
  5.4375000e+001
  5.4625000e+001
  5.4812500e+001
  5.5000000e+001
  5.5187500e+001
  5.5312500e+001
  5.5500000e+001
  5.5687500e+001
  5.5812500e+001
  5.5937500e+001
  5.6125000e+001
  5.6250000e+001
  5.6375000e+001
  5.6500000e+001
  5.6562500e+001
  5.6687500e+001
  5.6750000e+001
  5.6875000e+001
  5.6937500e+001
  5.7000000e+001
  5.7062500e+001
  5.7125000e+001
  5.7187500e+001
  5.7250000e+001
  5.7250000e+001
  5.7250000e+001
  5.7312500e+001
  5.7312500e+001
  5.7312500e+001
  5.7312500e+001
  5.7312500e+001
  5.7312500e+001
  5.7312500e+001
  5.7312500e+001
  5.7312500e+001
  5.7312500e+001
  5.7312500e+001
  5.7312500e+001
  5.7312500e+001
  5.7312500e+001
  5.7312500e+001
  5.7312500e+001
  5.7312500e+001
  5.7312500e+001
  5.7312500e+001
  5.7312500e+001
  5.7312500e+001
  5.7312500e+001
  5.7312500e+001
  5.7312500e+001
  5.7312500e+001
  5.7312500e+001
  5.7312500e+001
  5.7312500e+001
  5.7312500e+001
  5.7312500e+001
  5.7312500e+001
  5.7312500e+001
  5.7312500e+001
  5.7312500e+001
  5.7312500e+001
  5.7312500e+001
  5.7312500e+001
  5.7312500e+001
  5.7312500e+001
  5.7312500e+001
  5.7312500e+001
  5.7312500e+001
  5.7312500e+001
  5.7312500e+001
  5.7312500e+001
  5.7312500e+001
  5.7312500e+001
  5.7312500e+001
  5.7312500e+001
  5.7312500e+001
  5.7312500e+001
  5.7312500e+001
  5.7312500e+001
  5.7312500e+001
  5.7312500e+001
  5.7312500e+001
  5.7312500e+001
  5.7312500e+001
  5.7312500e+001
  5.7312500e+001
  5.7312500e+001
  5.7312500e+001
  5.7312500e+001
  5.7312500e+001
  5.7312500e+001
  5.7312500e+001
  5.7312500e+001
  5.7312500e+001
  5.7312500e+001
  5.7312500e+001
  5.7312500e+001
  5.7312500e+001
  5.7312500e+001
  5.7312500e+001
  5.7312500e+001
  5.7312500e+001
  5.7312500e+001
  5.7312500e+001
  5.7312500e+001
  5.7312500e+001
  5.7312500e+001
  5.7312500e+001
  5.7312500e+001
  5.7312500e+001
  5.7312500e+001
  5.7312500e+001
  5.7312500e+001
  5.7312500e+001
  5.7312500e+001
  5.7312500e+001
  5.7312500e+001
  5.7312500e+001
  5.7312500e+001
  5.7312500e+001
  5.7312500e+001
  5.7312500e+001
  5.7312500e+001
  5.7312500e+001
  5.7312500e+001
  5.7312500e+001
  5.7312500e+001
  5.7312500e+001
  5.7312500e+001
  5.7312500e+001
  5.7312500e+001
  5.7312500e+001
  5.7312500e+001
  5.7312500e+001
  5.7312500e+001
  5.7312500e+001
  5.7312500e+001
  5.7312500e+001
  5.7312500e+001
  5.7312500e+001
  5.7312500e+001
  5.7312500e+001
  5.7312500e+001
  5.7312500e+001
  5.7312500e+001
  5.7312500e+001
  5.7312500e+001
  5.7312500e+001
  5.7312500e+001
  5.7312500e+001
  5.7312500e+001
  5.7312500e+001
  5.7312500e+001
  5.7312500e+001
  5.7312500e+001
  5.7312500e+001
  5.7312500e+001
  5.7312500e+001
  5.7312500e+001
  5.7312500e+001
  5.7312500e+001
  5.7312500e+001
  5.7312500e+001
