  7.5625000e+000
  8.1875000e+000
  8.8125000e+000
  9.4375000e+000
  1.0062500e+001
  1.0687500e+001
  1.1312500e+001
  1.1937500e+001
  1.2562500e+001
  1.3187500e+001
  1.3812500e+001
  1.4437500e+001
  1.5000000e+001
  1.5625000e+001
  1.6250000e+001
  1.6812500e+001
  1.7437500e+001
  1.8000000e+001
  1.8562500e+001
  1.9187500e+001
  1.9750000e+001
  2.0312500e+001
  2.0875000e+001
  2.1500000e+001
  2.2062500e+001
  2.2625000e+001
  2.3187500e+001
  2.3750000e+001
  2.4312500e+001
  2.4812500e+001
  2.5375000e+001
  2.5937500e+001
  2.6500000e+001
  2.7000000e+001
  2.7562500e+001
  2.8062500e+001
  2.8625000e+001
  2.9125000e+001
  2.9687500e+001
  3.0187500e+001
  3.0687500e+001
  3.1187500e+001
  3.1687500e+001
  3.2250000e+001
  3.2750000e+001
  3.3250000e+001
  3.3750000e+001
  3.4250000e+001
  3.4687500e+001
  3.5187500e+001
  3.5687500e+001
  3.6187500e+001
  3.6625000e+001
  3.7125000e+001
  3.7562500e+001
  3.8062500e+001
  3.8500000e+001
  3.9000000e+001
  3.9437500e+001
  3.9875000e+001
  4.0375000e+001
  4.0812500e+001
  4.1250000e+001
  4.1687500e+001
  4.2125000e+001
  4.2562500e+001
  4.3000000e+001
  4.3437500e+001
  4.3875000e+001
  4.4312500e+001
  4.4687500e+001
  4.5125000e+001
  4.5562500e+001
  4.5937500e+001
  4.6375000e+001
  4.6750000e+001
  4.7187500e+001
  4.7562500e+001
  4.7937500e+001
  4.8375000e+001
  4.8750000e+001
  4.9125000e+001
  4.9500000e+001
  4.9875000e+001
  5.0250000e+001
  5.0625000e+001
  5.1000000e+001
  5.1375000e+001
  5.1750000e+001
  5.2062500e+001
  5.2437500e+001
  5.2812500e+001
  5.3125000e+001
  5.3500000e+001
  5.3875000e+001
  5.4187500e+001
  5.4500000e+001
  5.4875000e+001
  5.5187500e+001
  5.5500000e+001
  5.5812500e+001
  5.6187500e+001
  5.6500000e+001
  5.6812500e+001
  5.7125000e+001
  5.7437500e+001
  5.7750000e+001
  5.8000000e+001
  5.8312500e+001
  5.8625000e+001
  5.8937500e+001
  5.9187500e+001
  5.9500000e+001
  5.9750000e+001
  6.0062500e+001
  6.0312500e+001
  6.0625000e+001
  6.0875000e+001
  6.1125000e+001
  6.1437500e+001
  6.1687500e+001
  6.1937500e+001
  6.2187500e+001
  6.2437500e+001
  6.2687500e+001
  6.2937500e+001
  6.3187500e+001
  6.3375000e+001
  6.3625000e+001
  6.3875000e+001
  6.4125000e+001
  6.4312500e+001
  6.4562500e+001
  6.4750000e+001
  6.5000000e+001
  6.5187500e+001
  6.5437500e+001
  6.5625000e+001
  6.5812500e+001
  6.6000000e+001
  6.6187500e+001
  6.6437500e+001
  6.6625000e+001
  6.6812500e+001
  6.7000000e+001
  6.7125000e+001
  6.7312500e+001
  6.7500000e+001
  6.7687500e+001
  6.7875000e+001
  6.8000000e+001
  6.8187500e+001
  6.8312500e+001
  6.8500000e+001
  6.8625000e+001
  6.8812500e+001
  6.8937500e+001
  6.9062500e+001
  6.9187500e+001
  6.9375000e+001
  6.9500000e+001
  6.9625000e+001
  6.9750000e+001
  6.9875000e+001
  7.0000000e+001
  7.0125000e+001
  7.0187500e+001
  7.0312500e+001
  7.0437500e+001
  7.0562500e+001
  7.0625000e+001
  7.0750000e+001
  7.0812500e+001
  7.0937500e+001
  7.1000000e+001
  7.1125000e+001
  7.1187500e+001
  7.1250000e+001
  7.1312500e+001
  7.1375000e+001
  7.1500000e+001
  7.1562500e+001
  7.1625000e+001
  7.1687500e+001
  7.1687500e+001
  7.1750000e+001
  7.1812500e+001
  7.1875000e+001
  7.1937500e+001
  7.1937500e+001
  7.2000000e+001
  7.2000000e+001
  7.2062500e+001
  7.2062500e+001
  7.2125000e+001
  7.2125000e+001
  7.2125000e+001
  7.2187500e+001
  7.2187500e+001
  7.2187500e+001
  7.2187500e+001
  7.2187500e+001
  7.2187500e+001
  7.2187500e+001
  7.2187500e+001
  7.2187500e+001
  7.2187500e+001
  7.2187500e+001
  7.2187500e+001
  7.2187500e+001
  7.2187500e+001
  7.2187500e+001
  7.2187500e+001
  7.2187500e+001
  7.2187500e+001
  7.2187500e+001
  7.2187500e+001
  7.2187500e+001
  7.2187500e+001
  7.2187500e+001
  7.2187500e+001
  7.2187500e+001
  7.2187500e+001
  7.2187500e+001
  7.2187500e+001
  7.2187500e+001
  7.2187500e+001
  7.2187500e+001
  7.2187500e+001
  7.2187500e+001
  7.2187500e+001
  7.2187500e+001
  7.2187500e+001
  7.2187500e+001
  7.2187500e+001
  7.2187500e+001
  7.2187500e+001
  7.2187500e+001
  7.2187500e+001
  7.2187500e+001
  7.2187500e+001
  7.2187500e+001
  7.2187500e+001
  7.2187500e+001
  7.2187500e+001
  7.2187500e+001
  7.2187500e+001
  7.2187500e+001
  7.2187500e+001
  7.2187500e+001
  7.2187500e+001
  7.2187500e+001
  7.2187500e+001
  7.2187500e+001
  7.2187500e+001
  7.2187500e+001
