  2.1632875e+001
  2.1632875e+001
  2.1632875e+001
  2.1632875e+001
  2.1632875e+001
  2.1632875e+001
  2.1632875e+001
  2.1632875e+001
  2.1632875e+001
  2.1632875e+001
  2.1632875e+001
  2.2950059e+001
  2.4267243e+001
  2.5584427e+001
  2.6901612e+001
  2.8218796e+001
  2.9535980e+001
  3.0853164e+001
  3.2170349e+001
  3.3487533e+001
  3.4804717e+001
  3.6121901e+001
  3.7439085e+001
  3.8756270e+001
  4.0073454e+001
  4.1390638e+001
  4.2707822e+001
  4.4025007e+001
  4.5342191e+001
  4.6659375e+001
  4.7976559e+001
  4.8187896e+001
  4.7995908e+001
  4.7803920e+001
  4.7611932e+001
  4.7419944e+001
  4.7227955e+001
  4.7035967e+001
  4.6843979e+001
  4.6651991e+001
  4.6460003e+001
  4.6268015e+001
  4.6076027e+001
  4.5884039e+001
  4.5692051e+001
  4.5500063e+001
  4.5308075e+001
  4.5116087e+001
  4.4924099e+001
  4.4732111e+001
  4.4540123e+001
  4.4348135e+001
  4.4156147e+001
  4.3964159e+001
  4.3772171e+001
  4.3580183e+001
  4.3388195e+001
  4.3196207e+001
  4.3004218e+001
  4.2812230e+001
  4.2620242e+001
  4.2428254e+001
  4.2236266e+001
  4.2044278e+001
  4.1852290e+001
  4.1660302e+001
  4.1468314e+001
  4.1276326e+001
  4.1084338e+001
  4.0892350e+001
  4.0700362e+001
  4.0508374e+001
  4.0316386e+001
  4.0124398e+001
  3.9932410e+001
  3.9740422e+001
  3.9548434e+001
  3.9356446e+001
  3.9164458e+001
  3.8972469e+001
  3.8780481e+001
  3.8588493e+001
  3.8396505e+001
  3.8204517e+001
  3.8012529e+001
  3.7820541e+001
  3.7628553e+001
  3.7436565e+001
  3.7244577e+001
  3.7052589e+001
  3.6860601e+001
  3.6668613e+001
  3.6476625e+001
  3.6284637e+001
  3.6092649e+001
  3.5900661e+001
  3.5708673e+001
  3.5516685e+001
  3.5324697e+001
  3.5132709e+001
  3.4940721e+001
  3.4748732e+001
  3.4556744e+001
  3.4364756e+001
  3.4172768e+001
  3.3980780e+001
  3.3788792e+001
  3.3596804e+001
  3.3404816e+001
  3.3212828e+001
  3.3020840e+001
  3.2828852e+001
  3.2636864e+001
  3.2444876e+001
  3.2252888e+001
  3.2060900e+001
  3.1868912e+001
  3.1676924e+001
  3.1484936e+001
  3.1292948e+001
  3.1100960e+001
  3.0908972e+001
  3.0716984e+001
  3.0524995e+001
  3.0333007e+001
  3.0141019e+001
  2.9949031e+001
  2.9757043e+001
  2.9565055e+001
  2.9373067e+001
  2.9181079e+001
  2.8989091e+001
  2.8797103e+001
  2.8605115e+001
  2.8413127e+001
  2.8221139e+001
  2.8029151e+001
  2.7837163e+001
  2.7645175e+001
  2.7453187e+001
  2.7261199e+001
  2.7069211e+001
  2.6877223e+001
  2.6685235e+001
  2.6493246e+001
  2.6301258e+001
  2.6109270e+001
  2.5917282e+001
  2.5725294e+001
  2.5533306e+001
  2.5341318e+001
  2.5149330e+001
  2.4957342e+001
  2.4765354e+001
  2.4573366e+001
  2.4381378e+001
  2.4189390e+001
  2.3997402e+001
  2.3805414e+001
  2.3613426e+001
  2.3421438e+001
  2.3229450e+001
  2.3037462e+001
  2.2845474e+001
  2.2653486e+001
  2.2461498e+001
  2.2269509e+001
  2.2077521e+001
  2.1885533e+001
  2.1693545e+001
  2.1501557e+001
  2.1309569e+001
  2.1117581e+001
  2.0925593e+001
  2.0733605e+001
  2.0541617e+001
  2.0349629e+001
  2.0157641e+001
  1.9965653e+001
  1.9773665e+001
  1.9581677e+001
  1.9389689e+001
  1.9197701e+001
  1.9005713e+001
  1.8813725e+001
  1.8621737e+001
  1.8429749e+001
  1.8237760e+001
  1.8045772e+001
  1.7853784e+001
  1.7661796e+001
  1.7469808e+001
  1.7277820e+001
  1.7085832e+001
  1.6893844e+001
  1.6701856e+001
  1.6509868e+001
  1.6317880e+001
  1.6125892e+001
  1.5933904e+001
  1.5741916e+001
  1.5549928e+001
  1.5357940e+001
  1.5165952e+001
  1.4973964e+001
  1.4781976e+001
  1.4589988e+001
  1.4398000e+001
  1.4206012e+001
  1.4014023e+001
  1.3822035e+001
  1.3630047e+001
  1.3438059e+001
  1.3246071e+001
  1.3054083e+001
  1.2862095e+001
  1.2670107e+001
  1.2478119e+001
  1.2286131e+001
  1.2094143e+001
  1.2082144e+001
  1.2082144e+001
  1.2082144e+001
  1.2082144e+001
  1.2082144e+001
  1.2082144e+001
  1.2082144e+001
  1.2082144e+001
  1.2082144e+001
  1.2082144e+001
  1.2082144e+001
  1.2082144e+001
  1.2082144e+001
  1.2082144e+001
  1.2082144e+001
  1.2082144e+001
  1.2082144e+001
  1.2082144e+001
  1.2082144e+001
  1.2082144e+001
  1.2082144e+001
  1.2082144e+001
  1.2082144e+001
  1.2082144e+001
  1.2082144e+001
  1.2082144e+001
  1.2082144e+001
  1.2082144e+001
  1.2082144e+001
  1.2082144e+001
  1.2082144e+001
  1.2082144e+001
  1.2082144e+001
  1.2082144e+001
  1.2082144e+001
  1.2082144e+001
