  2.3338910e+001
  2.3338910e+001
  2.3338910e+001
  2.3338910e+001
  2.3338910e+001
  2.3338910e+001
  2.3338910e+001
  2.3338910e+001
  2.3338910e+001
  2.3338910e+001
  2.3338910e+001
  2.3779618e+001
  2.4220325e+001
  2.4661032e+001
  2.5101740e+001
  2.5542447e+001
  2.5983154e+001
  2.6423862e+001
  2.6864569e+001
  2.7305276e+001
  2.7745984e+001
  2.8186691e+001
  2.8627398e+001
  2.9068106e+001
  2.9508813e+001
  2.9949520e+001
  3.0390228e+001
  3.0830935e+001
  3.1271642e+001
  3.1712350e+001
  3.2153057e+001
  3.2593764e+001
  3.3034472e+001
  3.3475179e+001
  3.3915886e+001
  3.4356594e+001
  3.4797301e+001
  3.5238008e+001
  3.5678716e+001
  3.6119423e+001
  3.6560130e+001
  3.7000838e+001
  3.7441545e+001
  3.7882252e+001
  3.8322960e+001
  3.8763667e+001
  3.9204374e+001
  3.9645082e+001
  4.0085789e+001
  4.0526497e+001
  4.0967204e+001
  4.1407911e+001
  4.1848619e+001
  4.2289326e+001
  4.2730033e+001
  4.3170741e+001
  4.3611448e+001
  4.4052155e+001
  4.4492863e+001
  4.4933570e+001
  4.5374277e+001
  4.5814985e+001
  4.6255692e+001
  4.6696399e+001
  4.7137107e+001
  4.7577814e+001
  4.8018521e+001
  4.8459229e+001
  4.8899936e+001
  4.9340643e+001
  4.9781351e+001
  5.0222058e+001
  5.0662765e+001
  5.1103473e+001
  5.1544180e+001
  5.1984887e+001
  5.2425595e+001
  5.2866302e+001
  5.3307009e+001
  5.3747717e+001
  5.4188424e+001
  5.4629131e+001
  5.5069839e+001
  5.5510546e+001
  5.5951253e+001
  5.6391961e+001
  5.6832668e+001
  5.7273375e+001
  5.7714083e+001
  5.8154790e+001
  5.8595497e+001
  5.9036205e+001
  5.9476912e+001
  5.9917619e+001
  6.0358327e+001
  6.0799034e+001
  6.1239741e+001
  6.1680449e+001
  6.2121156e+001
  6.2561864e+001
  6.3002571e+001
  6.3443278e+001
  6.3883986e+001
  6.4324693e+001
  6.4765400e+001
  6.5206108e+001
  6.5646815e+001
  6.6087522e+001
  6.6528230e+001
  6.6968937e+001
  6.7409644e+001
  6.7850352e+001
  6.8291059e+001
  6.8731766e+001
  6.9172474e+001
  6.9613181e+001
  7.0053888e+001
  7.0494596e+001
  7.0935303e+001
  7.1376010e+001
  7.1816718e+001
  7.2257425e+001
  7.2698132e+001
  7.3138840e+001
  7.3579547e+001
  7.4020254e+001
  7.4460962e+001
  7.4901669e+001
  7.5342376e+001
  7.5783084e+001
  7.6223791e+001
  7.6438236e+001
  7.6024228e+001
  7.5610219e+001
  7.5196211e+001
  7.4782202e+001
  7.4368194e+001
  7.3954185e+001
  7.3540176e+001
  7.3126168e+001
  7.2712159e+001
  7.2298151e+001
  7.1884142e+001
  7.1470133e+001
  7.1056125e+001
  7.0642116e+001
  7.0228108e+001
  6.9814099e+001
  6.9400090e+001
  6.8986082e+001
  6.8572073e+001
  6.8158065e+001
  6.7744056e+001
  6.7330048e+001
  6.6916039e+001
  6.6502030e+001
  6.6088022e+001
  6.5674013e+001
  6.5260005e+001
  6.4845996e+001
  6.4431987e+001
  6.4017979e+001
  6.3603970e+001
  6.3189962e+001
  6.2775953e+001
  6.2361945e+001
  6.1947936e+001
  6.1533927e+001
  6.1119919e+001
  6.0705910e+001
  6.0291902e+001
  5.9877893e+001
  5.9463884e+001
  5.9049876e+001
  5.8635867e+001
  5.8221859e+001
  5.7807850e+001
  5.7393842e+001
  5.6979833e+001
  5.6565824e+001
  5.6151816e+001
  5.5737807e+001
  5.5323799e+001
  5.4909790e+001
  5.4495781e+001
  5.4081773e+001
  5.3667764e+001
  5.3253756e+001
  5.2839747e+001
  5.2425738e+001
  5.2011730e+001
  5.1597721e+001
  5.1183713e+001
  5.0769704e+001
  5.0355696e+001
  4.9941687e+001
  4.9527678e+001
  4.9113670e+001
  4.8699661e+001
  4.8285653e+001
  4.7871644e+001
  4.7457635e+001
  4.7043627e+001
  4.6629618e+001
  4.6215610e+001
  4.5801601e+001
  4.5387593e+001
  4.4973584e+001
  4.4559575e+001
  4.4145567e+001
  4.3731558e+001
  4.3317550e+001
  4.2903541e+001
  4.2489532e+001
  4.2075524e+001
  4.1661515e+001
  4.1247507e+001
  4.0833498e+001
  4.0419489e+001
  4.0005481e+001
  3.9591472e+001
  3.9177464e+001
  3.8763455e+001
  3.8349447e+001
  3.7935438e+001
  3.7521429e+001
  3.7107421e+001
  3.6693412e+001
  3.6279404e+001
  3.5865395e+001
  3.5451386e+001
  3.5037378e+001
  3.4623369e+001
  3.4209361e+001
  3.3795352e+001
  3.3381344e+001
  3.2967335e+001
  3.2553326e+001
  3.2139318e+001
  3.1725309e+001
  3.1311301e+001
  3.0897292e+001
  3.0483283e+001
  3.0069275e+001
  2.9655266e+001
  2.9241258e+001
  2.8827249e+001
  2.8413240e+001
  2.7999232e+001
  2.7585223e+001
  2.7171215e+001
  2.6757206e+001
  2.6343198e+001
  2.5929189e+001
  2.5515180e+001
  2.5101172e+001
