  3.9480715e+001
  3.9480715e+001
  3.9480715e+001
  3.9480715e+001
  3.9480715e+001
  3.9480715e+001
  3.9480715e+001
  3.9480715e+001
  3.9480715e+001
  3.9480715e+001
  3.9480715e+001
  4.0649770e+001
  4.1818825e+001
  4.2987880e+001
  4.4156935e+001
  4.5325990e+001
  4.6495046e+001
  4.7664101e+001
  4.8833156e+001
  5.0002211e+001
  5.1171266e+001
  5.2340321e+001
  5.3509377e+001
  5.4678432e+001
  5.5847487e+001
  5.7016542e+001
  5.8185597e+001
  5.9354652e+001
  6.0523708e+001
  6.1692763e+001
  6.2861818e+001
  6.4030873e+001
  6.5199928e+001
  6.6368983e+001
  6.7538038e+001
  6.8707094e+001
  6.9876149e+001
  7.1045204e+001
  7.2214259e+001
  7.3383314e+001
  7.4552369e+001
  7.5721425e+001
  7.6890480e+001
  7.8059535e+001
  7.9228590e+001
  7.9061025e+001
  7.8780227e+001
  7.8499429e+001
  7.8218632e+001
  7.7937834e+001
  7.7657036e+001
  7.7376239e+001
  7.7095441e+001
  7.6814643e+001
  7.6533846e+001
  7.6253048e+001
  7.5972251e+001
  7.5691453e+001
  7.5410655e+001
  7.5129858e+001
  7.4849060e+001
  7.4568262e+001
  7.4287465e+001
  7.4006667e+001
  7.3725869e+001
  7.3445072e+001
  7.3164274e+001
  7.2883476e+001
  7.2602679e+001
  7.2321881e+001
  7.2041083e+001
  7.1760286e+001
  7.1479488e+001
  7.1198690e+001
  7.0917893e+001
  7.0637095e+001
  7.0356298e+001
  7.0075500e+001
  6.9794702e+001
  6.9513905e+001
  6.9233107e+001
  6.8952309e+001
  6.8671512e+001
  6.8390714e+001
  6.8109916e+001
  6.7829119e+001
  6.7548321e+001
  6.7267523e+001
  6.6986726e+001
  6.6705928e+001
  6.6425130e+001
  6.6144333e+001
  6.5863535e+001
  6.5582737e+001
  6.5301940e+001
  6.5021142e+001
  6.4740345e+001
  6.4459547e+001
  6.4178749e+001
  6.3897952e+001
  6.3617154e+001
  6.3336356e+001
  6.3055559e+001
  6.2774761e+001
  6.2493963e+001
  6.2213166e+001
  6.1932368e+001
  6.1651570e+001
  6.1370773e+001
  6.1089975e+001
  6.0809177e+001
  6.0528380e+001
  6.0247582e+001
  5.9966784e+001
  5.9685987e+001
  5.9405189e+001
  5.9124392e+001
  5.8843594e+001
  5.8562796e+001
  5.8281999e+001
  5.8001201e+001
  5.7720403e+001
  5.7439606e+001
  5.7158808e+001
  5.6878010e+001
  5.6597213e+001
  5.6316415e+001
  5.6035617e+001
  5.5754820e+001
  5.5474022e+001
  5.5193224e+001
  5.4912427e+001
  5.4631629e+001
  5.4350832e+001
  5.4070034e+001
  5.3789236e+001
  5.3508439e+001
  5.3227641e+001
  5.2946843e+001
  5.2666046e+001
  5.2385248e+001
  5.2104450e+001
  5.1823653e+001
  5.1542855e+001
  5.1262057e+001
  5.0981260e+001
  5.0700462e+001
  5.0419664e+001
  5.0138867e+001
  4.9858069e+001
  4.9577271e+001
  4.9296474e+001
  4.9015676e+001
  4.8734879e+001
  4.8454081e+001
  4.8173283e+001
  4.7892486e+001
  4.7611688e+001
  4.7330890e+001
  4.7050093e+001
  4.6769295e+001
  4.6488497e+001
  4.6207700e+001
  4.5926902e+001
  4.5646104e+001
  4.5365307e+001
  4.5084509e+001
  4.4803711e+001
  4.4522914e+001
  4.4242116e+001
  4.3961318e+001
  4.3680521e+001
  4.3399723e+001
  4.3118926e+001
  4.2838128e+001
  4.2557330e+001
  4.2276533e+001
  4.1995735e+001
  4.1714937e+001
  4.1434140e+001
  4.1153342e+001
  4.0872544e+001
  4.0591747e+001
  4.0310949e+001
  4.0030151e+001
  3.9749354e+001
  3.9468556e+001
  3.9187758e+001
  3.8906961e+001
  3.8626163e+001
  3.8345365e+001
  3.8064568e+001
  3.7783770e+001
  3.7502973e+001
  3.7222175e+001
  3.6941377e+001
  3.6660580e+001
  3.6379782e+001
  3.6098984e+001
  3.5818187e+001
  3.5537389e+001
  3.5256591e+001
  3.4975794e+001
  3.4694996e+001
  3.4414198e+001
  3.4133401e+001
  3.3852603e+001
  3.3571805e+001
  3.3291008e+001
  3.3010210e+001
  3.2729413e+001
  3.2448615e+001
  3.2167817e+001
  3.1887020e+001
  3.1606222e+001
  3.1325424e+001
  3.1044627e+001
  3.0763829e+001
  3.0483031e+001
  3.0202234e+001
  2.9921436e+001
  2.9640638e+001
  2.9359841e+001
  2.9079043e+001
  2.8798245e+001
  2.8517448e+001
  2.8236650e+001
  2.7955852e+001
  2.7675055e+001
  2.7394257e+001
  2.7113460e+001
  2.6832662e+001
  2.6551864e+001
  2.6271067e+001
  2.5990269e+001
  2.5709471e+001
  2.5428674e+001
  2.5147876e+001
  2.4867078e+001
  2.4586281e+001
  2.4305483e+001
  2.4024685e+001
  2.3743888e+001
  2.3463090e+001
  2.3182292e+001
  2.2901495e+001
  2.2620697e+001
  2.2339899e+001
  2.2059102e+001
  2.1778304e+001
  2.1497507e+001
  2.1216709e+001
  2.0935911e+001
  2.0655114e+001
  2.0374316e+001
  2.0093518e+001
