  7.0611831e+001
  7.0611831e+001
  7.0611831e+001
  7.0611831e+001
  7.0611831e+001
  7.0611831e+001
  7.0611831e+001
  7.0611831e+001
  7.0611831e+001
  7.0611831e+001
  7.0611831e+001
  7.2697156e+001
  7.4782482e+001
  7.6867807e+001
  7.8953132e+001
  8.1038457e+001
  8.3123782e+001
  8.5209108e+001
  8.7294433e+001
  8.9379758e+001
  9.1465083e+001
  9.3550409e+001
  9.5635734e+001
  9.7721059e+001
  9.9806384e+001
  1.0189171e+002
  1.0397703e+002
  1.0606236e+002
  1.0814769e+002
  1.1023301e+002
  1.1231834e+002
  1.1440366e+002
  1.1648899e+002
  1.1857431e+002
  1.2065964e+002
  1.2274496e+002
  1.2483029e+002
  1.2691561e+002
  1.2900094e+002
  1.3108626e+002
  1.3317159e+002
  1.3525691e+002
  1.3734224e+002
  1.3942756e+002
  1.4151289e+002
  1.4359821e+002
  1.4568354e+002
  1.4776886e+002
  1.4985419e+002
  1.5193951e+002
  1.5402484e+002
  1.5611016e+002
  1.5819549e+002
  1.6028082e+002
  1.6236614e+002
  1.6360347e+002
  1.6299305e+002
  1.6238264e+002
  1.6177223e+002
  1.6116181e+002
  1.6055140e+002
  1.5994099e+002
  1.5933058e+002
  1.5872016e+002
  1.5810975e+002
  1.5749934e+002
  1.5688893e+002
  1.5627851e+002
  1.5566810e+002
  1.5505769e+002
  1.5444728e+002
  1.5383686e+002
  1.5322645e+002
  1.5261604e+002
  1.5200562e+002
  1.5139521e+002
  1.5078480e+002
  1.5017439e+002
  1.4956397e+002
  1.4895356e+002
  1.4834315e+002
  1.4773274e+002
  1.4712232e+002
  1.4651191e+002
  1.4590150e+002
  1.4529109e+002
  1.4468067e+002
  1.4407026e+002
  1.4345985e+002
  1.4284944e+002
  1.4223902e+002
  1.4162861e+002
  1.4101820e+002
  1.4040778e+002
  1.3979737e+002
  1.3918696e+002
  1.3857655e+002
  1.3796613e+002
  1.3735572e+002
  1.3674531e+002
  1.3613490e+002
  1.3552448e+002
  1.3491407e+002
  1.3430366e+002
  1.3369325e+002
  1.3308283e+002
  1.3247242e+002
  1.3186201e+002
  1.3125159e+002
  1.3064118e+002
  1.3003077e+002
  1.2942036e+002
  1.2880994e+002
  1.2819953e+002
  1.2758912e+002
  1.2697871e+002
  1.2636829e+002
  1.2575788e+002
  1.2514747e+002
  1.2453706e+002
  1.2392664e+002
  1.2331623e+002
  1.2270582e+002
  1.2209540e+002
  1.2148499e+002
  1.2087458e+002
  1.2026417e+002
  1.1965375e+002
  1.1904334e+002
  1.1843293e+002
  1.1782252e+002
  1.1721210e+002
  1.1660169e+002
  1.1599128e+002
  1.1538087e+002
  1.1477045e+002
  1.1416004e+002
  1.1354963e+002
  1.1293922e+002
  1.1232880e+002
  1.1171839e+002
  1.1110798e+002
  1.1049756e+002
  1.0988715e+002
  1.0927674e+002
  1.0866633e+002
  1.0805591e+002
  1.0744550e+002
  1.0683509e+002
  1.0622468e+002
  1.0561426e+002
  1.0500385e+002
  1.0439344e+002
  1.0378303e+002
  1.0317261e+002
  1.0256220e+002
  1.0195179e+002
  1.0134137e+002
  1.0073096e+002
  1.0012055e+002
  9.9510137e+001
  9.8899724e+001
  9.8289311e+001
  9.7678899e+001
  9.7068486e+001
  9.6458073e+001
  9.5847661e+001
  9.5237248e+001
  9.4626835e+001
  9.4016423e+001
  9.3406010e+001
  9.2795597e+001
  9.2185185e+001
  9.1574772e+001
  9.0964359e+001
  9.0353947e+001
  8.9743534e+001
  8.9133121e+001
  8.8522709e+001
  8.7912296e+001
  8.7301884e+001
  8.6691471e+001
  8.6081058e+001
  8.5470646e+001
  8.4860233e+001
  8.4249820e+001
  8.3639408e+001
  8.3028995e+001
  8.2418582e+001
  8.1808170e+001
  8.1197757e+001
  8.0587344e+001
  7.9976932e+001
  7.9366519e+001
  7.8756106e+001
  7.8145694e+001
  7.7535281e+001
  7.6924868e+001
  7.6314456e+001
  7.5704043e+001
  7.5093630e+001
  7.4483218e+001
  7.3872805e+001
  7.3262392e+001
  7.2651980e+001
  7.2041567e+001
  7.1431154e+001
  7.0820742e+001
  7.0210329e+001
  6.9599917e+001
  6.8989504e+001
  6.8379091e+001
  6.7768679e+001
  6.7158266e+001
  6.6547853e+001
  6.5937441e+001
  6.5327028e+001
  6.4716615e+001
  6.4106203e+001
  6.3495790e+001
  6.2885377e+001
  6.2274965e+001
  6.1664552e+001
  6.1054139e+001
  6.0443727e+001
  5.9833314e+001
  5.9222901e+001
  5.8612489e+001
  5.8002076e+001
  5.7391663e+001
  5.6781251e+001
  5.6170838e+001
  5.5560425e+001
  5.4950013e+001
  5.4339600e+001
  5.3729187e+001
  5.3118775e+001
  5.2508362e+001
  5.1897950e+001
  5.1287537e+001
  5.0677124e+001
  5.0066712e+001
  4.9456299e+001
  4.8845886e+001
  4.8235474e+001
  4.7625061e+001
  4.7014648e+001
  4.6404236e+001
  4.5793823e+001
  4.5183410e+001
  4.4572998e+001
  4.3962585e+001
  4.3352172e+001
  4.2741760e+001
  4.2131347e+001
  4.1520934e+001
