  1.6497215e+002
  1.6497215e+002
  1.6497215e+002
  1.6497215e+002
  1.6497215e+002
  1.6497215e+002
  1.6497215e+002
  1.6497215e+002
  1.6497215e+002
  1.6497215e+002
  1.6497215e+002
  1.6648763e+002
  1.6800312e+002
  1.6951861e+002
  1.7103409e+002
  1.7254958e+002
  1.7406506e+002
  1.7558055e+002
  1.7709604e+002
  1.7861152e+002
  1.8012701e+002
  1.8164249e+002
  1.8315798e+002
  1.8467347e+002
  1.8618895e+002
  1.8770444e+002
  1.8921992e+002
  1.9073541e+002
  1.9225090e+002
  1.9376638e+002
  1.9528187e+002
  1.9679735e+002
  1.9831284e+002
  1.9982833e+002
  2.0134381e+002
  2.0285930e+002
  2.0437478e+002
  2.0589027e+002
  2.0740576e+002
  2.0892124e+002
  2.1043673e+002
  2.1195221e+002
  2.1346770e+002
  2.1498319e+002
  2.1649867e+002
  2.1801416e+002
  2.1952964e+002
  2.2104513e+002
  2.2256062e+002
  2.2407610e+002
  2.2559159e+002
  2.2710707e+002
  2.2862256e+002
  2.3013805e+002
  2.3165353e+002
  2.3316902e+002
  2.3468450e+002
  2.3619999e+002
  2.3771548e+002
  2.3923096e+002
  2.4074645e+002
  2.4226193e+002
  2.4377742e+002
  2.4529291e+002
  2.4680839e+002
  2.4832388e+002
  2.4983937e+002
  2.5135485e+002
  2.5287034e+002
  2.5438582e+002
  2.5590131e+002
  2.5741680e+002
  2.5893228e+002
  2.6044777e+002
  2.6196325e+002
  2.6347874e+002
  2.6499423e+002
  2.6650971e+002
  2.6802520e+002
  2.6954068e+002
  2.7105617e+002
  2.7257166e+002
  2.7408714e+002
  2.7560263e+002
  2.7711811e+002
  2.7863360e+002
  2.8014909e+002
  2.8166457e+002
  2.8318006e+002
  2.8469554e+002
  2.8621103e+002
  2.8772652e+002
  2.8924200e+002
  2.9075749e+002
  2.9227297e+002
  2.9378846e+002
  2.9530395e+002
  2.9681943e+002
  2.9833492e+002
  2.9985040e+002
  3.0136589e+002
  3.0288138e+002
  3.0439686e+002
  3.0591235e+002
  3.0742783e+002
  3.0894332e+002
  3.1045881e+002
  3.1197429e+002
  3.1348978e+002
  3.1500526e+002
  3.1652075e+002
  3.1780034e+002
  3.1615602e+002
  3.1451170e+002
  3.1286738e+002
  3.1122307e+002
  3.0957875e+002
  3.0793443e+002
  3.0629011e+002
  3.0464579e+002
  3.0300147e+002
  3.0135715e+002
  2.9971283e+002
  2.9806851e+002
  2.9642419e+002
  2.9477988e+002
  2.9313556e+002
  2.9149124e+002
  2.8984692e+002
  2.8820260e+002
  2.8655828e+002
  2.8491396e+002
  2.8326964e+002
  2.8162532e+002
  2.7998100e+002
  2.7833669e+002
  2.7669237e+002
  2.7504805e+002
  2.7340373e+002
  2.7175941e+002
  2.7011509e+002
  2.6847077e+002
  2.6682645e+002
  2.6518213e+002
  2.6353781e+002
  2.6189350e+002
  2.6024918e+002
  2.5860486e+002
  2.5696054e+002
  2.5531622e+002
  2.5367190e+002
  2.5202758e+002
  2.5038326e+002
  2.4873894e+002
  2.4709462e+002
  2.4545031e+002
  2.4380599e+002
  2.4216167e+002
  2.4051735e+002
  2.3887303e+002
  2.3722871e+002
  2.3558439e+002
  2.3394007e+002
  2.3229575e+002
  2.3065143e+002
  2.2900712e+002
  2.2736280e+002
  2.2571848e+002
  2.2407416e+002
  2.2242984e+002
  2.2078552e+002
  2.1914120e+002
  2.1749688e+002
  2.1585256e+002
  2.1420824e+002
  2.1256393e+002
  2.1091961e+002
  2.0927529e+002
  2.0763097e+002
  2.0598665e+002
  2.0434233e+002
  2.0269801e+002
  2.0105369e+002
  1.9940937e+002
  1.9776505e+002
  1.9612074e+002
  1.9447642e+002
  1.9283210e+002
  1.9118778e+002
  1.8954346e+002
  1.8789914e+002
  1.8625482e+002
  1.8461050e+002
  1.8296618e+002
  1.8132187e+002
  1.7967755e+002
  1.7803323e+002
  1.7638891e+002
  1.7474459e+002
  1.7310027e+002
  1.7145595e+002
  1.6981163e+002
  1.6816731e+002
  1.6652299e+002
  1.6487868e+002
  1.6323436e+002
  1.6159004e+002
  1.5994572e+002
  1.5830140e+002
  1.5665708e+002
  1.5501276e+002
  1.5336844e+002
  1.5172412e+002
  1.5007980e+002
  1.4843549e+002
  1.4679117e+002
  1.4514685e+002
  1.4350253e+002
  1.4185821e+002
  1.4021389e+002
  1.3856957e+002
  1.3692525e+002
  1.3528093e+002
  1.3363661e+002
  1.3199230e+002
  1.3034798e+002
  1.2870366e+002
  1.2705934e+002
  1.2541502e+002
  1.2377070e+002
  1.2212638e+002
  1.2048206e+002
  1.1883774e+002
  1.1719342e+002
  1.1554911e+002
  1.1390479e+002
  1.1226047e+002
  1.1061615e+002
  1.0897183e+002
  1.0732751e+002
  1.0568319e+002
  1.0403887e+002
  1.0239455e+002
  1.0075023e+002
  9.9105915e+001
  9.7461596e+001
  9.5817277e+001
  9.4172958e+001
  9.2528639e+001
  9.0884321e+001
  8.9240002e+001
  8.7595683e+001
  8.5951364e+001
  8.4307045e+001
  8.2662726e+001
  8.1018407e+001
