  4.7439130e+001
  4.7439130e+001
  4.7439130e+001
  4.7439130e+001
  4.7439130e+001
  4.7439130e+001
  4.7439130e+001
  4.7439130e+001
  4.7439130e+001
  4.7439130e+001
  4.7439130e+001
  5.0976902e+001
  5.4514675e+001
  5.8052447e+001
  6.1590219e+001
  6.5127992e+001
  6.8665764e+001
  7.2203536e+001
  7.5741309e+001
  7.9279081e+001
  8.2816853e+001
  8.6354626e+001
  8.9892398e+001
  9.3430170e+001
  9.6967943e+001
  1.0050571e+002
  1.0404349e+002
  1.0758126e+002
  1.1111903e+002
  1.1465680e+002
  1.1819458e+002
  1.2173235e+002
  1.2527012e+002
  1.2880789e+002
  1.3234567e+002
  1.3588344e+002
  1.3719605e+002
  1.3672850e+002
  1.3626095e+002
  1.3579340e+002
  1.3532585e+002
  1.3485830e+002
  1.3439075e+002
  1.3392320e+002
  1.3345565e+002
  1.3298810e+002
  1.3252055e+002
  1.3205300e+002
  1.3158545e+002
  1.3111790e+002
  1.3065035e+002
  1.3018281e+002
  1.2971526e+002
  1.2924771e+002
  1.2878016e+002
  1.2831261e+002
  1.2784506e+002
  1.2737751e+002
  1.2690996e+002
  1.2644241e+002
  1.2597486e+002
  1.2550731e+002
  1.2503976e+002
  1.2457221e+002
  1.2410466e+002
  1.2363711e+002
  1.2316956e+002
  1.2270202e+002
  1.2223447e+002
  1.2176692e+002
  1.2129937e+002
  1.2083182e+002
  1.2036427e+002
  1.1989672e+002
  1.1942917e+002
  1.1896162e+002
  1.1849407e+002
  1.1802652e+002
  1.1755897e+002
  1.1709142e+002
  1.1662387e+002
  1.1615632e+002
  1.1568877e+002
  1.1522122e+002
  1.1475368e+002
  1.1428613e+002
  1.1381858e+002
  1.1335103e+002
  1.1288348e+002
  1.1241593e+002
  1.1194838e+002
  1.1148083e+002
  1.1101328e+002
  1.1054573e+002
  1.1007818e+002
  1.0961063e+002
  1.0914308e+002
  1.0867553e+002
  1.0820798e+002
  1.0774043e+002
  1.0727289e+002
  1.0680534e+002
  1.0633779e+002
  1.0587024e+002
  1.0540269e+002
  1.0493514e+002
  1.0446759e+002
  1.0400004e+002
  1.0353249e+002
  1.0306494e+002
  1.0259739e+002
  1.0212984e+002
  1.0166229e+002
  1.0119474e+002
  1.0072719e+002
  1.0025964e+002
  9.9792095e+001
  9.9324546e+001
  9.8856996e+001
  9.8389447e+001
  9.7921897e+001
  9.7454348e+001
  9.6986799e+001
  9.6519249e+001
  9.6051700e+001
  9.5584150e+001
  9.5116601e+001
  9.4649052e+001
  9.4181502e+001
  9.3713953e+001
  9.3246404e+001
  9.2778854e+001
  9.2311305e+001
  9.1843755e+001
  9.1376206e+001
  9.0908657e+001
  9.0441107e+001
  8.9973558e+001
  8.9506008e+001
  8.9038459e+001
  8.8570910e+001
  8.8103360e+001
  8.7635811e+001
  8.7168262e+001
  8.6700712e+001
  8.6233163e+001
  8.5765613e+001
  8.5298064e+001
  8.4830515e+001
  8.4362965e+001
  8.3895416e+001
  8.3427866e+001
  8.2960317e+001
  8.2492768e+001
  8.2025218e+001
  8.1557669e+001
  8.1090119e+001
  8.0622570e+001
  8.0155021e+001
  7.9687471e+001
  7.9219922e+001
  7.8752373e+001
  7.8284823e+001
  7.7817274e+001
  7.7349724e+001
  7.6882175e+001
  7.6414626e+001
  7.5947076e+001
  7.5479527e+001
  7.5011977e+001
  7.4544428e+001
  7.4076879e+001
  7.3609329e+001
  7.3141780e+001
  7.2674230e+001
  7.2206681e+001
  7.1739132e+001
  7.1271582e+001
  7.0804033e+001
  7.0336484e+001
  6.9868934e+001
  6.9401385e+001
  6.8933835e+001
  6.8466286e+001
  6.7998737e+001
  6.7531187e+001
  6.7063638e+001
  6.6596088e+001
  6.6128539e+001
  6.5660990e+001
  6.5193440e+001
  6.4725891e+001
  6.4258341e+001
  6.3790792e+001
  6.3323243e+001
  6.2855693e+001
  6.2388144e+001
  6.1920595e+001
  6.1453045e+001
  6.0985496e+001
  6.0517946e+001
  6.0050397e+001
  5.9582848e+001
  5.9115298e+001
  5.8647749e+001
  5.8180199e+001
  5.7712650e+001
  5.7245101e+001
  5.6777551e+001
  5.6310002e+001
  5.5842453e+001
  5.5374903e+001
  5.4907354e+001
  5.4439804e+001
  5.3972255e+001
  5.3504706e+001
  5.3037156e+001
  5.2569607e+001
  5.2102057e+001
  5.1634508e+001
  5.1166959e+001
  5.0699409e+001
  5.0231860e+001
  4.9764310e+001
  4.9296761e+001
  4.8829212e+001
  4.8361662e+001
  4.7894113e+001
  4.7426564e+001
  4.6959014e+001
  4.6491465e+001
  4.6023915e+001
  4.5556366e+001
  4.5088817e+001
  4.4621267e+001
  4.4153718e+001
  4.3686168e+001
  4.3218619e+001
  4.2751070e+001
  4.2283520e+001
  4.1815971e+001
  4.1348421e+001
  4.0880872e+001
  4.0413323e+001
  3.9945773e+001
  3.9478224e+001
  3.9010675e+001
  3.8543125e+001
  3.8075576e+001
  3.7608026e+001
  3.7140477e+001
  3.6672928e+001
  3.6205378e+001
  3.5737829e+001
  3.5270279e+001
  3.4802730e+001
