  2.8699018e+001
  2.8699018e+001
  2.8699018e+001
  2.8699018e+001
  2.8699018e+001
  2.8699018e+001
  2.8699018e+001
  2.8699018e+001
  2.8699018e+001
  2.8699018e+001
  2.8699018e+001
  2.8699018e+001
  3.0227439e+001
  3.2108573e+001
  3.3989707e+001
  3.5870841e+001
  3.7751975e+001
  3.9633109e+001
  4.1514243e+001
  4.3395377e+001
  4.5276510e+001
  4.7157644e+001
  4.9038778e+001
  5.0919912e+001
  5.2801046e+001
  5.4682180e+001
  5.6563314e+001
  5.8444448e+001
  6.0325582e+001
  6.2206715e+001
  6.4087849e+001
  6.5968983e+001
  6.7850117e+001
  6.9731251e+001
  7.1612385e+001
  7.3493519e+001
  7.5374653e+001
  7.7255787e+001
  7.9136920e+001
  8.1018054e+001
  8.2899188e+001
  8.4780322e+001
  8.5492288e+001
  8.5192768e+001
  8.4893249e+001
  8.4593729e+001
  8.4294210e+001
  8.3994691e+001
  8.3695171e+001
  8.3395652e+001
  8.3096133e+001
  8.2796613e+001
  8.2497094e+001
  8.2197574e+001
  8.1898055e+001
  8.1598536e+001
  8.1299016e+001
  8.0999497e+001
  8.0699978e+001
  8.0400458e+001
  8.0100939e+001
  7.9801419e+001
  7.9501900e+001
  7.9202381e+001
  7.8902861e+001
  7.8603342e+001
  7.8303822e+001
  7.8004303e+001
  7.7704784e+001
  7.7405264e+001
  7.7105745e+001
  7.6806226e+001
  7.6506706e+001
  7.6207187e+001
  7.5907667e+001
  7.5608148e+001
  7.5308629e+001
  7.5009109e+001
  7.4709590e+001
  7.4410071e+001
  7.4110551e+001
  7.3811032e+001
  7.3511512e+001
  7.3211993e+001
  7.2912474e+001
  7.2612954e+001
  7.2313435e+001
  7.2013916e+001
  7.1714396e+001
  7.1414877e+001
  7.1115357e+001
  7.0815838e+001
  7.0516319e+001
  7.0216799e+001
  6.9917280e+001
  6.9617761e+001
  6.9318241e+001
  6.9018722e+001
  6.8719202e+001
  6.8419683e+001
  6.8120164e+001
  6.7820644e+001
  6.7521125e+001
  6.7221605e+001
  6.6922086e+001
  6.6622567e+001
  6.6323047e+001
  6.6023528e+001
  6.5724009e+001
  6.5424489e+001
  6.5124970e+001
  6.4825450e+001
  6.4525931e+001
  6.4226412e+001
  6.3926892e+001
  6.3627373e+001
  6.3327854e+001
  6.3028334e+001
  6.2728815e+001
  6.2429295e+001
  6.2129776e+001
  6.1830257e+001
  6.1530737e+001
  6.1231218e+001
  6.0931699e+001
  6.0632179e+001
  6.0332660e+001
  6.0033140e+001
  5.9733621e+001
  5.9434102e+001
  5.9134582e+001
  5.8835063e+001
  5.8535544e+001
  5.8236024e+001
  5.7936505e+001
  5.7636985e+001
  5.7337466e+001
  5.7037947e+001
  5.6738427e+001
  5.6438908e+001
  5.6139388e+001
  5.5839869e+001
  5.5540350e+001
  5.5240830e+001
  5.4941311e+001
  5.4641792e+001
  5.4342272e+001
  5.4042753e+001
  5.3743233e+001
  5.3443714e+001
  5.3144195e+001
  5.2844675e+001
  5.2545156e+001
  5.2245637e+001
  5.1946117e+001
  5.1646598e+001
  5.1347078e+001
  5.1047559e+001
  5.0748040e+001
  5.0448520e+001
  5.0149001e+001
  4.9849482e+001
  4.9549962e+001
  4.9250443e+001
  4.8950923e+001
  4.8651404e+001
  4.8351885e+001
  4.8052365e+001
  4.7752846e+001
  4.7453326e+001
  4.7153807e+001
  4.6854288e+001
  4.6554768e+001
  4.6255249e+001
  4.5955730e+001
  4.5656210e+001
  4.5356691e+001
  4.5057171e+001
  4.4757652e+001
  4.4458133e+001
  4.4158613e+001
  4.3859094e+001
  4.3559575e+001
  4.3260055e+001
  4.2960536e+001
  4.2661016e+001
  4.2361497e+001
  4.2061978e+001
  4.1762458e+001
  4.1462939e+001
  4.1163420e+001
  4.0863900e+001
  4.0564381e+001
  4.0264861e+001
  3.9965342e+001
  3.9665823e+001
  3.9366303e+001
  3.9066784e+001
  3.8767265e+001
  3.8467745e+001
  3.8168226e+001
  3.7868706e+001
  3.7569187e+001
  3.7269668e+001
  3.6970148e+001
  3.6670629e+001
  3.6371109e+001
  3.6071590e+001
  3.5772071e+001
  3.5472551e+001
  3.5173032e+001
  3.4873513e+001
  3.4573993e+001
  3.4274474e+001
  3.3974954e+001
  3.3675435e+001
  3.3375916e+001
  3.3076396e+001
  3.2776877e+001
  3.2477358e+001
  3.2177838e+001
  3.1878319e+001
  3.1578799e+001
  3.1279280e+001
  3.0979761e+001
  3.0680241e+001
  3.0380722e+001
  3.0081203e+001
  2.9781683e+001
  2.9482164e+001
  2.9182644e+001
  2.8883125e+001
  2.8583606e+001
  2.8284086e+001
  2.7984567e+001
  2.7685047e+001
  2.7385528e+001
  2.7086009e+001
  2.6786489e+001
  2.6486970e+001
  2.6187451e+001
  2.5887931e+001
  2.5588412e+001
  2.5288892e+001
  2.4989373e+001
  2.4689854e+001
  2.4390334e+001
  2.4090815e+001
  2.3791296e+001
  2.3491776e+001
  2.3192257e+001
  2.2892737e+001
  2.2593218e+001
  2.2293699e+001
  2.1994179e+001
  2.1694660e+001
