  5.4686334e+001
  5.4686334e+001
  5.4686334e+001
  5.4686334e+001
  5.4686334e+001
  5.4686334e+001
  5.4686334e+001
  5.4686334e+001
  5.4686334e+001
  5.4686334e+001
  5.4686334e+001
  5.4686334e+001
  5.6432957e+001
  5.8296021e+001
  6.0159085e+001
  6.2022150e+001
  6.3885214e+001
  6.5748278e+001
  6.7611343e+001
  6.9474407e+001
  7.1337471e+001
  7.3200536e+001
  7.5063600e+001
  7.6926664e+001
  7.8789729e+001
  8.0652793e+001
  8.2515857e+001
  8.4378922e+001
  8.6241986e+001
  8.8105050e+001
  8.9968115e+001
  9.1831179e+001
  9.3694243e+001
  9.5557308e+001
  9.7420372e+001
  9.9283436e+001
  1.0114650e+002
  1.0300957e+002
  1.0487263e+002
  1.0673569e+002
  1.0859876e+002
  1.1046182e+002
  1.1232489e+002
  1.1418795e+002
  1.1605102e+002
  1.1791408e+002
  1.1977714e+002
  1.2164021e+002
  1.2350327e+002
  1.2536634e+002
  1.2722940e+002
  1.2909247e+002
  1.3095553e+002
  1.3281859e+002
  1.3468166e+002
  1.3654472e+002
  1.3840779e+002
  1.4027085e+002
  1.4213392e+002
  1.4399698e+002
  1.4586004e+002
  1.4772311e+002
  1.4958617e+002
  1.5144924e+002
  1.5331230e+002
  1.5517537e+002
  1.5703843e+002
  1.5890150e+002
  1.6076456e+002
  1.6262762e+002
  1.6449069e+002
  1.6635375e+002
  1.6821682e+002
  1.7007988e+002
  1.7194295e+002
  1.7380601e+002
  1.7566907e+002
  1.7753214e+002
  1.7939520e+002
  1.7955530e+002
  1.7879488e+002
  1.7803447e+002
  1.7727405e+002
  1.7651363e+002
  1.7575322e+002
  1.7499280e+002
  1.7423238e+002
  1.7347197e+002
  1.7271155e+002
  1.7195113e+002
  1.7119072e+002
  1.7043030e+002
  1.6966989e+002
  1.6890947e+002
  1.6814905e+002
  1.6738864e+002
  1.6662822e+002
  1.6586780e+002
  1.6510739e+002
  1.6434697e+002
  1.6358655e+002
  1.6282614e+002
  1.6206572e+002
  1.6130530e+002
  1.6054489e+002
  1.5978447e+002
  1.5902406e+002
  1.5826364e+002
  1.5750322e+002
  1.5674281e+002
  1.5598239e+002
  1.5522197e+002
  1.5446156e+002
  1.5370114e+002
  1.5294072e+002
  1.5218031e+002
  1.5141989e+002
  1.5065947e+002
  1.4989906e+002
  1.4913864e+002
  1.4837823e+002
  1.4761781e+002
  1.4685739e+002
  1.4609698e+002
  1.4533656e+002
  1.4457614e+002
  1.4381573e+002
  1.4305531e+002
  1.4229489e+002
  1.4153448e+002
  1.4077406e+002
  1.4001364e+002
  1.3925323e+002
  1.3849281e+002
  1.3773240e+002
  1.3697198e+002
  1.3621156e+002
  1.3545115e+002
  1.3469073e+002
  1.3393031e+002
  1.3316990e+002
  1.3240948e+002
  1.3164906e+002
  1.3088865e+002
  1.3012823e+002
  1.2936781e+002
  1.2860740e+002
  1.2784698e+002
  1.2708657e+002
  1.2632615e+002
  1.2556573e+002
  1.2480532e+002
  1.2404490e+002
  1.2328448e+002
  1.2252407e+002
  1.2176365e+002
  1.2100323e+002
  1.2024282e+002
  1.1948240e+002
  1.1872198e+002
  1.1796157e+002
  1.1720115e+002
  1.1644074e+002
  1.1568032e+002
  1.1491990e+002
  1.1415949e+002
  1.1339907e+002
  1.1263865e+002
  1.1187824e+002
  1.1111782e+002
  1.1035740e+002
  1.0959699e+002
  1.0883657e+002
  1.0807615e+002
  1.0731574e+002
  1.0655532e+002
  1.0579491e+002
  1.0503449e+002
  1.0427407e+002
  1.0351366e+002
  1.0275324e+002
  1.0199282e+002
  1.0123241e+002
  1.0047199e+002
  9.9711574e+001
  9.8951158e+001
  9.8190741e+001
  9.7430325e+001
  9.6669908e+001
  9.5909492e+001
  9.5149075e+001
  9.4388659e+001
  9.3628243e+001
  9.2867826e+001
  9.2107410e+001
  9.1346993e+001
  9.0586577e+001
  8.9826160e+001
  8.9065744e+001
  8.8305328e+001
  8.7544911e+001
  8.6784495e+001
  8.6024078e+001
  8.5263662e+001
  8.4503246e+001
  8.3742829e+001
  8.2982413e+001
  8.2221996e+001
  8.1461580e+001
  8.0701163e+001
  7.9940747e+001
  7.9180331e+001
  7.8419914e+001
  7.7659498e+001
  7.6899081e+001
  7.6138665e+001
  7.5378248e+001
  7.4617832e+001
  7.3857416e+001
  7.3096999e+001
  7.2336583e+001
  7.1576166e+001
  7.0815750e+001
  7.0055333e+001
  6.9294917e+001
  6.8534501e+001
  6.7774084e+001
  6.7013668e+001
  6.6253251e+001
  6.5492835e+001
  6.4732418e+001
  6.3972002e+001
  6.3211586e+001
  6.2451169e+001
  6.1690753e+001
  6.0930336e+001
  6.0169920e+001
  5.9409504e+001
  5.8649087e+001
  5.7888671e+001
  5.7128254e+001
  5.6367838e+001
  5.5607421e+001
  5.4847005e+001
  5.4086589e+001
  5.3326172e+001
  5.2565756e+001
  5.1805339e+001
  5.1044923e+001
  5.0284506e+001
  4.9524090e+001
  4.8763674e+001
  4.8003257e+001
  4.7242841e+001
  4.6482424e+001
  4.5722008e+001
