  6.8715140e+001
  6.8715140e+001
  6.8715140e+001
  6.8715140e+001
  6.8715140e+001
  6.8715140e+001
  6.8715140e+001
  6.8715140e+001
  6.8715140e+001
  6.8715140e+001
  6.8715140e+001
  6.9844127e+001
  7.0973113e+001
  7.2102100e+001
  7.3231087e+001
  7.4360074e+001
  7.5489061e+001
  7.6618048e+001
  7.7747035e+001
  7.8876022e+001
  8.0005008e+001
  8.1133995e+001
  8.2262982e+001
  8.3391969e+001
  8.4520956e+001
  8.5649943e+001
  8.6778930e+001
  8.7907917e+001
  8.9036903e+001
  9.0165890e+001
  9.1294877e+001
  9.2423864e+001
  9.3552851e+001
  9.4681838e+001
  9.5810825e+001
  9.6939811e+001
  9.8068798e+001
  9.9197785e+001
  1.0032677e+002
  1.0145576e+002
  1.0258475e+002
  1.0371373e+002
  1.0484272e+002
  1.0597171e+002
  1.0710069e+002
  1.0822968e+002
  1.0935867e+002
  1.1048765e+002
  1.1161664e+002
  1.1274563e+002
  1.1387461e+002
  1.1500360e+002
  1.1613259e+002
  1.1726158e+002
  1.1839056e+002
  1.1951955e+002
  1.2064854e+002
  1.2177752e+002
  1.2290651e+002
  1.2403550e+002
  1.2516448e+002
  1.2629347e+002
  1.2742246e+002
  1.2855144e+002
  1.2968043e+002
  1.3080942e+002
  1.3193840e+002
  1.3306739e+002
  1.3419638e+002
  1.3532537e+002
  1.3645435e+002
  1.3758334e+002
  1.3871233e+002
  1.3984131e+002
  1.4097030e+002
  1.4209929e+002
  1.4322827e+002
  1.4435726e+002
  1.4548625e+002
  1.4661523e+002
  1.4774422e+002
  1.4887321e+002
  1.5000219e+002
  1.5113118e+002
  1.5226017e+002
  1.5338916e+002
  1.5451814e+002
  1.5564713e+002
  1.5677612e+002
  1.5790510e+002
  1.5903409e+002
  1.6016308e+002
  1.6129206e+002
  1.6242105e+002
  1.6355004e+002
  1.6467902e+002
  1.6580801e+002
  1.6693700e+002
  1.6806598e+002
  1.6919497e+002
  1.7032396e+002
  1.7145295e+002
  1.7258193e+002
  1.7371092e+002
  1.7483991e+002
  1.7596889e+002
  1.7709788e+002
  1.7822687e+002
  1.7935585e+002
  1.8048484e+002
  1.8161383e+002
  1.8274281e+002
  1.8387180e+002
  1.8500079e+002
  1.8612977e+002
  1.8725876e+002
  1.8838775e+002
  1.8951674e+002
  1.9064572e+002
  1.9177471e+002
  1.9290370e+002
  1.9403268e+002
  1.9516167e+002
  1.9629066e+002
  1.9741964e+002
  1.9854863e+002
  1.9967762e+002
  2.0080660e+002
  2.0193559e+002
  2.0111097e+002
  2.0004741e+002
  1.9898385e+002
  1.9792029e+002
  1.9685673e+002
  1.9579318e+002
  1.9472962e+002
  1.9366606e+002
  1.9260250e+002
  1.9153894e+002
  1.9047538e+002
  1.8941182e+002
  1.8834826e+002
  1.8728470e+002
  1.8622115e+002
  1.8515759e+002
  1.8409403e+002
  1.8303047e+002
  1.8196691e+002
  1.8090335e+002
  1.7983979e+002
  1.7877623e+002
  1.7771267e+002
  1.7664911e+002
  1.7558556e+002
  1.7452200e+002
  1.7345844e+002
  1.7239488e+002
  1.7133132e+002
  1.7026776e+002
  1.6920420e+002
  1.6814064e+002
  1.6707708e+002
  1.6601353e+002
  1.6494997e+002
  1.6388641e+002
  1.6282285e+002
  1.6175929e+002
  1.6069573e+002
  1.5963217e+002
  1.5856861e+002
  1.5750505e+002
  1.5644150e+002
  1.5537794e+002
  1.5431438e+002
  1.5325082e+002
  1.5218726e+002
  1.5112370e+002
  1.5006014e+002
  1.4899658e+002
  1.4793302e+002
  1.4686947e+002
  1.4580591e+002
  1.4474235e+002
  1.4367879e+002
  1.4261523e+002
  1.4155167e+002
  1.4048811e+002
  1.3942455e+002
  1.3836099e+002
  1.3729743e+002
  1.3623388e+002
  1.3517032e+002
  1.3410676e+002
  1.3304320e+002
  1.3197964e+002
  1.3091608e+002
  1.2985252e+002
  1.2878896e+002
  1.2772540e+002
  1.2666185e+002
  1.2559829e+002
  1.2453473e+002
  1.2347117e+002
  1.2240761e+002
  1.2134405e+002
  1.2028049e+002
  1.1921693e+002
  1.1815337e+002
  1.1708982e+002
  1.1602626e+002
  1.1496270e+002
  1.1389914e+002
  1.1283558e+002
  1.1177202e+002
  1.1070846e+002
  1.0964490e+002
  1.0858134e+002
  1.0751779e+002
  1.0645423e+002
  1.0539067e+002
  1.0432711e+002
  1.0326355e+002
  1.0219999e+002
  1.0113643e+002
  1.0007287e+002
  9.9009314e+001
  9.7945755e+001
  9.6882196e+001
  9.5818637e+001
  9.4755078e+001
  9.3691519e+001
  9.2627960e+001
  9.1564402e+001
  9.0500843e+001
  8.9437284e+001
  8.8373725e+001
  8.7310166e+001
  8.6246607e+001
  8.5183048e+001
  8.4119489e+001
  8.3055930e+001
  8.1992371e+001
  8.0928812e+001
  7.9865253e+001
  7.8801695e+001
  7.7738136e+001
  7.6674577e+001
  7.5611018e+001
  7.4547459e+001
  7.3483900e+001
  7.2420341e+001
  7.1356782e+001
  7.0293223e+001
  6.9229664e+001
  6.8166105e+001
  6.7102546e+001
