3 
3
/*preview VGA*/
173
0
0x30
0
16
3
0x02
0
0x03
0
0x04
0
79
2
0
2
1
0
8
8
2
0
8
8
246
0
67
0
120
0
161
0
190
0
207
0
213
0
208
0
193
0
169
0
135
0
91
0
40
0
226
0
158
0
83
0
246
0
156
0
60
0
204
0
95
0
227
0
107
0
227
0
97
0
207
0
67
0
169
0
20
0
113
0
202
0
41
0
123
0
201
0
30
0
102
0
171
0
236
0
53
0
114
0
171
0
227
0
34
0
84
0
133
0
179
0
224
0
21
0
61
0
101
0
138
0
174
0
208
0
241
0
27
0
57
0
86
0
113
0
140
0
165
0
189
0
213
0
235
0
10
0
31
0
50
0
69
0
87
0
104
0
121
0
136
0
151
0
166
0
180
0
193
0
206
0
218
0
229
0
240
0
58
2
79
2
1
0
8
8
2
0
8
8
5
0
15
0
25
0
35
0
43
0
52
0
60
0
68
0
76
0
83
0
90
0
96
0
103
0
109
0
115
0
120
0
126
0
131
0
136
0
140
0
145
0
149
0
153
0
157
0
161
0
164
0
168
0
171
0
174
0
177
0
180
0
183
0
186
0
188
0
191
0
193
0
195
0
198
0
200
0
202
0
203
0
205
0
207
0
209
0
210
0
212
0
213
0
215
0
216
0
217
0
218
0
220
0
221
0
222
0
223
0
224
0
225
0
226
0
37
3
137
3
0
0
8
8
1
0
8
8
2
0
8
8
79
226
0
105
227
0
137
228
0
21
228
0
63
229
0
109
230
0
8
230
0
63
231
0
122
232
0
33
232
0
100
233
0
18
233
0
92
234
0
17
234
0
98
235
0
29
235
0
115
236
0
52
236
0
144
237
0
87
237
0
31
237
0
131
238
0
80
238
0
31
238
0
137
239
0
92
239
0
50
239
0
9
239
0
122
240
0
85
240
0
49
240
0
14
240
0
134
241
0
102
241
0
72
241
0
43
241
0
15
241
0
1
1
79
1
0
1
31
29
28
27
26
25
24
23
22
21
20
19
18
18
17
16
16
15
14
14
13
13
12
12
11
11
10
10
9
9
9
8
8
8
7
7
7
7
6
6
6
6
5
5
5
5
5
4
4
4
4
4
4
4
3
3
3
3
3
3
3
3
3
2
2
2
2
2
2
2
2
2
2
2
2
2
2
2
2
0
0
64
0
0
0
0
0
0
0
0
0
0
0
0
0
0
0
0
0
0
0
0
0
0
0
0
0
0
0
0
0
0
0
0
0
0
0
0
0
0
0
0
0
0
0
0
0
0
0
0
0
0
0
0
0
0
0
0
0
0
0
0
0
0
0
0
0
0
0
0
0
0
0
0
0
0
0
0
0
0
0
0
0
0
0
0
0
0
0
0
0
0
0
0
0
0
0
0
0
0
0
0
0
0
0
0
1
0
0
1
1
0
0
0
1
0
0
1
-1
-1
-1
1
1
0
-1
1
-1
0
-1
0
1
1
-2
-1
-1
-1
-1
-1
-2
0
0
0
0
0
0
0
0
0
0
0
0
0
0
0
0
0
0
0
0
0
0
0
0
0
0
0
0
0
0
0
0
0
0
0
0
0
/*preview QVGA*/
183
0
0x31
0
16
3
0x02
0
0x03
0
0x04
0
79
2
0
2
1
0
8
8
2
0
8
8
8
0
82
0
141
0
186
0
218
0
237
0
243
0
237
0
221
0
193
0
155
0
107
0
49
0
255
0
180
0
96
0
4
0
178
0
71
0
230
0
109
0
255
0
121
0
255
0
110
0
233
0
77
0
190
0
25
0
128
0
226
0
48
0
139
0
225
0
35
0
115
0
191
0
8
1
61
0
128
0
192
0
253
0
39
0
95
0
149
0
200
0
250
0
24
0
69
0
113
0
154
0
194
0
232
0
12
1
30
0
64
0
96
0
126
0
156
0
184
0
211
0
237
0
5
1
12
0
35
0
56
0
77
0
97
0
116
0
134
0
152
0
168
0
184
0
200
0
214
0
228
0
242
0
255
0
11
1
60
2
79
2
1
0
8
8
2
0
8
8
6
0
17
0
28
0
39
0
48
0
58
0
67
0
76
0
84
0
92
0
100
0
107
0
114
0
121
0
127
0
134
0
139
0
145
0
151
0
156
0
161
0
165
0
170
0
174
0
179
0
183
0
186
0
190
0
194
0
197
0
200
0
203
0
206
0
209
0
212
0
214
0
217
0
219
0
222
0
224
0
226
0
228
0
230
0
232
0
233
0
235
0
237
0
238
0
240
0
241
0
242
0
244
0
245
0
246
0
247
0
248
0
249
0
250
0
251
0
252
0
44
3
139
3
0
0
8
8
1
0
8
8
2
0
8
8
116
253
0
0
253
0
27
254
0
58
255
0
94
0
1
134
1
1
41
1
1
89
2
1
4
2
1
60
3
1
119
4
1
44
4
1
109
5
1
41
5
1
112
6
1
49
6
1
126
7
1
69
7
1
13
7
1
98
8
1
47
8
1
136
9
1
89
9
1
44
9
1
2
9
1
98
10
1
59
10
1
22
10
1
123
11
1
89
11
1
56
11
1
24
11
1
132
12
1
103
12
1
75
12
1
49
12
1
23
12
1
136
13
1
113
13
1
91
13
1
69
13
1
49
13
1
29
13
1
11
13
1
1
1
79
1
0
1
30
29
28
27
26
25
24
23
22
21
20
19
18
18
17
16
15
15
14
14
13
13
12
12
11
11
10
10
9
9
9
8
8
8
7
7
7
7
6
6
6
6
5
5
5
5
5
4
4
4
4
4
4
4
3
3
3
3
3
3
3
3
3
2
2
2
2
2
2
2
2
2
2
2
2
2
2
2
2
0
0
64
0
0
0
0
0
0
0
0
0
0
0
0
0
0
0
0
0
0
0
0
0
0
0
0
0
0
0
0
0
0
0
0
0
0
0
0
0
0
0
0
0
0
0
0
0
0
0
0
0
0
0
0
0
0
0
0
0
0
0
0
0
0
0
0
0
0
0
0
0
0
0
0
0
0
0
0
0
0
0
0
0
0
0
0
0
0
0
0
0
0
0
0
0
0
0
0
0
0
0
0
0
0
0
0
1
0
0
1
1
0
0
0
1
0
0
1
-1
-1
-1
1
1
0
-1
1
-1
0
-1
0
1
1
-2
-1
-1
-1
-1
-1
-2
0
0
0
0
0
0
0
0
0
0
0
0
0
0
0
0
0
0
0
0
0
0
0
0
0
0
0
0
0
0
0
0
0
0
0
0
0
0
0
0
0
0
0
0
0
0
/*capture*/
182
0
0x40
0
16
3
0x02
0
0x03
0
0x04
0
57
2
0
2
1
0
8
8
2
0
8
8
169
0
243
0
30
0
75
0
106
0
125
0
131
0
126
0
109
0
81
0
43
0
12
1
210
0
144
0
68
0
1
1
165
0
66
0
232
0
118
0
14
1
143
0
10
0
143
0
16
1
121
0
239
0
78
0
186
0
16
0
115
0
209
0
27
0
114
0
197
0
3
0
79
0
152
0
222
0
16
0
80
0
141
0
200
0
0
1
37
0
89
0
138
0
185
0
231
0
1
0
42
0
82
0
120
0
157
0
192
0
225
0
1
1
85
2
57
2
1
0
8
8
2
0
8
8
16
0
49
0
79
0
109
0
137
0
165
0
191
0
216
0
239
0
6
1
28
1
49
1
69
1
88
1
107
1
124
1
141
1
157
1
173
1
188
1
202
1
215
1
228
1
241
1
253
1
8
2
19
2
29
2
40
2
49
2
58
2
67
2
76
2
84
2
91
2
99
2
106
2
113
2
119
2
125
2
131
2
137
2
143
2
148
2
153
2
158
2
162
2
167
2
171
2
175
2
179
2
182
2
186
2
189
2
193
2
196
2
199
2
202
2
204
2
207
2
209
2
212
2
214
2
216
2
218
2
220
2
222
2
224
2
226
2
228
2
229
2
231
2
232
2
234
2
235
2
236
2
238
2
239
2
240
2
241
2
242
2
243
2
244
2
245
2
246
2
40
3
142
3
0
0
8
8
1
0
8
8
2
0
8
8
21
247
2
45
248
2
72
248
2
104
249
2
15
250
2
54
251
2
98
251
2
19
252
2
69
252
2
122
253
2
54
254
2
113
254
2
50
255
2
114
255
2
57
256
2
1
256
2
73
0
3
22
1
3
99
1
3
52
2
3
7
2
3
90
2
3
49
3
3
10
3
3
97
3
3
61
4
3
27
4
3
119
4
3
87
4
3
57
5
3
28
5
3
1
5
3
99
5
3
74
5
3
49
6
3
26
6
3
4
6
3
107
6
3
87
6
3
67
6
3
1
1
57
1
0
1
29
28
26
25
24
23
22
21
20
19
18
18
17
16
15
15
14
13
13
12
12
11
10
10
10
9
9
8
8
7
7
7
6
6
6
5
5
5
5
4
4
4
4
4
3
3
3
3
3
2
2
2
2
2
2
2
2
0
0
64
0
0
0
0
0
0
0
0
0
0
0
0
0
0
0
0
0
0
0
0
0
0
0
0
0
0
0
0
0
0
0
0
0
0
0
0
0
0
0
0
0
0
0
0
0
0
0
0
0
0
0
0
0
0
0
0
0
0
0
0
0
0
0
0
0
0
0
0
0
0
0
0
0
0
0
0
0
0
0
0
0
0
0
0
0
0
0
0
0
0
0
0
0
0
0
0
0
0
0
0
0
0
0
0
0
0
0
0
0
0
0
0
0
0
0
0
0
0
0
0
0
0
0
0
0
0
0
0
0
0
0
0
0
0
0
0
0
0
0
0
0
0
-4
-3
-2
-1
-5
-3
-1
-6
-3
0
-4
-1
-5
-1
-5
-10
-4
-9
-2
-7
-12
-3
-8
-13
-3
-8
-12
-1
-5
-10
-15
-20
-4
-9
-14
-19
-25
-4
-8
-13
