  4.5115301e+001
  4.5115301e+001
  4.5115301e+001
  4.5115301e+001
  4.5115301e+001
  4.5115301e+001
  4.5115301e+001
  4.5115301e+001
  4.5115301e+001
  4.5115301e+001
  4.5115301e+001
  4.5624712e+001
  4.6439768e+001
  4.7254825e+001
  4.8069882e+001
  4.8884939e+001
  4.9699996e+001
  5.0515053e+001
  5.1330110e+001
  5.2145167e+001
  5.2960223e+001
  5.3775280e+001
  5.4590337e+001
  5.5405394e+001
  5.6220451e+001
  5.7035508e+001
  5.7850565e+001
  5.8665621e+001
  5.9480678e+001
  6.0295735e+001
  6.1110792e+001
  6.1925849e+001
  6.2740906e+001
  6.3555963e+001
  6.4371020e+001
  6.5186076e+001
  6.6001133e+001
  6.6816190e+001
  6.7631247e+001
  6.8446304e+001
  6.9261361e+001
  7.0076418e+001
  7.0891475e+001
  7.1706531e+001
  7.2521588e+001
  7.3336645e+001
  7.4151702e+001
  7.4966759e+001
  7.5781816e+001
  7.6596873e+001
  7.7411930e+001
  7.8226986e+001
  7.9042043e+001
  7.9857100e+001
  8.0672157e+001
  8.1487214e+001
  8.2302271e+001
  8.3117328e+001
  8.3932384e+001
  8.4747441e+001
  8.5562498e+001
  8.6377555e+001
  8.7192612e+001
  8.8007669e+001
  8.8822726e+001
  8.9637783e+001
  9.0452839e+001
  9.1267896e+001
  9.2082953e+001
  9.2898010e+001
  9.3713067e+001
  9.4528124e+001
  9.5343181e+001
  9.6158238e+001
  9.6973294e+001
  9.7788351e+001
  9.8603408e+001
  9.9418465e+001
  1.0023352e+002
  1.0104858e+002
  1.0186364e+002
  1.0267869e+002
  1.0349375e+002
  1.0430881e+002
  1.0512386e+002
  1.0593892e+002
  1.0675398e+002
  1.0756903e+002
  1.0838409e+002
  1.0919915e+002
  1.1001420e+002
  1.1082926e+002
  1.1164432e+002
  1.1245937e+002
  1.1327443e+002
  1.1408949e+002
  1.1490455e+002
  1.1571960e+002
  1.1653466e+002
  1.1734972e+002
  1.1816477e+002
  1.1897983e+002
  1.1979489e+002
  1.2060994e+002
  1.2142500e+002
  1.2224006e+002
  1.2305511e+002
  1.2387017e+002
  1.2468523e+002
  1.2550028e+002
  1.2631534e+002
  1.2713040e+002
  1.2794546e+002
  1.2876051e+002
  1.2957557e+002
  1.3039063e+002
  1.3120568e+002
  1.3202074e+002
  1.3283580e+002
  1.3365085e+002
  1.3446591e+002
  1.3528097e+002
  1.3609602e+002
  1.3691108e+002
  1.3772614e+002
  1.3854119e+002
  1.3935625e+002
  1.4017131e+002
  1.4098637e+002
  1.4180142e+002
  1.4261648e+002
  1.4196650e+002
  1.4120523e+002
  1.4044396e+002
  1.3968269e+002
  1.3892142e+002
  1.3816015e+002
  1.3739888e+002
  1.3663761e+002
  1.3587634e+002
  1.3511507e+002
  1.3435380e+002
  1.3359253e+002
  1.3283126e+002
  1.3206998e+002
  1.3130871e+002
  1.3054744e+002
  1.2978617e+002
  1.2902490e+002
  1.2826363e+002
  1.2750236e+002
  1.2674109e+002
  1.2597982e+002
  1.2521855e+002
  1.2445728e+002
  1.2369601e+002
  1.2293474e+002
  1.2217346e+002
  1.2141219e+002
  1.2065092e+002
  1.1988965e+002
  1.1912838e+002
  1.1836711e+002
  1.1760584e+002
  1.1684457e+002
  1.1608330e+002
  1.1532203e+002
  1.1456076e+002
  1.1379949e+002
  1.1303822e+002
  1.1227694e+002
  1.1151567e+002
  1.1075440e+002
  1.0999313e+002
  1.0923186e+002
  1.0847059e+002
  1.0770932e+002
  1.0694805e+002
  1.0618678e+002
  1.0542551e+002
  1.0466424e+002
  1.0390297e+002
  1.0314170e+002
  1.0238042e+002
  1.0161915e+002
  1.0085788e+002
  1.0009661e+002
  9.9335341e+001
  9.8574071e+001
  9.7812800e+001
  9.7051529e+001
  9.6290258e+001
  9.5528988e+001
  9.4767717e+001
  9.4006446e+001
  9.3245175e+001
  9.2483904e+001
  9.1722634e+001
  9.0961363e+001
  9.0200092e+001
  8.9438821e+001
  8.8677551e+001
  8.7916280e+001
  8.7155009e+001
  8.6393738e+001
  8.5632467e+001
  8.4871197e+001
  8.4109926e+001
  8.3348655e+001
  8.2587384e+001
  8.1826114e+001
  8.1064843e+001
  8.0303572e+001
  7.9542301e+001
  7.8781031e+001
  7.8019760e+001
  7.7258489e+001
  7.6497218e+001
  7.5735947e+001
  7.4974677e+001
  7.4213406e+001
  7.3452135e+001
  7.2690864e+001
  7.1929594e+001
  7.1168323e+001
  7.0407052e+001
  6.9645781e+001
  6.8884510e+001
  6.8123240e+001
  6.7361969e+001
  6.6600698e+001
  6.5839427e+001
  6.5078157e+001
  6.4316886e+001
  6.3555615e+001
  6.2794344e+001
  6.2033074e+001
  6.1271803e+001
  6.0510532e+001
  5.9749261e+001
  5.8987990e+001
  5.8226720e+001
  5.7465449e+001
  5.6704178e+001
  5.5942907e+001
  5.5181637e+001
  5.4420366e+001
  5.3659095e+001
  5.2897824e+001
  5.2136553e+001
  5.1375283e+001
  5.0614012e+001
  4.9852741e+001
  4.9091470e+001
  4.8330200e+001
  4.7568929e+001
