  6.5965900e+000
  6.5965900e+000
  6.5965900e+000
  6.5965900e+000
  6.5965900e+000
  6.5965900e+000
  6.5965900e+000
  6.5965900e+000
  6.5965900e+000
  6.5965900e+000
  6.5965900e+000
  6.8065132e+000
  7.0164364e+000
  7.2263596e+000
  7.4362828e+000
  7.6462060e+000
  7.8561293e+000
  8.0660525e+000
  8.2759757e+000
  8.4858989e+000
  8.6958221e+000
  8.9057453e+000
  9.1156685e+000
  9.3255917e+000
  9.5355149e+000
  9.7454381e+000
  9.9553613e+000
  1.0165285e+001
  1.0375208e+001
  1.0585131e+001
  1.0795054e+001
  1.1004977e+001
  1.1214901e+001
  1.1424824e+001
  1.1634747e+001
  1.1844670e+001
  1.2054593e+001
  1.2264517e+001
  1.2474440e+001
  1.2684363e+001
  1.2894286e+001
  1.3104209e+001
  1.3314133e+001
  1.3524056e+001
  1.3733979e+001
  1.3943902e+001
  1.4153826e+001
  1.4363749e+001
  1.4573672e+001
  1.4783595e+001
  1.4993518e+001
  1.5203442e+001
  1.5413365e+001
  1.5623288e+001
  1.5833211e+001
  1.6043134e+001
  1.6253058e+001
  1.6462981e+001
  1.6672904e+001
  1.6882827e+001
  1.7092750e+001
  1.7302674e+001
  1.7512597e+001
  1.7722520e+001
  1.7932443e+001
  1.8142366e+001
  1.8352290e+001
  1.8562213e+001
  1.8772136e+001
  1.8982059e+001
  1.9191983e+001
  1.9401906e+001
  1.9611829e+001
  1.9821752e+001
  2.0031675e+001
  2.0241599e+001
  2.0451522e+001
  2.0661445e+001
  2.0871368e+001
  2.1081291e+001
  2.1291215e+001
  2.1501138e+001
  2.1711061e+001
  2.1920984e+001
  2.2130907e+001
  2.2340831e+001
  2.2550754e+001
  2.2760677e+001
  2.2970600e+001
  2.3180523e+001
  2.3390447e+001
  2.3600370e+001
  2.3810293e+001
  2.4020216e+001
  2.4230140e+001
  2.4440063e+001
  2.4649986e+001
  2.4859909e+001
  2.5069832e+001
  2.5279756e+001
  2.5489679e+001
  2.5411594e+001
  2.5161951e+001
  2.4912309e+001
  2.4662667e+001
  2.4413024e+001
  2.4163382e+001
  2.3913740e+001
  2.3664097e+001
  2.3414455e+001
  2.3164813e+001
  2.2915170e+001
  2.2665528e+001
  2.2415886e+001
  2.2166244e+001
  2.1916601e+001
  2.1666959e+001
  2.1417317e+001
  2.1167674e+001
  2.0918032e+001
  2.0668390e+001
  2.0418747e+001
  2.0169105e+001
  1.9919463e+001
  1.9669820e+001
  1.9420178e+001
  1.9170536e+001
  1.8920893e+001
  1.8671251e+001
  1.8421609e+001
  1.8171967e+001
  1.7922324e+001
  1.7672682e+001
  1.7423040e+001
  1.7173397e+001
  1.6923755e+001
  1.6674113e+001
  1.6424470e+001
  1.6174828e+001
  1.5925186e+001
  1.5675543e+001
  1.5425901e+001
  1.5176259e+001
  1.4926617e+001
  1.4676974e+001
  1.4427332e+001
  1.4177690e+001
  1.3928047e+001
  1.3678405e+001
  1.3428763e+001
  1.3179120e+001
  1.2929478e+001
  1.2679836e+001
  1.2430193e+001
  1.2180551e+001
  1.1930909e+001
  1.1681266e+001
  1.1431624e+001
  1.1181982e+001
  1.0932340e+001
  1.0682697e+001
  1.0433055e+001
  1.0183413e+001
  9.9337703e+000
  9.6841280e+000
  9.4344857e+000
  9.1848434e+000
  8.9352010e+000
  8.6855587e+000
  8.4359164e+000
  8.1862741e+000
  7.9366318e+000
  7.6869895e+000
  7.4373472e+000
  7.1877049e+000
  6.9380626e+000
  6.6884202e+000
  6.4387779e+000
  6.3919700e+000
  6.3919700e+000
  6.3919700e+000
  6.3919700e+000
  6.3919700e+000
  6.3919700e+000
  6.3919700e+000
  6.3919700e+000
  6.3919700e+000
  6.3919700e+000
  6.3919700e+000
  6.3919700e+000
  6.3919700e+000
  6.3919700e+000
  6.3919700e+000
  6.3919700e+000
  6.3919700e+000
  6.3919700e+000
  6.3919700e+000
  6.3919700e+000
  6.3919700e+000
  6.3919700e+000
  6.3919700e+000
  6.3919700e+000
  6.3919700e+000
  6.3919700e+000
  6.3919700e+000
  6.3919700e+000
  6.3919700e+000
  6.3919700e+000
  6.3919700e+000
  6.3919700e+000
  6.3919700e+000
  6.3919700e+000
  6.3919700e+000
  6.3919700e+000
  6.3919700e+000
  6.3919700e+000
  6.3919700e+000
  6.3919700e+000
  6.3919700e+000
  6.3919700e+000
  6.3919700e+000
  6.3919700e+000
  6.3919700e+000
  6.3919700e+000
  6.3919700e+000
  6.3919700e+000
  6.3919700e+000
  6.3919700e+000
  6.3919700e+000
  6.3919700e+000
  6.3919700e+000
  6.3919700e+000
  6.3919700e+000
  6.3919700e+000
  6.3919700e+000
  6.3919700e+000
  6.3919700e+000
  6.3919700e+000
  6.3919700e+000
  6.3919700e+000
  6.3919700e+000
  6.3919700e+000
  6.3919700e+000
  6.3919700e+000
  6.3919700e+000
  6.3919700e+000
  6.3919700e+000
  6.3919700e+000
  6.3919700e+000
  6.3919700e+000
  6.3919700e+000
  6.3919700e+000
  6.3919700e+000
  6.3919700e+000
  6.3919700e+000
  6.3919700e+000
