  2.4138000e+001
  2.4138000e+001
  2.4138000e+001
  2.4138000e+001
  2.4138000e+001
  2.4138000e+001
  2.4138000e+001
  2.4138000e+001
  2.4138000e+001
  2.4138000e+001
  2.4138000e+001
  2.4138000e+001
  2.4355877e+001
  2.4743214e+001
  2.5130551e+001
  2.5517888e+001
  2.5905225e+001
  2.6292562e+001
  2.6679899e+001
  2.7067236e+001
  2.7454573e+001
  2.7841910e+001
  2.8229246e+001
  2.8616583e+001
  2.9003920e+001
  2.9391257e+001
  2.9778594e+001
  3.0165931e+001
  3.0553268e+001
  3.0940605e+001
  3.1327942e+001
  3.1715279e+001
  3.2102616e+001
  3.2489953e+001
  3.2877290e+001
  3.3264627e+001
  3.3651964e+001
  3.4039301e+001
  3.4426638e+001
  3.4813975e+001
  3.5201312e+001
  3.5588648e+001
  3.5975985e+001
  3.6363322e+001
  3.6750659e+001
  3.7137996e+001
  3.7525333e+001
  3.7912670e+001
  3.8300007e+001
  3.8687344e+001
  3.9074681e+001
  3.9462018e+001
  3.9849355e+001
  4.0236692e+001
  4.0624029e+001
  4.1011366e+001
  4.1398703e+001
  4.1786040e+001
  4.2173377e+001
  4.2560713e+001
  4.2948050e+001
  4.3335387e+001
  4.3722724e+001
  4.4110061e+001
  4.4497398e+001
  4.4884735e+001
  4.5272072e+001
  4.5659409e+001
  4.6046746e+001
  4.6434083e+001
  4.6821420e+001
  4.7208757e+001
  4.7596094e+001
  4.7983431e+001
  4.8370768e+001
  4.8758105e+001
  4.9145442e+001
  4.9532779e+001
  4.9920115e+001
  5.0307452e+001
  5.0694789e+001
  5.1082126e+001
  5.1469463e+001
  5.1856800e+001
  5.2244137e+001
  5.2631474e+001
  5.3018811e+001
  5.3406148e+001
  5.3793485e+001
  5.4180822e+001
  5.4568159e+001
  5.4955496e+001
  5.5342833e+001
  5.5730170e+001
  5.6117507e+001
  5.6504844e+001
  5.6892180e+001
  5.7279517e+001
  5.7666854e+001
  5.8054191e+001
  5.8441528e+001
  5.8828865e+001
  5.9216202e+001
  5.9603539e+001
  5.9990876e+001
  6.0378213e+001
  6.0765550e+001
  6.1152887e+001
  6.1540224e+001
  6.1927561e+001
  6.2314898e+001
  6.2702235e+001
  6.3089572e+001
  6.3427453e+001
  6.3141905e+001
  6.2856357e+001
  6.2570808e+001
  6.2285260e+001
  6.1999712e+001
  6.1714164e+001
  6.1428615e+001
  6.1143067e+001
  6.0857519e+001
  6.0571971e+001
  6.0286422e+001
  6.0000874e+001
  5.9715326e+001
  5.9429778e+001
  5.9144229e+001
  5.8858681e+001
  5.8573133e+001
  5.8287585e+001
  5.8002036e+001
  5.7716488e+001
  5.7430940e+001
  5.7145392e+001
  5.6859843e+001
  5.6574295e+001
  5.6288747e+001
  5.6003199e+001
  5.5717650e+001
  5.5432102e+001
  5.5146554e+001
  5.4861006e+001
  5.4575457e+001
  5.4289909e+001
  5.4004361e+001
  5.3718813e+001
  5.3433264e+001
  5.3147716e+001
  5.2862168e+001
  5.2576620e+001
  5.2291071e+001
  5.2005523e+001
  5.1719975e+001
  5.1434427e+001
  5.1148878e+001
  5.0863330e+001
  5.0577782e+001
  5.0292234e+001
  5.0006685e+001
  4.9721137e+001
  4.9435589e+001
  4.9150041e+001
  4.8864492e+001
  4.8578944e+001
  4.8293396e+001
  4.8007848e+001
  4.7722299e+001
  4.7436751e+001
  4.7151203e+001
  4.6865655e+001
  4.6580106e+001
  4.6294558e+001
  4.6009010e+001
  4.5723462e+001
  4.5437913e+001
  4.5152365e+001
  4.4866817e+001
  4.4581269e+001
  4.4295720e+001
  4.4010172e+001
  4.3724624e+001
  4.3439076e+001
  4.3153527e+001
  4.2867979e+001
  4.2582431e+001
  4.2296883e+001
  4.2011334e+001
  4.1725786e+001
  4.1440238e+001
  4.1154690e+001
  4.0869141e+001
  4.0583593e+001
  4.0298045e+001
  4.0012497e+001
  3.9726948e+001
  3.9441400e+001
  3.9155852e+001
  3.8870304e+001
  3.8584755e+001
  3.8299207e+001
  3.8013659e+001
  3.7728111e+001
  3.7442562e+001
  3.7157014e+001
  3.6871466e+001
  3.6585918e+001
  3.6300369e+001
  3.6014821e+001
  3.5729273e+001
  3.5443725e+001
  3.5158176e+001
  3.4872628e+001
  3.4587080e+001
  3.4301532e+001
  3.4015983e+001
  3.3730435e+001
  3.3444887e+001
  3.3159339e+001
  3.2873790e+001
  3.2588242e+001
  3.2302694e+001
  3.2017146e+001
  3.1731597e+001
  3.1446049e+001
  3.1160501e+001
  3.0874953e+001
  3.0589404e+001
  3.0303856e+001
  3.0018308e+001
  2.9732760e+001
  2.9447211e+001
  2.9161663e+001
  2.8876115e+001
  2.8590567e+001
  2.8305018e+001
  2.8019470e+001
  2.7733922e+001
  2.7448374e+001
  2.7162825e+001
  2.6877277e+001
  2.6591729e+001
  2.6306181e+001
  2.6020632e+001
  2.5735084e+001
  2.5449536e+001
  2.5163987e+001
  2.4878439e+001
  2.4592891e+001
  2.4307343e+001
  2.4021794e+001
  2.3736246e+001
  2.3450698e+001
  2.3165150e+001
  2.2879601e+001
