  2.4893720e+001
  2.4893720e+001
  2.4893720e+001
  2.4893720e+001
  2.4893720e+001
  2.4893720e+001
  2.4893720e+001
  2.4893720e+001
  2.4893720e+001
  2.4893720e+001
  2.4893720e+001
  2.4893720e+001
  2.5084347e+001
  2.5520066e+001
  2.5955785e+001
  2.6391504e+001
  2.6827222e+001
  2.7262941e+001
  2.7698660e+001
  2.8134379e+001
  2.8570098e+001
  2.9005817e+001
  2.9441536e+001
  2.9877254e+001
  3.0312973e+001
  3.0748692e+001
  3.1184411e+001
  3.1620130e+001
  3.2055849e+001
  3.2491567e+001
  3.2927286e+001
  3.3363005e+001
  3.3798724e+001
  3.4234443e+001
  3.4670162e+001
  3.5105881e+001
  3.5541599e+001
  3.5977318e+001
  3.6413037e+001
  3.6848756e+001
  3.7284475e+001
  3.7720194e+001
  3.8155913e+001
  3.8591631e+001
  3.9027350e+001
  3.9463069e+001
  3.9898788e+001
  4.0334507e+001
  4.0770226e+001
  4.1205945e+001
  4.1641663e+001
  4.2077382e+001
  4.2513101e+001
  4.2948820e+001
  4.3384539e+001
  4.3820258e+001
  4.4255977e+001
  4.4691695e+001
  4.5127414e+001
  4.5563133e+001
  4.5998852e+001
  4.6434571e+001
  4.6870290e+001
  4.7306008e+001
  4.7741727e+001
  4.8177446e+001
  4.8613165e+001
  4.9048884e+001
  4.9484603e+001
  4.9920322e+001
  5.0356040e+001
  5.0791759e+001
  5.1227478e+001
  5.1663197e+001
  5.2098916e+001
  5.2534635e+001
  5.2970354e+001
  5.3406072e+001
  5.3841791e+001
  5.4277510e+001
  5.4713229e+001
  5.5148948e+001
  5.5584667e+001
  5.6020386e+001
  5.6456104e+001
  5.6891823e+001
  5.7327542e+001
  5.7763261e+001
  5.8198980e+001
  5.8634699e+001
  5.9070418e+001
  5.9506136e+001
  5.9941855e+001
  6.0377574e+001
  6.0813293e+001
  6.1249012e+001
  6.1684731e+001
  6.2120449e+001
  6.2556168e+001
  6.2991887e+001
  6.3427606e+001
  6.3863325e+001
  6.4299044e+001
  6.4734763e+001
  6.5170481e+001
  6.5606200e+001
  6.6041919e+001
  6.6477638e+001
  6.6913357e+001
  6.7349076e+001
  6.7491547e+001
  6.7155192e+001
  6.6818837e+001
  6.6482481e+001
  6.6146126e+001
  6.5809771e+001
  6.5473416e+001
  6.5137061e+001
  6.4800706e+001
  6.4464351e+001
  6.4127996e+001
  6.3791640e+001
  6.3455285e+001
  6.3118930e+001
  6.2782575e+001
  6.2446220e+001
  6.2109865e+001
  6.1773510e+001
  6.1437154e+001
  6.1100799e+001
  6.0764444e+001
  6.0428089e+001
  6.0091734e+001
  5.9755379e+001
  5.9419024e+001
  5.9082669e+001
  5.8746313e+001
  5.8409958e+001
  5.8073603e+001
  5.7737248e+001
  5.7400893e+001
  5.7064538e+001
  5.6728183e+001
  5.6391828e+001
  5.6055472e+001
  5.5719117e+001
  5.5382762e+001
  5.5046407e+001
  5.4710052e+001
  5.4373697e+001
  5.4037342e+001
  5.3700986e+001
  5.3364631e+001
  5.3028276e+001
  5.2691921e+001
  5.2355566e+001
  5.2019211e+001
  5.1682856e+001
  5.1346501e+001
  5.1010145e+001
  5.0673790e+001
  5.0337435e+001
  5.0001080e+001
  4.9664725e+001
  4.9328370e+001
  4.8992015e+001
  4.8655660e+001
  4.8319304e+001
  4.7982949e+001
  4.7646594e+001
  4.7310239e+001
  4.6973884e+001
  4.6637529e+001
  4.6301174e+001
  4.5964818e+001
  4.5628463e+001
  4.5292108e+001
  4.4955753e+001
  4.4619398e+001
  4.4283043e+001
  4.3946688e+001
  4.3610333e+001
  4.3273977e+001
  4.2937622e+001
  4.2601267e+001
  4.2264912e+001
  4.1928557e+001
  4.1592202e+001
  4.1255847e+001
  4.0919492e+001
  4.0583136e+001
  4.0246781e+001
  3.9910426e+001
  3.9574071e+001
  3.9237716e+001
  3.8901361e+001
  3.8565006e+001
  3.8228650e+001
  3.7892295e+001
  3.7555940e+001
  3.7219585e+001
  3.6883230e+001
  3.6546875e+001
  3.6210520e+001
  3.5874165e+001
  3.5537809e+001
  3.5201454e+001
  3.4865099e+001
  3.4528744e+001
  3.4192389e+001
  3.3856034e+001
  3.3519679e+001
  3.3183324e+001
  3.2846968e+001
  3.2510613e+001
  3.2174258e+001
  3.1837903e+001
  3.1501548e+001
  3.1165193e+001
  3.0828838e+001
  3.0492482e+001
  3.0156127e+001
  2.9819772e+001
  2.9483417e+001
  2.9147062e+001
  2.8810707e+001
  2.8474352e+001
  2.8137997e+001
  2.7801641e+001
  2.7465286e+001
  2.7128931e+001
  2.6792576e+001
  2.6456221e+001
  2.6119866e+001
  2.5783511e+001
  2.5447156e+001
  2.5110800e+001
  2.4774445e+001
  2.4438090e+001
  2.4101735e+001
  2.3765380e+001
  2.3429025e+001
  2.3092670e+001
  2.2756314e+001
  2.2419959e+001
  2.2083604e+001
  2.1747249e+001
  2.1410894e+001
  2.1074539e+001
  2.0738184e+001
  2.0401829e+001
  2.0065473e+001
  1.9729118e+001
  1.9392763e+001
  1.9056408e+001
  1.8720053e+001
