  1.5559900e+001
  1.5559900e+001
  1.5559900e+001
  1.5559900e+001
  1.5559900e+001
  1.5559900e+001
  1.5559900e+001
  1.5559900e+001
  1.5559900e+001
  1.5559900e+001
  1.5559900e+001
  1.5559900e+001
  1.5855752e+001
  1.6151604e+001
  1.6447456e+001
  1.6743308e+001
  1.7039160e+001
  1.7335013e+001
  1.7630865e+001
  1.7926717e+001
  1.8222569e+001
  1.8518421e+001
  1.8814273e+001
  1.9110125e+001
  1.9405977e+001
  1.9701829e+001
  1.9997681e+001
  2.0293533e+001
  2.0589386e+001
  2.0885238e+001
  2.1181090e+001
  2.1476942e+001
  2.1772794e+001
  2.2068646e+001
  2.2364498e+001
  2.2660350e+001
  2.2956202e+001
  2.3252054e+001
  2.3547906e+001
  2.3843759e+001
  2.4139611e+001
  2.4435463e+001
  2.4731315e+001
  2.5027167e+001
  2.5323019e+001
  2.5618871e+001
  2.5914723e+001
  2.6210575e+001
  2.6506427e+001
  2.6802279e+001
  2.7098132e+001
  2.7393984e+001
  2.7689836e+001
  2.7985688e+001
  2.8281540e+001
  2.8577392e+001
  2.8873244e+001
  2.9169096e+001
  2.9464948e+001
  2.9760800e+001
  3.0056652e+001
  3.0352505e+001
  3.0648357e+001
  3.0944209e+001
  3.1240061e+001
  3.1535913e+001
  3.1831765e+001
  3.2127617e+001
  3.2423469e+001
  3.2719321e+001
  3.3015173e+001
  3.3311026e+001
  3.3606878e+001
  3.3902730e+001
  3.4198582e+001
  3.4494434e+001
  3.4790286e+001
  3.5086138e+001
  3.5381990e+001
  3.5677842e+001
  3.5973694e+001
  3.6269546e+001
  3.6565399e+001
  3.6861251e+001
  3.7157103e+001
  3.7452955e+001
  3.7748807e+001
  3.8044659e+001
  3.8340511e+001
  3.8636363e+001
  3.8932215e+001
  3.9228067e+001
  3.9523919e+001
  3.9819772e+001
  4.0115624e+001
  4.0411476e+001
  4.0707328e+001
  4.1003180e+001
  4.1299032e+001
  4.1594884e+001
  4.1890736e+001
  4.2186588e+001
  4.2482440e+001
  4.2778292e+001
  4.2878506e+001
  4.2686522e+001
  4.2494538e+001
  4.2302555e+001
  4.2110571e+001
  4.1918587e+001
  4.1726603e+001
  4.1534619e+001
  4.1342636e+001
  4.1150652e+001
  4.0958668e+001
  4.0766684e+001
  4.0574700e+001
  4.0382717e+001
  4.0190733e+001
  3.9998749e+001
  3.9806765e+001
  3.9614781e+001
  3.9422797e+001
  3.9230814e+001
  3.9038830e+001
  3.8846846e+001
  3.8654862e+001
  3.8462878e+001
  3.8270895e+001
  3.8078911e+001
  3.7886927e+001
  3.7694943e+001
  3.7502959e+001
  3.7310976e+001
  3.7118992e+001
  3.6927008e+001
  3.6735024e+001
  3.6543040e+001
  3.6351056e+001
  3.6159073e+001
  3.5967089e+001
  3.5775105e+001
  3.5583121e+001
  3.5391137e+001
  3.5199154e+001
  3.5007170e+001
  3.4815186e+001
  3.4623202e+001
  3.4431218e+001
  3.4239235e+001
  3.4047251e+001
  3.3855267e+001
  3.3663283e+001
  3.3471299e+001
  3.3279316e+001
  3.3087332e+001
  3.2895348e+001
  3.2703364e+001
  3.2511380e+001
  3.2319396e+001
  3.2127413e+001
  3.1935429e+001
  3.1743445e+001
  3.1551461e+001
  3.1359477e+001
  3.1167494e+001
  3.0975510e+001
  3.0783526e+001
  3.0591542e+001
  3.0399558e+001
  3.0207575e+001
  3.0015591e+001
  2.9823607e+001
  2.9631623e+001
  2.9439639e+001
  2.9247655e+001
  2.9055672e+001
  2.8863688e+001
  2.8671704e+001
  2.8479720e+001
  2.8287736e+001
  2.8095753e+001
  2.7903769e+001
  2.7711785e+001
  2.7519801e+001
  2.7327817e+001
  2.7135834e+001
  2.6943850e+001
  2.6751866e+001
  2.6559882e+001
  2.6367898e+001
  2.6175915e+001
  2.5983931e+001
  2.5791947e+001
  2.5599963e+001
  2.5407979e+001
  2.5215995e+001
  2.5024012e+001
  2.4832028e+001
  2.4640044e+001
  2.4448060e+001
  2.4256076e+001
  2.4064093e+001
  2.3872109e+001
  2.3680125e+001
  2.3488141e+001
  2.3296157e+001
  2.3104174e+001
  2.2912190e+001
  2.2720206e+001
  2.2528222e+001
  2.2336238e+001
  2.2144254e+001
  2.1952271e+001
  2.1760287e+001
  2.1568303e+001
  2.1376319e+001
  2.1184335e+001
  2.0992352e+001
  2.0800368e+001
  2.0608384e+001
  2.0416400e+001
  2.0224416e+001
  2.0032433e+001
  1.9840449e+001
  1.9648465e+001
  1.9456481e+001
  1.9264497e+001
  1.9072513e+001
  1.8880530e+001
  1.8688546e+001
  1.8496562e+001
  1.8304578e+001
  1.8112594e+001
  1.7920611e+001
  1.7728627e+001
  1.7536643e+001
  1.7344659e+001
  1.7152675e+001
  1.6960692e+001
  1.6768708e+001
  1.6576724e+001
  1.6384740e+001
  1.6192756e+001
  1.6000773e+001
  1.5808789e+001
  1.5616805e+001
  1.5424821e+001
  1.5232837e+001
  1.5040853e+001
  1.4848870e+001
  1.4656886e+001
  1.4488900e+001
  1.4488900e+001
  1.4488900e+001
  1.4488900e+001
