  1.4184100e+001
  1.4184100e+001
  1.4184100e+001
  1.4184100e+001
  1.4184100e+001
  1.4184100e+001
  1.4184100e+001
  1.4184100e+001
  1.4184100e+001
  1.4184100e+001
  1.4184100e+001
  1.4379332e+001
  1.4574565e+001
  1.4769797e+001
  1.4965030e+001
  1.5160262e+001
  1.5355495e+001
  1.5550727e+001
  1.5745960e+001
  1.5941192e+001
  1.6136425e+001
  1.6331657e+001
  1.6526890e+001
  1.6722122e+001
  1.6917355e+001
  1.7112587e+001
  1.7307820e+001
  1.7503052e+001
  1.7698285e+001
  1.7893517e+001
  1.8088750e+001
  1.8283982e+001
  1.8479215e+001
  1.8674447e+001
  1.8869680e+001
  1.9064912e+001
  1.9260144e+001
  1.9455377e+001
  1.9650609e+001
  1.9845842e+001
  2.0041074e+001
  2.0236307e+001
  2.0431539e+001
  2.0626772e+001
  2.0822004e+001
  2.1017237e+001
  2.1212469e+001
  2.1407702e+001
  2.1602934e+001
  2.1798167e+001
  2.1993399e+001
  2.2188632e+001
  2.2383864e+001
  2.2579097e+001
  2.2774329e+001
  2.2969562e+001
  2.3164794e+001
  2.3360027e+001
  2.3555259e+001
  2.3750491e+001
  2.3945724e+001
  2.4140956e+001
  2.4336189e+001
  2.4531421e+001
  2.4726654e+001
  2.4921886e+001
  2.5117119e+001
  2.5312351e+001
  2.5507584e+001
  2.5702816e+001
  2.5898049e+001
  2.6093281e+001
  2.6288514e+001
  2.6483746e+001
  2.6678979e+001
  2.6874211e+001
  2.7069444e+001
  2.7264676e+001
  2.7459909e+001
  2.7655141e+001
  2.7850374e+001
  2.8045606e+001
  2.8240839e+001
  2.8436071e+001
  2.8631303e+001
  2.8826536e+001
  2.9021768e+001
  2.9217001e+001
  2.9412233e+001
  2.9607466e+001
  2.9802698e+001
  2.9997931e+001
  3.0193163e+001
  3.0388396e+001
  3.0583628e+001
  3.0778861e+001
  3.0974093e+001
  3.1169326e+001
  3.1364558e+001
  3.1559791e+001
  3.1755023e+001
  3.1950256e+001
  3.2026806e+001
  3.1757948e+001
  3.1489090e+001
  3.1220232e+001
  3.0951374e+001
  3.0682516e+001
  3.0413658e+001
  3.0144800e+001
  2.9875942e+001
  2.9607084e+001
  2.9338226e+001
  2.9069368e+001
  2.8800510e+001
  2.8531652e+001
  2.8262794e+001
  2.7993935e+001
  2.7725078e+001
  2.7456220e+001
  2.7187362e+001
  2.6918504e+001
  2.6649645e+001
  2.6380788e+001
  2.6111930e+001
  2.5843072e+001
  2.5574213e+001
  2.5305356e+001
  2.5036498e+001
  2.4767640e+001
  2.4498782e+001
  2.4229923e+001
  2.3961066e+001
  2.3692208e+001
  2.3423350e+001
  2.3154491e+001
  2.2885634e+001
  2.2616776e+001
  2.2347918e+001
  2.2079060e+001
  2.1810201e+001
  2.1541344e+001
  2.1272486e+001
  2.1003628e+001
  2.0734769e+001
  2.0465912e+001
  2.0197053e+001
  1.9928196e+001
  1.9659337e+001
  1.9390479e+001
  1.9121622e+001
  1.8852764e+001
  1.8583906e+001
  1.8315047e+001
  1.8046190e+001
  1.7777331e+001
  1.7508474e+001
  1.7239615e+001
  1.6970757e+001
  1.6701900e+001
  1.6433041e+001
  1.6164184e+001
  1.5895325e+001
  1.5626467e+001
  1.5357609e+001
  1.5088751e+001
  1.4819893e+001
  1.4551035e+001
  1.4282178e+001
  1.4013320e+001
  1.3744461e+001
  1.3475603e+001
  1.3273960e+001
  1.3273960e+001
  1.3273960e+001
  1.3273960e+001
  1.3273960e+001
  1.3273960e+001
  1.3273960e+001
  1.3273960e+001
  1.3273960e+001
  1.3273960e+001
  1.3273960e+001
  1.3273960e+001
  1.3273960e+001
  1.3273960e+001
  1.3273960e+001
  1.3273960e+001
  1.3273960e+001
  1.3273960e+001
  1.3273960e+001
  1.3273960e+001
  1.3273960e+001
  1.3273960e+001
  1.3273960e+001
  1.3273960e+001
  1.3273960e+001
  1.3273960e+001
  1.3273960e+001
  1.3273960e+001
  1.3273960e+001
  1.3273960e+001
  1.3273960e+001
  1.3273960e+001
  1.3273960e+001
  1.3273960e+001
  1.3273960e+001
  1.3273960e+001
  1.3273960e+001
  1.3273960e+001
  1.3273960e+001
  1.3273960e+001
  1.3273960e+001
  1.3273960e+001
  1.3273960e+001
  1.3273960e+001
  1.3273960e+001
  1.3273960e+001
  1.3273960e+001
  1.3273960e+001
  1.3273960e+001
  1.3273960e+001
  1.3273960e+001
  1.3273960e+001
  1.3273960e+001
  1.3273960e+001
  1.3273960e+001
  1.3273960e+001
  1.3273960e+001
  1.3273960e+001
  1.3273960e+001
  1.3273960e+001
  1.3273960e+001
  1.3273960e+001
  1.3273960e+001
  1.3273960e+001
  1.3273960e+001
  1.3273960e+001
  1.3273960e+001
  1.3273960e+001
  1.3273960e+001
  1.3273960e+001
  1.3273960e+001
  1.3273960e+001
  1.3273960e+001
  1.3273960e+001
  1.3273960e+001
  1.3273960e+001
  1.3273960e+001
  1.3273960e+001
  1.3273960e+001
  1.3273960e+001
  1.3273960e+001
  1.3273960e+001
  1.3273960e+001
  1.3273960e+001
