  2.3523320e+001
  2.3523320e+001
  2.3523320e+001
  2.3523320e+001
  2.3523320e+001
  2.3523320e+001
  2.3523320e+001
  2.3523320e+001
  2.3523320e+001
  2.3523320e+001
  2.3523320e+001
  2.4171619e+001
  2.4819917e+001
  2.5468216e+001
  2.6116515e+001
  2.6764814e+001
  2.7413112e+001
  2.8061411e+001
  2.8709710e+001
  2.9358009e+001
  3.0006307e+001
  3.0654606e+001
  3.1302905e+001
  3.1951204e+001
  3.2599502e+001
  3.3247801e+001
  3.3896100e+001
  3.4544398e+001
  3.5192697e+001
  3.5840996e+001
  3.6489295e+001
  3.7137593e+001
  3.7785892e+001
  3.8434191e+001
  3.9082490e+001
  3.9730788e+001
  4.0379087e+001
  4.1027386e+001
  4.1675684e+001
  4.2323983e+001
  4.2972282e+001
  4.3620581e+001
  4.4268879e+001
  4.4917178e+001
  4.5565477e+001
  4.6213776e+001
  4.6862074e+001
  4.7510373e+001
  4.8158672e+001
  4.8806971e+001
  4.9455269e+001
  5.0103568e+001
  5.0228747e+001
  4.9998389e+001
  4.9768032e+001
  4.9537675e+001
  4.9307317e+001
  4.9076960e+001
  4.8846603e+001
  4.8616245e+001
  4.8385888e+001
  4.8155531e+001
  4.7925173e+001
  4.7694816e+001
  4.7464459e+001
  4.7234101e+001
  4.7003744e+001
  4.6773387e+001
  4.6543029e+001
  4.6312672e+001
  4.6082315e+001
  4.5851957e+001
  4.5621600e+001
  4.5391243e+001
  4.5160885e+001
  4.4930528e+001
  4.4700171e+001
  4.4469813e+001
  4.4239456e+001
  4.4009099e+001
  4.3778741e+001
  4.3548384e+001
  4.3318027e+001
  4.3087669e+001
  4.2857312e+001
  4.2626955e+001
  4.2396597e+001
  4.2166240e+001
  4.1935883e+001
  4.1705525e+001
  4.1475168e+001
  4.1244811e+001
  4.1014453e+001
  4.0784096e+001
  4.0553739e+001
  4.0323381e+001
  4.0093024e+001
  3.9862667e+001
  3.9632309e+001
  3.9401952e+001
  3.9171595e+001
  3.8941237e+001
  3.8710880e+001
  3.8480523e+001
  3.8250165e+001
  3.8019808e+001
  3.7789451e+001
  3.7559093e+001
  3.7328736e+001
  3.7098379e+001
  3.6868021e+001
  3.6637664e+001
  3.6407307e+001
  3.6176949e+001
  3.5946592e+001
  3.5716235e+001
  3.5485877e+001
  3.5255520e+001
  3.5025163e+001
  3.4794805e+001
  3.4564448e+001
  3.4334091e+001
  3.4103733e+001
  3.3873376e+001
  3.3643019e+001
  3.3412661e+001
  3.3182304e+001
  3.2951947e+001
  3.2721589e+001
  3.2491232e+001
  3.2260875e+001
  3.2030517e+001
  3.1800160e+001
  3.1569803e+001
  3.1339445e+001
  3.1109088e+001
  3.0878731e+001
  3.0648373e+001
  3.0418016e+001
  3.0187659e+001
  2.9957301e+001
  2.9726944e+001
  2.9496587e+001
  2.9266229e+001
  2.9035872e+001
  2.8805515e+001
  2.8575157e+001
  2.8344800e+001
  2.8114443e+001
  2.7884085e+001
  2.7653728e+001
  2.7423371e+001
  2.7193013e+001
  2.6962656e+001
  2.6732299e+001
  2.6501941e+001
  2.6271584e+001
  2.6041227e+001
  2.5810869e+001
  2.5580512e+001
  2.5350155e+001
  2.5119797e+001
  2.4889440e+001
  2.4659083e+001
  2.4428725e+001
  2.4198368e+001
  2.3968011e+001
  2.3737653e+001
  2.3507296e+001
  2.3276939e+001
  2.3046581e+001
  2.2816224e+001
  2.2585867e+001
  2.2355509e+001
  2.2125152e+001
  2.1894795e+001
  2.1664437e+001
  2.1434080e+001
  2.1203723e+001
  2.0973365e+001
  2.0743008e+001
  2.0512651e+001
  2.0282293e+001
  2.0051936e+001
  1.9821579e+001
  1.9591221e+001
  1.9360864e+001
  1.9130507e+001
  1.8900149e+001
  1.8669792e+001
  1.8439435e+001
  1.8209077e+001
  1.7978720e+001
  1.7748363e+001
  1.7518005e+001
  1.7287648e+001
  1.7057291e+001
  1.6826933e+001
  1.6596576e+001
  1.6366219e+001
  1.6135861e+001
  1.5905504e+001
  1.5675147e+001
  1.5444789e+001
  1.5214432e+001
  1.4984075e+001
  1.4753717e+001
  1.4523360e+001
  1.4293003e+001
  1.4091440e+001
  1.4091440e+001
  1.4091440e+001
  1.4091440e+001
  1.4091440e+001
  1.4091440e+001
  1.4091440e+001
  1.4091440e+001
  1.4091440e+001
  1.4091440e+001
  1.4091440e+001
  1.4091440e+001
  1.4091440e+001
  1.4091440e+001
  1.4091440e+001
  1.4091440e+001
  1.4091440e+001
  1.4091440e+001
  1.4091440e+001
  1.4091440e+001
  1.4091440e+001
  1.4091440e+001
  1.4091440e+001
  1.4091440e+001
  1.4091440e+001
  1.4091440e+001
  1.4091440e+001
  1.4091440e+001
  1.4091440e+001
  1.4091440e+001
  1.4091440e+001
  1.4091440e+001
  1.4091440e+001
  1.4091440e+001
  1.4091440e+001
  1.4091440e+001
  1.4091440e+001
  1.4091440e+001
  1.4091440e+001
  1.4091440e+001
  1.4091440e+001
  1.4091440e+001
  1.4091440e+001
  1.4091440e+001
  1.4091440e+001
  1.4091440e+001
  1.4091440e+001
