 800	 800	 800	 800	
13322	12422	11186	12422	
12220	11428	10297	11428	
11119	10433	9408	10433	
10017	9439	8520	9439	
9295	8702	7850	8702	
8797	8261	7470	8261	
8360	7836	7126	7836	
7946	7443	6821	7443	
7593	7108	6541	7108	
7340	6885	6363	6885	
7133	6709	6210	6709	
6979	6548	6082	6548	
6874	6436	6008	6436	
6760	6342	5928	6342	
6760	6328	5926	6328	
6739	6335	5923	6335	
6732	6323	5932	6323	
6723	6318	5924	6318	
6725	6314	5923	6314	
6737	6308	5929	6308	
6752	6306	5914	6306	
6830	6372	5963	6372	
6980	6484	6055	6484	
7128	6619	6187	6619	
7326	6795	6330	6795	
7583	7002	6522	7002	
7972	7328	6811	7328	
8459	7780	7226	7780	
9153	8353	7702	8353	
9963	9092	8345	9092	
11212	10206	9350	10206	
13195	11829	10760	11829	
12992	12234	11003	12234	
11633	10937	9871	10937	
10273	9641	8739	9641	
9368	8795	7984	8795	
8734	8182	7451	8182	
8299	7769	7094	7769	
7922	7414	6802	7414	
7576	7087	6539	7087	
7277	6804	6298	6804	
7055	6605	6124	6605	
6869	6431	5987	6431	
6736	6301	5884	6301	
6631	6210	5815	6210	
6555	6140	5772	6140	
6531	6110	5760	6110	
6509	6106	5757	6106	
6514	6116	5777	6116	
6515	6122	5787	6122	
6517	6119	5792	6119	
6517	6098	5777	6098	
6510	6088	5748	6088	
6585	6132	5784	6132	
6716	6228	5857	6228	
6855	6357	5974	6357	
7047	6507	6108	6507	
7260	6693	6272	6693	
7557	6944	6482	6944	
7976	7306	6812	7306	
8568	7812	7258	7812	
9228	8395	7784	8395	
10171	9249	8525	9249	
11575	10452	9578	10452	
11931	11258	10101	11258	
10579	9941	8970	9941	
9488	8904	8085	8904	
8738	8200	7477	8200	
8153	7647	7002	7647	
7789	7296	6693	7296	
7467	6985	6438	6985	
7149	6699	6204	6699	
6904	6476	6012	6476	
6720	6292	5869	6292	
6561	6153	5757	6153	
6454	6048	5675	6048	
6363	5971	5617	5971	
6290	5911	5577	5911	
6265	5888	5571	5888	
6237	5868	5562	5868	
6242	5878	5579	5878	
6278	5917	5624	5917	
6283	5914	5633	5914	
6215	5842	5561	5842	
6243	5841	5549	5841	
6284	5881	5581	5881	
6378	5931	5617	5931	
6519	6062	5726	6062	
6694	6210	5849	6210	
6891	6364	5984	6364	
7135	6577	6171	6577	
7447	6844	6398	6844	
7948	7274	6778	7274	
8480	7742	7200	7742	
9336	8470	7834	8470	
10391	9426	8631	9426	
10899	10304	9270	10304	
9823	9228	8349	9228	
8901	8362	7607	8362	
8248	7745	7078	7745	
7780	7290	6690	7290	
7426	6956	6408	6956	
7099	6650	6159	6650	
6822	6400	5962	6400	
6613	6202	5794	6202	
6429	6040	5673	6040	
6305	5924	5573	5924	
6221	5839	5510	5839	
6137	5765	5452	5765	
6070	5705	5402	5705	
6023	5675	5388	5675	
5998	5651	5372	5651	
5989	5651	5388	5651	
6021	5677	5418	5677	
6010	5674	5434	5674	
5993	5666	5426	5666	
6026	5672	5420	5672	
6077	5693	5443	5693	
6159	5765	5493	5765	
6262	5827	5539	5827	
6408	5954	5639	5954	
6571	6099	5762	6099	
6811	6281	5916	6281	
7061	6514	6120	6514	
7455	6848	6407	6848	
7975	7309	6804	7309	
8751	7981	7408	7981	
9670	8823	8129	8823	
10128	9561	8621	9561	
9229	8681	7881	8681	
8443	7930	7232	7930	
7876	7398	6779	7398	
7466	7013	6453	7013	
7121	6685	6178	6685	
6802	6392	5957	6392	
6563	6176	5776	6176	
6360	5990	5632	5990	
6208	5849	5514	5849	
6077	5726	5410	5726	
5992	5644	5352	5644	
5923	5583	5305	5583	
5837	5509	5249	5509	
5783	5458	5206	5458	
5748	5426	5178	5426	
5732	5418	5185	5418	
5748	5442	5220	5442	
5765	5474	5261	5474	
5782	5498	5298	5498	
5806	5494	5292	5494	
5853	5520	5301	5520	
5939	5582	5344	5582	
6042	5654	5398	5654	
6144	5728	5450	5728	
6320	5880	5573	5880	
6517	6038	5713	6038	
6762	6254	5894	6254	
7095	6532	6133	6532	
7556	6936	6495	6936	
8237	7554	7026	7554	
9023	8261	7620	8261	
9506	9001	8130	9001	
8763	8263	7506	8263	
8046	7572	6927	7572	
7551	7118	6552	7118	
7177	6750	6241	6750	
6820	6431	5980	6431	
6538	6170	5779	6170	
6317	5965	5620	5965	
6126	5789	5485	5789	
5980	5657	5369	5657	
5849	5534	5268	5534	
5752	5448	5205	5448	
5685	5384	5156	5384	
5619	5323	5110	5323	
5558	5267	5060	5267	
5517	5231	5028	5231	
5495	5217	5023	5217	
5515	5246	5066	5246	
5547	5294	5120	5294	
5587	5333	5171	5333	
5595	5331	5175	5331	
5624	5332	5169	5332	
5696	5374	5185	5374	
5801	5462	5251	5462	
5892	5530	5301	5530	
6046	5651	5384	5651	
6251	5816	5532	5816	
6487	6014	5707	6014	
6776	6268	5918	6268	
7140	6602	6205	6602	
7753	7159	6679	7159	
8477	7777	7208	7777	
9014	8553	7763	8553	
8346	7877	7185	7877	
7724	7283	6684	7283	
7287	6872	6345	6872	
6911	6516	6044	6516	
6596	6224	5828	6224	
6317	5980	5631	5980	
6095	5779	5475	5779	
5897	5602	5329	5602	
5764	5476	5225	5476	
5634	5356	5131	5356	
5536	5265	5061	5265	
5459	5196	5011	5196	
5394	5141	4969	5141	
5346	5101	4942	5101	
5327	5081	4920	5081	
5302	5057	4906	5057	
5306	5064	4921	5064	
5304	5080	4945	5080	
5341	5123	4993	5123	
5387	5165	5037	5165	
5419	5168	5027	5168	
5502	5218	5053	5218	
5582	5285	5109	5285	
5678	5352	5147	5352	
5802	5445	5221	5445	
5988	5605	5357	5605	
6236	5798	5521	5798	
6498	6041	5735	6041	
6846	6339	5973	6339	
7358	6801	6372	6801	
7980	7353	6856	7353	
8658	8221	7475	8221	
8036	7590	6934	7590	
7457	7052	6486	7052	
7062	6664	6168	6664	
6677	6321	5892	6321	
6387	6056	5699	6056	
6150	5839	5532	5839	
5935	5656	5384	5656	
5731	5457	5219	5457	
5581	5319	5096	5319	
5453	5204	5010	5204	
5348	5118	4948	5118	
5273	5055	4915	5055	
5236	5022	4886	5022	
5196	4992	4863	4992	
5169	4963	4837	4963	
5138	4933	4809	4933	
5140	4941	4821	4941	
5126	4942	4841	4942	
5139	4956	4856	4956	
5204	5008	4899	5008	
5248	5036	4917	5036	
5315	5080	4946	5080	
5369	5108	4957	5108	
5443	5156	4984	5156	
5571	5258	5067	5258	
5766	5420	5198	5420	
5993	5611	5358	5611	
6276	5859	5569	5859	
6610	6143	5819	6143	
7054	6540	6150	6540	
7574	7010	6572	7010	
8366	7946	7228	7946	
7746	7345	6715	7345	
7245	6849	6307	6849	
6847	6476	6015	6476	
6495	6152	5755	6152	
6212	5903	5570	5903	
5998	5702	5424	5702	
5796	5530	5283	5530	
5614	5365	5155	5365	
5433	5199	5012	5199	
5284	5065	4902	5065	
5188	4988	4849	4988	
5127	4942	4832	4942	
5086	4909	4799	4909	
5043	4868	4765	4868	
5012	4839	4739	4839	
4984	4808	4709	4808	
4971	4810	4726	4810	
4962	4809	4732	4809	
4962	4809	4740	4809	
5002	4838	4749	4838	
5025	4843	4749	4843	
5102	4894	4783	4894	
5167	4943	4816	4943	
5246	4998	4861	4998	
5373	5093	4931	5093	
5557	5248	5051	5248	
5796	5446	5217	5446	
6069	5685	5422	5685	
6380	5961	5659	5961	
6774	6302	5952	6302	
7228	6700	6294	6700	
8096	7715	7024	7715	
7520	7145	6551	7145	
7076	6701	6187	6701	
6677	6327	5888	6327	
6323	6014	5645	6014	
6079	5794	5481	5794	
5863	5612	5334	5612	
5686	5445	5216	5445	
5499	5281	5080	5281	
5334	5128	4961	5128	
5178	4986	4842	4986	
5067	4889	4772	4889	
5001	4838	4743	4838	
4957	4811	4716	4811	
4902	4752	4673	4752	
4857	4718	4637	4718	
4813	4676	4609	4676	
4793	4668	4616	4668	
4797	4683	4639	4683	
4808	4687	4638	4687	
4857	4716	4654	4716	
4892	4740	4664	4740	
4950	4774	4676	4774	
5028	4824	4712	4824	
5107	4890	4769	4890	
5207	4965	4832	4965	
5387	5115	4951	5115	
5614	5310	5109	5310	
5901	5540	5303	5540	
6196	5798	5525	5798	
6550	6106	5786	6106	
6904	6438	6066	6438	
7857	7520	6879	7520	
7337	7004	6434	7004	
6915	6577	6098	6577	
6523	6200	5799	6200	
6192	5909	5559	5909	
5952	5692	5399	5692	
5762	5526	5273	5526	
5593	5379	5161	5379	
5393	5196	5011	5196	
5216	5038	4892	5038	
5065	4910	4792	4910	
4961	4811	4712	4811	
4879	4750	4672	4750	
4825	4708	4638	4708	
4751	4636	4576	4636	
4724	4605	4555	4605	
4664	4562	4524	4562	
4641	4543	4512	4543	
4652	4564	4545	4564	
4641	4559	4544	4559	
4687	4587	4553	4587	
4757	4637	4587	4637	
4813	4670	4590	4670	
4887	4726	4645	4726	
4965	4781	4686	4781	
5063	4865	4756	4865	
5263	5025	4883	5025	
5493	5220	5045	5220	
5747	5438	5225	5438	
6030	5678	5428	5678	
6374	5973	5673	5973	
6712	6276	5936	6276	
7624	7323	6717	7323	
7178	6859	6318	6859	
6755	6448	5982	6448	
6380	6087	5700	6087	
6057	5785	5454	5785	
5809	5571	5281	5571	
5614	5392	5149	5392	
5452	5263	5059	5263	
5260	5092	4919	5092	
5091	4932	4796	4932	
4957	4808	4698	4808	
4834	4715	4623	4715	
4764	4654	4580	4654	
4687	4592	4525	4592	
4626	4535	4488	4535	
4582	4493	4443	4493	
4516	4436	4407	4436	
4499	4428	4409	4428	
4521	4450	4441	4450	
4515	4444	4429	4444	
4570	4494	4469	4494	
4623	4532	4487	4532	
4698	4584	4522	4584	
4745	4625	4564	4625	
4824	4667	4588	4667	
4952	4777	4674	4777	
5146	4939	4813	4939	
5363	5120	4961	5120	
5623	5336	5139	5336	
5899	5575	5337	5575	
6213	5846	5564	5846	
6548	6144	5817	6144	
7514	7240	6644	7240	
7069	6770	6237	6770	
6659	6361	5906	6361	
6278	5997	5613	5997	
5933	5694	5371	5694	
5700	5474	5199	5474	
5488	5299	5067	5299	
5296	5127	4936	5127	
5134	4967	4809	4967	
4966	4816	4684	4816	
4837	4708	4595	4708	
4732	4618	4532	4618	
4655	4553	4491	4553	
4597	4516	4461	4516	
4531	4449	4405	4449	
4452	4390	4352	4390	
4390	4336	4315	4336	
4375	4320	4312	4320	
4396	4340	4329	4340	
4410	4352	4346	4352	
4452	4393	4380	4393	
4508	4433	4403	4433	
4566	4476	4419	4476	
4638	4528	4464	4528	
4716	4586	4509	4586	
4863	4709	4620	4709	
5051	4872	4754	4872	
5270	5047	4899	5047	
5539	5266	5076	5266	
5800	5495	5267	5495	
6123	5766	5490	5766	
6459	6055	5737	6055	
7411	7166	6585	7166	
6985	6703	6189	6703	
6581	6303	5862	6303	
6197	5937	5566	5937	
5860	5631	5320	5631	
5601	5395	5137	5395	
5381	5210	4985	5210	
5185	5022	4839	5022	
5004	4852	4706	4852	
4860	4721	4602	4721	
4736	4630	4529	4630	
4652	4552	4471	4552	
4569	4484	4428	4484	
4509	4436	4391	4436	
4441	4386	4359	4386	
4382	4326	4308	4326	
4325	4285	4267	4285	
4302	4260	4259	4260	
4303	4267	4270	4267	
4309	4272	4274	4272	
4342	4303	4297	4303	
4384	4333	4322	4333	
4438	4368	4342	4368	
4517	4427	4382	4427	
4631	4517	4454	4517	
4774	4636	4561	4636	
4976	4811	4701	4811	
5204	5006	4875	5006	
5465	5211	5036	5211	
5735	5445	5230	5445	
6047	5715	5450	5715	
6377	6006	5702	6006	
7339	7122	6534	7122	
6911	6656	6156	6656	
6509	6260	5832	6260	
6147	5907	5542	5907	
5814	5594	5285	5594	
5537	5339	5078	5339	
5319	5145	4927	5145	
5110	4961	4784	4961	
4930	4798	4657	4798	
4785	4667	4553	4667	
4670	4560	4471	4560	
4585	4501	4429	4501	
4504	4432	4382	4432	
4424	4368	4327	4368	
4361	4313	4289	4313	
4303	4270	4261	4270	
4254	4220	4221	4220	
4232	4204	4215	4204	
4216	4198	4215	4198	
4210	4198	4216	4198	
4250	4229	4237	4229	
4297	4260	4259	4260	
4344	4288	4273	4288	
4424	4343	4315	4343	
4559	4463	4409	4463	
4702	4579	4507	4579	
4914	4761	4661	4761	
5131	4951	4822	4951	
5388	5156	4987	5156	
5683	5406	5194	5406	
6003	5691	5433	5691	
6334	5984	5693	5984	
7293	7112	6558	7112	
6894	6661	6163	6661	
6490	6253	5830	6253	
6137	5906	5540	5906	
5791	5584	5268	5584	
5518	5326	5064	5326	
5271	5114	4900	5114	
5075	4935	4765	4935	
4903	4785	4644	4785	
4751	4652	4542	4652	
4639	4551	4460	4551	
4540	4466	4401	4466	
4476	4415	4360	4415	
4382	4341	4310	4341	
4310	4281	4265	4281	
4250	4226	4222	4226	
4196	4172	4183	4172	
4174	4162	4185	4162	
4155	4156	4182	4156	
4156	4158	4182	4158	
4182	4178	4196	4178	
4216	4193	4202	4193	
4284	4236	4230	4236	
4381	4314	4286	4314	
4527	4441	4392	4441	
4690	4579	4509	4579	
4882	4736	4637	4736	
5095	4914	4787	4914	
5358	5135	4961	5135	
5641	5390	5180	5390	
5985	5685	5435	5685	
6326	5986	5704	5986	
7330	7153	6590	7153	
6942	6700	6211	6700	
6549	6311	5871	6311	
6211	5982	5605	5982	
5831	5624	5296	5624	
5514	5333	5063	5333	
5289	5134	4907	5134	
5079	4948	4779	4948	
4903	4786	4649	4786	
4754	4656	4545	4656	
4614	4540	4445	4540	
4520	4452	4382	4452	
4453	4402	4347	4402	
4359	4324	4286	4324	
4287	4261	4245	4261	
4225	4201	4196	4201	
4152	4141	4151	4141	
4135	4134	4152	4134	
4118	4128	4147	4128	
4138	4138	4156	4138	
4158	4151	4171	4151	
4175	4151	4155	4151	
4260	4219	4208	4219	
4375	4317	4292	4317	
4531	4455	4403	4455	
4701	4596	4520	4596	
4892	4753	4651	4753	
5097	4918	4781	4918	
5377	5148	4977	5148	
5661	5409	5197	5409	
6016	5712	5457	5712	
6371	6033	5740	6033	
7384	7173	6611	7173	
6944	6751	6252	6751	
6606	6373	5937	6373	
6260	6049	5657	6049	
5910	5709	5383	5709	
5578	5398	5112	5398	
5331	5186	4959	5186	
5113	4993	4820	4993	
4927	4831	4685	4831	
4764	4675	4553	4675	
4605	4529	4430	4529	
4502	4434	4363	4434	
4425	4386	4330	4386	
4339	4311	4272	4311	
4263	4239	4220	4239	
4193	4177	4167	4177	
4126	4111	4109	4111	
4109	4104	4117	4104	
4096	4098	4115	4098	
4106	4106	4111	4106	
4135	4128	4134	4128	
4170	4141	4135	4141	
4263	4222	4197	4222	
4381	4328	4294	4328	
4543	4466	4406	4466	
4718	4607	4530	4607	
4902	4766	4658	4766	
5123	4947	4806	4947	
5405	5187	5003	5187	
5699	5439	5221	5439	
6055	5760	5495	5760	
6424	6102	5803	6102	
7689	7422	6798	7422	
7112	6871	6339	6871	
6670	6449	6006	6449	
6320	6120	5730	6120	
5987	5799	5451	5799	
5651	5485	5196	5485	
5389	5254	5022	5254	
5166	5060	4873	5060	
4977	4884	4733	4884	
4807	4718	4599	4718	
4636	4560	4452	4560	
4528	4462	4377	4462	
4437	4388	4326	4388	
4326	4299	4254	4299	
4242	4222	4203	4222	
4185	4170	4158	4170	
4122	4109	4100	4109	
4101	4096	4101	4096	
4097	4102	4108	4102	
4107	4103	4100	4103	
4143	4131	4118	4131	
4191	4157	4138	4157	
4287	4245	4206	4245	
4426	4369	4325	4369	
4578	4511	4444	4511	
4753	4653	4570	4653	
4957	4820	4695	4820	
5189	5010	4860	5010	
5460	5252	5066	5252	
5761	5513	5288	5513	
6136	5847	5585	5847	
6550	6218	5916	6218	
7951	7659	6994	7659	
7290	7034	6481	7034	
6809	6594	6121	6594	
6397	6209	5795	6209	
6065	5882	5522	5882	
5733	5566	5261	5566	
5456	5319	5074	5319	
5240	5123	4916	5123	
5044	4947	4785	4947	
4875	4792	4658	4792	
4733	4651	4530	4651	
4583	4526	4429	4526	
4479	4433	4357	4433	
4370	4333	4274	4333	
4263	4236	4197	4236	
4195	4175	4144	4175	
4142	4122	4099	4122	
4129	4114	4096	4114	
4150	4145	4132	4145	
4167	4151	4125	4151	
4190	4169	4131	4169	
4245	4204	4164	4204	
4337	4285	4233	4285	
4472	4413	4354	4413	
4641	4569	4489	4569	
4809	4713	4622	4713	
5035	4892	4759	4892	
5272	5101	4934	5101	
5540	5331	5128	5331	
5852	5610	5372	5610	
6273	5982	5706	5982	
6716	6387	6062	6387	
8323	8065	7355	8065	
7733	7472	6860	7472	
7089	6858	6344	6858	
6547	6336	5891	6336	
6134	5959	5564	5959	
5852	5682	5354	5682	
5566	5420	5141	5420	
5328	5214	4987	5214	
5136	5034	4846	5034	
4975	4878	4709	4878	
4811	4730	4583	4730	
4666	4606	4489	4606	
4541	4492	4400	4492	
4430	4397	4319	4397	
4333	4296	4234	4296	
4251	4225	4168	4225	
4207	4175	4125	4175	
4201	4178	4133	4178	
4235	4219	4179	4219	
4264	4243	4194	4243	
4304	4270	4210	4270	
4350	4298	4238	4298	
4432	4373	4303	4373	
4574	4498	4418	4498	
4736	4646	4544	4646	
4905	4792	4678	4792	
5138	4987	4836	4987	
5377	5195	5016	5195	
5623	5414	5205	5414	
5995	5739	5496	5739	
6459	6157	5864	6157	
6949	6603	6270	6603	
8710	8457	7744	8457	
8197	7929	7262	7929	
7387	7151	6601	7151	
6804	6592	6116	6592	
6297	6112	5704	6112	
5972	5806	5445	5806	
5713	5557	5243	5557	
5472	5337	5069	5337	
5267	5146	4915	5146	
5087	4984	4791	4984	
4920	4840	4669	4840	
4783	4708	4572	4708	
4650	4592	4471	4592	
4541	4489	4387	4489	
4438	4392	4309	4392	
4364	4325	4245	4325	
4321	4285	4213	4285	
4325	4283	4214	4283	
4359	4332	4263	4332	
4384	4353	4282	4353	
4440	4388	4305	4388	
4487	4420	4336	4420	
4565	4492	4392	4492	
4696	4614	4507	4614	
4863	4763	4633	4763	
5054	4927	4775	4927	
5268	5110	4933	5110	
5447	5263	5063	5263	
5749	5537	5314	5537	
6191	5932	5671	5932	
6716	6395	6081	6395	
7268	6904	6534	6904	
8730	8452	7669	8452	
8497	8221	7555	8221	
7760	7518	6926	7518	
7099	6887	6378	6887	
6577	6387	5940	6387	
6154	5979	5596	5979	
5859	5704	5363	5704	
5622	5480	5182	5480	
5422	5284	5031	5284	
5229	5118	4904	5118	
5062	4974	4789	4974	
4919	4846	4682	4846	
4785	4723	4583	4723	
4669	4617	4492	4617	
4566	4524	4417	4524	
4497	4452	4349	4452	
4455	4413	4319	4413	
4458	4418	4330	4418	
4492	4461	4369	4461	
4526	4493	4395	4493	
4586	4538	4434	4538	
4643	4567	4455	4567	
4718	4640	4507	4640	
4849	4765	4630	4765	
5026	4918	4758	4918	
5208	5071	4891	5071	
5421	5263	5059	5263	
5594	5416	5193	5416	
5997	5768	5514	5768	
6450	6183	5886	6183	
7041	6719	6378	6719	
7683	7306	6924	7306	
10206	9791	8877	9791	
9332	9019	8242	9019	
8258	8022	7373	8022	
7486	7263	6713	7263	
6907	6706	6214	6706	
6400	6241	5799	6241	
6043	5889	5511	5889	
5780	5647	5317	5647	
5593	5463	5159	5463	
5403	5282	5020	5282	
5229	5126	4893	5126	
5066	4984	4776	4984	
4918	4846	4660	4846	
4817	4750	4590	4750	
4720	4665	4516	4665	
4654	4600	4460	4600	
4607	4556	4427	4556	
4609	4562	4440	4562	
4638	4596	4470	4596	
4684	4633	4498	4633	
4737	4687	4545	4687	
4804	4734	4583	4734	
4892	4812	4648	4812	
5022	4927	4757	4927	
5188	5071	4876	5071	
5390	5255	5045	5255	
5673	5505	5267	5505	
5810	5615	5362	5615	
6279	6056	5768	6056	
6779	6506	6172	6506	
7470	7133	6752	7133	
8272	7847	7412	7847	
10597	10037	9104	10037	
9709	9299	8476	9299	
8821	8562	7848	8562	
7926	7667	7057	7667	
7218	7036	6509	7036	
6729	6558	6091	6558	
6277	6136	5722	6136	
5977	5827	5459	5827	
5732	5602	5268	5602	
5546	5432	5142	5432	
5387	5286	5026	5286	
5248	5143	4907	5143	
5075	4993	4775	4993	
4966	4892	4693	4892	
4876	4804	4629	4804	
4799	4742	4564	4742	
4765	4700	4540	4700	
4758	4700	4539	4700	
4783	4729	4576	4729	
4827	4766	4606	4766	
4889	4817	4646	4817	
4951	4882	4701	4882	
5056	4964	4774	4964	
5186	5080	4871	5080	
5362	5238	5014	5238	
5609	5463	5216	5463	
5913	5741	5464	5741	
6096	5889	5614	5889	
6600	6345	6025	6345	
7168	6862	6499	6862	
8018	7629	7192	7629	
9374	8856	8279	8856	
                                                                                                                                                                                                                                                                                                                                                                                                                                                                                                                                                                                                                                                                                                                                                                                                                                                                                                                                                                                                                                                                                                                                                                                                                                                                                                                                                                                                                                                                                                                                                                                                                                                                                                                                                                                                                                                                                                                                                                                                                                                                                                                                                                                                                                                                                                                                                                                                                                                                                                                                                                                                                                                                                                                                                                                                                                                                                                                                                                                                                                                                                                                                                                                                                                                                                       