1144	1144	1144	1144	
4754	4725	4332	4725	
4713	4665	4309	4665	
4647	4589	4288	4589	
4596	4542	4285	4542	
4561	4504	4280	4504	
4538	4470	4273	4470	
4492	4437	4257	4437	
4480	4415	4253	4415	
4441	4388	4233	4388	
4412	4368	4229	4368	
4383	4341	4224	4341	
4351	4316	4224	4316	
4316	4280	4225	4280	
4286	4260	4213	4260	
4260	4235	4211	4235	
4230	4213	4199	4213	
4206	4189	4189	4189	
4179	4171	4186	4171	
4160	4159	4176	4159	
4147	4144	4172	4144	
4125	4132	4168	4132	
4115	4120	4167	4120	
4103	4105	4151	4105	
4103	4101	4146	4101	
4096	4096	4143	4096	
4099	4099	4147	4099	
4108	4098	4141	4098	
4113	4103	4142	4103	
4122	4103	4136	4103	
4132	4110	4134	4110	
4152	4120	4137	4120	
4162	4134	4141	4134	
4188	4149	4146	4149	
4220	4167	4147	4167	
4231	4188	4153	4188	
4252	4205	4146	4205	
4290	4226	4147	4226	
4315	4245	4154	4245	
4338	4267	4157	4267	
4355	4279	4142	4279	
4375	4293	4147	4293	
4400	4312	4146	4312	
4420	4337	4146	4337	
4414	4336	4111	4336	
4770	4725	4346	4725	
4723	4673	4312	4673	
4656	4600	4279	4600	
4617	4557	4280	4557	
4585	4522	4274	4522	
4561	4489	4276	4489	
4530	4460	4269	4460	
4501	4439	4259	4439	
4471	4409	4250	4409	
4432	4384	4233	4384	
4402	4356	4225	4356	
4372	4331	4226	4331	
4343	4298	4215	4298	
4312	4273	4212	4273	
4279	4250	4212	4250	
4252	4227	4207	4227	
4221	4204	4192	4204	
4198	4186	4185	4186	
4178	4172	4183	4172	
4163	4156	4176	4156	
4156	4148	4173	4148	
4131	4131	4161	4131	
4118	4120	4155	4120	
4113	4114	4150	4114	
4114	4109	4147	4109	
4112	4109	4138	4109	
4123	4107	4143	4107	
4129	4114	4144	4114	
4136	4116	4140	4116	
4150	4122	4138	4122	
4161	4134	4140	4134	
4180	4143	4133	4143	
4205	4165	4139	4165	
4235	4181	4151	4181	
4253	4197	4144	4197	
4273	4219	4149	4219	
4306	4239	4151	4239	
4329	4258	4146	4258	
4360	4280	4148	4280	
4380	4294	4146	4294	
4403	4314	4147	4314	
4426	4337	4152	4337	
4443	4355	4148	4355	
4430	4348	4096	4348	
4770	4717	4355	4717	
4729	4668	4324	4668	
4666	4604	4291	4604	
4635	4566	4283	4566	
4601	4532	4275	4532	
4578	4506	4279	4506	
4555	4477	4286	4477	
4521	4451	4282	4451	
4488	4420	4271	4420	
4457	4393	4250	4393	
4419	4366	4234	4366	
4383	4341	4218	4341	
4354	4309	4218	4309	
4328	4283	4219	4283	
4292	4259	4216	4259	
4262	4237	4214	4237	
4231	4214	4207	4214	
4206	4195	4197	4195	
4189	4177	4188	4177	
4166	4160	4184	4160	
4155	4149	4175	4149	
4136	4134	4169	4134	
4123	4125	4160	4125	
4121	4120	4156	4120	
4119	4114	4155	4114	
4119	4115	4152	4115	
4127	4118	4148	4118	
4137	4120	4143	4120	
4148	4123	4140	4123	
4154	4131	4143	4131	
4174	4141	4142	4141	
4190	4152	4141	4152	
4214	4170	4148	4170	
4242	4185	4152	4185	
4259	4203	4149	4203	
4288	4222	4150	4222	
4315	4245	4154	4245	
4338	4265	4150	4265	
4363	4288	4154	4288	
4390	4303	4154	4303	
4413	4323	4148	4323	
4443	4344	4155	4344	
4460	4369	4157	4369	
4438	4368	4097	4368	
4772	4716	4363	4716	
4730	4668	4324	4668	
4674	4610	4299	4610	
4647	4577	4292	4577	
4615	4544	4288	4544	
4590	4515	4287	4515	
4561	4486	4290	4486	
4536	4458	4291	4458	
4499	4428	4279	4428	
4466	4403	4266	4403	
4435	4375	4248	4375	
4396	4343	4225	4343	
4361	4315	4216	4315	
4336	4291	4217	4291	
4305	4268	4220	4268	
4273	4243	4216	4243	
4237	4221	4208	4221	
4219	4199	4207	4199	
4194	4180	4193	4180	
4175	4165	4192	4165	
4154	4151	4180	4151	
4137	4137	4173	4137	
4127	4131	4167	4131	
4126	4124	4164	4124	
4127	4121	4157	4121	
4128	4121	4156	4121	
4131	4122	4160	4122	
4142	4125	4156	4125	
4155	4132	4148	4132	
4167	4139	4147	4139	
4184	4150	4152	4150	
4194	4161	4152	4161	
4224	4178	4154	4178	
4251	4194	4158	4194	
4273	4212	4159	4212	
4298	4232	4160	4232	
4328	4254	4163	4254	
4350	4274	4165	4274	
4379	4295	4154	4295	
4404	4316	4155	4316	
4430	4333	4156	4333	
4448	4353	4152	4353	
4469	4377	4154	4377	
4454	4375	4097	4375	
4778	4719	4377	4719	
4741	4671	4336	4671	
4694	4621	4317	4621	
4666	4585	4305	4585	
4635	4557	4298	4557	
4609	4530	4301	4530	
4581	4500	4296	4500	
4552	4470	4291	4470	
4515	4440	4290	4440	
4487	4417	4283	4417	
4449	4380	4260	4380	
4412	4350	4242	4350	
4372	4317	4222	4317	
4346	4297	4220	4297	
4310	4274	4219	4274	
4277	4251	4213	4251	
4252	4223	4209	4223	
4227	4208	4211	4208	
4199	4188	4202	4188	
4180	4169	4192	4169	
4158	4156	4187	4156	
4143	4143	4180	4143	
4134	4135	4171	4135	
4133	4127	4168	4127	
4128	4127	4164	4127	
4133	4127	4166	4127	
4134	4129	4163	4129	
4150	4129	4160	4129	
4163	4138	4159	4138	
4178	4147	4160	4147	
4192	4160	4164	4160	
4207	4170	4159	4170	
4232	4188	4164	4188	
4258	4201	4164	4201	
4278	4217	4164	4217	
4305	4236	4163	4236	
4340	4263	4173	4263	
4364	4283	4172	4283	
4385	4304	4170	4304	
4416	4326	4168	4326	
4443	4347	4167	4347	
4478	4375	4172	4375	
4497	4395	4172	4395	
4462	4385	4107	4385	
4787	4726	4391	4726	
4754	4687	4356	4687	
4703	4629	4324	4629	
4676	4598	4314	4598	
4652	4568	4307	4568	
4625	4541	4306	4541	
4594	4508	4305	4508	
4570	4483	4297	4483	
4537	4453	4295	4453	
4503	4426	4290	4426	
4464	4390	4282	4390	
4425	4360	4258	4360	
4380	4328	4237	4328	
4348	4305	4230	4305	
4314	4280	4215	4280	
4287	4255	4215	4255	
4257	4234	4207	4234	
4235	4215	4210	4215	
4206	4193	4205	4193	
4187	4177	4202	4177	
4170	4163	4197	4163	
4154	4151	4186	4151	
4142	4140	4177	4140	
4142	4136	4177	4136	
4140	4131	4173	4131	
4144	4135	4169	4135	
4148	4135	4172	4135	
4158	4142	4171	4142	
4172	4149	4173	4149	
4183	4160	4171	4160	
4207	4173	4174	4173	
4222	4187	4175	4187	
4248	4200	4178	4200	
4267	4209	4177	4209	
4291	4228	4175	4228	
4313	4247	4173	4247	
4351	4271	4182	4271	
4372	4289	4177	4289	
4407	4316	4183	4316	
4426	4335	4179	4335	
4458	4358	4175	4358	
4484	4377	4167	4377	
4500	4404	4170	4404	
4479	4396	4110	4396	
4803	4740	4397	4740	
4797	4730	4405	4730	
4743	4668	4369	4668	
4696	4611	4325	4611	
4665	4581	4321	4581	
4645	4557	4319	4557	
4621	4524	4314	4524	
4583	4500	4312	4500	
4548	4464	4303	4464	
4516	4437	4293	4437	
4475	4401	4277	4401	
4437	4369	4265	4369	
4395	4338	4249	4338	
4360	4311	4239	4311	
4327	4288	4222	4288	
4296	4263	4212	4263	
4273	4240	4211	4240	
4244	4222	4209	4222	
4214	4202	4208	4202	
4198	4183	4203	4183	
4180	4170	4199	4170	
4166	4160	4193	4160	
4153	4149	4186	4149	
4148	4143	4183	4143	
4150	4144	4181	4144	
4152	4143	4177	4143	
4156	4144	4182	4144	
4175	4152	4179	4152	
4186	4161	4187	4161	
4199	4172	4188	4172	
4219	4185	4190	4185	
4237	4196	4185	4196	
4256	4209	4186	4209	
4278	4221	4180	4221	
4298	4237	4181	4237	
4326	4254	4183	4254	
4360	4281	4193	4281	
4386	4299	4185	4299	
4415	4326	4186	4326	
4442	4345	4185	4345	
4470	4369	4181	4369	
4501	4393	4186	4393	
4518	4417	4181	4417	
4498	4415	4123	4415	
4818	4752	4416	4752	
4793	4715	4392	4715	
4767	4684	4382	4684	
4719	4638	4353	4638	
4696	4608	4347	4608	
4661	4574	4334	4574	
4633	4538	4327	4538	
4604	4511	4321	4511	
4573	4480	4314	4480	
4532	4448	4299	4448	
4492	4415	4298	4415	
4449	4385	4278	4385	
4409	4351	4265	4351	
4377	4325	4252	4325	
4345	4298	4240	4298	
4306	4275	4229	4275	
4284	4252	4215	4252	
4255	4231	4212	4231	
4232	4214	4207	4214	
4212	4195	4206	4195	
4191	4180	4201	4180	
4173	4168	4200	4168	
4163	4159	4195	4159	
4160	4154	4189	4154	
4165	4155	4190	4155	
4164	4155	4190	4155	
4172	4159	4195	4159	
4184	4167	4198	4167	
4199	4176	4197	4176	
4210	4187	4201	4187	
4232	4199	4198	4199	
4248	4207	4195	4207	
4267	4221	4193	4221	
4294	4232	4192	4232	
4316	4255	4196	4255	
4344	4268	4193	4268	
4376	4291	4203	4291	
4400	4310	4200	4310	
4430	4335	4198	4335	
4455	4354	4192	4354	
4489	4381	4192	4381	
4509	4401	4191	4401	
4535	4427	4192	4427	
4506	4431	4136	4431	
4835	4771	4429	4771	
4811	4727	4396	4727	
4769	4680	4376	4680	
4741	4651	4365	4651	
4706	4616	4353	4616	
4683	4593	4348	4593	
4650	4554	4336	4554	
4624	4525	4328	4525	
4589	4493	4325	4493	
4548	4460	4310	4460	
4509	4426	4296	4426	
4467	4398	4286	4398	
4424	4365	4281	4365	
4392	4341	4273	4341	
4357	4311	4255	4311	
4324	4287	4245	4287	
4298	4263	4231	4263	
4273	4246	4221	4246	
4243	4228	4217	4228	
4228	4208	4215	4208	
4204	4193	4213	4193	
4197	4180	4206	4180	
4180	4172	4202	4172	
4174	4167	4204	4167	
4173	4165	4206	4165	
4183	4168	4200	4168	
4196	4172	4208	4172	
4202	4182	4205	4182	
4220	4192	4213	4192	
4232	4201	4217	4201	
4247	4214	4210	4214	
4263	4222	4206	4222	
4285	4233	4204	4233	
4313	4248	4205	4248	
4334	4266	4204	4266	
4360	4287	4207	4287	
4391	4307	4211	4307	
4414	4330	4210	4330	
4450	4353	4210	4353	
4475	4373	4210	4373	
4500	4395	4207	4395	
4527	4417	4209	4417	
4551	4444	4217	4444	
4529	4446	4156	4446	
4866	4790	4442	4790	
4829	4747	4415	4747	
4785	4696	4396	4696	
4759	4666	4383	4666	
4732	4637	4371	4637	
4710	4608	4371	4608	
4671	4571	4353	4571	
4639	4544	4347	4544	
4606	4511	4342	4511	
4563	4477	4324	4477	
4523	4441	4313	4441	
4482	4410	4296	4410	
4447	4379	4288	4379	
4417	4357	4286	4357	
4380	4330	4273	4330	
4352	4304	4259	4304	
4324	4283	4246	4283	
4295	4262	4238	4262	
4269	4245	4227	4245	
4247	4225	4224	4225	
4227	4211	4218	4211	
4210	4197	4215	4197	
4199	4188	4211	4188	
4196	4182	4217	4182	
4193	4184	4222	4184	
4200	4186	4225	4186	
4211	4193	4221	4193	
4227	4202	4227	4202	
4239	4211	4229	4211	
4251	4219	4224	4219	
4266	4227	4222	4227	
4280	4236	4224	4236	
4301	4248	4215	4248	
4331	4267	4222	4267	
4355	4284	4217	4284	
4380	4301	4223	4301	
4409	4329	4225	4329	
4440	4348	4219	4348	
4468	4370	4220	4370	
4496	4388	4219	4388	
4519	4411	4220	4411	
4541	4432	4216	4432	
4567	4461	4225	4461	
4552	4466	4173	4466	
4890	4816	4464	4816	
4852	4771	4425	4771	
4810	4719	4411	4719	
4784	4683	4396	4683	
4753	4657	4386	4657	
4730	4626	4376	4626	
4691	4590	4369	4590	
4657	4567	4361	4567	
4626	4530	4353	4530	
4585	4499	4341	4499	
4550	4462	4328	4462	
4509	4430	4314	4430	
4473	4402	4307	4402	
4447	4379	4306	4379	
4403	4351	4292	4351	
4374	4325	4281	4325	
4349	4303	4266	4303	
4320	4285	4260	4285	
4290	4266	4244	4266	
4269	4249	4243	4249	
4251	4233	4232	4233	
4231	4214	4226	4214	
4220	4206	4228	4206	
4220	4202	4224	4202	
4218	4204	4233	4204	
4224	4208	4243	4208	
4230	4213	4239	4213	
4246	4222	4246	4222	
4261	4228	4243	4228	
4271	4236	4238	4236	
4287	4246	4235	4246	
4300	4252	4228	4252	
4321	4265	4225	4265	
4350	4284	4231	4284	
4367	4302	4231	4302	
4397	4320	4231	4320	
4433	4344	4234	4344	
4457	4365	4232	4365	
4483	4386	4228	4386	
4507	4404	4230	4404	
4532	4425	4229	4425	
4559	4447	4229	4447	
4588	4480	4234	4480	
4562	4479	4174	4479	
4912	4841	4480	4841	
4878	4795	4442	4795	
4829	4740	4427	4740	
4810	4708	4411	4708	
4781	4677	4401	4677	
4758	4648	4392	4648	
4718	4612	4387	4612	
4680	4582	4374	4582	
4640	4544	4368	4544	
4609	4518	4356	4518	
4570	4483	4344	4483	
4535	4456	4332	4456	
4496	4423	4319	4423	
4467	4398	4311	4398	
4430	4374	4304	4374	
4400	4349	4296	4349	
4368	4326	4284	4326	
4344	4302	4277	4302	
4308	4286	4259	4286	
4289	4266	4256	4266	
4273	4252	4248	4252	
4260	4241	4238	4241	
4242	4227	4237	4227	
4243	4225	4240	4225	
4241	4225	4247	4225	
4243	4225	4246	4225	
4256	4229	4256	4229	
4266	4236	4254	4236	
4280	4244	4252	4244	
4292	4255	4251	4255	
4307	4265	4245	4265	
4323	4273	4248	4273	
4347	4286	4243	4286	
4365	4301	4241	4301	
4391	4321	4243	4321	
4415	4340	4239	4340	
4451	4361	4246	4361	
4475	4380	4245	4380	
4496	4400	4240	4400	
4522	4419	4237	4419	
4548	4444	4245	4444	
4579	4468	4246	4468	
4605	4496	4250	4496	
4587	4494	4195	4494	
4949	4871	4508	4871	
4909	4822	4466	4822	
4861	4761	4438	4761	
4837	4728	4426	4728	
4803	4700	4418	4700	
4772	4663	4405	4663	
4739	4629	4401	4629	
4706	4604	4392	4604	
4667	4570	4380	4570	
4636	4539	4369	4539	
4601	4511	4360	4511	
4564	4478	4349	4478	
4525	4444	4337	4444	
4494	4425	4329	4425	
4458	4395	4317	4395	
4426	4372	4307	4372	
4395	4347	4299	4347	
4368	4329	4289	4329	
4344	4309	4277	4309	
4321	4293	4273	4293	
4303	4278	4266	4278	
4291	4265	4258	4265	
4276	4257	4253	4257	
4271	4252	4254	4252	
4266	4247	4254	4247	
4271	4246	4256	4246	
4279	4249	4262	4249	
4291	4254	4265	4254	
4300	4261	4263	4261	
4312	4273	4262	4273	
4327	4281	4253	4281	
4347	4292	4254	4292	
4369	4308	4250	4308	
4388	4324	4255	4324	
4412	4340	4252	4340	
4440	4355	4248	4355	
4472	4380	4259	4380	
4498	4401	4251	4401	
4520	4422	4253	4422	
4549	4442	4254	4442	
4575	4465	4257	4465	
4602	4490	4260	4490	
4629	4514	4263	4514	
4607	4514	4203	4514	
4989	4909	4534	4909	
4956	4855	4491	4855	
4888	4790	4459	4790	
4862	4753	4447	4753	
4826	4717	4430	4717	
4796	4683	4419	4683	
4769	4651	4410	4651	
4733	4626	4406	4626	
4697	4594	4397	4594	
4665	4567	4396	4567	
4628	4534	4374	4534	
4592	4503	4361	4503	
4553	4472	4355	4472	
4525	4449	4349	4449	
4485	4418	4334	4418	
4456	4396	4324	4396	
4427	4370	4312	4370	
4402	4353	4311	4353	
4372	4336	4296	4336	
4349	4319	4296	4319	
4331	4304	4285	4304	
4318	4293	4278	4293	
4309	4282	4277	4282	
4306	4281	4268	4281	
4296	4274	4268	4274	
4298	4270	4269	4270	
4304	4275	4271	4275	
4313	4274	4274	4274	
4322	4283	4274	4283	
4339	4294	4272	4294	
4354	4305	4272	4305	
4370	4318	4269	4318	
4393	4333	4271	4333	
4417	4345	4268	4345	
4428	4358	4263	4358	
4457	4380	4263	4380	
4493	4401	4270	4401	
4515	4419	4265	4419	
4541	4441	4267	4441	
4563	4460	4267	4460	
4598	4485	4267	4485	
4628	4513	4270	4513	
4651	4538	4275	4538	
4627	4532	4213	4532	
5031	4953	4563	4953	
4992	4894	4518	4894	
4919	4818	4479	4818	
4882	4774	4458	4774	
4852	4736	4436	4736	
4815	4704	4434	4704	
4788	4671	4429	4671	
4755	4647	4419	4647	
4725	4616	4411	4616	
4693	4593	4406	4593	
4652	4559	4391	4559	
4618	4528	4381	4528	
4583	4496	4367	4496	
4550	4470	4361	4470	
4517	4448	4353	4448	
4490	4421	4341	4421	
4459	4398	4331	4398	
4436	4378	4323	4378	
4409	4361	4315	4361	
4382	4347	4312	4347	
4364	4333	4302	4333	
4351	4318	4297	4318	
4343	4309	4287	4309	
4336	4307	4285	4307	
4333	4300	4283	4300	
4330	4299	4281	4299	
4336	4298	4282	4298	
4346	4305	4286	4305	
4359	4309	4288	4309	
4367	4321	4285	4321	
4383	4332	4284	4332	
4394	4342	4277	4342	
4418	4356	4275	4356	
4441	4371	4282	4371	
4464	4392	4285	4392	
4477	4399	4275	4399	
4513	4421	4278	4421	
4533	4438	4274	4438	
4561	4467	4276	4467	
4596	4483	4278	4483	
4619	4508	4280	4508	
4647	4533	4280	4533	
4671	4562	4289	4562	
4649	4555	4233	4555	
5086	5000	4616	5000	
5035	4937	4554	4937	
4954	4852	4501	4852	
4908	4800	4481	4800	
4867	4760	4455	4760	
4833	4726	4447	4726	
4810	4695	4440	4695	
4785	4671	4435	4671	
4761	4645	4430	4645	
4721	4619	4417	4619	
4680	4587	4409	4587	
4644	4557	4393	4557	
4609	4521	4378	4521	
4580	4498	4374	4498	
4549	4473	4363	4473	
4518	4447	4354	4447	
4494	4424	4340	4424	
4465	4409	4339	4409	
4436	4389	4327	4389	
4417	4374	4324	4374	
4399	4361	4317	4361	
4381	4347	4309	4347	
4373	4337	4306	4337	
4367	4331	4299	4331	
4365	4328	4295	4328	
4359	4326	4291	4326	
4364	4325	4293	4325	
4372	4333	4296	4333	
4385	4337	4293	4337	
4393	4346	4299	4346	
4406	4357	4300	4357	
4424	4367	4292	4367	
4445	4381	4295	4381	
4466	4395	4296	4395	
4485	4407	4287	4407	
4507	4426	4289	4426	
4531	4445	4293	4445	
4551	4463	4287	4463	
4582	4487	4288	4487	
4611	4508	4290	4508	
4644	4530	4294	4530	
4671	4556	4288	4556	
4694	4583	4303	4583	
4669	4579	4238	4579	
5138	5049	4644	5049	
5074	4978	4588	4978	
5003	4885	4527	4885	
4938	4823	4496	4823	
4892	4784	4467	4784	
4857	4751	4458	4751	
4837	4718	4456	4718	
4809	4698	4448	4698	
4784	4669	4441	4669	
4752	4646	4435	4646	
4709	4614	4421	4614	
4674	4580	4404	4580	
4635	4547	4393	4547	
4606	4526	4389	4526	
4580	4499	4382	4499	
4548	4475	4370	4475	
4519	4451	4357	4451	
4497	4438	4358	4438	
4469	4417	4346	4417	
4452	4403	4341	4403	
4436	4391	4335	4391	
4421	4378	4330	4378	
4406	4366	4326	4366	
4399	4360	4315	4360	
4394	4355	4311	4355	
4391	4355	4309	4355	
4402	4358	4307	4358	
4408	4361	4306	4361	
4415	4362	4306	4362	
4419	4370	4303	4370	
4437	4384	4314	4384	
4455	4394	4308	4394	
4473	4407	4307	4407	
4495	4422	4313	4422	
4514	4440	4304	4440	
4536	4451	4300	4451	
4565	4470	4300	4470	
4581	4486	4300	4486	
4610	4512	4300	4512	
4635	4530	4303	4530	
4664	4555	4300	4555	
4696	4579	4305	4579	
4718	4607	4313	4607	
4699	4608	4259	4608	
5207	5128	4709	5128	
5138	5040	4632	5040	
5047	4936	4562	4936	
4968	4856	4509	4856	
4918	4811	4484	4811	
4884	4774	4474	4774	
4854	4743	4460	4743	
4831	4716	4457	4716	
4802	4688	4448	4688	
4775	4663	4439	4663	
4738	4638	4436	4638	
4703	4608	4416	4608	
4671	4575	4408	4575	
4641	4551	4401	4551	
4608	4529	4393	4529	
4580	4505	4384	4505	
4556	4485	4375	4485	
4527	4464	4372	4464	
4501	4444	4363	4444	
4488	4430	4352	4430	
4472	4419	4350	4419	
4454	4407	4347	4407	
4441	4393	4333	4393	
4434	4388	4330	4388	
4429	4383	4318	4383	
4428	4385	4318	4385	
4431	4383	4318	4383	
4437	4386	4308	4386	
4440	4389	4312	4389	
4454	4397	4314	4397	
4467	4412	4320	4412	
4483	4419	4321	4419	
4500	4434	4319	4434	
4524	4449	4325	4449	
4543	4466	4321	4466	
4561	4476	4315	4476	
4586	4495	4315	4495	
4606	4513	4314	4513	
4632	4535	4315	4535	
4661	4551	4308	4551	
4687	4577	4309	4577	
4719	4604	4321	4604	
4738	4633	4324	4633	
4722	4632	4264	4632	
5281	5198	4769	5198	
5201	5108	4689	5108	
5096	4995	4609	4995	
5012	4900	4547	4900	
4955	4843	4505	4843	
4916	4805	4490	4805	
4883	4766	4476	4766	
4854	4738	4464	4738	
4829	4712	4457	4712	
4799	4690	4453	4690	
4770	4664	4442	4664	
4736	4635	4432	4635	
4706	4606	4424	4606	
4673	4582	4416	4582	
4643	4559	4406	4559	
4612	4536	4405	4536	
4590	4518	4396	4518	
4565	4497	4386	4497	
4542	4477	4375	4477	
4521	4463	4371	4463	
4505	4452	4365	4452	
4494	4438	4360	4438	
4477	4424	4347	4424	
4467	4421	4345	4421	
4462	4414	4341	4414	
4461	4413	4331	4413	
4461	4413	4325	4413	
4468	4414	4323	4414	
4476	4423	4326	4423	
4489	4431	4328	4431	
4505	4443	4330	4443	
4519	4452	4336	4452	
4531	4466	4339	4466	
4555	4479	4342	4479	
4570	4492	4332	4492	
4587	4502	4327	4502	
4614	4520	4326	4520	
4632	4541	4323	4541	
4659	4560	4326	4560	
4681	4578	4323	4578	
4709	4602	4321	4602	
4740	4625	4327	4625	
4769	4660	4338	4660	
4756	4673	4296	4673	
5352	5275	4807	5275	
5271	5177	4741	5177	
5159	5055	4650	5055	
5064	4952	4582	4952	
4987	4873	4519	4873	
4944	4828	4503	4828	
4910	4793	4489	4793	
4885	4766	4474	4766	
4855	4738	4466	4738	
4822	4714	4464	4714	
4797	4686	4453	4686	
4759	4658	4438	4658	
4733	4633	4432	4633	
4703	4615	4432	4615	
4669	4591	4421	4591	
4648	4569	4419	4569	
4622	4550	4411	4550	
4596	4533	4401	4533	
4575	4511	4395	4511	
4561	4494	4390	4494	
4541	4484	4381	4484	
4530	4472	4379	4472	
4520	4460	4365	4460	
4504	4454	4357	4454	
4495	4445	4350	4445	
4494	4443	4347	4443	
4498	4443	4347	4443	
4505	4448	4340	4448	
4514	4456	4340	4456	
4526	4467	4344	4467	
4543	4478	4344	4478	
4556	4483	4341	4483	
4569	4499	4352	4499	
4588	4508	4351	4508	
4604	4523	4351	4523	
4613	4530	4344	4530	
4635	4547	4340	4547	
4659	4564	4335	4564	
4687	4586	4336	4586	
4713	4606	4337	4606	
4736	4629	4340	4629	
4766	4658	4344	4658	
4804	4696	4359	4696	
4807	4720	4318	4720	
5457	5384	4898	5384	
5346	5259	4795	5259	
5229	5127	4704	5127	
5128	5018	4627	5018	
5032	4919	4560	4919	
4981	4860	4527	4860	
4941	4822	4505	4822	
4908	4790	4488	4790	
4878	4764	4480	4764	
4852	4739	4474	4739	
4823	4712	4460	4712	
4788	4687	4449	4687	
4761	4663	4447	4663	
4738	4643	4446	4643	
4712	4620	4436	4620	
4685	4601	4432	4601	
4660	4581	4422	4581	
4638	4560	4415	4560	
4613	4541	4408	4541	
4597	4531	4401	4531	
4587	4520	4408	4520	
4574	4508	4394	4508	
4559	4495	4385	4495	
4551	4487	4374	4487	
4538	4480	4368	4480	
4536	4479	4362	4479	
4539	4479	4363	4479	
4545	4481	4358	4481	
4553	4489	4361	4489	
4560	4498	4355	4498	
4575	4508	4358	4508	
4584	4513	4358	4513	
4604	4528	4358	4528	
4622	4541	4365	4541	
4637	4549	4357	4549	
4641	4560	4350	4560	
4664	4573	4354	4573	
4685	4588	4349	4588	
4716	4619	4353	4619	
4738	4639	4350	4639	
4766	4661	4359	4661	
4805	4691	4366	4691	
4852	4739	4385	4739	
4865	4773	4352	4773	
5587	5519	4995	5519	
5462	5373	4877	5373	
5301	5205	4756	5205	
5196	5087	4675	5087	
5096	4982	4594	4982	
5020	4906	4553	4906	
4969	4854	4527	4854	
4942	4822	4509	4822	
4905	4792	4493	4792	
4881	4770	4484	4770	
4856	4742	4474	4742	
4821	4717	4463	4717	
4797	4693	4456	4693	
4768	4674	4457	4674	
4746	4654	4450	4654	
4726	4634	4447	4634	
4698	4618	4438	4618	
4672	4598	4436	4598	
4649	4576	4422	4576	
4635	4565	4414	4565	
4631	4556	4418	4556	
4614	4542	4415	4542	
4598	4533	4404	4533	
4589	4522	4394	4522	
4575	4514	4382	4514	
4576	4514	4379	4514	
4582	4515	4374	4515	
4583	4523	4380	4523	
4589	4529	4376	4529	
4600	4531	4377	4531	
4610	4541	4369	4541	
4614	4543	4365	4543	
4634	4560	4372	4560	
4652	4569	4376	4569	
4664	4577	4368	4577	
4670	4586	4363	4586	
4695	4597	4359	4597	
4709	4612	4353	4612	
4742	4641	4364	4641	
4765	4664	4365	4664	
4795	4693	4364	4693	
4839	4731	4381	4731	
4907	4800	4420	4800	
4925	4841	4392	4841	
5751	5686	5115	5686	
5592	5511	4974	5511	
5406	5310	4832	5310	
5267	5164	4725	5164	
5152	5048	4642	5048	
5078	4964	4584	4964	
5009	4894	4551	4894	
4969	4850	4529	4850	
4934	4822	4506	4822	
4906	4795	4499	4795	
4877	4771	4489	4771	
4852	4748	4474	4748	
4822	4723	4476	4723	
4800	4704	4472	4704	
4776	4689	4467	4689	
4754	4665	4456	4665	
4730	4647	4450	4647	
4705	4627	4445	4627	
4682	4613	4438	4613	
4675	4599	4434	4599	
4658	4590	4430	4590	
4649	4578	4429	4578	
4634	4570	4422	4570	
4625	4559	4408	4559	
4618	4549	4399	4549	
4619	4552	4400	4552	
4615	4552	4391	4552	
4625	4558	4401	4558	
4632	4561	4394	4561	
4636	4567	4391	4567	
4641	4573	4387	4573	
4647	4577	4380	4577	
4663	4590	4382	4590	
4679	4597	4384	4597	
4692	4605	4378	4605	
4703	4615	4368	4615	
4715	4630	4370	4630	
4735	4645	4367	4645	
4768	4675	4378	4675	
4799	4699	4384	4699	
4837	4731	4389	4731	
4901	4791	4426	4791	
4974	4874	4473	4874	
4996	4921	4448	4921	
5959	5883	5271	5883	
5767	5687	5105	5687	
5540	5448	4925	5448	
5365	5265	4791	5265	
5230	5131	4698	5131	
5141	5038	4634	5038	
5066	4950	4585	4950	
5004	4891	4539	4891	
4961	4851	4525	4851	
4934	4827	4514	4827	
4908	4802	4499	4802	
4883	4782	4491	4782	
4854	4756	4482	4756	
4832	4735	4480	4735	
4809	4717	4470	4717	
4787	4699	4469	4699	
4768	4686	4463	4686	
4750	4669	4462	4669	
4725	4653	4451	4653	
4710	4638	4449	4638	
4697	4625	4442	4625	
4683	4613	4440	4613	
4673	4605	4430	4605	
4662	4594	4424	4594	
4651	4587	4422	4587	
4652	4582	4409	4582	
4654	4582	4407	4582	
4660	4591	4407	4591	
4664	4594	4405	4594	
4673	4600	4406	4600	
4677	4605	4396	4605	
4681	4611	4387	4611	
4690	4622	4393	4622	
4711	4631	4391	4631	
4722	4638	4385	4638	
4732	4648	4379	4648	
4748	4664	4383	4664	
4767	4678	4381	4678	
4794	4702	4392	4702	
4827	4731	4396	4731	
4886	4786	4422	4786	
4965	4859	4456	4859	
5059	4954	4524	4954	
5106	5023	4518	5023	
6198	6144	5483	6144	
5970	5904	5273	5904	
5702	5625	5060	5625	
5504	5408	4896	5408	
5327	5242	4773	5242	
5219	5121	4694	5121	
5128	5028	4632	5028	
5054	4951	4582	4951	
5001	4896	4548	4896	
4963	4858	4528	4858	
4932	4830	4512	4830	
4905	4812	4510	4812	
4880	4790	4501	4790	
4865	4772	4495	4772	
4837	4754	4491	4754	
4820	4739	4486	4739	
4798	4721	4478	4721	
4780	4700	4478	4700	
4758	4686	4468	4686	
4739	4675	4463	4675	
4723	4662	4458	4662	
4711	4651	4456	4651	
4705	4642	4450	4642	
4697	4636	4443	4636	
4687	4624	4435	4624	
4684	4617	4425	4617	
4677	4614	4420	4614	
4692	4619	4416	4619	
4693	4627	4418	4627	
4696	4631	4417	4631	
4702	4634	4413	4634	
4704	4640	4403	4640	
4719	4652	4404	4652	
4734	4661	4403	4661	
4743	4672	4404	4672	
4759	4679	4393	4679	
4775	4697	4397	4697	
4796	4713	4396	4713	
4824	4743	4410	4743	
4869	4783	4431	4783	
4950	4856	4471	4856	
5058	4963	4536	4963	
5166	5071	4603	5071	
5243	5175	4638	5175	
6396	6361	5647	6361	
6120	6073	5407	6073	
5806	5762	5139	5762	
5570	5522	4958	5522	
5378	5328	4807	5328	
5246	5188	4711	5188	
5143	5077	4637	5077	
5069	4992	4581	4992	
4991	4923	4538	4923	
4941	4877	4513	4877	
4911	4847	4490	4847	
4896	4826	4487	4826	
4861	4802	4477	4802	
4849	4786	4470	4786	
4822	4765	4464	4765	
4800	4747	4460	4747	
4775	4727	4450	4727	
4761	4712	4445	4712	
4731	4695	4439	4695	
4722	4683	4428	4683	
4709	4672	4432	4672	
4703	4660	4425	4660	
4689	4654	4424	4654	
4681	4644	4419	4644	
4674	4641	4419	4641	
4673	4633	4400	4633	
4660	4626	4398	4626	
4672	4631	4403	4631	
4686	4637	4394	4637	
4682	4641	4387	4641	
4687	4647	4387	4647	
4692	4650	4375	4650	
4699	4659	4378	4659	
4718	4667	4375	4667	
4727	4679	4366	4679	
4739	4689	4369	4689	
4762	4710	4376	4710	
4779	4730	4374	4730	
4830	4766	4390	4766	
4889	4824	4427	4824	
4975	4901	4480	4901	
5067	5007	4542	5007	
5227	5167	4657	5167	
5332	5290	4705	5290	
                                                                                                                                                                                                                                                                                                                                                                                                                                                                                                                                                                                                                                                                                                                                                                                                                                                                                                                                                                                                                                                                                                                                                                                                                                                                                                                                                                                                                                                                                                                                                                                                                                                                                                                                                                                                                                                                                                                                                                                                                                                                                                                                                                                                                                                                                                                                                                                                                                                                                                                                                                                                                                                                                                                                                                                                                                                                                                                                                                                                                                                                                                                                                                                                                                                                                                                                                                                                                                                                                                                                                                                                                                                                                                                                                                                                                                                                                                                                                                                                                                                                                                                                                                                                                                                                                                                                                                                                                                                                                                                                                                                                                                                                                                                                                                    