1144	1144	1144	1144	
4749	4510	4141	4510	
4695	4457	4135	4457	
4615	4391	4134	4391	
4552	4349	4153	4349	
4512	4321	4162	4321	
4482	4300	4159	4300	
4441	4275	4159	4275	
4409	4260	4150	4260	
4376	4241	4138	4241	
4344	4230	4138	4230	
4320	4219	4159	4219	
4294	4206	4172	4206	
4263	4186	4177	4186	
4243	4170	4193	4170	
4219	4163	4198	4163	
4203	4150	4199	4150	
4183	4141	4191	4141	
4167	4136	4193	4136	
4154	4130	4186	4130	
4148	4126	4198	4126	
4145	4124	4193	4124	
4142	4121	4208	4121	
4140	4118	4195	4118	
4145	4124	4210	4124	
4147	4129	4202	4129	
4163	4134	4218	4134	
4175	4140	4237	4140	
4187	4150	4253	4150	
4207	4157	4260	4157	
4223	4165	4261	4165	
4244	4180	4281	4180	
4265	4192	4286	4192	
4294	4207	4301	4207	
4324	4221	4304	4221	
4351	4242	4305	4242	
4372	4251	4291	4251	
4412	4270	4297	4270	
4443	4283	4298	4283	
4462	4295	4301	4295	
4494	4302	4294	4302	
4519	4314	4278	4314	
4548	4334	4278	4334	
4579	4348	4266	4348	
4576	4342	4226	4342	
4752	4504	4141	4504	
4696	4456	4118	4456	
4620	4394	4109	4394	
4562	4356	4118	4356	
4520	4328	4135	4328	
4490	4307	4157	4307	
4456	4284	4146	4284	
4420	4270	4147	4270	
4386	4250	4134	4250	
4356	4236	4128	4236	
4327	4225	4132	4225	
4301	4213	4141	4213	
4268	4190	4146	4190	
4250	4178	4164	4178	
4227	4166	4164	4166	
4204	4154	4174	4154	
4187	4144	4162	4144	
4170	4135	4160	4135	
4158	4136	4158	4136	
4154	4131	4172	4131	
4151	4132	4177	4132	
4144	4124	4174	4124	
4143	4124	4178	4124	
4147	4130	4184	4130	
4157	4130	4174	4130	
4164	4136	4182	4136	
4179	4144	4200	4144	
4197	4154	4218	4154	
4208	4162	4231	4162	
4228	4173	4241	4173	
4248	4188	4255	4188	
4271	4197	4259	4197	
4301	4218	4269	4218	
4335	4231	4281	4231	
4355	4245	4278	4245	
4384	4264	4278	4264	
4420	4278	4279	4278	
4450	4290	4277	4290	
4485	4307	4272	4307	
4508	4315	4265	4315	
4540	4332	4265	4332	
4569	4347	4259	4347	
4598	4360	4256	4360	
4588	4352	4190	4352	
4747	4487	4166	4487	
4686	4446	4129	4446	
4610	4393	4105	4393	
4570	4359	4106	4359	
4526	4339	4124	4339	
4495	4315	4138	4315	
4463	4294	4158	4294	
4422	4271	4152	4271	
4387	4250	4148	4250	
4358	4235	4134	4235	
4323	4221	4121	4221	
4292	4205	4121	4205	
4266	4187	4132	4187	
4244	4177	4138	4177	
4220	4165	4154	4165	
4199	4153	4159	4153	
4176	4143	4155	4143	
4164	4138	4156	4138	
4151	4127	4152	4127	
4145	4126	4159	4126	
4144	4126	4163	4126	
4139	4122	4158	4122	
4135	4123	4163	4123	
4141	4124	4173	4124	
4146	4127	4173	4127	
4157	4134	4183	4134	
4170	4143	4188	4143	
4189	4156	4206	4156	
4204	4162	4205	4162	
4223	4173	4226	4173	
4246	4188	4239	4188	
4265	4198	4244	4198	
4295	4214	4257	4214	
4325	4225	4262	4225	
4352	4246	4264	4246	
4387	4262	4274	4262	
4423	4279	4267	4279	
4452	4299	4262	4299	
4484	4309	4263	4309	
4508	4324	4260	4324	
4545	4333	4255	4333	
4569	4351	4255	4351	
4602	4369	4245	4369	
4592	4360	4162	4360	
4735	4484	4168	4484	
4683	4443	4135	4443	
4615	4391	4118	4391	
4571	4367	4123	4367	
4530	4341	4125	4341	
4496	4318	4136	4318	
4459	4293	4154	4293	
4423	4271	4157	4271	
4391	4252	4166	4252	
4359	4234	4141	4234	
4323	4217	4128	4217	
4286	4199	4118	4199	
4255	4186	4118	4186	
4233	4171	4120	4171	
4207	4162	4136	4162	
4187	4149	4142	4149	
4164	4138	4140	4138	
4153	4129	4144	4129	
4142	4123	4148	4123	
4132	4119	4153	4119	
4126	4119	4147	4119	
4123	4114	4151	4114	
4124	4116	4157	4116	
4133	4117	4171	4117	
4135	4126	4164	4126	
4149	4134	4182	4134	
4168	4145	4189	4145	
4187	4158	4205	4158	
4203	4165	4214	4165	
4225	4174	4220	4174	
4244	4187	4234	4187	
4263	4200	4249	4200	
4294	4219	4257	4219	
4326	4230	4265	4230	
4351	4248	4269	4248	
4383	4266	4273	4266	
4424	4281	4276	4281	
4456	4302	4277	4302	
4485	4316	4265	4316	
4516	4328	4267	4328	
4552	4340	4257	4340	
4576	4355	4242	4355	
4600	4371	4242	4371	
4601	4367	4157	4367	
4734	4485	4184	4485	
4684	4445	4148	4445	
4621	4400	4136	4400	
4576	4370	4132	4370	
4534	4342	4136	4342	
4504	4325	4147	4325	
4470	4302	4149	4302	
4429	4274	4153	4274	
4392	4253	4154	4253	
4357	4234	4157	4234	
4322	4212	4138	4212	
4285	4195	4125	4195	
4250	4174	4113	4174	
4223	4162	4108	4162	
4197	4154	4115	4154	
4177	4143	4120	4143	
4159	4133	4130	4133	
4150	4129	4144	4129	
4136	4122	4145	4122	
4128	4115	4141	4115	
4121	4113	4153	4113	
4117	4110	4146	4110	
4116	4111	4153	4111	
4124	4115	4158	4115	
4136	4122	4169	4122	
4150	4135	4178	4135	
4164	4144	4200	4144	
4184	4155	4204	4155	
4203	4166	4213	4166	
4221	4175	4222	4175	
4243	4189	4231	4189	
4263	4200	4238	4200	
4290	4219	4254	4219	
4326	4233	4265	4233	
4355	4248	4269	4248	
4386	4267	4277	4267	
4426	4288	4284	4288	
4456	4303	4274	4303	
4487	4320	4276	4320	
4521	4337	4262	4337	
4551	4349	4262	4349	
4597	4373	4252	4373	
4618	4385	4248	4385	
4606	4377	4172	4377	
4732	4485	4202	4485	
4685	4456	4172	4456	
4625	4402	4142	4402	
4582	4376	4135	4376	
4540	4351	4142	4351	
4508	4327	4144	4327	
4462	4298	4149	4298	
4430	4278	4147	4278	
4391	4255	4163	4255	
4358	4237	4161	4237	
4317	4211	4148	4211	
4282	4192	4136	4192	
4243	4170	4114	4170	
4215	4162	4104	4162	
4181	4147	4100	4147	
4171	4138	4107	4138	
4156	4130	4119	4130	
4143	4127	4134	4127	
4133	4118	4140	4118	
4121	4113	4139	4113	
4113	4111	4144	4111	
4108	4108	4144	4108	
4109	4108	4153	4108	
4119	4111	4154	4111	
4131	4121	4164	4121	
4146	4136	4179	4136	
4159	4144	4195	4144	
4175	4155	4207	4155	
4203	4164	4212	4164	
4220	4176	4226	4176	
4241	4193	4235	4193	
4261	4205	4238	4205	
4291	4221	4256	4221	
4326	4236	4269	4236	
4361	4253	4278	4253	
4388	4272	4285	4272	
4432	4291	4284	4291	
4463	4305	4281	4305	
4497	4324	4287	4324	
4527	4340	4273	4340	
4558	4359	4257	4359	
4584	4369	4245	4369	
4617	4390	4238	4390	
4609	4380	4163	4380	
4733	4494	4217	4494	
4716	4484	4218	4484	
4647	4430	4184	4430	
4588	4380	4153	4380	
4543	4355	4154	4355	
4510	4331	4157	4331	
4469	4303	4157	4303	
4427	4284	4148	4284	
4392	4257	4159	4257	
4355	4235	4149	4235	
4320	4211	4149	4211	
4280	4191	4142	4191	
4237	4169	4114	4169	
4209	4153	4111	4153	
4179	4142	4096	4142	
4164	4134	4097	4134	
4154	4128	4107	4128	
4135	4122	4114	4122	
4121	4111	4121	4111	
4113	4107	4137	4107	
4106	4103	4131	4103	
4103	4104	4141	4104	
4103	4105	4146	4105	
4110	4108	4150	4108	
4127	4121	4164	4121	
4142	4130	4182	4130	
4160	4146	4201	4146	
4179	4158	4210	4158	
4197	4168	4221	4168	
4219	4178	4237	4178	
4241	4198	4246	4198	
4267	4208	4244	4208	
4297	4223	4263	4223	
4325	4239	4264	4239	
4354	4256	4269	4256	
4390	4272	4283	4272	
4437	4295	4293	4295	
4465	4310	4295	4310	
4503	4328	4286	4328	
4533	4342	4282	4342	
4566	4364	4270	4364	
4603	4378	4259	4378	
4629	4399	4249	4399	
4617	4393	4167	4393	
4737	4496	4228	4496	
4694	4465	4201	4465	
4651	4435	4202	4435	
4593	4394	4167	4394	
4558	4370	4175	4370	
4513	4333	4158	4333	
4473	4307	4165	4307	
4436	4282	4157	4282	
4396	4258	4157	4258	
4356	4237	4152	4237	
4316	4211	4153	4211	
4272	4189	4137	4189	
4236	4168	4127	4168	
4210	4154	4119	4154	
4183	4140	4106	4140	
4166	4131	4102	4131	
4143	4124	4102	4124	
4134	4118	4112	4118	
4118	4111	4107	4111	
4112	4103	4122	4103	
4097	4099	4127	4099	
4096	4097	4132	4097	
4096	4098	4141	4098	
4103	4106	4146	4106	
4122	4119	4165	4119	
4140	4133	4178	4133	
4159	4143	4194	4143	
4182	4155	4209	4155	
4199	4172	4223	4172	
4219	4186	4234	4186	
4247	4202	4245	4202	
4267	4214	4248	4214	
4302	4229	4257	4229	
4332	4244	4270	4244	
4358	4260	4276	4260	
4398	4276	4284	4276	
4442	4298	4304	4298	
4471	4318	4297	4318	
4508	4336	4290	4336	
4543	4352	4288	4352	
4574	4368	4272	4368	
4609	4381	4260	4381	
4640	4405	4264	4405	
4632	4399	4175	4399	
4743	4498	4233	4498	
4697	4462	4207	4462	
4635	4419	4182	4419	
4597	4394	4171	4394	
4553	4365	4167	4365	
4524	4343	4173	4343	
4479	4309	4165	4309	
4438	4288	4165	4288	
4403	4263	4162	4263	
4358	4238	4153	4238	
4318	4213	4145	4213	
4272	4190	4137	4190	
4240	4170	4132	4170	
4213	4157	4125	4157	
4184	4136	4113	4136	
4169	4130	4106	4130	
4146	4123	4100	4123	
4133	4116	4106	4116	
4119	4109	4108	4109	
4108	4102	4110	4102	
4100	4098	4114	4098	
4096	4096	4122	4096	
4096	4097	4142	4097	
4103	4106	4146	4106	
4121	4119	4171	4119	
4137	4133	4177	4133	
4163	4148	4205	4148	
4185	4159	4211	4159	
4203	4174	4223	4174	
4225	4191	4241	4191	
4249	4205	4245	4205	
4272	4218	4256	4218	
4305	4232	4255	4232	
4336	4246	4269	4246	
4362	4262	4269	4262	
4400	4283	4284	4283	
4444	4306	4297	4306	
4481	4324	4301	4324	
4518	4342	4299	4342	
4543	4355	4293	4355	
4580	4374	4279	4374	
4619	4387	4268	4387	
4653	4413	4278	4413	
4641	4412	4192	4412	
4757	4507	4230	4507	
4706	4470	4206	4470	
4651	4427	4196	4427	
4611	4399	4189	4399	
4568	4379	4181	4379	
4532	4354	4187	4354	
4487	4318	4176	4318	
4451	4294	4173	4294	
4408	4268	4170	4268	
4366	4242	4157	4242	
4322	4214	4150	4214	
4278	4194	4137	4194	
4243	4173	4126	4173	
4219	4160	4125	4160	
4189	4146	4124	4146	
4169	4131	4114	4131	
4152	4126	4107	4126	
4139	4117	4108	4117	
4121	4111	4101	4111	
4109	4104	4104	4104	
4105	4102	4117	4102	
4100	4100	4123	4100	
4103	4106	4138	4106	
4114	4112	4153	4112	
4124	4122	4172	4122	
4143	4138	4194	4138	
4163	4152	4200	4152	
4186	4166	4221	4166	
4213	4183	4229	4183	
4234	4198	4242	4198	
4261	4211	4256	4211	
4280	4223	4251	4223	
4308	4235	4260	4235	
4344	4252	4269	4252	
4373	4268	4277	4268	
4413	4292	4285	4292	
4455	4314	4303	4314	
4491	4335	4298	4335	
4526	4353	4298	4353	
4554	4364	4293	4364	
4592	4381	4283	4381	
4622	4397	4275	4397	
4665	4424	4282	4424	
4655	4422	4201	4422	
4768	4525	4248	4525	
4719	4485	4214	4485	
4658	4434	4211	4434	
4626	4409	4199	4409	
4581	4383	4194	4383	
4539	4359	4185	4359	
4501	4326	4172	4326	
4453	4304	4178	4304	
4418	4276	4182	4276	
4372	4253	4165	4253	
4333	4221	4156	4221	
4288	4199	4138	4199	
4249	4180	4133	4180	
4228	4167	4130	4167	
4200	4156	4125	4156	
4180	4140	4125	4140	
4162	4132	4118	4132	
4146	4127	4119	4127	
4130	4121	4108	4121	
4118	4114	4104	4114	
4114	4110	4113	4110	
4110	4112	4128	4112	
4113	4112	4148	4112	
4123	4121	4153	4121	
4136	4131	4180	4131	
4153	4146	4198	4146	
4174	4158	4215	4158	
4197	4175	4229	4175	
4218	4187	4237	4187	
4245	4203	4243	4203	
4264	4216	4251	4216	
4287	4227	4253	4227	
4318	4241	4262	4241	
4349	4255	4272	4255	
4382	4273	4279	4273	
4417	4296	4287	4296	
4465	4321	4303	4321	
4497	4340	4299	4340	
4533	4359	4306	4359	
4566	4375	4302	4375	
4597	4388	4289	4388	
4635	4404	4287	4404	
4667	4429	4286	4429	
4663	4430	4195	4430	
4792	4539	4266	4539	
4732	4495	4227	4495	
4672	4448	4205	4448	
4634	4420	4210	4420	
4592	4395	4197	4395	
4555	4367	4193	4367	
4514	4335	4198	4335	
4468	4312	4187	4312	
4426	4285	4179	4285	
4387	4263	4171	4263	
4336	4233	4162	4233	
4296	4206	4144	4206	
4263	4190	4138	4190	
4240	4175	4143	4175	
4218	4164	4134	4164	
4191	4153	4128	4153	
4172	4140	4125	4140	
4157	4129	4118	4129	
4141	4123	4115	4123	
4132	4120	4116	4120	
4127	4121	4122	4121	
4124	4122	4128	4122	
4124	4125	4139	4125	
4138	4133	4159	4133	
4150	4143	4180	4143	
4164	4153	4193	4153	
4189	4165	4218	4165	
4211	4181	4226	4181	
4227	4196	4239	4196	
4251	4207	4248	4207	
4274	4222	4252	4222	
4298	4235	4259	4235	
4330	4249	4266	4249	
4359	4266	4279	4266	
4391	4285	4279	4285	
4425	4306	4291	4306	
4473	4329	4300	4329	
4509	4347	4293	4347	
4539	4367	4303	4367	
4579	4381	4296	4381	
4611	4395	4291	4395	
4648	4417	4289	4417	
4686	4440	4293	4440	
4683	4438	4214	4438	
4810	4558	4267	4558	
4752	4511	4235	4511	
4692	4455	4210	4455	
4648	4431	4207	4431	
4606	4403	4209	4403	
4560	4373	4202	4373	
4519	4347	4199	4347	
4481	4322	4194	4322	
4436	4292	4184	4292	
4399	4272	4181	4272	
4354	4243	4166	4243	
4315	4221	4154	4221	
4282	4201	4149	4201	
4251	4191	4149	4191	
4222	4172	4131	4172	
4199	4159	4131	4159	
4183	4151	4129	4151	
4168	4141	4129	4141	
4153	4134	4126	4134	
4147	4133	4126	4133	
4143	4139	4128	4139	
4141	4136	4137	4136	
4143	4138	4147	4138	
4150	4149	4168	4149	
4165	4154	4181	4154	
4180	4165	4195	4165	
4201	4176	4215	4176	
4216	4187	4228	4187	
4236	4198	4235	4198	
4256	4212	4243	4212	
4281	4226	4249	4226	
4307	4237	4254	4237	
4338	4255	4264	4255	
4375	4273	4284	4273	
4405	4295	4288	4295	
4437	4312	4281	4312	
4485	4333	4296	4333	
4524	4354	4297	4354	
4556	4373	4299	4373	
4586	4388	4295	4388	
4625	4407	4300	4407	
4662	4429	4298	4429	
4696	4451	4296	4451	
4692	4448	4214	4448	
4839	4578	4282	4578	
4783	4532	4244	4532	
4705	4472	4217	4472	
4668	4441	4220	4441	
4626	4411	4210	4411	
4577	4384	4204	4384	
4539	4355	4201	4355	
4501	4333	4200	4333	
4456	4305	4186	4305	
4420	4283	4191	4283	
4377	4258	4178	4258	
4337	4237	4158	4237	
4301	4212	4153	4212	
4274	4202	4157	4202	
4238	4182	4149	4182	
4214	4171	4137	4171	
4197	4160	4140	4160	
4186	4155	4138	4155	
4174	4147	4136	4147	
4165	4148	4142	4148	
4160	4154	4145	4154	
4161	4154	4146	4154	
4165	4152	4150	4152	
4176	4162	4161	4162	
4183	4172	4184	4172	
4196	4176	4197	4176	
4216	4187	4216	4187	
4233	4196	4229	4196	
4246	4204	4236	4204	
4266	4218	4242	4218	
4291	4233	4252	4233	
4315	4249	4253	4249	
4354	4264	4270	4264	
4389	4284	4286	4284	
4412	4303	4287	4303	
4454	4323	4291	4323	
4493	4344	4299	4344	
4530	4361	4300	4361	
4561	4379	4291	4379	
4597	4395	4298	4395	
4642	4421	4290	4421	
4678	4439	4291	4439	
4711	4462	4304	4462	
4705	4457	4214	4457	
4876	4613	4302	4613	
4817	4555	4262	4555	
4728	4489	4234	4489	
4680	4450	4223	4450	
4635	4423	4199	4423	
4590	4392	4210	4392	
4552	4368	4208	4368	
4518	4346	4200	4346	
4476	4318	4199	4318	
4435	4300	4187	4300	
4394	4276	4184	4276	
4355	4252	4173	4252	
4316	4225	4157	4225	
4292	4211	4159	4211	
4256	4197	4155	4197	
4232	4181	4147	4181	
4214	4173	4152	4173	
4199	4167	4148	4167	
4188	4162	4146	4162	
4183	4163	4148	4163	
4180	4164	4155	4164	
4182	4165	4156	4165	
4186	4167	4158	4167	
4191	4174	4172	4174	
4206	4181	4185	4181	
4210	4190	4197	4190	
4230	4199	4211	4199	
4248	4209	4235	4209	
4264	4219	4239	4219	
4283	4231	4249	4231	
4306	4246	4258	4246	
4333	4258	4261	4258	
4363	4280	4271	4280	
4403	4296	4282	4296	
4440	4321	4290	4321	
4464	4329	4291	4329	
4507	4353	4301	4353	
4536	4372	4295	4372	
4573	4393	4297	4393	
4617	4409	4300	4409	
4652	4432	4295	4432	
4688	4451	4298	4451	
4723	4480	4306	4480	
4724	4475	4220	4475	
4924	4643	4348	4643	
4856	4588	4282	4588	
4761	4512	4250	4512	
4697	4465	4228	4465	
4646	4432	4213	4432	
4606	4405	4217	4405	
4572	4381	4221	4381	
4533	4360	4218	4360	
4496	4336	4214	4336	
4452	4318	4206	4318	
4417	4291	4201	4291	
4377	4270	4174	4270	
4336	4245	4171	4245	
4309	4228	4177	4228	
4279	4215	4166	4215	
4258	4197	4157	4197	
4234	4186	4156	4186	
4218	4185	4157	4185	
4209	4179	4155	4179	
4203	4177	4161	4177	
4202	4178	4165	4178	
4200	4180	4162	4180	
4204	4180	4171	4180	
4211	4184	4178	4184	
4216	4194	4184	4194	
4233	4201	4187	4201	
4246	4211	4207	4211	
4263	4224	4227	4224	
4283	4231	4234	4231	
4295	4242	4250	4242	
4322	4257	4262	4257	
4349	4272	4264	4272	
4382	4291	4273	4291	
4415	4307	4283	4307	
4444	4324	4285	4324	
4480	4345	4292	4345	
4518	4363	4299	4363	
4548	4382	4296	4382	
4593	4407	4300	4407	
4624	4423	4300	4423	
4673	4443	4295	4443	
4710	4466	4292	4466	
4748	4493	4311	4493	
4743	4487	4222	4487	
4962	4680	4378	4680	
4894	4615	4316	4615	
4790	4534	4262	4534	
4719	4480	4233	4480	
4666	4446	4224	4446	
4624	4419	4222	4419	
4588	4393	4219	4393	
4556	4376	4215	4376	
4517	4349	4217	4349	
4473	4331	4205	4331	
4436	4307	4198	4307	
4404	4284	4187	4284	
4361	4255	4180	4255	
4331	4244	4181	4244	
4303	4228	4177	4228	
4275	4212	4173	4212	
4256	4201	4166	4201	
4245	4202	4173	4202	
4235	4196	4171	4196	
4228	4197	4179	4197	
4228	4195	4178	4195	
4225	4196	4182	4196	
4225	4197	4185	4197	
4234	4200	4182	4200	
4240	4205	4188	4205	
4251	4215	4197	4215	
4267	4226	4210	4226	
4283	4236	4228	4236	
4302	4245	4230	4245	
4317	4251	4249	4251	
4341	4270	4262	4270	
4371	4282	4267	4282	
4399	4300	4281	4300	
4435	4319	4295	4319	
4467	4338	4294	4338	
4498	4357	4294	4357	
4539	4380	4297	4380	
4574	4393	4301	4393	
4614	4417	4311	4417	
4644	4433	4302	4433	
4691	4457	4297	4457	
4734	4478	4292	4478	
4769	4507	4310	4507	
4765	4506	4230	4506	
5021	4739	4408	4739	
4940	4658	4349	4658	
4834	4570	4294	4570	
4748	4499	4242	4499	
4686	4461	4221	4461	
4643	4432	4224	4432	
4608	4407	4215	4407	
4568	4382	4213	4382	
4538	4358	4210	4358	
4496	4342	4201	4342	
4461	4324	4202	4324	
4426	4302	4194	4302	
4386	4274	4186	4274	
4358	4263	4185	4263	
4331	4245	4186	4245	
4306	4231	4183	4231	
4288	4227	4177	4227	
4273	4218	4186	4218	
4257	4213	4185	4213	
4255	4212	4189	4212	
4253	4213	4188	4213	
4251	4212	4187	4212	
4248	4208	4188	4208	
4256	4215	4200	4215	
4261	4219	4191	4219	
4269	4231	4200	4231	
4283	4234	4209	4234	
4301	4244	4214	4244	
4320	4252	4229	4252	
4340	4266	4240	4266	
4364	4281	4264	4281	
4388	4294	4267	4294	
4418	4312	4280	4312	
4453	4331	4294	4331	
4483	4354	4298	4354	
4520	4370	4296	4370	
4555	4391	4305	4391	
4593	4407	4303	4407	
4624	4430	4303	4430	
4661	4443	4295	4443	
4706	4466	4298	4466	
4749	4496	4306	4496	
4785	4521	4307	4521	
4786	4522	4230	4522	
5091	4798	4452	4798	
5001	4712	4382	4712	
4887	4615	4325	4615	
4786	4531	4267	4531	
4712	4481	4238	4481	
4678	4450	4228	4450	
4630	4421	4224	4421	
4593	4397	4214	4397	
4555	4377	4216	4377	
4519	4357	4206	4357	
4489	4336	4206	4336	
4455	4317	4200	4317	
4419	4299	4202	4299	
4393	4280	4194	4280	
4358	4266	4189	4266	
4333	4253	4193	4253	
4320	4247	4196	4247	
4305	4241	4195	4241	
4294	4237	4194	4237	
4278	4233	4202	4233	
4278	4234	4208	4234	
4274	4231	4192	4231	
4272	4229	4195	4229	
4279	4234	4206	4234	
4285	4235	4204	4235	
4294	4241	4209	4241	
4307	4247	4213	4247	
4326	4255	4219	4255	
4340	4267	4232	4267	
4365	4284	4248	4284	
4388	4296	4260	4296	
4412	4309	4273	4309	
4444	4327	4283	4327	
4475	4343	4300	4343	
4507	4364	4291	4364	
4538	4382	4301	4382	
4582	4401	4308	4401	
4610	4422	4305	4422	
4653	4443	4300	4443	
4683	4463	4307	4463	
4723	4482	4298	4482	
4771	4507	4302	4507	
4810	4538	4310	4538	
4816	4549	4251	4549	
5171	4860	4492	4860	
5070	4771	4429	4771	
4945	4659	4353	4659	
4837	4571	4302	4571	
4744	4500	4247	4500	
4695	4468	4241	4468	
4657	4436	4219	4436	
4617	4414	4226	4414	
4581	4394	4226	4394	
4548	4373	4210	4373	
4513	4352	4209	4352	
4479	4335	4207	4335	
4445	4318	4202	4318	
4418	4304	4204	4304	
4389	4289	4207	4289	
4371	4281	4200	4281	
4355	4271	4202	4271	
4338	4266	4202	4266	
4326	4261	4215	4261	
4313	4253	4208	4253	
4309	4252	4217	4252	
4309	4252	4215	4252	
4309	4247	4208	4247	
4306	4255	4212	4255	
4313	4253	4207	4253	
4321	4258	4215	4258	
4332	4263	4217	4263	
4349	4271	4219	4271	
4368	4283	4233	4283	
4389	4300	4246	4300	
4419	4318	4255	4318	
4440	4330	4262	4330	
4470	4348	4278	4348	
4504	4363	4290	4363	
4530	4382	4301	4382	
4558	4395	4299	4395	
4597	4416	4311	4416	
4635	4436	4300	4436	
4669	4457	4302	4457	
4705	4479	4301	4479	
4746	4497	4299	4497	
4798	4526	4305	4526	
4848	4565	4318	4565	
4871	4585	4256	4585	
5282	4948	4572	4948	
5147	4841	4472	4841	
5006	4721	4397	4721	
4895	4623	4334	4623	
4788	4539	4276	4539	
4728	4489	4257	4489	
4681	4455	4237	4455	
4640	4433	4223	4433	
4612	4412	4227	4412	
4570	4394	4224	4394	
4538	4371	4215	4371	
4510	4353	4210	4353	
4478	4337	4213	4337	
4449	4326	4210	4326	
4429	4311	4209	4311	
4410	4303	4226	4303	
4392	4296	4215	4296	
4377	4290	4217	4290	
4358	4280	4216	4280	
4350	4278	4225	4278	
4351	4276	4236	4276	
4345	4277	4235	4277	
4344	4271	4229	4271	
4343	4274	4229	4274	
4340	4274	4227	4274	
4350	4276	4230	4276	
4364	4281	4224	4281	
4379	4289	4231	4289	
4396	4302	4238	4302	
4418	4312	4243	4312	
4447	4334	4265	4334	
4467	4347	4276	4347	
4497	4367	4280	4367	
4530	4383	4298	4383	
4559	4396	4297	4396	
4586	4416	4306	4416	
4625	4426	4309	4426	
4652	4455	4307	4455	
4698	4478	4318	4478	
4733	4497	4315	4497	
4778	4522	4313	4522	
4827	4555	4316	4555	
4891	4593	4343	4593	
4913	4623	4274	4623	
5412	5065	4639	5065	
5257	4935	4531	4935	
5079	4784	4442	4784	
4965	4682	4371	4682	
4855	4593	4304	4593	
4777	4525	4271	4525	
4709	4479	4244	4479	
4675	4453	4240	4453	
4633	4430	4232	4430	
4600	4413	4229	4413	
4574	4394	4223	4394	
4536	4375	4219	4375	
4511	4360	4213	4360	
4486	4350	4219	4350	
4464	4340	4227	4340	
4449	4332	4226	4332	
4432	4324	4230	4324	
4413	4317	4233	4317	
4399	4308	4230	4308	
4387	4302	4232	4302	
4386	4305	4246	4305	
4381	4299	4245	4299	
4377	4297	4244	4297	
4377	4294	4239	4294	
4376	4292	4236	4292	
4386	4296	4229	4296	
4392	4301	4230	4301	
4407	4312	4243	4312	
4430	4324	4248	4324	
4448	4339	4251	4339	
4468	4350	4263	4350	
4495	4362	4267	4362	
4523	4381	4279	4381	
4555	4398	4293	4398	
4584	4414	4298	4414	
4606	4428	4298	4428	
4645	4443	4303	4443	
4675	4464	4303	4464	
4722	4495	4313	4495	
4757	4517	4315	4517	
4807	4545	4313	4545	
4859	4581	4321	4581	
4938	4640	4348	4640	
4973	4672	4298	4672	
5573	5206	4731	5206	
5399	5050	4600	5050	
5188	4873	4488	4873	
5044	4743	4407	4743	
4919	4648	4341	4648	
4822	4573	4295	4573	
4747	4509	4274	4509	
4702	4476	4247	4476	
4660	4455	4242	4455	
4630	4436	4227	4436	
4598	4417	4235	4417	
4571	4402	4227	4402	
4539	4385	4220	4385	
4527	4377	4232	4377	
4502	4366	4236	4366	
4486	4356	4238	4356	
4468	4349	4236	4349	
4454	4340	4241	4340	
4434	4334	4238	4334	
4425	4325	4244	4325	
4423	4325	4249	4325	
4417	4323	4247	4323	
4410	4321	4243	4321	
4412	4314	4252	4314	
4416	4315	4250	4315	
4423	4322	4242	4322	
4433	4325	4250	4325	
4447	4335	4256	4335	
4463	4346	4256	4346	
4481	4358	4269	4358	
4507	4371	4275	4371	
4526	4383	4272	4383	
4555	4405	4286	4405	
4583	4418	4292	4418	
4614	4433	4299	4433	
4635	4448	4297	4448	
4673	4466	4304	4466	
4700	4490	4307	4490	
4742	4510	4319	4510	
4791	4544	4326	4544	
4844	4576	4335	4576	
4923	4624	4353	4624	
5007	4696	4395	4696	
5052	4735	4333	4735	
5768	5365	4830	5365	
5568	5195	4697	5195	
5329	4988	4556	4988	
5139	4831	4456	4831	
4997	4717	4384	4717	
4894	4631	4331	4631	
4807	4557	4300	4557	
4745	4507	4267	4507	
4698	4477	4258	4477	
4660	4457	4244	4457	
4637	4440	4231	4440	
4603	4425	4234	4425	
4577	4409	4238	4409	
4559	4402	4242	4402	
4536	4391	4239	4391	
4521	4378	4240	4378	
4503	4374	4254	4374	
4487	4368	4251	4368	
4471	4359	4247	4359	
4461	4352	4254	4352	
4461	4350	4256	4350	
4450	4348	4256	4348	
4447	4344	4253	4344	
4446	4338	4252	4338	
4451	4338	4258	4338	
4452	4340	4250	4340	
4463	4346	4248	4346	
4478	4357	4265	4357	
4496	4367	4259	4367	
4514	4380	4272	4380	
4542	4393	4278	4393	
4556	4404	4278	4404	
4581	4421	4289	4421	
4612	4442	4303	4442	
4640	4457	4300	4457	
4668	4471	4297	4471	
4700	4490	4308	4490	
4729	4509	4318	4509	
4777	4535	4325	4535	
4824	4564	4324	4564	
4895	4616	4347	4616	
4983	4676	4369	4676	
5095	4763	4425	4763	
5160	4817	4391	4817	
5994	5562	4982	5562	
5779	5371	4833	5371	
5500	5142	4660	5142	
5279	4954	4540	4954	
5100	4805	4447	4805	
4972	4701	4383	4701	
4875	4621	4337	4621	
4802	4557	4304	4557	
4735	4508	4275	4508	
4692	4480	4255	4480	
4663	4461	4249	4461	
4637	4452	4251	4452	
4616	4437	4248	4437	
4594	4428	4258	4428	
4570	4416	4256	4416	
4552	4407	4249	4407	
4531	4401	4256	4401	
4524	4391	4260	4391	
4507	4387	4259	4387	
4496	4380	4264	4380	
4486	4379	4264	4379	
4486	4376	4271	4376	
4481	4368	4274	4368	
4478	4368	4271	4368	
4481	4366	4266	4366	
4486	4361	4267	4361	
4495	4365	4264	4365	
4508	4376	4268	4376	
4522	4390	4278	4390	
4544	4401	4281	4401	
4563	4416	4288	4416	
4581	4425	4286	4425	
4612	4446	4296	4446	
4643	4462	4311	4462	
4663	4479	4311	4479	
4696	4492	4317	4492	
4730	4514	4312	4514	
4767	4536	4322	4536	
4811	4563	4340	4563	
4866	4604	4347	4604	
4956	4667	4386	4667	
5076	4760	4437	4760	
5199	4859	4486	4859	
5290	4939	4481	4939	
6166	5719	5105	5719	
5910	5504	4914	5504	
5620	5257	4719	5257	
5379	5048	4581	5048	
5165	4877	4454	4877	
5025	4756	4383	4756	
4909	4664	4327	4664	
4822	4588	4286	4588	
4742	4531	4256	4531	
4692	4497	4229	4497	
4660	4474	4223	4474	
4634	4455	4224	4455	
4611	4447	4221	4447	
4588	4438	4219	4438	
4570	4420	4223	4420	
4550	4413	4228	4413	
4530	4409	4218	4409	
4515	4396	4214	4396	
4496	4388	4211	4388	
4489	4382	4224	4382	
4487	4382	4233	4382	
4480	4377	4238	4377	
4481	4377	4239	4377	
4474	4373	4244	4373	
4481	4373	4241	4373	
4484	4369	4233	4369	
4488	4377	4239	4377	
4506	4385	4244	4385	
4521	4393	4233	4393	
4540	4409	4241	4409	
4556	4418	4247	4418	
4580	4428	4250	4428	
4609	4447	4264	4447	
4633	4459	4275	4459	
4661	4479	4259	4479	
4683	4496	4263	4496	
4733	4524	4285	4524	
4757	4543	4294	4543	
4816	4580	4303	4580	
4887	4630	4334	4630	
4989	4699	4377	4699	
5098	4796	4431	4796	
5258	4932	4512	4932	
5374	5034	4517	5034	
                                                                                                                                                                                                                                                                                                                                                                                                                                                                                                                                                                                                                                                                                                                                                                                                                                                                                                                                                                                                                                                                                                                                                                                                                                                                                                                                                                                                                                                                                                                                                                                                                                                                                                                                                                                                                                                                                                                                                                                                                                                                                                                                                                                                                                                                                                                                                                                                                                                                                                                                                                                                                                                                                                                                                                                                                                                                                                                                                                                                                                                                                                                                                                                                                                                                                                                                                                                                                                                                                                                                                                                                                                                                                                                                                                                                                                                                                                                                                                                                                                                                                                                                                                                                                                                                                                                                                                                                                                                                                                                                                                                                                                                                                                                                                                    