  3.1238126e+001
  3.1238126e+001
  3.1238126e+001
  3.1238126e+001
  3.1238126e+001
  3.1238126e+001
  3.1238126e+001
  3.1238126e+001
  3.1238126e+001
  3.1238126e+001
  3.1238126e+001
  3.3184426e+001
  3.5130726e+001
  3.7077025e+001
  3.9023325e+001
  4.0969625e+001
  4.0858904e+001
  4.0666916e+001
  4.0474929e+001
  4.0282941e+001
  4.0090954e+001
  3.9898966e+001
  3.9706979e+001
  3.9514991e+001
  3.9323004e+001
  3.9131016e+001
  3.8939029e+001
  3.8747042e+001
  3.8555054e+001
  3.8363067e+001
  3.8171079e+001
  3.7979092e+001
  3.7787104e+001
  3.7595117e+001
  3.7403129e+001
  3.7211142e+001
  3.7019154e+001
  3.6827167e+001
  3.6635179e+001
  3.6443192e+001
  3.6251204e+001
  3.6059217e+001
  3.5867229e+001
  3.5675242e+001
  3.5483254e+001
  3.5291267e+001
  3.5099279e+001
  3.4907292e+001
  3.4715304e+001
  3.4523317e+001
  3.4331329e+001
  3.4139342e+001
  3.3947354e+001
  3.3755367e+001
  3.3563379e+001
  3.3371392e+001
  3.3179405e+001
  3.2987417e+001
  3.2795430e+001
  3.2603442e+001
  3.2411455e+001
  3.2219467e+001
  3.2027480e+001
  3.1835492e+001
  3.1643505e+001
  3.1451517e+001
  3.1259530e+001
  3.1067542e+001
  3.0875555e+001
  3.0683567e+001
  3.0491580e+001
  3.0299592e+001
  3.0107605e+001
  2.9915617e+001
  2.9723630e+001
  2.9531642e+001
  2.9339655e+001
  2.9147667e+001
  2.8955680e+001
  2.8763692e+001
  2.8571705e+001
  2.8379717e+001
  2.8187730e+001
  2.7995742e+001
  2.7803755e+001
  2.7611768e+001
  2.7419780e+001
  2.7227793e+001
  2.7035805e+001
  2.6843818e+001
  2.6651830e+001
  2.6459843e+001
  2.6267855e+001
  2.6075868e+001
  2.5883880e+001
  2.5691893e+001
  2.5499905e+001
  2.5307918e+001
  2.5115930e+001
  2.4923943e+001
  2.4731955e+001
  2.4539968e+001
  2.4347980e+001
  2.4155993e+001
  2.3964005e+001
  2.3772018e+001
  2.3580030e+001
  2.3388043e+001
  2.3196055e+001
  2.3004068e+001
  2.2812080e+001
  2.2620093e+001
  2.2428105e+001
  2.2236118e+001
  2.2044131e+001
  2.1852143e+001
  2.1660156e+001
  2.1468168e+001
  2.1276181e+001
  2.1084193e+001
  2.0892206e+001
  2.0700218e+001
  2.0508231e+001
  2.0316243e+001
  2.0124256e+001
  1.9932268e+001
  1.9740281e+001
  1.9548293e+001
  1.9356306e+001
  1.9164318e+001
  1.8972331e+001
  1.8780343e+001
  1.8588356e+001
  1.8396368e+001
  1.8204381e+001
  1.8012393e+001
  1.7820406e+001
  1.7628418e+001
  1.7436431e+001
  1.7244443e+001
  1.7052456e+001
  1.6860468e+001
  1.6668481e+001
  1.6476494e+001
  1.6284506e+001
  1.6092519e+001
  1.5900531e+001
  1.5708544e+001
  1.5516556e+001
  1.5324569e+001
  1.5132581e+001
  1.4940594e+001
  1.4748606e+001
  1.4556619e+001
  1.4364631e+001
  1.4172644e+001
  1.3980656e+001
  1.3788669e+001
  1.3596681e+001
  1.3404694e+001
  1.3212706e+001
  1.3020719e+001
  1.2828731e+001
  1.2636744e+001
  1.2444756e+001
  1.2252769e+001
  1.2060781e+001
  1.1868794e+001
  1.1676806e+001
  1.1484819e+001
  1.1292831e+001
  1.1100844e+001
  1.0908857e+001
  1.0716869e+001
  1.0524882e+001
  1.0332894e+001
  1.0260899e+001
  1.0260899e+001
  1.0260899e+001
  1.0260899e+001
  1.0260899e+001
  1.0260899e+001
  1.0260899e+001
  1.0260899e+001
  1.0260899e+001
  1.0260899e+001
  1.0260899e+001
  1.0260899e+001
  1.0260899e+001
  1.0260899e+001
  1.0260899e+001
  1.0260899e+001
  1.0260899e+001
  1.0260899e+001
  1.0260899e+001
  1.0260899e+001
  1.0260899e+001
  1.0260899e+001
  1.0260899e+001
  1.0260899e+001
  1.0260899e+001
  1.0260899e+001
  1.0260899e+001
  1.0260899e+001
  1.0260899e+001
  1.0260899e+001
  1.0260899e+001
  1.0260899e+001
  1.0260899e+001
  1.0260899e+001
  1.0260899e+001
  1.0260899e+001
  1.0260899e+001
  1.0260899e+001
  1.0260899e+001
  1.0260899e+001
  1.0260899e+001
  1.0260899e+001
  1.0260899e+001
  1.0260899e+001
  1.0260899e+001
  1.0260899e+001
  1.0260899e+001
  1.0260899e+001
  1.0260899e+001
  1.0260899e+001
  1.0260899e+001
  1.0260899e+001
  1.0260899e+001
  1.0260899e+001
  1.0260899e+001
  1.0260899e+001
  1.0260899e+001
  1.0260899e+001
  1.0260899e+001
  1.0260899e+001
  1.0260899e+001
  1.0260899e+001
  1.0260899e+001
  1.0260899e+001
  1.0260899e+001
  1.0260899e+001
  1.0260899e+001
  1.0260899e+001
  1.0260899e+001
  1.0260899e+001
  1.0260899e+001
  1.0260899e+001
  1.0260899e+001
  1.0260899e+001
  1.0260899e+001
  1.0260899e+001
  1.0260899e+001
  1.0260899e+001
  1.0260899e+001
  1.0260899e+001
