  1.4934700e+001
  1.4934700e+001
  1.4934700e+001
  1.4934700e+001
  1.4934700e+001
  1.4934700e+001
  1.4934700e+001
  1.4934700e+001
  1.4934700e+001
  1.4934700e+001
  1.4934700e+001
  1.5145857e+001
  1.5357013e+001
  1.5568170e+001
  1.5779327e+001
  1.5990483e+001
  1.6201640e+001
  1.6412796e+001
  1.6623953e+001
  1.6835110e+001
  1.7046266e+001
  1.7257423e+001
  1.7468580e+001
  1.7679736e+001
  1.7890893e+001
  1.8102050e+001
  1.8313206e+001
  1.8524363e+001
  1.8735520e+001
  1.8946676e+001
  1.9157833e+001
  1.9368989e+001
  1.9580146e+001
  1.9791303e+001
  2.0002459e+001
  2.0213616e+001
  2.0424773e+001
  2.0635929e+001
  2.0847086e+001
  2.1058243e+001
  2.1269399e+001
  2.1480556e+001
  2.1691713e+001
  2.1902869e+001
  2.2114026e+001
  2.2325182e+001
  2.2536339e+001
  2.2747496e+001
  2.2958652e+001
  2.3169809e+001
  2.3380966e+001
  2.3592122e+001
  2.3803279e+001
  2.4014436e+001
  2.4225592e+001
  2.4436749e+001
  2.4647906e+001
  2.4859062e+001
  2.5070219e+001
  2.5281375e+001
  2.5492532e+001
  2.5703689e+001
  2.5914845e+001
  2.6126002e+001
  2.6337159e+001
  2.6548315e+001
  2.6759472e+001
  2.6970629e+001
  2.7181785e+001
  2.7392942e+001
  2.7604099e+001
  2.7815255e+001
  2.8026412e+001
  2.8237568e+001
  2.8448725e+001
  2.8659882e+001
  2.8871038e+001
  2.9082195e+001
  2.9293352e+001
  2.9504508e+001
  2.9715665e+001
  2.9926822e+001
  3.0137978e+001
  3.0349135e+001
  3.0560292e+001
  3.0771448e+001
  3.0982605e+001
  3.1193761e+001
  3.1404918e+001
  3.1616075e+001
  3.1827231e+001
  3.2038388e+001
  3.2249545e+001
  3.2460701e+001
  3.2671858e+001
  3.2883015e+001
  3.3094171e+001
  3.3305328e+001
  3.3516485e+001
  3.3727641e+001
  3.3938798e+001
  3.4149954e+001
  3.4361111e+001
  3.4572268e+001
  3.4783424e+001
  3.4815415e+001
  3.4623450e+001
  3.4431485e+001
  3.4239520e+001
  3.4047555e+001
  3.3855590e+001
  3.3663624e+001
  3.3471659e+001
  3.3279694e+001
  3.3087729e+001
  3.2895764e+001
  3.2703799e+001
  3.2511834e+001
  3.2319868e+001
  3.2127903e+001
  3.1935938e+001
  3.1743973e+001
  3.1552008e+001
  3.1360043e+001
  3.1168078e+001
  3.0976112e+001
  3.0784147e+001
  3.0592182e+001
  3.0400217e+001
  3.0208252e+001
  3.0016287e+001
  2.9824322e+001
  2.9632357e+001
  2.9440391e+001
  2.9248426e+001
  2.9056461e+001
  2.8864496e+001
  2.8672531e+001
  2.8480566e+001
  2.8288601e+001
  2.8096635e+001
  2.7904670e+001
  2.7712705e+001
  2.7520740e+001
  2.7328775e+001
  2.7136810e+001
  2.6944845e+001
  2.6752879e+001
  2.6560914e+001
  2.6368949e+001
  2.6176984e+001
  2.5985019e+001
  2.5793054e+001
  2.5601089e+001
  2.5409124e+001
  2.5217158e+001
  2.5025193e+001
  2.4833228e+001
  2.4641263e+001
  2.4449298e+001
  2.4257333e+001
  2.4065368e+001
  2.3873402e+001
  2.3681437e+001
  2.3489472e+001
  2.3297507e+001
  2.3105542e+001
  2.2913577e+001
  2.2721612e+001
  2.2529646e+001
  2.2337681e+001
  2.2145716e+001
  2.1953751e+001
  2.1761786e+001
  2.1569821e+001
  2.1377856e+001
  2.1185890e+001
  2.0993925e+001
  2.0801960e+001
  2.0609995e+001
  2.0418030e+001
  2.0226065e+001
  2.0034100e+001
  1.9842135e+001
  1.9650169e+001
  1.9458204e+001
  1.9266239e+001
  1.9074274e+001
  1.8882309e+001
  1.8690344e+001
  1.8498379e+001
  1.8306413e+001
  1.8114448e+001
  1.7922483e+001
  1.7730518e+001
  1.7538553e+001
  1.7346588e+001
  1.7154623e+001
  1.6962657e+001
  1.6770692e+001
  1.6578727e+001
  1.6386762e+001
  1.6194797e+001
  1.6002832e+001
  1.5810867e+001
  1.5618901e+001
  1.5426936e+001
  1.5234971e+001
  1.5043006e+001
  1.4851041e+001
  1.4659076e+001
  1.4467111e+001
  1.4275146e+001
  1.4083180e+001
  1.3975200e+001
  1.3975200e+001
  1.3975200e+001
  1.3975200e+001
  1.3975200e+001
  1.3975200e+001
  1.3975200e+001
  1.3975200e+001
  1.3975200e+001
  1.3975200e+001
  1.3975200e+001
  1.3975200e+001
  1.3975200e+001
  1.3975200e+001
  1.3975200e+001
  1.3975200e+001
  1.3975200e+001
  1.3975200e+001
  1.3975200e+001
  1.3975200e+001
  1.3975200e+001
  1.3975200e+001
  1.3975200e+001
  1.3975200e+001
  1.3975200e+001
  1.3975200e+001
  1.3975200e+001
  1.3975200e+001
  1.3975200e+001
  1.3975200e+001
  1.3975200e+001
  1.3975200e+001
  1.3975200e+001
  1.3975200e+001
  1.3975200e+001
  1.3975200e+001
  1.3975200e+001
  1.3975200e+001
  1.3975200e+001
  1.3975200e+001
  1.3975200e+001
  1.3975200e+001
