  2.3212400e+001
  2.3212400e+001
  2.3212400e+001
  2.3212400e+001
  2.3212400e+001
  2.3212400e+001
  2.3212400e+001
  2.3212400e+001
  2.3212400e+001
  2.3212400e+001
  2.3212400e+001
  2.3565298e+001
  2.4129934e+001
  2.4694570e+001
  2.5259206e+001
  2.5823842e+001
  2.6388478e+001
  2.6953114e+001
  2.7517750e+001
  2.8082386e+001
  2.8647022e+001
  2.9211658e+001
  2.9776294e+001
  3.0340930e+001
  3.0905566e+001
  3.1470202e+001
  3.2034838e+001
  3.2599474e+001
  3.3164110e+001
  3.3728746e+001
  3.4293382e+001
  3.4858018e+001
  3.5422654e+001
  3.5987290e+001
  3.6551926e+001
  3.7116562e+001
  3.7681198e+001
  3.8245834e+001
  3.8810470e+001
  3.9375106e+001
  3.9939742e+001
  4.0504378e+001
  4.1069014e+001
  4.1633650e+001
  4.2198286e+001
  4.2762922e+001
  4.3327558e+001
  4.3892194e+001
  4.4456830e+001
  4.5021466e+001
  4.5586102e+001
  4.6150738e+001
  4.6715374e+001
  4.7280010e+001
  4.7138208e+001
  4.6946216e+001
  4.6754224e+001
  4.6562232e+001
  4.6370240e+001
  4.6178248e+001
  4.5986256e+001
  4.5794264e+001
  4.5602272e+001
  4.5410280e+001
  4.5218288e+001
  4.5026296e+001
  4.4834304e+001
  4.4642312e+001
  4.4450320e+001
  4.4258328e+001
  4.4066336e+001
  4.3874344e+001
  4.3682352e+001
  4.3490360e+001
  4.3298368e+001
  4.3106376e+001
  4.2914384e+001
  4.2722392e+001
  4.2530400e+001
  4.2338408e+001
  4.2146416e+001
  4.1954424e+001
  4.1762432e+001
  4.1570440e+001
  4.1378448e+001
  4.1186456e+001
  4.0994464e+001
  4.0802472e+001
  4.0610480e+001
  4.0418488e+001
  4.0226496e+001
  4.0034504e+001
  3.9842512e+001
  3.9650520e+001
  3.9458528e+001
  3.9266536e+001
  3.9074544e+001
  3.8882552e+001
  3.8690560e+001
  3.8498568e+001
  3.8306576e+001
  3.8114584e+001
  3.7922592e+001
  3.7730600e+001
  3.7538608e+001
  3.7346616e+001
  3.7154624e+001
  3.6962632e+001
  3.6770640e+001
  3.6578648e+001
  3.6386656e+001
  3.6194664e+001
  3.6002672e+001
  3.5810681e+001
  3.5618689e+001
  3.5426697e+001
  3.5234705e+001
  3.5042713e+001
  3.4850721e+001
  3.4658729e+001
  3.4466737e+001
  3.4274745e+001
  3.4082753e+001
  3.3890761e+001
  3.3698769e+001
  3.3506777e+001
  3.3314785e+001
  3.3122793e+001
  3.2930801e+001
  3.2738809e+001
  3.2546817e+001
  3.2354825e+001
  3.2162833e+001
  3.1970841e+001
  3.1778849e+001
  3.1586857e+001
  3.1394865e+001
  3.1202873e+001
  3.1010881e+001
  3.0818889e+001
  3.0626897e+001
  3.0434905e+001
  3.0242913e+001
  3.0050921e+001
  2.9858929e+001
  2.9666937e+001
  2.9474945e+001
  2.9282953e+001
  2.9090961e+001
  2.8898969e+001
  2.8706977e+001
  2.8514985e+001
  2.8322993e+001
  2.8131001e+001
  2.7939009e+001
  2.7747017e+001
  2.7555025e+001
  2.7363033e+001
  2.7171041e+001
  2.6979049e+001
  2.6787057e+001
  2.6595065e+001
  2.6403073e+001
  2.6211081e+001
  2.6019089e+001
  2.5827097e+001
  2.5635105e+001
  2.5443113e+001
  2.5251121e+001
  2.5059129e+001
  2.4867137e+001
  2.4675145e+001
  2.4483153e+001
  2.4291162e+001
  2.4099170e+001
  2.3907178e+001
  2.3715186e+001
  2.3523194e+001
  2.3331202e+001
  2.3139210e+001
  2.2947218e+001
  2.2755226e+001
  2.2563234e+001
  2.2371242e+001
  2.2179250e+001
  2.1987258e+001
  2.1795266e+001
  2.1603274e+001
  2.1411282e+001
  2.1219290e+001
  2.1027298e+001
  2.0835306e+001
  2.0643314e+001
  2.0451322e+001
  2.0259330e+001
  2.0067338e+001
  1.9875346e+001
  1.9683354e+001
  1.9491362e+001
  1.9299370e+001
  1.9107378e+001
  1.8915386e+001
  1.8723394e+001
  1.8579400e+001
  1.8579400e+001
  1.8579400e+001
  1.8579400e+001
  1.8579400e+001
  1.8579400e+001
  1.8579400e+001
  1.8579400e+001
  1.8579400e+001
  1.8579400e+001
  1.8579400e+001
  1.8579400e+001
  1.8579400e+001
  1.8579400e+001
  1.8579400e+001
  1.8579400e+001
  1.8579400e+001
  1.8579400e+001
  1.8579400e+001
  1.8579400e+001
  1.8579400e+001
  1.8579400e+001
  1.8579400e+001
  1.8579400e+001
  1.8579400e+001
  1.8579400e+001
  1.8579400e+001
  1.8579400e+001
  1.8579400e+001
  1.8579400e+001
  1.8579400e+001
  1.8579400e+001
  1.8579400e+001
  1.8579400e+001
  1.8579400e+001
  1.8579400e+001
  1.8579400e+001
  1.8579400e+001
  1.8579400e+001
  1.8579400e+001
  1.8579400e+001
  1.8579400e+001
  1.8579400e+001
  1.8579400e+001
  1.8579400e+001
  1.8579400e+001
  1.8579400e+001
  1.8579400e+001
  1.8579400e+001
  1.8579400e+001
  1.8579400e+001
  1.8579400e+001
  1.8579400e+001
