  1.3156300e+001
  1.3156300e+001
  1.3156300e+001
  1.3156300e+001
  1.3156300e+001
  1.3156300e+001
  1.3156300e+001
  1.3156300e+001
  1.3156300e+001
  1.3156300e+001
  1.3156300e+001
  1.3156300e+001
  1.3284072e+001
  1.3488508e+001
  1.3692944e+001
  1.3897380e+001
  1.4101816e+001
  1.4306252e+001
  1.4510688e+001
  1.4715124e+001
  1.4919560e+001
  1.5123996e+001
  1.5328432e+001
  1.5532868e+001
  1.5737304e+001
  1.5941740e+001
  1.6146176e+001
  1.6350612e+001
  1.6555048e+001
  1.6759484e+001
  1.6963920e+001
  1.7168356e+001
  1.7372792e+001
  1.7577228e+001
  1.7781664e+001
  1.7986100e+001
  1.8190536e+001
  1.8394972e+001
  1.8599407e+001
  1.8803843e+001
  1.9008279e+001
  1.9212715e+001
  1.9417151e+001
  1.9621587e+001
  1.9826023e+001
  2.0030459e+001
  2.0234895e+001
  2.0439331e+001
  2.0643767e+001
  2.0848203e+001
  2.1052639e+001
  2.1257075e+001
  2.1461511e+001
  2.1665947e+001
  2.1870383e+001
  2.2074819e+001
  2.2279255e+001
  2.2483691e+001
  2.2688127e+001
  2.2892563e+001
  2.3096999e+001
  2.3301435e+001
  2.3505871e+001
  2.3710307e+001
  2.3914742e+001
  2.4119178e+001
  2.4323614e+001
  2.4528050e+001
  2.4732486e+001
  2.4936922e+001
  2.5141358e+001
  2.5345794e+001
  2.5550230e+001
  2.5754666e+001
  2.5959102e+001
  2.6163538e+001
  2.6367974e+001
  2.6572410e+001
  2.6776846e+001
  2.6981282e+001
  2.7185718e+001
  2.7390154e+001
  2.7594590e+001
  2.7799026e+001
  2.8003462e+001
  2.8207898e+001
  2.8412334e+001
  2.8616770e+001
  2.8821206e+001
  2.9025641e+001
  2.9230077e+001
  2.9434513e+001
  2.9638949e+001
  2.9843385e+001
  3.0047821e+001
  3.0252257e+001
  3.0456693e+001
  3.0661129e+001
  3.0865565e+001
  3.1070001e+001
  3.1274437e+001
  3.1478873e+001
  3.1595091e+001
  3.1403057e+001
  3.1211022e+001
  3.1018988e+001
  3.0826953e+001
  3.0634918e+001
  3.0442884e+001
  3.0250849e+001
  3.0058815e+001
  2.9866780e+001
  2.9674745e+001
  2.9482711e+001
  2.9290676e+001
  2.9098642e+001
  2.8906607e+001
  2.8714572e+001
  2.8522538e+001
  2.8330503e+001
  2.8138469e+001
  2.7946434e+001
  2.7754399e+001
  2.7562365e+001
  2.7370330e+001
  2.7178296e+001
  2.6986261e+001
  2.6794226e+001
  2.6602192e+001
  2.6410157e+001
  2.6218123e+001
  2.6026088e+001
  2.5834054e+001
  2.5642019e+001
  2.5449984e+001
  2.5257950e+001
  2.5065915e+001
  2.4873881e+001
  2.4681846e+001
  2.4489811e+001
  2.4297777e+001
  2.4105742e+001
  2.3913708e+001
  2.3721673e+001
  2.3529638e+001
  2.3337604e+001
  2.3145569e+001
  2.2953535e+001
  2.2761500e+001
  2.2569465e+001
  2.2377431e+001
  2.2185396e+001
  2.1993362e+001
  2.1801327e+001
  2.1609292e+001
  2.1417258e+001
  2.1225223e+001
  2.1033189e+001
  2.0841154e+001
  2.0649119e+001
  2.0457085e+001
  2.0265050e+001
  2.0073016e+001
  1.9880981e+001
  1.9688946e+001
  1.9496912e+001
  1.9304877e+001
  1.9112843e+001
  1.8920808e+001
  1.8728774e+001
  1.8536739e+001
  1.8344704e+001
  1.8152670e+001
  1.7960635e+001
  1.7768601e+001
  1.7576566e+001
  1.7384531e+001
  1.7192497e+001
  1.7000462e+001
  1.6808428e+001
  1.6616393e+001
  1.6424358e+001
  1.6232324e+001
  1.6040289e+001
  1.5848255e+001
  1.5656220e+001
  1.5464185e+001
  1.5272151e+001
  1.5080116e+001
  1.4888082e+001
  1.4696047e+001
  1.4504012e+001
  1.4311978e+001
  1.4119943e+001
  1.3927909e+001
  1.3735874e+001
  1.3543839e+001
  1.3351805e+001
  1.3159770e+001
  1.2967736e+001
  1.2775701e+001
  1.2583666e+001
  1.2391632e+001
  1.2199597e+001
  1.2007563e+001
  1.1815528e+001
  1.1659500e+001
  1.1659500e+001
  1.1659500e+001
  1.1659500e+001
  1.1659500e+001
  1.1659500e+001
  1.1659500e+001
  1.1659500e+001
  1.1659500e+001
  1.1659500e+001
  1.1659500e+001
  1.1659500e+001
  1.1659500e+001
  1.1659500e+001
  1.1659500e+001
  1.1659500e+001
  1.1659500e+001
  1.1659500e+001
  1.1659500e+001
  1.1659500e+001
  1.1659500e+001
  1.1659500e+001
  1.1659500e+001
  1.1659500e+001
  1.1659500e+001
  1.1659500e+001
  1.1659500e+001
  1.1659500e+001
  1.1659500e+001
  1.1659500e+001
  1.1659500e+001
  1.1659500e+001
  1.1659500e+001
  1.1659500e+001
  1.1659500e+001
  1.1659500e+001
  1.1659500e+001
  1.1659500e+001
  1.1659500e+001
  1.1659500e+001
  1.1659500e+001
  1.1659500e+001
  1.1659500e+001
  1.1659500e+001
  1.1659500e+001
  1.1659500e+001
  1.1659500e+001
  1.1659500e+001
  1.1659500e+001
  1.1659500e+001
