  7.2657200e+000
  7.2657200e+000
  7.2657200e+000
  7.2657200e+000
  7.2657200e+000
  7.2657200e+000
  7.2657200e+000
  7.2657200e+000
  7.2657200e+000
  7.2657200e+000
  7.2657200e+000
  7.2657200e+000
  7.2657200e+000
  7.2657200e+000
  7.2657200e+000
  7.2657200e+000
  7.4584646e+000
  7.6956886e+000
  7.9329127e+000
  8.1701368e+000
  8.4073609e+000
  8.6445850e+000
  8.8818090e+000
  9.1190331e+000
  9.3562572e+000
  9.5934813e+000
  9.8307054e+000
  1.0067929e+001
  1.0305154e+001
  1.0542378e+001
  1.0779602e+001
  1.1016826e+001
  1.1254050e+001
  1.1491274e+001
  1.1728498e+001
  1.1965722e+001
  1.2202946e+001
  1.2440170e+001
  1.2677394e+001
  1.2914618e+001
  1.3151842e+001
  1.3389067e+001
  1.3626291e+001
  1.3863515e+001
  1.4100739e+001
  1.4337963e+001
  1.4575187e+001
  1.4812411e+001
  1.5049635e+001
  1.5286859e+001
  1.5524083e+001
  1.5761307e+001
  1.5998531e+001
  1.6235755e+001
  1.6472980e+001
  1.6710204e+001
  1.6947428e+001
  1.7184652e+001
  1.7421876e+001
  1.7659100e+001
  1.7896324e+001
  1.8133548e+001
  1.8370772e+001
  1.8607996e+001
  1.8845220e+001
  1.9082444e+001
  1.9319668e+001
  1.9556893e+001
  1.9794117e+001
  2.0031341e+001
  2.0268565e+001
  2.0505789e+001
  2.0743013e+001
  2.0980237e+001
  2.1217461e+001
  2.1454685e+001
  2.1691909e+001
  2.1929133e+001
  2.2166357e+001
  2.2403582e+001
  2.2640806e+001
  2.2878030e+001
  2.3115254e+001
  2.3352478e+001
  2.3589702e+001
  2.3826926e+001
  2.4064150e+001
  2.4301374e+001
  2.4538598e+001
  2.4775822e+001
  2.5013046e+001
  2.5250270e+001
  2.5487495e+001
  2.5724719e+001
  2.5961943e+001
  2.6199167e+001
  2.6436391e+001
  2.6673615e+001
  2.6910839e+001
  2.7148063e+001
  2.7385287e+001
  2.7622511e+001
  2.7859735e+001
  2.8096959e+001
  2.8334183e+001
  2.8571408e+001
  2.8808632e+001
  2.9045856e+001
  2.9283080e+001
  2.9520304e+001
  2.9757528e+001
  2.9730802e+001
  2.9461965e+001
  2.9193128e+001
  2.8924291e+001
  2.8655454e+001
  2.8386617e+001
  2.8117780e+001
  2.7848943e+001
  2.7580106e+001
  2.7311269e+001
  2.7042432e+001
  2.6773595e+001
  2.6504758e+001
  2.6235921e+001
  2.5967084e+001
  2.5698247e+001
  2.5429410e+001
  2.5160573e+001
  2.4891736e+001
  2.4622899e+001
  2.4354062e+001
  2.4085225e+001
  2.3816388e+001
  2.3547551e+001
  2.3278714e+001
  2.3009877e+001
  2.2741040e+001
  2.2472203e+001
  2.2203366e+001
  2.1934529e+001
  2.1665692e+001
  2.1396855e+001
  2.1128018e+001
  2.0859182e+001
  2.0590345e+001
  2.0321508e+001
  2.0052671e+001
  1.9783834e+001
  1.9514997e+001
  1.9246160e+001
  1.8977323e+001
  1.8708486e+001
  1.8439649e+001
  1.8170812e+001
  1.7901975e+001
  1.7633138e+001
  1.7364301e+001
  1.7095464e+001
  1.6826627e+001
  1.6557790e+001
  1.6288953e+001
  1.6020116e+001
  1.5751279e+001
  1.5482442e+001
  1.5213605e+001
  1.4944768e+001
  1.4675931e+001
  1.4407094e+001
  1.4138257e+001
  1.3869420e+001
  1.3600583e+001
  1.3331746e+001
  1.3062909e+001
  1.2794072e+001
  1.2525235e+001
  1.2256399e+001
  1.1987562e+001
  1.1718725e+001
  1.1449888e+001
  1.1181051e+001
  1.0912214e+001
  1.0643377e+001
  1.0374540e+001
  1.0105703e+001
  9.8368658e+000
  9.5680288e+000
  9.2991919e+000
  9.0303549e+000
  8.7615179e+000
  8.4926809e+000
  8.2238440e+000
  7.9550070e+000
  7.6861700e+000
  7.4677400e+000
  7.4677400e+000
  7.4677400e+000
  7.4677400e+000
  7.4677400e+000
  7.4677400e+000
  7.4677400e+000
  7.4677400e+000
  7.4677400e+000
  7.4677400e+000
  7.4677400e+000
  7.4677400e+000
  7.4677400e+000
  7.4677400e+000
  7.4677400e+000
  7.4677400e+000
  7.4677400e+000
  7.4677400e+000
  7.4677400e+000
  7.4677400e+000
  7.4677400e+000
  7.4677400e+000
  7.4677400e+000
  7.4677400e+000
  7.4677400e+000
  7.4677400e+000
  7.4677400e+000
  7.4677400e+000
  7.4677400e+000
  7.4677400e+000
  7.4677400e+000
  7.4677400e+000
  7.4677400e+000
  7.4677400e+000
  7.4677400e+000
  7.4677400e+000
  7.4677400e+000
  7.4677400e+000
  7.4677400e+000
  7.4677400e+000
  7.4677400e+000
  7.4677400e+000
  7.4677400e+000
  7.4677400e+000
  7.4677400e+000
  7.4677400e+000
  7.4677400e+000
  7.4677400e+000
  7.4677400e+000
  7.4677400e+000
  7.4677400e+000
  7.4677400e+000
  7.4677400e+000
  7.4677400e+000
  7.4677400e+000
  7.4677400e+000
  7.4677400e+000
  7.4677400e+000
  7.4677400e+000
  7.4677400e+000
  7.4677400e+000
  7.4677400e+000
