  2.7843180e+001
  2.7843180e+001
  2.7843180e+001
  2.7843180e+001
  2.7843180e+001
  2.7843180e+001
  2.7843180e+001
  2.7843180e+001
  2.7843180e+001
  2.7843180e+001
  2.7843180e+001
  2.8369629e+001
  2.8896078e+001
  2.9422527e+001
  2.9948976e+001
  3.0475425e+001
  3.1001874e+001
  3.1528323e+001
  3.2054772e+001
  3.2581221e+001
  3.3107670e+001
  3.3634119e+001
  3.4160568e+001
  3.4687017e+001
  3.5213466e+001
  3.5739915e+001
  3.6266364e+001
  3.6792813e+001
  3.7319262e+001
  3.7845711e+001
  3.8372160e+001
  3.8898609e+001
  3.9425058e+001
  3.9951507e+001
  4.0477956e+001
  4.1004405e+001
  4.1530854e+001
  4.2057303e+001
  4.2583752e+001
  4.3110201e+001
  4.3636650e+001
  4.4163099e+001
  4.4689548e+001
  4.5215997e+001
  4.5742446e+001
  4.6268895e+001
  4.6795344e+001
  4.7321793e+001
  4.7848242e+001
  4.8374691e+001
  4.8901140e+001
  4.9427589e+001
  4.9954038e+001
  5.0480487e+001
  5.1006936e+001
  5.1533385e+001
  5.2059834e+001
  5.2586283e+001
  5.3112732e+001
  5.3639181e+001
  5.4165630e+001
  5.4692079e+001
  5.5218528e+001
  5.5744977e+001
  5.6271426e+001
  5.6797875e+001
  5.7324325e+001
  5.7850774e+001
  5.8377223e+001
  5.8903672e+001
  5.9430121e+001
  5.9956570e+001
  6.0483019e+001
  6.1009468e+001
  6.1535917e+001
  6.2062366e+001
  6.2588815e+001
  6.3115264e+001
  6.3641713e+001
  6.4168162e+001
  6.4694611e+001
  6.5221060e+001
  6.5747509e+001
  6.6273958e+001
  6.6800407e+001
  6.7326856e+001
  6.7853305e+001
  6.8379754e+001
  6.8906203e+001
  6.9432652e+001
  6.9959101e+001
  7.0485550e+001
  7.1011999e+001
  7.1538448e+001
  7.2064897e+001
  7.2591346e+001
  7.3117795e+001
  7.3644244e+001
  7.4170693e+001
  7.4697142e+001
  7.5223591e+001
  7.5019475e+001
  7.4661647e+001
  7.4303820e+001
  7.3945992e+001
  7.3588165e+001
  7.3230337e+001
  7.2872509e+001
  7.2514682e+001
  7.2156854e+001
  7.1799027e+001
  7.1441199e+001
  7.1083371e+001
  7.0725544e+001
  7.0367716e+001
  7.0009889e+001
  6.9652061e+001
  6.9294233e+001
  6.8936406e+001
  6.8578578e+001
  6.8220751e+001
  6.7862923e+001
  6.7505095e+001
  6.7147268e+001
  6.6789440e+001
  6.6431612e+001
  6.6073785e+001
  6.5715957e+001
  6.5358130e+001
  6.5000302e+001
  6.4642474e+001
  6.4284647e+001
  6.3926819e+001
  6.3568992e+001
  6.3211164e+001
  6.2853336e+001
  6.2495509e+001
  6.2137681e+001
  6.1779854e+001
  6.1422026e+001
  6.1064198e+001
  6.0706371e+001
  6.0348543e+001
  5.9990716e+001
  5.9632888e+001
  5.9275060e+001
  5.8917233e+001
  5.8559405e+001
  5.8201577e+001
  5.7843750e+001
  5.7485922e+001
  5.7128095e+001
  5.6770267e+001
  5.6412439e+001
  5.6054612e+001
  5.5696784e+001
  5.5338957e+001
  5.4981129e+001
  5.4623301e+001
  5.4265474e+001
  5.3907646e+001
  5.3549819e+001
  5.3191991e+001
  5.2834163e+001
  5.2476336e+001
  5.2118508e+001
  5.1760681e+001
  5.1402853e+001
  5.1045025e+001
  5.0687198e+001
  5.0329370e+001
  4.9971542e+001
  4.9613715e+001
  4.9255887e+001
  4.8898060e+001
  4.8540232e+001
  4.8182404e+001
  4.7824577e+001
  4.7466749e+001
  4.7108922e+001
  4.6751094e+001
  4.6393266e+001
  4.6035439e+001
  4.5677611e+001
  4.5319784e+001
  4.4961956e+001
  4.4604128e+001
  4.4246301e+001
  4.3888473e+001
  4.3530646e+001
  4.3172818e+001
  4.2814990e+001
  4.2457163e+001
  4.2099335e+001
  4.1741507e+001
  4.1383680e+001
  4.1025852e+001
  4.0668025e+001
  4.0310197e+001
  3.9952369e+001
  3.9594542e+001
  3.9236714e+001
  3.8878887e+001
  3.8521059e+001
  3.8163231e+001
  3.7805404e+001
  3.7447576e+001
  3.7089749e+001
  3.6731921e+001
  3.6374093e+001
  3.6016266e+001
  3.5658438e+001
  3.5300611e+001
  3.4942783e+001
  3.4584955e+001
  3.4227128e+001
  3.3869300e+001
  3.3511473e+001
  3.3153645e+001
  3.2795817e+001
  3.2437990e+001
  3.2080162e+001
  3.1722334e+001
  3.1364507e+001
  3.1006679e+001
  3.0648852e+001
  3.0291024e+001
  2.9933196e+001
  2.9575369e+001
  2.9217541e+001
  2.8859714e+001
  2.8501886e+001
  2.8144058e+001
  2.7786231e+001
  2.7428403e+001
  2.7070576e+001
  2.6712748e+001
  2.6354920e+001
  2.5997093e+001
  2.5639265e+001
  2.5281438e+001
  2.4923610e+001
  2.4565782e+001
  2.4207955e+001
  2.3850127e+001
  2.3492299e+001
  2.3134472e+001
  2.2776644e+001
  2.2418817e+001
  2.2060989e+001
  2.1703161e+001
  2.1345334e+001
  2.0987506e+001
  2.0629679e+001
  2.0271851e+001
  1.9914023e+001
