  1.6595400e+001
  1.6595400e+001
  1.6595400e+001
  1.6595400e+001
  1.6595400e+001
  1.6595400e+001
  1.6595400e+001
  1.6595400e+001
  1.6595400e+001
  1.6595400e+001
  1.6595400e+001
  1.6595400e+001
  1.6595400e+001
  1.6824993e+001
  1.7107569e+001
  1.7390146e+001
  1.7672722e+001
  1.7955298e+001
  1.8237874e+001
  1.8520450e+001
  1.8803027e+001
  1.9085603e+001
  1.9368179e+001
  1.9650755e+001
  1.9933331e+001
  2.0215908e+001
  2.0498484e+001
  2.0781060e+001
  2.1063636e+001
  2.1346212e+001
  2.1628789e+001
  2.1911365e+001
  2.2193941e+001
  2.2476517e+001
  2.2759093e+001
  2.3041670e+001
  2.3324246e+001
  2.3606822e+001
  2.3889398e+001
  2.4171974e+001
  2.4454551e+001
  2.4737127e+001
  2.5019703e+001
  2.5302279e+001
  2.5584855e+001
  2.5867432e+001
  2.6150008e+001
  2.6432584e+001
  2.6715160e+001
  2.6997736e+001
  2.7280313e+001
  2.7562889e+001
  2.7845465e+001
  2.8128041e+001
  2.8410617e+001
  2.8693194e+001
  2.8975770e+001
  2.9258346e+001
  2.9540922e+001
  2.9823498e+001
  3.0106075e+001
  3.0388651e+001
  3.0671227e+001
  3.0953803e+001
  3.1236379e+001
  3.1518956e+001
  3.1801532e+001
  3.2084108e+001
  3.2366684e+001
  3.2649261e+001
  3.2931837e+001
  3.3214413e+001
  3.3496989e+001
  3.3779565e+001
  3.4062142e+001
  3.4344718e+001
  3.4627294e+001
  3.4909870e+001
  3.5192446e+001
  3.5475023e+001
  3.5757599e+001
  3.6040175e+001
  3.6322751e+001
  3.6605327e+001
  3.6887904e+001
  3.7170480e+001
  3.7453056e+001
  3.7735632e+001
  3.8018208e+001
  3.8300785e+001
  3.8583361e+001
  3.8865937e+001
  3.9148513e+001
  3.9431089e+001
  3.9713666e+001
  3.9996242e+001
  4.0278818e+001
  4.0561394e+001
  4.0843970e+001
  4.1126547e+001
  4.1409123e+001
  4.1691699e+001
  4.1974275e+001
  4.2256851e+001
  4.2539428e+001
  4.2822004e+001
  4.3104580e+001
  4.3387156e+001
  4.3669732e+001
  4.3952309e+001
  4.4234885e+001
  4.4480033e+001
  4.4275765e+001
  4.4071497e+001
  4.3867228e+001
  4.3662960e+001
  4.3458692e+001
  4.3254424e+001
  4.3050155e+001
  4.2845887e+001
  4.2641619e+001
  4.2437350e+001
  4.2233082e+001
  4.2028814e+001
  4.1824546e+001
  4.1620277e+001
  4.1416009e+001
  4.1211741e+001
  4.1007473e+001
  4.0803204e+001
  4.0598936e+001
  4.0394668e+001
  4.0190399e+001
  3.9986131e+001
  3.9781863e+001
  3.9577595e+001
  3.9373326e+001
  3.9169058e+001
  3.8964790e+001
  3.8760522e+001
  3.8556253e+001
  3.8351985e+001
  3.8147717e+001
  3.7943448e+001
  3.7739180e+001
  3.7534912e+001
  3.7330644e+001
  3.7126375e+001
  3.6922107e+001
  3.6717839e+001
  3.6513570e+001
  3.6309302e+001
  3.6105034e+001
  3.5900766e+001
  3.5696497e+001
  3.5492229e+001
  3.5287961e+001
  3.5083693e+001
  3.4879424e+001
  3.4675156e+001
  3.4470888e+001
  3.4266619e+001
  3.4062351e+001
  3.3858083e+001
  3.3653815e+001
  3.3449546e+001
  3.3245278e+001
  3.3041010e+001
  3.2836742e+001
  3.2632473e+001
  3.2428205e+001
  3.2223937e+001
  3.2019668e+001
  3.1815400e+001
  3.1611132e+001
  3.1406864e+001
  3.1202595e+001
  3.0998327e+001
  3.0794059e+001
  3.0589790e+001
  3.0385522e+001
  3.0181254e+001
  2.9976986e+001
  2.9772717e+001
  2.9568449e+001
  2.9364181e+001
  2.9159913e+001
  2.8955644e+001
  2.8751376e+001
  2.8547108e+001
  2.8342839e+001
  2.8138571e+001
  2.7934303e+001
  2.7730035e+001
  2.7525766e+001
  2.7321498e+001
  2.7117230e+001
  2.6912962e+001
  2.6708693e+001
  2.6504425e+001
  2.6300157e+001
  2.6095888e+001
  2.5891620e+001
  2.5687352e+001
  2.5483084e+001
  2.5278815e+001
  2.5074547e+001
  2.4870279e+001
  2.4666010e+001
  2.4461742e+001
  2.4257474e+001
  2.4053206e+001
  2.3848937e+001
  2.3644669e+001
  2.3440401e+001
  2.3236133e+001
  2.3031864e+001
  2.2827596e+001
  2.2623328e+001
  2.2419059e+001
  2.2214791e+001
  2.2010523e+001
  2.1806255e+001
  2.1601986e+001
  2.1397718e+001
  2.1193450e+001
  2.0989182e+001
  2.0784913e+001
  2.0580645e+001
  2.0376377e+001
  2.0172108e+001
  1.9967840e+001
  1.9763572e+001
  1.9559304e+001
  1.9355035e+001
  1.9150767e+001
  1.8946499e+001
  1.8742230e+001
  1.8537962e+001
  1.8333694e+001
  1.8129426e+001
  1.7925157e+001
  1.7720889e+001
  1.7516621e+001
  1.7312353e+001
  1.7108084e+001
  1.6903816e+001
  1.6699548e+001
  1.6495279e+001
  1.6291011e+001
  1.6086743e+001
  1.5882475e+001
  1.5678206e+001
  1.5473938e+001
  1.5269670e+001
  1.5065402e+001
