 800	 800	 800	 800	
10138	10094	8459	10094	
9410	9361	7892	9361	
8681	8628	7325	8628	
7952	7895	6758	7895	
7491	7417	6408	7417	
7156	7094	6168	7094	
6954	6870	6018	6870	
6704	6614	5822	6614	
6477	6392	5657	6392	
6273	6190	5520	6190	
6100	6012	5388	6012	
5939	5857	5290	5857	
5796	5712	5184	5712	
5687	5600	5105	5600	
5600	5523	5049	5523	
5546	5466	5000	5466	
5539	5453	4990	5453	
5528	5452	4998	5452	
5523	5458	4990	5458	
5546	5475	5010	5475	
5589	5513	5037	5513	
5645	5569	5092	5569	
5739	5673	5158	5673	
5855	5775	5225	5775	
6008	5934	5351	5934	
6180	6122	5494	6122	
6399	6337	5653	6337	
6748	6683	5893	6683	
7246	7218	6281	7218	
7861	7861	6768	7861	
8714	8723	7418	8723	
9824	9854	8275	9854	
10140	10114	8436	10114	
9153	9105	7677	9105	
8167	8096	6918	8096	
7605	7534	6506	7534	
7201	7115	6195	7115	
6967	6868	6022	6868	
6742	6639	5857	6639	
6493	6393	5679	6393	
6253	6161	5512	6161	
6059	5956	5368	5956	
5874	5779	5245	5779	
5728	5630	5139	5630	
5595	5499	5047	5499	
5497	5399	4976	5399	
5416	5321	4911	5321	
5355	5265	4879	5265	
5332	5247	4863	5247	
5326	5233	4863	5233	
5322	5243	4867	5243	
5348	5264	4882	5264	
5380	5299	4911	5299	
5412	5337	4937	5337	
5484	5410	4973	5410	
5606	5528	5064	5528	
5760	5674	5182	5674	
5941	5864	5318	5864	
6150	6085	5482	6085	
6436	6375	5674	6375	
6920	6868	6015	6868	
7474	7454	6460	7454	
8186	8167	7003	8167	
8873	8905	7587	8905	
9575	9520	7925	9520	
8417	8348	7107	8348	
7752	7679	6613	7679	
7268	7178	6231	7178	
6960	6863	6013	6863	
6742	6634	5857	6634	
6475	6372	5657	6372	
6239	6126	5489	6126	
6012	5902	5332	5902	
5809	5704	5197	5704	
5637	5534	5076	5534	
5502	5400	4973	5400	
5383	5280	4887	5280	
5278	5183	4818	5183	
5200	5111	4769	5111	
5139	5054	4730	5054	
5102	5022	4709	5022	
5087	5002	4699	5002	
5085	5005	4705	5005	
5103	5027	4720	5027	
5148	5074	4757	5074	
5176	5095	4763	5095	
5235	5166	4805	5166	
5344	5265	4879	5265	
5486	5403	4985	5403	
5662	5581	5116	5581	
5886	5809	5278	5809	
6157	6084	5462	6084	
6529	6487	5729	6487	
7054	7012	6114	7012	
7607	7577	6552	7577	
8143	8114	7003	8114	
8631	8584	7257	8584	
7958	7869	6749	7869	
7417	7313	6335	7313	
7030	6926	6054	6926	
6793	6679	5889	6679	
6536	6419	5696	6419	
6268	6151	5512	6151	
6026	5907	5337	5907	
5807	5687	5184	5687	
5611	5496	5044	5496	
5456	5342	4937	5342	
5311	5207	4843	5207	
5185	5093	4759	5093	
5087	4991	4694	4991	
5026	4939	4661	4939	
4957	4882	4623	4882	
4917	4836	4588	4836	
4888	4813	4568	4813	
4876	4797	4560	4797	
4897	4823	4577	4823	
4907	4835	4579	4835	
4960	4880	4614	4880	
5042	4967	4666	4967	
5132	5056	4737	5056	
5265	5181	4822	5181	
5438	5350	4942	5350	
5643	5553	5094	5553	
5889	5811	5275	5811	
6256	6196	5515	6196	
6663	6614	5802	6614	
7169	7124	6202	7124	
7674	7647	6619	7647	
8129	8078	6875	8078	
7619	7522	6478	7522	
7160	7054	6129	7054	
6894	6776	5942	6776	
6630	6506	5756	6506	
6347	6219	5559	6219	
6079	5952	5373	5952	
5841	5714	5195	5714	
5627	5505	5051	5505	
5446	5325	4927	5325	
5290	5175	4820	5175	
5142	5044	4732	5044	
5032	4940	4668	4940	
4947	4867	4614	4867	
4880	4802	4572	4802	
4804	4737	4525	4737	
4755	4686	4494	4686	
4709	4650	4461	4650	
4701	4627	4439	4627	
4708	4636	4449	4636	
4730	4662	4459	4662	
4796	4733	4515	4733	
4892	4819	4576	4819	
4987	4914	4644	4914	
5072	4993	4694	4993	
5229	5142	4793	5142	
5420	5336	4938	5336	
5659	5581	5101	5581	
6004	5929	5326	5929	
6369	6318	5591	6318	
6817	6772	5930	6772	
7259	7229	6289	7229	
7829	7775	6639	7775	
7373	7269	6292	7269	
6972	6863	6001	6863	
6763	6634	5848	6634	
6472	6337	5645	6337	
6186	6056	5447	6056	
5911	5776	5249	5776	
5664	5546	5084	5546	
5475	5357	4951	5357	
5294	5180	4831	5180	
5135	5031	4723	5031	
5007	4918	4658	4918	
4892	4823	4600	4823	
4825	4757	4559	4757	
4750	4688	4514	4688	
4678	4619	4462	4619	
4606	4552	4412	4552	
4558	4503	4374	4503	
4530	4479	4345	4479	
4543	4491	4357	4491	
4579	4527	4379	4527	
4639	4580	4416	4580	
4724	4664	4468	4664	
4815	4755	4531	4755	
4917	4852	4601	4852	
5048	4973	4672	4973	
5230	5155	4803	5155	
5448	5372	4948	5372	
5752	5684	5166	5684	
6134	6075	5429	6075	
6525	6480	5721	6480	
6921	6901	6041	6901	
7576	7516	6453	7516	
7171	7069	6135	7069	
6846	6733	5904	6733	
6610	6496	5752	6496	
6310	6187	5533	6187	
6012	5892	5324	5892	
5753	5636	5146	5636	
5539	5422	4999	5422	
5336	5218	4854	5218	
5165	5059	4740	5059	
5014	4912	4658	4912	
4884	4804	4587	4804	
4791	4718	4543	4718	
4705	4652	4501	4652	
4631	4579	4454	4579	
4556	4513	4407	4513	
4494	4454	4366	4454	
4438	4398	4319	4398	
4403	4367	4275	4367	
4392	4351	4260	4351	
4439	4397	4296	4397	
4493	4446	4324	4446	
4560	4516	4367	4516	
4653	4597	4416	4597	
4773	4716	4502	4716	
4896	4827	4573	4827	
5053	4988	4675	4988	
5274	5203	4836	5203	
5552	5473	5029	5473	
5900	5838	5270	5838	
6273	6238	5553	6238	
6665	6629	5849	6629	
7409	7342	6317	7342	
7018	6915	6025	6915	
6743	6633	5854	6633	
6480	6369	5659	6369	
6185	6057	5445	6057	
5894	5774	5248	5774	
5633	5517	5065	5517	
5421	5310	4928	5310	
5233	5120	4788	5120	
5051	4950	4672	4950	
4909	4819	4590	4819	
4788	4714	4539	4714	
4700	4638	4501	4638	
4634	4582	4468	4582	
4543	4503	4407	4503	
4471	4433	4356	4433	
4395	4368	4303	4368	
4362	4335	4281	4335	
4325	4303	4252	4303	
4288	4266	4215	4266	
4312	4280	4216	4280	
4356	4321	4240	4321	
4424	4382	4277	4382	
4519	4472	4330	4472	
4641	4588	4409	4588	
4772	4716	4485	4716	
4942	4889	4605	4889	
5156	5087	4747	5087	
5387	5320	4919	5320	
5704	5631	5145	5631	
6067	6021	5412	6021	
6427	6376	5668	6376	
7249	7172	6186	7172	
6895	6790	5936	6790	
6637	6532	5761	6532	
6377	6253	5580	6253	
6069	5953	5371	5953	
5794	5669	5180	5669	
5553	5424	5009	5424	
5338	5221	4863	5221	
5148	5037	4733	5037	
4961	4867	4624	4867	
4819	4732	4538	4732	
4707	4641	4492	4641	
4621	4569	4453	4569	
4551	4504	4420	4504	
4464	4429	4368	4429	
4385	4360	4311	4360	
4330	4305	4267	4305	
4285	4265	4243	4265	
4248	4243	4221	4243	
4234	4214	4193	4214	
4218	4196	4158	4196	
4253	4225	4165	4225	
4319	4289	4210	4289	
4413	4368	4259	4368	
4527	4479	4333	4479	
4649	4600	4415	4600	
4856	4803	4543	4803	
5053	4993	4680	4993	
5261	5201	4836	5201	
5556	5493	5048	5493	
5885	5829	5296	5829	
6190	6152	5529	6152	
7113	7045	6101	7045	
6782	6681	5852	6681	
6554	6452	5713	6452	
6296	6175	5527	6175	
5976	5857	5312	5857	
5724	5599	5122	5599	
5474	5354	4948	5354	
5272	5155	4814	5155	
5074	4971	4693	4971	
4903	4815	4585	4815	
4764	4682	4505	4682	
4653	4594	4459	4594	
4563	4509	4412	4509	
4483	4439	4371	4439	
4394	4366	4322	4366	
4324	4301	4277	4301	
4268	4255	4244	4255	
4230	4218	4215	4218	
4191	4187	4187	4187	
4176	4168	4171	4168	
4166	4150	4135	4150	
4173	4151	4118	4151	
4224	4193	4132	4193	
4307	4273	4178	4273	
4428	4387	4257	4387	
4571	4526	4353	4526	
4741	4690	4468	4690	
4934	4884	4606	4884	
5168	5116	4767	5116	
5459	5402	4987	5402	
5772	5722	5228	5722	
6044	5992	5429	5992	
7074	7019	6081	7019	
6756	6662	5847	6662	
6497	6386	5659	6386	
6222	6111	5478	6111	
5906	5784	5248	5784	
5648	5537	5080	5537	
5416	5299	4918	5299	
5211	5099	4781	5099	
5022	4918	4660	4918	
4862	4769	4556	4769	
4726	4645	4483	4645	
4616	4553	4433	4553	
4518	4471	4390	4471	
4435	4397	4346	4397	
4356	4328	4305	4328	
4272	4257	4247	4257	
4214	4211	4215	4211	
4182	4176	4195	4176	
4135	4138	4159	4138	
4129	4131	4143	4131	
4127	4122	4127	4122	
4129	4119	4102	4119	
4172	4151	4105	4151	
4266	4239	4149	4239	
4406	4377	4237	4377	
4548	4514	4333	4514	
4695	4652	4431	4652	
4879	4831	4567	4831	
5091	5044	4723	5044	
5382	5327	4931	5327	
5683	5636	5163	5636	
5952	5898	5361	5898	
7009	6938	6038	6938	
6726	6630	5832	6630	
6490	6377	5659	6377	
6185	6074	5450	6074	
5869	5752	5221	5752	
5613	5500	5044	5500	
5378	5268	4893	5268	
5179	5067	4752	5067	
4990	4891	4637	4891	
4833	4742	4537	4742	
4706	4623	4470	4623	
4598	4528	4414	4528	
4490	4439	4364	4439	
4397	4365	4320	4365	
4317	4295	4277	4295	
4236	4219	4224	4219	
4165	4158	4168	4158	
4129	4126	4147	4126	
4104	4105	4132	4105	
4105	4103	4122	4103	
4100	4101	4114	4101	
4111	4102	4096	4102	
4169	4152	4100	4152	
4289	4274	4157	4274	
4435	4420	4247	4420	
4573	4553	4335	4553	
4716	4688	4432	4688	
4861	4816	4548	4816	
5062	5010	4703	5010	
5327	5269	4885	5269	
5619	5576	5115	5576	
5883	5846	5311	5846	
6980	6918	6001	6918	
6698	6605	5807	6605	
6475	6376	5656	6376	
6183	6070	5438	6070	
5857	5743	5214	5743	
5598	5478	5043	5478	
5374	5252	4874	5252	
5160	5054	4744	5054	
4974	4876	4629	4876	
4820	4728	4531	4728	
4688	4616	4466	4616	
4585	4522	4406	4522	
4485	4435	4364	4435	
4392	4357	4314	4357	
4303	4276	4260	4276	
4220	4211	4208	4211	
4151	4143	4158	4143	
4108	4104	4128	4104	
4098	4096	4127	4096	
4096	4098	4126	4098	
4097	4100	4112	4100	
4118	4109	4097	4109	
4201	4191	4116	4191	
4326	4317	4184	4317	
4469	4459	4277	4459	
4605	4586	4368	4586	
4743	4719	4445	4719	
4882	4848	4544	4848	
5063	5013	4690	5013	
5306	5253	4871	5253	
5621	5568	5110	5568	
5873	5830	5296	5830	
6964	6912	5995	6912	
6681	6591	5783	6591	
6469	6370	5649	6370	
6191	6074	5446	6074	
5868	5750	5226	5750	
5598	5485	5042	5485	
5366	5254	4880	5254	
5171	5061	4750	5061	
4975	4880	4629	4880	
4823	4732	4532	4732	
4693	4619	4469	4619	
4581	4524	4409	4524	
4478	4430	4357	4430	
4396	4358	4314	4358	
4309	4285	4270	4285	
4232	4217	4213	4217	
4171	4154	4168	4154	
4123	4114	4129	4114	
4103	4106	4133	4106	
4102	4104	4131	4104	
4102	4102	4111	4102	
4129	4123	4101	4123	
4217	4213	4128	4213	
4353	4346	4197	4346	
4486	4469	4315	4469	
4624	4599	4404	4599	
4765	4744	4468	4744	
4904	4871	4558	4871	
5064	5009	4692	5009	
5309	5263	4885	5263	
5623	5569	5112	5569	
5874	5834	5311	5834	
7013	6963	6037	6963	
6700	6614	5788	6614	
6471	6374	5648	6374	
6203	6094	5456	6094	
5894	5778	5245	5778	
5620	5502	5048	5502	
5382	5278	4899	5278	
5179	5078	4768	5078	
4989	4901	4636	4901	
4839	4747	4540	4747	
4707	4624	4466	4624	
4599	4533	4411	4533	
4495	4445	4364	4445	
4405	4369	4326	4369	
4331	4311	4296	4311	
4263	4247	4244	4247	
4195	4180	4184	4180	
4145	4136	4150	4136	
4125	4118	4130	4118	
4120	4120	4135	4120	
4128	4125	4126	4125	
4153	4142	4118	4142	
4236	4225	4136	4225	
4362	4357	4206	4357	
4511	4496	4310	4496	
4645	4627	4404	4627	
4787	4761	4477	4761	
4935	4895	4580	4895	
5087	5037	4708	5037	
5349	5293	4904	5293	
5649	5590	5128	5590	
5909	5858	5324	5858	
7062	7025	6067	7025	
6735	6656	5829	6656	
6490	6396	5667	6396	
6242	6140	5493	6140	
5942	5829	5273	5829	
5655	5549	5083	5549	
5416	5315	4922	5315	
5222	5113	4788	5113	
5029	4932	4660	4932	
4865	4784	4555	4784	
4727	4649	4472	4649	
4623	4557	4422	4557	
4529	4478	4378	4478	
4442	4405	4343	4405	
4374	4345	4313	4345	
4297	4282	4276	4282	
4237	4226	4222	4226	
4188	4179	4176	4179	
4172	4158	4163	4158	
4164	4158	4152	4158	
4160	4151	4141	4151	
4173	4155	4124	4155	
4243	4224	4141	4224	
4376	4359	4209	4359	
4527	4511	4308	4511	
4657	4635	4394	4635	
4802	4770	4491	4770	
4944	4895	4587	4895	
5121	5072	4737	5072	
5392	5334	4934	5334	
5680	5635	5157	5635	
5967	5914	5363	5914	
7156	7113	6139	7113	
6823	6733	5880	6733	
6532	6438	5689	6438	
6294	6200	5525	6200	
6003	5898	5324	5898	
5726	5616	5128	5616	
5478	5372	4959	5372	
5273	5172	4817	5172	
5093	4989	4702	4989	
4924	4830	4587	4830	
4780	4691	4501	4691	
4667	4593	4435	4593	
4562	4507	4385	4507	
4490	4444	4358	4444	
4420	4387	4329	4387	
4358	4326	4296	4326	
4305	4284	4259	4284	
4263	4240	4217	4240	
4237	4214	4189	4214	
4223	4207	4174	4207	
4215	4197	4161	4197	
4223	4200	4147	4200	
4276	4249	4157	4249	
4395	4359	4216	4359	
4541	4504	4316	4504	
4677	4640	4408	4640	
4814	4769	4504	4769	
4977	4922	4631	4922	
5197	5146	4790	5146	
5472	5417	4997	5417	
5755	5707	5215	5707	
6058	6006	5436	6006	
7245	7221	6214	7221	
6899	6827	5951	6827	
6611	6524	5738	6524	
6375	6287	5581	6287	
6083	5982	5376	5982	
5805	5701	5178	5701	
5557	5449	5011	5449	
5350	5246	4868	5246	
5167	5058	4737	5058	
4993	4895	4627	4895	
4840	4759	4542	4759	
4718	4645	4458	4645	
4621	4555	4409	4555	
4548	4492	4382	4492	
4479	4439	4358	4439	
4418	4378	4317	4378	
4366	4332	4277	4332	
4327	4297	4251	4297	
4329	4300	4229	4300	
4292	4265	4208	4265	
4285	4253	4189	4253	
4311	4276	4188	4276	
4396	4360	4224	4360	
4500	4463	4286	4463	
4610	4566	4358	4566	
4727	4679	4446	4679	
4875	4814	4549	4814	
5055	5005	4696	5005	
5307	5249	4876	5249	
5571	5508	5065	5508	
5868	5810	5282	5810	
6185	6140	5539	6140	
7404	7384	6322	7384	
6989	6933	6018	6933	
6720	6645	5807	6645	
6480	6397	5643	6397	
6174	6083	5446	6083	
5904	5807	5252	5807	
5646	5552	5075	5552	
5436	5344	4936	5344	
5252	5154	4802	5154	
5079	4986	4686	4986	
4930	4843	4590	4843	
4803	4724	4506	4724	
4691	4620	4436	4620	
4607	4545	4396	4545	
4541	4489	4367	4489	
4471	4432	4332	4432	
4433	4397	4314	4397	
4403	4368	4290	4368	
4371	4335	4255	4335	
4361	4327	4242	4327	
4375	4338	4235	4338	
4455	4417	4265	4417	
4573	4541	4328	4541	
4680	4654	4405	4654	
4786	4754	4466	4754	
4887	4843	4544	4843	
5009	4949	4647	4949	
5196	5135	4783	5135	
5440	5377	4964	5377	
5677	5624	5149	5624	
6011	5960	5393	5960	
6338	6296	5651	6296	
7612	7615	6490	7615	
7153	7113	6142	7113	
6781	6717	5862	6717	
6506	6437	5679	6437	
6285	6190	5515	6190	
6023	5927	5329	5927	
5770	5672	5158	5672	
5566	5460	5009	5460	
5367	5265	4873	5265	
5192	5097	4758	5097	
5035	4945	4652	4945	
4909	4824	4569	4824	
4798	4715	4492	4715	
4699	4631	4435	4631	
4617	4556	4390	4556	
4561	4506	4367	4506	
4521	4471	4347	4471	
4488	4444	4323	4444	
4482	4437	4325	4437	
4477	4435	4316	4435	
4504	4462	4313	4462	
4621	4577	4364	4577	
4734	4697	4432	4697	
4851	4820	4531	4820	
4967	4929	4604	4929	
5073	5025	4663	5025	
5175	5114	4756	5114	
5349	5280	4887	5280	
5576	5514	5058	5514	
5832	5765	5248	5765	
6193	6137	5528	6137	
6551	6491	5791	6491	
7957	7969	6771	7969	
7386	7346	6326	7346	
6941	6883	5996	6883	
6633	6561	5766	6561	
6389	6305	5593	6305	
6159	6068	5433	6068	
5919	5820	5259	5820	
5701	5602	5110	5602	
5504	5402	4971	5402	
5324	5232	4850	5232	
5176	5085	4746	5085	
5042	4957	4659	4957	
4922	4838	4576	4838	
4816	4738	4505	4738	
4747	4677	4468	4677	
4684	4623	4430	4623	
4646	4592	4421	4592	
4627	4574	4416	4574	
4623	4580	4424	4580	
4625	4569	4405	4569	
4650	4604	4406	4604	
4764	4721	4453	4721	
4897	4848	4536	4848	
5003	4962	4687	4962	
5130	5090	4714	5090	
5238	5185	4785	5185	
5348	5283	4879	5283	
5512	5444	5006	5444	
5735	5669	5169	5669	
6027	5967	5394	5967	
6438	6373	5708	6373	
6805	6759	6011	6759	
8469	8482	7169	8482	
7650	7615	6519	7615	
7128	7072	6119	7072	
6809	6747	5896	6747	
6517	6445	5688	6445	
6301	6208	5520	6208	
6064	5978	5367	5978	
5845	5760	5207	5760	
5638	5554	5069	5554	
5479	5382	4955	5382	
5321	5227	4843	5227	
5184	5089	4749	5089	
5069	4982	4667	4982	
4960	4880	4595	4880	
4883	4804	4546	4804	
4837	4764	4516	4764	
4803	4735	4507	4735	
4777	4726	4517	4726	
4777	4722	4508	4722	
4779	4731	4510	4731	
4810	4747	4509	4747	
4913	4857	4553	4857	
5040	4990	4629	4990	
5160	5110	4721	5110	
5283	5236	4805	5236	
5394	5340	4885	5340	
5497	5441	4990	5441	
5668	5605	5120	5605	
5912	5847	5290	5847	
6248	6187	5557	6187	
6673	6616	5888	6616	
7119	7087	6263	7087	
9345	9403	7879	9403	
8122	8133	6916	8133	
7437	7407	6364	7407	
7117	7089	6113	7089	
6797	6766	5873	6766	
6509	6454	5666	6454	
6245	6175	5495	6175	
6025	5943	5341	5943	
5834	5752	5214	5752	
5669	5578	5092	5578	
5494	5414	4972	5414	
5363	5276	4874	5276	
5229	5158	4795	5158	
5133	5058	4724	5058	
5050	4974	4662	4974	
4992	4916	4623	4916	
4951	4891	4608	4891	
4937	4883	4610	4883	
4932	4880	4616	4880	
4946	4894	4613	4894	
4969	4910	4612	4910	
5041	4972	4646	4972	
5169	5113	4720	5113	
5293	5243	4813	5243	
5426	5368	4908	5368	
5537	5477	5007	5477	
5663	5602	5105	5602	
5858	5799	5250	5799	
6137	6078	5452	6078	
6492	6441	5748	6441	
6961	6918	6121	6918	
7494	7461	6543	7461	
10062	10188	8471	10188	
8961	9022	7572	9022	
7859	7857	6673	7857	
7446	7455	6351	7455	
7154	7146	6135	7146	
6816	6794	5870	6794	
6448	6406	5630	6406	
6206	6148	5486	6148	
6027	5957	5348	5957	
5852	5780	5227	5780	
5692	5617	5109	5617	
5540	5476	5004	5476	
5421	5351	4917	5351	
5320	5254	4850	5254	
5237	5167	4789	5167	
5179	5112	4749	5112	
5148	5079	4721	5079	
5121	5062	4719	5062	
5126	5065	4716	5065	
5134	5075	4722	5075	
5164	5100	4740	5100	
5209	5144	4766	5144	
5313	5250	4839	5250	
5439	5382	4940	5382	
5561	5504	5026	5504	
5687	5635	5128	5635	
5864	5812	5254	5812	
6098	6053	5437	6053	
6423	6377	5684	6377	
6799	6766	5987	6766	
7359	7329	6436	7329	
7966	7943	6936	7943	
10119	10203	8496	10203	
9337	9397	7860	9397	
8555	8591	7224	8591	
7773	7785	6588	7785	
7388	7405	6490	7405	
7061	7065	6057	7065	
6669	6623	5781	6623	
6359	6302	5585	6302	
6185	6129	5458	6129	
6025	5964	5342	5964	
5875	5798	5237	5798	
5733	5656	5123	5656	
5602	5529	5036	5529	
5502	5429	4964	5429	
5413	5339	4903	5339	
5362	5290	4855	5290	
5313	5246	4825	5246	
5297	5223	4809	5223	
5299	5229	4823	5229	
5312	5253	4835	5253	
5360	5292	4856	5292	
5408	5352	4911	5352	
5510	5439	4969	5439	
5603	5547	5039	5547	
5716	5661	5129	5661	
5869	5815	5230	5815	
6087	6031	5402	6031	
6363	6319	5619	6319	
6708	6661	5887	6661	
7145	7115	6232	7115	
7713	7679	6688	7679	
8488	8451	7276	8451	
                                                                                                                                                                                                                                                                                                                                                                                                                                                                                                                                                                                                                                                                                                                                                                                                                                                                                                                                                                                                                                                                                                                                                                                                                                                                                                                                                                                                                                                                                                                                                                                                                                                                                                                                                                                                                                                                                                                                                                                                                                                                                                                                                                                                                                                                                                                                                                                                                                                                                                                                                                                                                                                                                                                                                                                                                                                                                                                                                                                                                                                                                                                                                                                                                                                                                                                        