 988	 988	 988	 988	
5659	5366	4911	5366	
5357	5145	4746	5145	
5186	4991	4534	4991	
5036	4882	4472	4882	
4981	4813	4447	4813	
4908	4766	4434	4766	
4842	4717	4373	4717	
4835	4674	4367	4674	
4800	4636	4331	4636	
4741	4602	4282	4602	
4706	4599	4257	4599	
4657	4551	4237	4551	
4640	4537	4232	4537	
4613	4501	4226	4501	
4591	4498	4220	4498	
4554	4478	4211	4478	
4520	4445	4180	4445	
4523	4440	4212	4440	
4510	4440	4175	4440	
4487	4423	4179	4423	
4501	4470	4196	4470	
4500	4460	4195	4460	
4502	4438	4181	4438	
4514	4471	4210	4471	
4542	4472	4202	4472	
4566	4497	4227	4497	
4605	4523	4230	4523	
4633	4515	4270	4515	
4643	4554	4276	4554	
4695	4599	4308	4599	
4765	4637	4355	4637	
4840	4689	4386	4689	
4922	4749	4469	4749	
4971	4792	4497	4792	
5033	4872	4534	4872	
5171	4984	4613	4984	
5361	5162	4773	5162	
5683	5413	4960	5413	
5552	5224	4848	5224	
5297	4958	4692	4958	
5187	4888	4611	4888	
5074	4782	4515	4782	
5026	4737	4503	4737	
4972	4710	4476	4710	
4883	4647	4441	4647	
4859	4620	4414	4620	
4807	4586	4388	4586	
4773	4544	4366	4544	
4715	4521	4348	4521	
4705	4489	4323	4489	
4648	4460	4292	4460	
4619	4437	4285	4437	
4585	4420	4286	4420	
4556	4412	4276	4412	
4546	4385	4265	4385	
4513	4369	4259	4369	
4523	4358	4252	4358	
4502	4357	4239	4357	
4528	4376	4251	4376	
4552	4383	4248	4383	
4518	4376	4262	4376	
4548	4391	4271	4391	
4566	4398	4274	4398	
4586	4426	4292	4426	
4631	4439	4308	4439	
4640	4477	4317	4477	
4694	4497	4357	4497	
4731	4544	4381	4544	
4790	4554	4402	4554	
4849	4603	4447	4603	
4898	4637	4486	4637	
4984	4704	4536	4704	
5057	4768	4548	4768	
5145	4875	4639	4875	
5273	5008	4722	5008	
5542	5262	4848	5262	
5334	5069	4693	5069	
5200	4900	4602	4900	
5101	4836	4529	4836	
5039	4798	4534	4798	
4965	4741	4481	4741	
4930	4700	4462	4700	
4861	4657	4434	4657	
4818	4626	4422	4626	
4765	4578	4383	4578	
4720	4552	4368	4552	
4701	4514	4350	4514	
4646	4485	4324	4485	
4606	4463	4279	4463	
4570	4428	4277	4428	
4563	4431	4284	4431	
4496	4404	4246	4404	
4502	4379	4239	4379	
4480	4370	4244	4370	
4484	4358	4223	4358	
4472	4370	4238	4370	
4466	4368	4251	4368	
4483	4367	4250	4367	
4497	4382	4266	4382	
4495	4386	4261	4386	
4527	4394	4260	4394	
4548	4415	4301	4415	
4589	4435	4310	4435	
4625	4463	4311	4463	
4649	4497	4331	4497	
4701	4537	4365	4537	
4736	4550	4371	4550	
4795	4598	4441	4598	
4845	4630	4452	4630	
4927	4689	4506	4689	
4986	4750	4531	4750	
5111	4844	4573	4844	
5201	4947	4650	4947	
5373	5136	4746	5136	
5234	4959	4615	4959	
5112	4832	4566	4832	
5061	4808	4538	4808	
4990	4754	4493	4754	
4924	4709	4471	4709	
4869	4684	4440	4684	
4810	4629	4422	4629	
4811	4618	4390	4618	
4740	4579	4365	4579	
4672	4507	4337	4507	
4653	4493	4322	4493	
4612	4445	4315	4445	
4562	4443	4281	4443	
4537	4410	4265	4410	
4512	4388	4248	4388	
4477	4364	4256	4364	
4440	4362	4231	4362	
4421	4323	4215	4323	
4429	4318	4218	4318	
4420	4302	4217	4302	
4408	4328	4233	4328	
4429	4335	4228	4335	
4432	4339	4244	4339	
4462	4351	4250	4351	
4472	4362	4256	4362	
4508	4385	4271	4385	
4540	4419	4315	4419	
4579	4450	4312	4450	
4597	4464	4334	4464	
4650	4513	4327	4513	
4686	4520	4352	4520	
4745	4587	4418	4587	
4786	4597	4452	4597	
4875	4666	4472	4666	
4918	4713	4515	4713	
4997	4778	4554	4778	
5105	4866	4587	4866	
5287	5034	4671	5034	
5154	4898	4602	4898	
5084	4794	4541	4794	
5033	4773	4508	4773	
4992	4741	4511	4741	
4902	4705	4479	4705	
4864	4662	4455	4662	
4797	4614	4412	4614	
4755	4569	4369	4569	
4698	4533	4345	4533	
4663	4501	4327	4501	
4610	4487	4313	4487	
4585	4452	4294	4452	
4526	4410	4280	4410	
4500	4388	4269	4388	
4451	4356	4258	4356	
4415	4345	4220	4345	
4389	4314	4211	4314	
4381	4312	4207	4312	
4391	4307	4233	4307	
4374	4293	4220	4293	
4384	4311	4236	4311	
4382	4313	4233	4313	
4393	4314	4240	4314	
4429	4337	4247	4337	
4427	4339	4223	4339	
4449	4361	4265	4361	
4525	4391	4254	4391	
4534	4405	4302	4405	
4554	4434	4313	4434	
4608	4467	4352	4467	
4636	4511	4362	4511	
4685	4536	4392	4536	
4758	4567	4413	4567	
4803	4618	4460	4618	
4860	4672	4484	4672	
4952	4733	4504	4733	
5025	4813	4539	4813	
5224	4942	4625	4942	
5112	4851	4533	4851	
5030	4772	4497	4772	
4992	4754	4473	4754	
4937	4726	4461	4726	
4882	4696	4459	4696	
4829	4656	4442	4656	
4759	4600	4397	4600	
4745	4560	4374	4560	
4662	4523	4349	4523	
4615	4487	4333	4487	
4552	4454	4300	4454	
4530	4420	4277	4420	
4480	4388	4260	4388	
4439	4353	4242	4353	
4410	4354	4230	4354	
4375	4305	4221	4305	
4360	4292	4213	4292	
4310	4278	4203	4278	
4349	4270	4189	4270	
4322	4260	4184	4260	
4340	4271	4205	4271	
4343	4286	4212	4286	
4337	4291	4207	4291	
4389	4314	4229	4314	
4377	4304	4237	4304	
4413	4337	4238	4337	
4462	4367	4277	4367	
4483	4376	4286	4376	
4508	4408	4292	4408	
4556	4442	4325	4442	
4606	4475	4358	4475	
4652	4519	4371	4519	
4696	4547	4406	4547	
4784	4601	4442	4601	
4817	4641	4455	4641	
4878	4694	4505	4694	
4989	4772	4508	4772	
5114	4883	4550	4883	
5057	4820	4515	4820	
4993	4733	4469	4733	
4950	4721	4456	4721	
4900	4706	4437	4706	
4849	4673	4420	4673	
4818	4648	4429	4648	
4735	4575	4383	4575	
4700	4536	4358	4536	
4636	4492	4317	4492	
4564	4457	4314	4457	
4539	4430	4265	4430	
4494	4390	4262	4390	
4447	4354	4239	4354	
4394	4323	4231	4323	
4364	4301	4209	4301	
4330	4280	4200	4280	
4312	4258	4180	4258	
4300	4248	4189	4248	
4285	4239	4170	4239	
4266	4236	4180	4236	
4285	4245	4181	4245	
4268	4244	4191	4244	
4294	4256	4196	4256	
4327	4284	4232	4284	
4346	4298	4218	4298	
4365	4307	4220	4307	
4419	4332	4261	4332	
4422	4347	4244	4347	
4474	4372	4264	4372	
4511	4414	4290	4414	
4575	4448	4313	4448	
4625	4489	4352	4489	
4675	4518	4388	4518	
4720	4550	4402	4550	
4780	4615	4427	4615	
4861	4651	4447	4651	
4920	4726	4443	4726	
5057	4848	4525	4848	
5049	4806	4479	4806	
4995	4719	4455	4719	
4958	4724	4433	4724	
4899	4695	4439	4695	
4799	4645	4414	4645	
4780	4610	4400	4610	
4698	4551	4383	4551	
4655	4521	4359	4521	
4625	4475	4321	4475	
4545	4423	4311	4423	
4508	4387	4252	4387	
4457	4370	4243	4370	
4397	4333	4222	4333	
4383	4302	4206	4302	
4328	4275	4191	4275	
4311	4252	4178	4252	
4268	4230	4179	4230	
4262	4227	4191	4227	
4251	4228	4183	4228	
4227	4218	4164	4218	
4242	4223	4179	4223	
4244	4217	4184	4217	
4287	4230	4192	4230	
4297	4255	4192	4255	
4302	4260	4210	4260	
4342	4284	4217	4284	
4386	4309	4217	4309	
4426	4329	4228	4329	
4451	4352	4230	4352	
4481	4383	4277	4383	
4536	4424	4283	4424	
4596	4457	4323	4457	
4661	4492	4355	4492	
4719	4543	4406	4543	
4767	4586	4396	4586	
4830	4632	4419	4632	
4896	4690	4452	4690	
4993	4799	4482	4799	
5028	4793	4461	4793	
4973	4698	4427	4698	
4935	4706	4429	4706	
4864	4685	4421	4685	
4814	4646	4388	4646	
4758	4605	4401	4605	
4691	4540	4366	4540	
4634	4497	4335	4497	
4576	4451	4302	4451	
4519	4403	4293	4403	
4480	4373	4271	4373	
4425	4349	4237	4349	
4386	4310	4232	4310	
4340	4290	4194	4290	
4279	4257	4190	4257	
4291	4224	4165	4224	
4255	4216	4162	4216	
4240	4199	4171	4199	
4222	4204	4158	4204	
4214	4183	4149	4183	
4223	4201	4166	4201	
4210	4194	4183	4194	
4237	4210	4165	4210	
4245	4223	4198	4223	
4298	4249	4189	4249	
4289	4247	4199	4247	
4337	4274	4222	4274	
4368	4314	4231	4314	
4412	4341	4254	4341	
4463	4366	4250	4366	
4524	4410	4311	4410	
4558	4447	4334	4447	
4624	4472	4363	4472	
4678	4522	4378	4522	
4714	4563	4380	4563	
4810	4610	4426	4610	
4863	4671	4429	4671	
4999	4758	4452	4758	
5026	4770	4451	4770	
4937	4677	4410	4677	
4907	4679	4413	4679	
4853	4664	4417	4664	
4789	4633	4377	4633	
4740	4588	4397	4588	
4674	4519	4334	4519	
4626	4481	4324	4481	
4530	4431	4307	4431	
4494	4387	4263	4387	
4461	4355	4252	4355	
4432	4329	4243	4329	
4367	4303	4216	4303	
4316	4265	4196	4265	
4277	4246	4185	4246	
4257	4205	4154	4205	
4235	4213	4186	4213	
4222	4181	4179	4181	
4207	4181	4152	4181	
4202	4164	4142	4164	
4206	4181	4149	4181	
4191	4184	4158	4184	
4200	4182	4147	4182	
4240	4203	4173	4203	
4243	4214	4178	4214	
4282	4231	4201	4231	
4334	4260	4221	4260	
4364	4294	4223	4294	
4384	4323	4235	4323	
4435	4362	4257	4362	
4493	4387	4283	4387	
4550	4437	4306	4437	
4605	4465	4345	4465	
4662	4509	4377	4509	
4705	4546	4360	4546	
4753	4599	4400	4599	
4844	4644	4406	4644	
4939	4725	4445	4725	
4981	4752	4447	4752	
4924	4680	4432	4680	
4895	4666	4404	4666	
4852	4665	4417	4665	
4769	4618	4385	4618	
4721	4587	4380	4587	
4656	4516	4347	4516	
4616	4474	4324	4474	
4558	4427	4277	4427	
4494	4386	4277	4386	
4433	4351	4250	4351	
4403	4318	4251	4318	
4345	4275	4223	4275	
4308	4262	4205	4262	
4278	4239	4191	4239	
4237	4213	4168	4213	
4207	4195	4168	4195	
4198	4185	4164	4185	
4182	4166	4170	4166	
4163	4162	4143	4162	
4170	4174	4155	4174	
4150	4154	4142	4154	
4189	4180	4144	4180	
4218	4191	4153	4191	
4226	4202	4163	4202	
4260	4223	4185	4223	
4311	4250	4191	4250	
4337	4286	4219	4286	
4362	4295	4223	4295	
4416	4340	4242	4340	
4450	4370	4248	4370	
4519	4421	4309	4421	
4585	4450	4319	4450	
4647	4505	4355	4505	
4701	4532	4363	4532	
4724	4575	4377	4575	
4811	4630	4408	4630	
4929	4711	4432	4711	
4999	4748	4434	4748	
4915	4679	4421	4679	
4890	4669	4410	4669	
4825	4644	4398	4644	
4770	4605	4400	4605	
4735	4570	4358	4570	
4649	4508	4327	4508	
4597	4467	4291	4467	
4522	4411	4287	4411	
4483	4380	4255	4380	
4435	4354	4256	4354	
4386	4312	4209	4312	
4321	4270	4215	4270	
4297	4245	4193	4245	
4258	4211	4183	4211	
4211	4195	4164	4195	
4201	4181	4171	4181	
4174	4169	4167	4169	
4151	4153	4147	4153	
4140	4136	4130	4136	
4156	4148	4148	4148	
4153	4150	4144	4150	
4155	4159	4149	4159	
4173	4168	4138	4168	
4215	4199	4167	4199	
4243	4214	4175	4214	
4293	4236	4185	4236	
4318	4272	4205	4272	
4362	4299	4221	4299	
4404	4323	4250	4323	
4447	4370	4254	4370	
4503	4410	4300	4410	
4556	4447	4308	4447	
4610	4479	4343	4479	
4663	4533	4374	4533	
4718	4567	4381	4567	
4804	4632	4376	4632	
4881	4707	4398	4707	
4952	4735	4452	4735	
4907	4660	4396	4660	
4867	4671	4397	4671	
4837	4657	4393	4657	
4776	4606	4382	4606	
4699	4559	4365	4559	
4646	4497	4319	4497	
4592	4461	4299	4461	
4524	4418	4280	4418	
4456	4370	4247	4370	
4421	4337	4246	4337	
4366	4302	4218	4302	
4324	4264	4192	4264	
4292	4240	4204	4240	
4232	4215	4196	4215	
4239	4196	4201	4196	
4178	4162	4171	4162	
4159	4152	4145	4152	
4141	4137	4119	4137	
4116	4124	4106	4124	
4128	4136	4125	4136	
4139	4137	4147	4137	
4162	4135	4138	4135	
4188	4174	4134	4174	
4194	4180	4167	4180	
4222	4205	4162	4205	
4283	4232	4184	4232	
4302	4258	4201	4258	
4336	4274	4190	4274	
4404	4326	4244	4326	
4441	4361	4245	4361	
4467	4396	4291	4396	
4558	4436	4309	4436	
4612	4478	4343	4478	
4667	4525	4362	4525	
4732	4585	4385	4585	
4779	4615	4389	4615	
4878	4708	4391	4708	
4970	4742	4447	4742	
4895	4656	4407	4656	
4848	4658	4415	4658	
4815	4646	4381	4646	
4772	4613	4382	4613	
4698	4571	4379	4571	
4625	4497	4311	4497	
4604	4473	4326	4473	
4526	4419	4258	4419	
4454	4376	4262	4376	
4408	4339	4235	4339	
4368	4309	4227	4309	
4317	4271	4205	4271	
4286	4240	4211	4240	
4252	4216	4199	4216	
4208	4188	4181	4188	
4155	4154	4153	4154	
4138	4142	4131	4142	
4114	4112	4121	4112	
4096	4101	4096	4101	
4117	4119	4112	4119	
4133	4128	4124	4128	
4134	4135	4120	4135	
4159	4147	4150	4147	
4185	4160	4140	4160	
4216	4186	4146	4186	
4272	4219	4185	4219	
4284	4245	4209	4245	
4347	4278	4222	4278	
4383	4317	4217	4317	
4442	4348	4249	4348	
4500	4377	4280	4377	
4537	4431	4307	4431	
4606	4467	4347	4467	
4673	4529	4345	4529	
4715	4568	4372	4568	
4785	4627	4389	4627	
4893	4709	4404	4709	
4956	4749	4498	4749	
4897	4663	4413	4663	
4872	4664	4407	4664	
4808	4639	4392	4639	
4760	4603	4373	4603	
4727	4560	4372	4560	
4667	4518	4319	4518	
4598	4465	4313	4465	
4507	4408	4272	4408	
4471	4369	4250	4369	
4405	4345	4227	4345	
4365	4303	4225	4303	
4327	4261	4207	4261	
4285	4239	4207	4239	
4239	4214	4195	4214	
4223	4185	4178	4185	
4174	4156	4167	4156	
4149	4118	4141	4118	
4109	4096	4099	4096	
4101	4106	4114	4106	
4107	4107	4105	4107	
4117	4111	4123	4111	
4140	4126	4128	4126	
4177	4161	4134	4161	
4211	4162	4141	4162	
4234	4181	4140	4181	
4258	4217	4150	4217	
4315	4243	4172	4243	
4347	4282	4210	4282	
4372	4302	4220	4302	
4438	4353	4257	4353	
4492	4382	4275	4382	
4553	4435	4325	4435	
4606	4471	4347	4471	
4659	4507	4354	4507	
4714	4575	4372	4575	
4774	4615	4358	4615	
4883	4722	4392	4722	
4978	4740	4474	4740	
4893	4667	4420	4667	
4861	4665	4431	4665	
4812	4645	4436	4645	
4768	4623	4389	4623	
4700	4564	4371	4564	
4662	4513	4327	4513	
4606	4468	4324	4468	
4541	4418	4285	4418	
4474	4370	4258	4370	
4411	4332	4246	4332	
4377	4316	4224	4316	
4328	4269	4200	4269	
4283	4248	4192	4248	
4236	4225	4198	4225	
4216	4187	4172	4187	
4195	4160	4182	4160	
4159	4138	4141	4138	
4125	4113	4128	4113	
4129	4102	4096	4102	
4134	4115	4123	4115	
4134	4131	4131	4131	
4158	4143	4126	4143	
4175	4144	4141	4144	
4218	4171	4147	4171	
4244	4193	4152	4193	
4290	4216	4186	4216	
4327	4254	4191	4254	
4341	4276	4205	4276	
4384	4307	4223	4307	
4450	4346	4258	4346	
4511	4384	4277	4384	
4573	4439	4325	4439	
4619	4483	4341	4483	
4653	4534	4358	4534	
4731	4583	4384	4583	
4788	4625	4388	4625	
4892	4692	4400	4692	
4996	4764	4475	4764	
4907	4681	4453	4681	
4895	4676	4442	4676	
4861	4664	4417	4664	
4775	4630	4380	4630	
4734	4578	4386	4578	
4668	4536	4331	4536	
4618	4484	4332	4484	
4540	4429	4285	4429	
4486	4390	4257	4390	
4428	4345	4246	4345	
4373	4325	4227	4325	
4328	4263	4205	4263	
4285	4243	4180	4243	
4255	4221	4183	4221	
4229	4195	4172	4195	
4199	4171	4166	4171	
4173	4155	4148	4155	
4178	4131	4148	4131	
4158	4129	4133	4129	
4168	4138	4144	4138	
4164	4141	4152	4141	
4163	4140	4146	4140	
4184	4157	4151	4157	
4224	4178	4132	4178	
4275	4210	4171	4210	
4285	4241	4181	4241	
4331	4258	4208	4258	
4360	4285	4222	4285	
4415	4321	4240	4321	
4457	4371	4256	4371	
4509	4395	4294	4395	
4569	4444	4328	4444	
4630	4482	4355	4482	
4675	4525	4360	4525	
4728	4571	4392	4571	
4805	4622	4385	4622	
4903	4700	4404	4700	
4995	4773	4543	4773	
4914	4677	4451	4677	
4907	4693	4467	4693	
4861	4673	4427	4673	
4770	4624	4413	4624	
4750	4592	4396	4592	
4672	4547	4342	4547	
4618	4490	4327	4490	
4566	4452	4298	4452	
4531	4396	4272	4396	
4456	4353	4268	4353	
4421	4333	4230	4333	
4362	4289	4211	4289	
4324	4266	4200	4266	
4290	4233	4199	4233	
4254	4204	4185	4204	
4210	4173	4174	4173	
4200	4173	4182	4173	
4200	4151	4186	4151	
4185	4149	4167	4149	
4178	4157	4163	4157	
4202	4153	4155	4153	
4190	4157	4145	4157	
4223	4192	4166	4192	
4245	4204	4172	4204	
4277	4219	4179	4219	
4311	4251	4182	4251	
4370	4287	4207	4287	
4388	4305	4217	4305	
4439	4334	4233	4334	
4461	4368	4264	4368	
4538	4413	4297	4413	
4583	4456	4330	4456	
4641	4505	4352	4505	
4699	4540	4376	4540	
4744	4582	4376	4582	
4820	4621	4395	4621	
4901	4721	4423	4721	
4994	4779	4526	4779	
4951	4693	4490	4693	
4910	4698	4467	4698	
4886	4687	4461	4687	
4828	4654	4433	4654	
4761	4606	4393	4606	
4707	4564	4371	4564	
4644	4520	4333	4520	
4584	4469	4309	4469	
4539	4422	4295	4422	
4498	4383	4275	4383	
4416	4350	4228	4350	
4376	4307	4233	4307	
4358	4281	4215	4281	
4311	4254	4207	4254	
4269	4218	4187	4218	
4247	4196	4177	4196	
4236	4191	4184	4191	
4228	4189	4182	4189	
4203	4169	4168	4169	
4223	4182	4192	4182	
4224	4178	4183	4178	
4256	4181	4163	4181	
4258	4203	4179	4203	
4289	4218	4174	4218	
4294	4234	4195	4234	
4335	4261	4181	4261	
4362	4292	4216	4292	
4412	4323	4230	4323	
4452	4361	4255	4361	
4492	4391	4293	4391	
4555	4428	4313	4428	
4608	4470	4338	4470	
4666	4517	4362	4517	
4715	4552	4359	4552	
4776	4602	4395	4602	
4805	4640	4408	4640	
4939	4737	4432	4737	
5032	4796	4515	4796	
4961	4710	4485	4710	
4927	4692	4472	4692	
4890	4694	4469	4694	
4855	4667	4437	4667	
4807	4630	4445	4630	
4735	4570	4392	4570	
4673	4532	4367	4532	
4578	4494	4322	4494	
4540	4443	4324	4443	
4514	4401	4277	4401	
4470	4373	4260	4373	
4421	4341	4225	4341	
4360	4291	4245	4291	
4334	4271	4209	4271	
4303	4254	4212	4254	
4268	4223	4183	4223	
4260	4208	4200	4208	
4269	4202	4191	4202	
4249	4194	4193	4194	
4224	4196	4196	4196	
4244	4186	4170	4186	
4267	4212	4203	4212	
4285	4225	4205	4225	
4302	4233	4207	4233	
4332	4259	4211	4259	
4365	4291	4232	4291	
4391	4312	4242	4312	
4433	4341	4239	4341	
4486	4384	4275	4384	
4538	4405	4294	4405	
4566	4428	4303	4428	
4642	4481	4357	4481	
4686	4527	4367	4527	
4718	4573	4372	4573	
4774	4629	4416	4629	
4846	4664	4402	4664	
4958	4741	4442	4741	
5035	4815	4536	4815	
4969	4727	4504	4727	
4937	4714	4480	4714	
4911	4710	4468	4710	
4862	4693	4476	4693	
4841	4659	4458	4659	
4743	4579	4415	4579	
4724	4558	4377	4558	
4640	4513	4355	4513	
4590	4472	4312	4472	
4529	4431	4294	4431	
4489	4391	4274	4391	
4443	4351	4258	4351	
4427	4335	4253	4335	
4377	4303	4244	4303	
4355	4285	4221	4285	
4330	4247	4205	4247	
4296	4241	4207	4241	
4306	4240	4209	4240	
4288	4227	4200	4227	
4285	4220	4192	4220	
4310	4226	4210	4226	
4317	4244	4210	4244	
4332	4253	4211	4253	
4350	4273	4212	4273	
4356	4284	4216	4284	
4403	4310	4247	4310	
4434	4331	4242	4331	
4449	4360	4235	4360	
4494	4387	4290	4387	
4558	4446	4282	4446	
4595	4460	4318	4460	
4627	4501	4341	4501	
4686	4553	4392	4553	
4745	4593	4391	4593	
4793	4636	4410	4636	
4836	4689	4434	4689	
4955	4788	4451	4788	
5061	4843	4505	4843	
4989	4751	4479	4751	
4956	4745	4478	4745	
4935	4744	4472	4744	
4888	4695	4484	4695	
4832	4674	4467	4674	
4794	4616	4430	4616	
4751	4595	4411	4595	
4695	4544	4353	4544	
4630	4518	4326	4518	
4563	4465	4313	4465	
4526	4433	4270	4433	
4502	4392	4258	4392	
4457	4371	4254	4371	
4436	4346	4243	4346	
4406	4315	4216	4315	
4374	4287	4200	4287	
4366	4287	4229	4287	
4344	4279	4228	4279	
4332	4256	4210	4256	
4344	4270	4203	4270	
4338	4269	4218	4269	
4351	4268	4205	4268	
4373	4293	4222	4293	
4397	4293	4234	4293	
4404	4317	4249	4317	
4432	4328	4244	4328	
4462	4359	4237	4359	
4476	4385	4272	4385	
4504	4413	4254	4413	
4598	4452	4300	4452	
4629	4472	4329	4472	
4671	4513	4358	4513	
4738	4561	4400	4561	
4759	4606	4391	4606	
4837	4654	4408	4654	
4880	4708	4446	4708	
5002	4816	4498	4816	
5072	4869	4548	4869	
5006	4772	4488	4772	
4966	4764	4499	4764	
4944	4752	4470	4752	
4898	4712	4481	4712	
4860	4697	4460	4697	
4825	4643	4425	4643	
4779	4608	4426	4608	
4713	4571	4377	4571	
4664	4539	4352	4539	
4618	4494	4333	4494	
4569	4471	4297	4471	
4531	4431	4267	4431	
4504	4412	4253	4412	
4475	4368	4245	4368	
4447	4342	4243	4342	
4420	4313	4211	4313	
4413	4321	4234	4321	
4415	4311	4205	4311	
4378	4292	4211	4292	
4382	4296	4205	4296	
4377	4298	4240	4298	
4387	4311	4231	4311	
4414	4310	4237	4310	
4434	4325	4228	4325	
4469	4351	4248	4351	
4492	4361	4251	4361	
4493	4387	4255	4387	
4531	4410	4269	4410	
4581	4441	4276	4441	
4627	4474	4295	4474	
4657	4505	4313	4505	
4709	4546	4355	4546	
4753	4571	4360	4571	
4817	4627	4390	4627	
4854	4682	4447	4682	
4917	4738	4421	4738	
5020	4837	4499	4837	
5107	4905	4551	4905	
5051	4801	4495	4801	
5006	4798	4459	4798	
4990	4774	4494	4774	
4925	4741	4476	4741	
4881	4709	4483	4709	
4862	4659	4432	4659	
4823	4613	4407	4613	
4770	4584	4383	4584	
4707	4563	4386	4563	
4660	4520	4325	4520	
4632	4512	4336	4512	
4585	4463	4308	4463	
4545	4438	4265	4438	
4509	4410	4242	4410	
4501	4370	4241	4370	
4463	4353	4221	4353	
4448	4355	4254	4355	
4440	4334	4232	4334	
4424	4323	4214	4323	
4421	4330	4216	4330	
4421	4327	4240	4327	
4448	4333	4217	4333	
4432	4345	4229	4345	
4480	4373	4262	4373	
4505	4365	4251	4365	
4527	4389	4269	4389	
4548	4413	4271	4413	
4592	4436	4282	4436	
4617	4463	4299	4463	
4670	4501	4320	4501	
4705	4526	4344	4526	
4739	4555	4381	4555	
4764	4593	4402	4593	
4831	4647	4456	4647	
4894	4706	4450	4706	
4984	4779	4499	4779	
5097	4915	4545	4915	
5187	4950	4600	4950	
5080	4848	4514	4848	
5024	4809	4479	4809	
4973	4778	4454	4778	
4951	4757	4462	4757	
4900	4712	4453	4712	
4856	4675	4407	4675	
4850	4641	4388	4641	
4792	4612	4381	4612	
4750	4567	4379	4567	
4720	4535	4351	4535	
4649	4504	4309	4504	
4633	4481	4292	4481	
4576	4447	4256	4447	
4552	4429	4241	4429	
4542	4400	4224	4400	
4491	4371	4202	4371	
4499	4368	4221	4368	
4490	4364	4237	4364	
4466	4341	4202	4341	
4477	4351	4219	4351	
4476	4344	4222	4344	
4495	4352	4218	4352	
4494	4374	4227	4374	
4526	4377	4231	4377	
4543	4409	4273	4409	
4578	4419	4247	4419	
4616	4433	4294	4433	
4625	4454	4272	4454	
4639	4484	4301	4484	
4695	4507	4319	4507	
4731	4538	4345	4538	
4789	4573	4361	4573	
4827	4613	4395	4613	
4875	4663	4421	4663	
4970	4742	4478	4742	
5037	4823	4518	4823	
5183	4991	4632	4991	
5308	5102	4745	5102	
5217	4974	4610	4974	
5127	4921	4562	4921	
5079	4891	4551	4891	
5000	4837	4527	4837	
5017	4810	4504	4810	
4925	4775	4496	4775	
4890	4737	4460	4737	
4885	4701	4441	4701	
4817	4672	4443	4672	
4809	4651	4396	4651	
4767	4612	4397	4612	
4714	4598	4368	4598	
4679	4558	4346	4558	
4681	4541	4331	4541	
4650	4503	4305	4503	
4625	4492	4297	4492	
4600	4479	4294	4479	
4602	4479	4287	4479	
4586	4449	4260	4449	
4580	4457	4289	4457	
4597	4458	4268	4458	
4591	4455	4284	4455	
4593	4472	4291	4472	
4625	4487	4305	4487	
4649	4506	4326	4506	
4679	4519	4335	4519	
4722	4533	4343	4533	
4707	4559	4342	4559	
4757	4582	4377	4582	
4803	4602	4374	4602	
4832	4634	4432	4634	
4863	4648	4426	4648	
4942	4729	4480	4729	
4996	4762	4499	4762	
5063	4854	4550	4854	
5173	4961	4653	4961	
5351	5155	4730	5155	
                                                                                                                                                                                                                                                                                                                                                                                                                                                                                                                                                                                                                                                                                                                                                                                                                                                                                                                                                                                                                                                                                                                                                                                                                                                                                                                                                                                                                                                                                                                                                                                                                                                                                                                                                                                                                                                                                                                                                                                                                                                                                                                                                                                                                                                                                                                                                                                                                                                                                                                                                                                                                                                                                                                                                                                                                                                                                                                                                                                                                                                                                                                                                                                                                                                                                                                                                                                                                                                                                                                                                                                                                                                                                                                                                                                                                                                                                                                                                                                                                                                                                                                    