 988	 988	 988	 988	
6481	6149	5772	6149	
6240	5968	5615	5968	
6108	5805	5458	5805	
5929	5683	5372	5683	
5777	5552	5279	5552	
5643	5450	5131	5450	
5564	5336	5055	5336	
5436	5251	4992	5251	
5374	5174	4940	5174	
5238	5080	4862	5080	
5142	5010	4808	5010	
5129	4918	4726	4918	
5033	4880	4690	4880	
4967	4833	4613	4833	
4925	4770	4631	4770	
4866	4757	4577	4757	
4838	4698	4531	4698	
4823	4709	4584	4709	
4796	4673	4490	4673	
4782	4673	4537	4673	
4782	4653	4506	4653	
4800	4678	4530	4678	
4809	4681	4545	4681	
4856	4730	4578	4730	
4870	4746	4580	4746	
4927	4778	4632	4778	
4956	4856	4644	4856	
5000	4891	4709	4891	
5085	4952	4779	4952	
5143	5051	4814	5051	
5258	5119	4901	5119	
5403	5219	4945	5219	
5509	5320	5082	5320	
5657	5419	5175	5419	
5820	5560	5277	5560	
6045	5755	5398	5755	
6168	5940	5532	5940	
6307	6108	5601	6108	
6260	5989	5640	5989	
6142	5783	5471	5783	
5957	5650	5366	5650	
5804	5524	5266	5524	
5655	5423	5163	5423	
5544	5315	5074	5315	
5396	5208	4998	5208	
5302	5117	4931	5117	
5216	5029	4855	5029	
5107	4948	4756	4948	
5048	4867	4709	4867	
4955	4812	4671	4812	
4871	4738	4584	4738	
4823	4699	4567	4699	
4784	4659	4521	4659	
4745	4623	4499	4623	
4700	4590	4468	4590	
4678	4568	4457	4568	
4678	4553	4453	4553	
4662	4526	4443	4526	
4672	4546	4462	4546	
4694	4553	4443	4553	
4668	4572	4477	4572	
4725	4599	4491	4599	
4735	4635	4521	4635	
4796	4651	4569	4651	
4826	4707	4582	4707	
4902	4764	4623	4764	
4962	4827	4675	4827	
5046	4917	4749	4917	
5156	5002	4821	5002	
5235	5082	4914	5082	
5390	5196	5025	5196	
5506	5298	5084	5298	
5638	5413	5182	5413	
5788	5567	5309	5567	
6004	5725	5397	5725	
6161	5907	5499	5907	
6155	5885	5529	5885	
5994	5674	5416	5674	
5854	5577	5324	5577	
5686	5459	5212	5459	
5544	5360	5129	5360	
5427	5242	5020	5242	
5330	5136	4971	5136	
5204	5040	4898	5040	
5118	4969	4836	4969	
5031	4868	4740	4868	
4938	4792	4676	4792	
4862	4737	4622	4737	
4805	4674	4552	4674	
4741	4639	4521	4639	
4694	4593	4487	4593	
4654	4550	4440	4550	
4617	4515	4414	4515	
4576	4498	4418	4498	
4555	4483	4404	4483	
4560	4480	4413	4480	
4573	4491	4417	4491	
4579	4483	4398	4483	
4585	4506	4448	4506	
4635	4532	4445	4532	
4666	4554	4482	4554	
4691	4599	4536	4599	
4741	4655	4559	4655	
4826	4702	4605	4702	
4867	4776	4640	4776	
4981	4845	4727	4845	
5033	4937	4790	4937	
5177	5022	4887	5022	
5272	5111	4951	5111	
5392	5209	5023	5209	
5529	5346	5134	5346	
5711	5473	5219	5473	
5850	5617	5329	5617	
6020	5789	5374	5789	
5979	5764	5441	5764	
5845	5583	5326	5583	
5750	5484	5260	5484	
5588	5383	5174	5383	
5451	5269	5065	5269	
5321	5173	4965	5173	
5211	5057	4909	5057	
5115	4971	4843	4971	
5027	4879	4747	4879	
4921	4796	4658	4796	
4837	4725	4595	4725	
4738	4649	4546	4649	
4683	4594	4486	4594	
4620	4561	4450	4561	
4577	4500	4456	4500	
4538	4474	4404	4474	
4497	4427	4364	4427	
4466	4404	4347	4404	
4449	4399	4345	4399	
4466	4385	4318	4385	
4444	4398	4328	4398	
4446	4402	4377	4402	
4505	4435	4351	4435	
4521	4460	4383	4460	
4547	4486	4412	4486	
4599	4515	4453	4515	
4627	4576	4464	4576	
4691	4615	4526	4615	
4762	4701	4579	4701	
4875	4780	4634	4780	
4949	4852	4740	4852	
5075	4954	4809	4954	
5183	5040	4885	5040	
5265	5117	4963	5117	
5409	5248	5068	5248	
5579	5387	5155	5387	
5728	5501	5270	5501	
5854	5676	5292	5676	
5886	5679	5393	5679	
5767	5495	5271	5495	
5655	5405	5196	5405	
5544	5299	5110	5299	
5376	5188	5001	5188	
5249	5087	4921	5087	
5120	4991	4865	4991	
5043	4883	4765	4883	
4907	4794	4679	4794	
4829	4712	4604	4712	
4742	4645	4548	4645	
4661	4573	4484	4573	
4581	4519	4437	4519	
4529	4461	4415	4461	
4503	4418	4386	4418	
4439	4376	4335	4376	
4422	4359	4328	4359	
4407	4340	4287	4340	
4380	4316	4278	4316	
4360	4315	4274	4315	
4354	4313	4275	4313	
4370	4330	4288	4330	
4405	4343	4304	4343	
4434	4385	4335	4385	
4472	4395	4328	4395	
4500	4438	4416	4438	
4549	4488	4436	4488	
4619	4546	4476	4546	
4710	4622	4527	4622	
4773	4684	4595	4684	
4867	4781	4686	4781	
4965	4851	4758	4851	
5072	4947	4849	4947	
5181	5031	4888	5031	
5316	5155	4955	5155	
5489	5285	5104	5285	
5607	5406	5190	5406	
5747	5557	5226	5557	
5868	5594	5308	5594	
5710	5440	5221	5440	
5576	5334	5148	5334	
5472	5217	5075	5217	
5262	5117	4974	5117	
5163	5002	4852	5002	
5034	4891	4790	4891	
4956	4815	4727	4815	
4852	4719	4631	4719	
4742	4638	4561	4638	
4652	4565	4488	4565	
4570	4498	4415	4498	
4508	4443	4384	4443	
4456	4408	4342	4408	
4417	4351	4315	4351	
4368	4314	4274	4314	
4345	4298	4276	4298	
4308	4281	4246	4281	
4300	4252	4237	4252	
4278	4248	4227	4248	
4297	4253	4234	4253	
4294	4258	4261	4258	
4329	4272	4279	4272	
4342	4298	4270	4298	
4391	4330	4301	4330	
4423	4373	4360	4373	
4488	4418	4381	4418	
4531	4475	4435	4475	
4601	4532	4488	4532	
4681	4608	4539	4608	
4771	4687	4624	4687	
4869	4777	4709	4777	
4982	4870	4776	4870	
5101	4954	4833	4954	
5239	5080	4951	5080	
5375	5192	5055	5192	
5537	5309	5145	5309	
5657	5442	5117	5442	
5745	5548	5297	5548	
5630	5360	5148	5360	
5505	5263	5120	5263	
5352	5149	4981	5149	
5218	5051	4898	5051	
5093	4938	4828	4938	
4990	4847	4743	4847	
4868	4755	4649	4755	
4784	4647	4598	4647	
4663	4560	4494	4560	
4584	4497	4453	4497	
4505	4431	4390	4431	
4432	4385	4324	4385	
4385	4334	4296	4334	
4332	4282	4267	4282	
4291	4258	4248	4258	
4274	4231	4214	4231	
4241	4204	4198	4204	
4238	4199	4191	4199	
4234	4197	4185	4197	
4244	4199	4209	4199	
4238	4208	4221	4208	
4267	4221	4211	4221	
4300	4237	4253	4237	
4302	4265	4261	4265	
4355	4304	4298	4304	
4404	4368	4330	4368	
4461	4399	4363	4399	
4549	4469	4422	4469	
4615	4555	4483	4555	
4689	4618	4546	4618	
4817	4703	4637	4703	
4919	4807	4731	4807	
5034	4912	4817	4912	
5156	5006	4859	5006	
5297	5127	4970	5127	
5441	5217	5101	5217	
5524	5378	5080	5378	
5674	5471	5226	5471	
5535	5306	5101	5306	
5436	5203	5060	5203	
5297	5093	4981	5093	
5146	4985	4826	4985	
4995	4871	4750	4871	
4915	4767	4696	4767	
4812	4688	4615	4688	
4722	4598	4538	4598	
4613	4507	4430	4507	
4518	4434	4387	4434	
4445	4397	4356	4397	
4387	4322	4280	4322	
4318	4282	4251	4282	
4285	4249	4230	4249	
4261	4216	4204	4216	
4231	4200	4203	4200	
4226	4189	4210	4189	
4210	4188	4187	4188	
4201	4179	4181	4179	
4205	4172	4183	4172	
4201	4175	4185	4175	
4195	4168	4182	4168	
4222	4181	4173	4181	
4235	4213	4215	4213	
4293	4254	4265	4254	
4334	4290	4303	4290	
4408	4357	4329	4357	
4499	4418	4363	4418	
4535	4482	4451	4482	
4647	4568	4511	4568	
4745	4649	4595	4649	
4846	4736	4672	4736	
4951	4844	4729	4844	
5098	4948	4841	4948	
5275	5081	4956	5081	
5372	5152	5029	5152	
5454	5300	5029	5300	
5577	5430	5180	5430	
5497	5262	5048	5262	
5357	5166	5001	5166	
5235	5043	4934	5043	
5112	4946	4822	4946	
4988	4822	4747	4822	
4859	4721	4647	4721	
4760	4647	4582	4647	
4630	4559	4511	4559	
4561	4465	4418	4465	
4472	4412	4336	4412	
4386	4336	4308	4336	
4318	4284	4239	4284	
4269	4255	4228	4255	
4245	4212	4205	4212	
4239	4207	4216	4207	
4228	4200	4199	4200	
4222	4184	4201	4184	
4206	4189	4194	4189	
4211	4173	4195	4173	
4198	4176	4194	4176	
4180	4159	4172	4159	
4182	4159	4171	4159	
4189	4164	4179	4164	
4190	4176	4181	4176	
4232	4203	4188	4203	
4295	4255	4248	4255	
4353	4302	4280	4302	
4418	4369	4331	4369	
4513	4447	4429	4447	
4587	4504	4498	4504	
4691	4612	4535	4612	
4795	4711	4639	4711	
4904	4795	4720	4795	
5044	4910	4828	4910	
5177	5022	4906	5022	
5336	5115	4999	5115	
5449	5237	5030	5237	
5578	5366	5142	5366	
5434	5209	5043	5209	
5335	5126	4972	5126	
5191	5005	4880	5005	
5044	4902	4809	4902	
4954	4802	4703	4802	
4798	4695	4617	4695	
4719	4585	4560	4585	
4605	4512	4439	4512	
4507	4437	4367	4437	
4433	4365	4297	4365	
4370	4305	4261	4305	
4291	4257	4239	4257	
4257	4225	4213	4225	
4235	4206	4202	4206	
4244	4208	4195	4208	
4224	4203	4198	4203	
4217	4191	4208	4191	
4197	4186	4197	4186	
4198	4175	4187	4175	
4193	4163	4179	4163	
4180	4163	4187	4163	
4168	4155	4176	4155	
4167	4160	4165	4160	
4184	4152	4148	4152	
4216	4162	4181	4162	
4251	4223	4195	4223	
4320	4270	4265	4270	
4374	4333	4312	4333	
4458	4405	4381	4405	
4549	4479	4443	4479	
4669	4579	4535	4579	
4773	4676	4617	4676	
4862	4771	4692	4771	
5009	4867	4777	4867	
5158	4991	4872	4991	
5266	5064	4961	5064	
5367	5179	4994	5179	
5485	5349	5080	5349	
5417	5183	5010	5183	
5291	5076	4982	5076	
5146	4969	4853	4969	
5027	4860	4751	4860	
4910	4765	4666	4765	
4788	4664	4573	4664	
4686	4573	4527	4573	
4579	4487	4432	4487	
4469	4405	4355	4405	
4400	4335	4302	4335	
4326	4281	4245	4281	
4271	4242	4225	4242	
4255	4230	4227	4230	
4247	4213	4205	4213	
4228	4203	4212	4203	
4215	4197	4215	4197	
4215	4201	4214	4201	
4190	4176	4207	4176	
4190	4164	4186	4164	
4204	4172	4211	4172	
4171	4162	4204	4162	
4153	4148	4174	4148	
4162	4151	4183	4151	
4142	4131	4172	4131	
4169	4145	4185	4145	
4240	4193	4171	4193	
4277	4238	4220	4238	
4365	4313	4294	4313	
4441	4385	4351	4385	
4495	4444	4394	4444	
4608	4546	4491	4546	
4732	4637	4587	4637	
4825	4732	4644	4732	
4969	4840	4755	4840	
5131	4964	4852	4964	
5266	5068	4932	5068	
5342	5167	4926	5167	
5486	5285	5096	5285	
5345	5150	4969	5150	
5274	5061	4944	5061	
5120	4951	4827	4951	
4993	4843	4730	4843	
4861	4738	4656	4738	
4739	4621	4541	4621	
4642	4560	4508	4560	
4561	4463	4403	4463	
4456	4385	4343	4385	
4354	4317	4279	4317	
4288	4258	4242	4258	
4244	4232	4186	4232	
4256	4224	4222	4224	
4247	4216	4220	4216	
4214	4206	4225	4206	
4213	4197	4213	4197	
4192	4180	4196	4180	
4198	4177	4179	4177	
4189	4156	4178	4156	
4166	4164	4170	4164	
4164	4152	4177	4152	
4153	4152	4170	4152	
4166	4150	4165	4150	
4123	4133	4133	4133	
4138	4136	4161	4136	
4183	4167	4164	4167	
4257	4225	4208	4225	
4317	4284	4252	4284	
4407	4355	4319	4355	
4490	4422	4395	4422	
4592	4511	4458	4511	
4716	4598	4560	4598	
4821	4713	4639	4713	
4923	4807	4719	4807	
5087	4922	4832	4922	
5227	5030	4905	5030	
5313	5134	4928	5134	
5433	5271	5037	5271	
5319	5107	4925	5107	
5234	5045	4925	5045	
5104	4927	4794	4927	
4967	4812	4728	4812	
4815	4727	4652	4727	
4725	4619	4554	4619	
4625	4535	4471	4535	
4517	4428	4384	4428	
4415	4350	4299	4350	
4357	4296	4267	4296	
4289	4252	4233	4252	
4247	4223	4197	4223	
4223	4217	4202	4217	
4223	4192	4216	4192	
4216	4197	4211	4197	
4173	4192	4185	4192	
4182	4177	4189	4177	
4168	4163	4191	4163	
4143	4149	4176	4149	
4149	4152	4179	4152	
4160	4156	4162	4156	
4145	4145	4159	4145	
4138	4142	4176	4142	
4129	4130	4150	4130	
4146	4128	4136	4128	
4159	4163	4151	4163	
4204	4196	4192	4196	
4302	4264	4241	4264	
4366	4331	4322	4331	
4469	4430	4382	4430	
4562	4505	4468	4505	
4681	4599	4546	4599	
4788	4694	4614	4694	
4909	4809	4720	4809	
5096	4946	4818	4946	
5226	5040	4924	5040	
5310	5139	4926	5139	
5409	5295	5021	5295	
5276	5091	4880	5091	
5214	5008	4882	5008	
5062	4895	4785	4895	
4934	4791	4702	4791	
4813	4710	4637	4710	
4693	4607	4545	4607	
4597	4507	4461	4507	
4509	4429	4376	4429	
4399	4344	4283	4344	
4314	4275	4231	4275	
4258	4222	4184	4222	
4235	4205	4192	4205	
4211	4202	4193	4202	
4194	4198	4209	4198	
4186	4182	4190	4182	
4171	4181	4192	4181	
4156	4170	4200	4170	
4134	4145	4178	4145	
4151	4142	4164	4142	
4126	4139	4174	4139	
4120	4129	4152	4129	
4107	4135	4126	4135	
4129	4135	4157	4135	
4115	4113	4118	4113	
4122	4124	4110	4124	
4166	4149	4133	4149	
4200	4196	4191	4196	
4276	4249	4241	4249	
4355	4330	4309	4330	
4451	4394	4371	4394	
4569	4500	4453	4500	
4651	4596	4513	4596	
4770	4685	4606	4685	
4895	4780	4690	4780	
5072	4933	4848	4933	
5194	5021	4927	5021	
5275	5127	4921	5127	
5445	5251	5022	5251	
5284	5102	4941	5102	
5185	4990	4849	4990	
5068	4891	4789	4891	
4919	4789	4713	4789	
4811	4702	4628	4702	
4711	4614	4524	4614	
4585	4502	4464	4502	
4481	4410	4374	4410	
4391	4341	4299	4341	
4325	4276	4233	4276	
4256	4223	4191	4223	
4208	4202	4177	4202	
4196	4198	4181	4198	
4200	4193	4179	4193	
4167	4183	4176	4183	
4170	4170	4203	4170	
4140	4149	4160	4149	
4134	4144	4165	4144	
4108	4146	4154	4146	
4132	4139	4152	4139	
4111	4126	4139	4126	
4120	4124	4123	4124	
4119	4124	4156	4124	
4117	4115	4118	4115	
4110	4106	4127	4106	
4142	4142	4129	4142	
4200	4181	4174	4181	
4283	4252	4211	4252	
4362	4341	4303	4341	
4463	4404	4375	4404	
4559	4496	4434	4496	
4650	4585	4518	4585	
4748	4677	4597	4677	
4892	4786	4698	4786	
5080	4946	4831	4946	
5202	5010	4914	5010	
5264	5109	4903	5109	
5362	5267	5003	5267	
5265	5080	4893	5080	
5164	4998	4856	4998	
5058	4887	4794	4887	
4936	4791	4704	4791	
4814	4706	4627	4706	
4690	4591	4518	4591	
4603	4524	4465	4524	
4481	4426	4363	4426	
4394	4341	4301	4341	
4315	4276	4264	4276	
4241	4228	4175	4228	
4216	4202	4180	4202	
4193	4204	4202	4204	
4191	4192	4188	4192	
4173	4172	4183	4172	
4149	4161	4167	4161	
4151	4171	4169	4171	
4136	4141	4166	4141	
4120	4136	4153	4136	
4116	4133	4129	4133	
4110	4113	4140	4113	
4105	4126	4133	4126	
4110	4129	4149	4129	
4099	4111	4139	4111	
4113	4118	4120	4118	
4137	4144	4141	4144	
4200	4200	4182	4200	
4290	4258	4239	4258	
4370	4335	4304	4335	
4444	4417	4380	4417	
4555	4498	4433	4498	
4650	4596	4530	4596	
4789	4693	4616	4693	
4909	4809	4705	4809	
5059	4903	4794	4903	
5179	4983	4881	4983	
5279	5092	4891	5092	
5415	5277	5020	5277	
5308	5104	4921	5104	
5195	5006	4892	5006	
5084	4901	4801	4901	
4937	4814	4721	4814	
4824	4715	4645	4715	
4702	4623	4536	4623	
4638	4533	4471	4533	
4482	4429	4375	4429	
4382	4340	4302	4340	
4315	4285	4248	4285	
4262	4238	4235	4238	
4211	4193	4177	4193	
4194	4190	4185	4190	
4191	4178	4194	4178	
4170	4173	4183	4173	
4165	4174	4193	4174	
4141	4155	4174	4155	
4152	4151	4188	4151	
4127	4133	4159	4133	
4124	4128	4141	4128	
4096	4116	4139	4116	
4118	4107	4133	4107	
4107	4110	4135	4110	
4099	4096	4108	4096	
4123	4117	4120	4117	
4176	4162	4146	4162	
4244	4197	4194	4197	
4291	4272	4253	4272	
4375	4347	4306	4347	
4492	4425	4410	4425	
4569	4500	4443	4500	
4668	4591	4532	4591	
4767	4704	4641	4704	
4920	4809	4748	4809	
5075	4921	4805	4921	
5201	4995	4896	4995	
5293	5118	4917	5118	
5393	5285	5027	5285	
5308	5127	4934	5127	
5234	5018	4877	5018	
5110	4923	4808	4923	
4950	4834	4769	4834	
4841	4744	4652	4744	
4721	4644	4584	4644	
4618	4539	4476	4539	
4517	4464	4421	4464	
4433	4377	4335	4377	
4346	4318	4286	4318	
4281	4253	4229	4253	
4215	4211	4190	4211	
4200	4194	4163	4194	
4168	4175	4172	4175	
4177	4173	4163	4173	
4146	4155	4163	4155	
4146	4149	4172	4149	
4130	4140	4160	4140	
4132	4144	4157	4144	
4127	4129	4141	4129	
4109	4126	4150	4126	
4108	4123	4132	4123	
4100	4117	4141	4117	
4108	4108	4096	4108	
4123	4134	4135	4134	
4203	4190	4187	4190	
4257	4239	4218	4239	
4310	4316	4264	4316	
4403	4376	4326	4376	
4496	4455	4398	4455	
4616	4535	4481	4535	
4720	4620	4575	4620	
4828	4720	4644	4720	
4945	4821	4742	4821	
5101	4960	4813	4960	
5225	5028	4884	5028	
5329	5137	4928	5137	
5453	5298	5086	5298	
5354	5157	4965	5157	
5271	5060	4923	5060	
5118	4944	4848	4944	
4999	4862	4796	4862	
4861	4778	4712	4778	
4752	4654	4604	4654	
4660	4571	4519	4571	
4555	4487	4442	4487	
4445	4407	4350	4407	
4387	4358	4329	4358	
4315	4275	4227	4275	
4228	4237	4188	4237	
4199	4196	4200	4196	
4165	4179	4188	4179	
4164	4176	4162	4176	
4144	4164	4170	4164	
4146	4161	4182	4161	
4129	4144	4149	4144	
4126	4137	4159	4137	
4137	4151	4136	4151	
4138	4146	4171	4146	
4131	4136	4167	4136	
4111	4117	4117	4117	
4135	4134	4131	4134	
4167	4167	4162	4167	
4204	4201	4202	4201	
4286	4268	4242	4268	
4354	4336	4315	4336	
4441	4395	4361	4395	
4524	4489	4433	4489	
4633	4556	4488	4556	
4748	4645	4591	4645	
4854	4757	4684	4757	
4988	4852	4791	4852	
5128	4980	4887	4980	
5269	5081	4951	5081	
5368	5195	5000	5195	
5458	5366	5120	5366	
5388	5184	5025	5184	
5284	5087	4990	5087	
5180	5007	4892	5007	
5045	4902	4817	4902	
4902	4799	4710	4799	
4788	4698	4617	4698	
4674	4609	4577	4609	
4592	4523	4466	4523	
4516	4452	4420	4452	
4423	4383	4337	4383	
4325	4312	4291	4312	
4287	4279	4250	4279	
4219	4227	4198	4227	
4201	4194	4188	4194	
4159	4170	4181	4170	
4137	4154	4171	4154	
4142	4145	4171	4145	
4134	4150	4151	4150	
4109	4137	4159	4137	
4152	4157	4154	4157	
4127	4147	4154	4147	
4138	4150	4145	4150	
4129	4142	4147	4142	
4163	4162	4168	4162	
4217	4212	4204	4212	
4279	4248	4244	4248	
4331	4314	4286	4314	
4385	4387	4348	4387	
4486	4443	4422	4443	
4549	4512	4455	4512	
4676	4608	4542	4608	
4796	4691	4636	4691	
4898	4796	4711	4796	
5031	4912	4824	4912	
5190	5032	4914	5032	
5293	5113	4990	5113	
5444	5239	4979	5239	
5544	5422	5169	5422	
5436	5227	5017	5227	
5346	5122	5026	5122	
5246	5031	4944	5031	
5090	4932	4852	4932	
4954	4830	4756	4830	
4840	4742	4679	4742	
4763	4662	4602	4662	
4641	4560	4536	4560	
4535	4505	4459	4505	
4482	4425	4383	4425	
4390	4355	4339	4355	
4340	4307	4281	4307	
4291	4265	4261	4265	
4251	4226	4215	4226	
4208	4192	4208	4192	
4164	4173	4192	4173	
4174	4165	4187	4165	
4152	4144	4154	4144	
4136	4132	4135	4132	
4150	4157	4153	4157	
4163	4165	4180	4165	
4173	4173	4180	4173	
4186	4181	4176	4181	
4228	4220	4223	4220	
4276	4245	4236	4245	
4318	4295	4267	4295	
4379	4354	4328	4354	
4452	4402	4375	4402	
4536	4494	4435	4494	
4632	4566	4496	4566	
4728	4647	4578	4647	
4860	4737	4680	4737	
4935	4832	4743	4832	
5078	4951	4881	4951	
5243	5065	4963	5065	
5396	5156	5010	5156	
5491	5295	5079	5295	
5597	5461	5203	5461	
5518	5277	5061	5277	
5407	5166	5021	5166	
5284	5057	4993	5057	
5160	4966	4915	4966	
5044	4868	4799	4868	
4905	4784	4734	4784	
4815	4689	4669	4689	
4720	4613	4567	4613	
4624	4526	4511	4526	
4559	4460	4429	4460	
4474	4406	4390	4406	
4402	4339	4331	4339	
4360	4315	4304	4315	
4305	4260	4267	4260	
4256	4238	4249	4238	
4236	4217	4210	4217	
4209	4182	4193	4182	
4204	4178	4183	4178	
4193	4158	4174	4158	
4189	4166	4165	4166	
4211	4176	4197	4176	
4194	4182	4217	4182	
4258	4228	4225	4228	
4279	4249	4241	4249	
4347	4289	4282	4289	
4399	4357	4354	4357	
4446	4394	4351	4394	
4546	4469	4425	4469	
4610	4517	4489	4517	
4692	4608	4565	4608	
4806	4702	4631	4702	
4923	4778	4740	4778	
5019	4889	4815	4889	
5157	4983	4896	4983	
5320	5119	5017	5119	
5481	5223	5092	5223	
5611	5317	5093	5317	
5652	5502	5188	5502	
5534	5324	5109	5324	
5464	5211	5072	5211	
5342	5118	5018	5118	
5200	5029	4921	5029	
5094	4916	4836	4916	
4985	4837	4744	4837	
4864	4759	4667	4759	
4777	4656	4597	4656	
4700	4566	4523	4566	
4591	4510	4456	4510	
4514	4458	4425	4458	
4459	4397	4363	4397	
4415	4363	4322	4363	
4357	4311	4294	4311	
4326	4271	4272	4271	
4285	4253	4245	4253	
4271	4247	4229	4247	
4245	4209	4199	4209	
4233	4216	4218	4216	
4245	4207	4206	4207	
4259	4228	4218	4228	
4280	4241	4222	4241	
4329	4275	4251	4275	
4362	4316	4296	4316	
4389	4348	4306	4348	
4450	4389	4336	4389	
4529	4445	4397	4445	
4588	4512	4466	4512	
4666	4580	4528	4580	
4740	4656	4611	4656	
4877	4741	4646	4741	
4984	4844	4766	4844	
5077	4928	4827	4928	
5232	5052	4937	5052	
5363	5182	5077	5182	
5561	5286	5091	5286	
5663	5417	5170	5417	
5746	5590	5219	5590	
5577	5387	5164	5387	
5501	5272	5131	5272	
5406	5154	5029	5154	
5258	5072	4959	5072	
5134	4972	4860	4972	
5038	4865	4784	4865	
4923	4786	4715	4786	
4850	4698	4649	4698	
4745	4625	4535	4625	
4677	4571	4495	4571	
4584	4504	4459	4504	
4516	4452	4382	4452	
4455	4406	4353	4406	
4442	4376	4348	4376	
4393	4328	4270	4328	
4350	4299	4297	4299	
4340	4284	4248	4284	
4328	4257	4236	4257	
4308	4265	4234	4265	
4318	4270	4234	4270	
4317	4274	4225	4274	
4350	4312	4265	4312	
4390	4332	4316	4332	
4410	4365	4331	4365	
4463	4399	4379	4399	
4514	4452	4403	4452	
4596	4495	4433	4495	
4653	4568	4502	4568	
4734	4606	4554	4606	
4826	4713	4645	4713	
4943	4802	4677	4802	
5054	4887	4759	4887	
5171	4996	4854	4996	
5306	5119	4978	5119	
5450	5251	5085	5251	
5640	5355	5163	5355	
5761	5506	5243	5506	
5793	5678	5339	5678	
5683	5451	5215	5451	
5577	5331	5143	5331	
5443	5208	5099	5208	
5305	5114	4980	5114	
5190	5010	4873	5010	
5065	4909	4804	4909	
4975	4817	4727	4817	
4867	4746	4639	4746	
4800	4665	4596	4665	
4721	4608	4531	4608	
4647	4546	4512	4546	
4579	4499	4437	4499	
4547	4467	4408	4467	
4499	4420	4352	4420	
4454	4370	4321	4370	
4415	4358	4304	4358	
4410	4347	4305	4347	
4383	4324	4278	4324	
4387	4330	4263	4330	
4396	4341	4273	4341	
4402	4336	4298	4336	
4396	4352	4303	4352	
4470	4399	4342	4399	
4492	4420	4372	4420	
4512	4451	4408	4451	
4562	4505	4445	4505	
4627	4537	4486	4537	
4723	4602	4536	4602	
4768	4686	4603	4686	
4882	4745	4642	4745	
4980	4836	4706	4836	
5118	4933	4773	4933	
5239	5037	4899	5037	
5375	5169	5015	5169	
5542	5301	5121	5301	
5739	5438	5264	5438	
5875	5579	5285	5579	
5792	5690	5253	5690	
5702	5503	5175	5503	
5591	5373	5150	5373	
5468	5276	5015	5276	
5283	5146	4908	5146	
5208	5092	4845	5092	
5079	4983	4798	4983	
5004	4883	4689	4883	
4919	4806	4606	4806	
4830	4738	4538	4738	
4755	4669	4487	4669	
4687	4626	4472	4626	
4605	4565	4388	4565	
4556	4535	4393	4535	
4511	4481	4325	4481	
4466	4464	4276	4464	
4468	4428	4265	4428	
4435	4404	4258	4404	
4443	4382	4258	4382	
4417	4402	4247	4402	
4385	4405	4239	4405	
4410	4410	4250	4410	
4436	4420	4292	4420	
4490	4468	4303	4468	
4539	4494	4332	4494	
4570	4524	4366	4524	
4614	4571	4387	4571	
4664	4617	4410	4617	
4731	4683	4496	4683	
4831	4737	4532	4737	
4922	4808	4600	4808	
5005	4885	4680	4885	
5118	5002	4784	5002	
5253	5100	4851	5100	
5393	5225	5001	5225	
5605	5371	5089	5371	
5750	5549	5206	5549	
5951	5696	5299	5696	
                                                                                                                                                                                                                                                                                                                                                                                                                                                                                                                                                                                                                                                                                                                                                                                                                                                                                                                                                                                                                                                                                                                                                                                                                                                                                                                                                                                                                                                                                                                                                                                                                                                                                                                                                                                                                                                                                                                                                                                                                                                                                                                                                                                                                                                                                                                                                                                                                                                                                                                                                                                                                                                                                                                                                                                                                                                                                                                                                                                                                                                                                                                                                                                                                                                                                                                                                                                                                                                                                                                                                                                                                                                                                                                                                                                                                                                                                                                                                                                                                                                                                                                    