 988	 988	 988	 988	
6001	5565	5291	5565	
5812	5437	5203	5437	
5703	5314	5079	5314	
5508	5190	5016	5190	
5364	5098	4910	5098	
5297	5014	4830	5014	
5191	4954	4784	4954	
5098	4870	4714	4870	
5020	4798	4665	4798	
4913	4734	4632	4734	
4863	4672	4603	4672	
4803	4647	4510	4647	
4772	4587	4501	4587	
4720	4556	4429	4556	
4671	4522	4435	4522	
4635	4488	4409	4488	
4624	4469	4383	4469	
4607	4487	4382	4487	
4620	4474	4340	4474	
4627	4473	4354	4473	
4635	4481	4372	4481	
4643	4490	4402	4490	
4676	4513	4401	4513	
4753	4580	4448	4580	
4774	4612	4451	4612	
4882	4646	4517	4646	
4933	4701	4577	4701	
4984	4756	4621	4756	
5085	4855	4662	4855	
5122	4894	4674	4894	
5229	4986	4750	4986	
5387	5086	4839	5086	
5492	5169	4927	5169	
5678	5286	5008	5286	
5824	5436	5149	5436	
6042	5578	5255	5578	
6189	5752	5384	5752	
6303	5927	5464	5927	
5787	5497	5280	5497	
5703	5305	5134	5305	
5547	5210	5050	5210	
5445	5104	4961	5104	
5287	5029	4877	5029	
5173	4937	4777	4937	
5051	4838	4763	4838	
4976	4757	4685	4757	
4924	4706	4643	4706	
4803	4639	4563	4639	
4756	4590	4510	4590	
4685	4541	4481	4541	
4641	4502	4432	4502	
4608	4452	4364	4452	
4567	4413	4352	4413	
4543	4397	4333	4397	
4484	4387	4308	4387	
4478	4381	4309	4381	
4504	4380	4321	4380	
4480	4361	4317	4361	
4532	4391	4320	4391	
4558	4415	4337	4415	
4582	4435	4366	4435	
4650	4473	4424	4473	
4670	4516	4415	4516	
4743	4551	4467	4551	
4787	4614	4503	4614	
4863	4656	4558	4656	
4914	4722	4601	4722	
5004	4806	4666	4806	
5161	4889	4727	4889	
5240	4966	4793	4966	
5391	5080	4907	5080	
5496	5164	4977	5164	
5626	5273	5064	5273	
5810	5428	5141	5428	
5978	5571	5261	5571	
6114	5732	5334	5732	
5688	5423	5168	5423	
5571	5249	5076	5249	
5483	5171	5043	5171	
5351	5079	4959	5079	
5211	4985	4873	4985	
5120	4901	4809	4901	
5024	4813	4729	4813	
4935	4730	4677	4730	
4831	4672	4602	4672	
4767	4610	4538	4610	
4701	4545	4506	4545	
4634	4497	4452	4497	
4573	4441	4382	4441	
4515	4420	4365	4420	
4507	4381	4355	4381	
4467	4358	4334	4358	
4423	4337	4311	4337	
4417	4323	4289	4323	
4400	4322	4285	4322	
4444	4330	4296	4330	
4449	4344	4309	4344	
4469	4358	4309	4358	
4501	4385	4330	4385	
4562	4425	4376	4425	
4613	4476	4414	4476	
4657	4504	4452	4504	
4745	4568	4501	4568	
4774	4629	4541	4629	
4882	4702	4553	4702	
4984	4764	4648	4764	
5039	4837	4718	4837	
5189	4926	4788	4926	
5276	5007	4855	5007	
5419	5113	4927	5113	
5537	5225	5018	5225	
5718	5372	5117	5372	
5873	5479	5199	5479	
6023	5653	5245	5653	
5579	5341	5102	5341	
5518	5191	5045	5191	
5414	5109	4958	5109	
5274	5025	4915	5025	
5154	4941	4813	4941	
5054	4862	4765	4862	
4969	4776	4702	4776	
4869	4686	4605	4686	
4774	4616	4537	4616	
4666	4543	4498	4543	
4616	4494	4439	4494	
4522	4431	4397	4431	
4482	4386	4343	4386	
4445	4372	4328	4372	
4393	4320	4304	4320	
4365	4294	4278	4294	
4345	4274	4244	4274	
4346	4268	4253	4268	
4353	4265	4252	4265	
4334	4263	4244	4263	
4351	4278	4249	4278	
4383	4299	4276	4299	
4431	4328	4291	4328	
4460	4355	4332	4355	
4514	4407	4359	4407	
4584	4455	4390	4455	
4632	4502	4440	4502	
4694	4554	4484	4554	
4791	4624	4539	4624	
4889	4715	4593	4715	
4984	4779	4668	4779	
5083	4883	4749	4883	
5197	4968	4820	4968	
5283	5045	4884	5045	
5447	5164	4981	5164	
5625	5283	5049	5283	
5744	5394	5168	5394	
5871	5543	5230	5543	
5519	5271	5108	5271	
5458	5151	5017	5151	
5373	5067	4977	5067	
5225	4982	4870	4982	
5095	4895	4782	4895	
4982	4809	4744	4809	
4884	4712	4663	4712	
4794	4641	4592	4641	
4705	4556	4525	4556	
4601	4498	4461	4498	
4523	4439	4397	4439	
4473	4381	4344	4381	
4415	4328	4318	4328	
4371	4298	4272	4298	
4335	4266	4246	4266	
4305	4238	4227	4238	
4286	4227	4222	4227	
4296	4220	4200	4220	
4281	4209	4198	4209	
4265	4216	4212	4216	
4283	4213	4201	4213	
4336	4245	4227	4245	
4340	4274	4247	4274	
4390	4312	4296	4312	
4421	4338	4271	4338	
4481	4383	4349	4383	
4566	4441	4397	4441	
4622	4497	4422	4497	
4738	4562	4497	4562	
4807	4642	4533	4642	
4908	4727	4622	4727	
5022	4809	4727	4809	
5114	4893	4781	4893	
5250	4981	4825	4981	
5394	5084	4900	5084	
5510	5206	5033	5206	
5668	5325	5107	5325	
5769	5446	5148	5446	
5509	5255	5085	5255	
5406	5098	4992	5098	
5310	5009	4928	5009	
5169	4918	4855	4918	
5054	4843	4752	4843	
4934	4747	4696	4747	
4798	4660	4616	4660	
4720	4571	4542	4571	
4633	4500	4472	4500	
4555	4448	4434	4448	
4485	4379	4338	4379	
4388	4322	4280	4322	
4348	4282	4275	4282	
4305	4250	4249	4250	
4286	4219	4204	4219	
4239	4197	4173	4197	
4237	4177	4189	4177	
4216	4172	4181	4172	
4220	4170	4152	4170	
4235	4162	4166	4162	
4243	4192	4200	4192	
4243	4197	4208	4197	
4266	4224	4193	4224	
4309	4246	4234	4246	
4366	4279	4273	4279	
4415	4328	4288	4328	
4491	4381	4345	4381	
4549	4435	4365	4435	
4633	4494	4443	4494	
4731	4575	4496	4575	
4797	4654	4555	4654	
4936	4748	4664	4748	
5054	4826	4717	4826	
5170	4916	4808	4916	
5337	5025	4862	5025	
5447	5140	4958	5140	
5565	5228	5050	5228	
5692	5378	5102	5378	
5421	5215	5064	5215	
5323	5049	4936	5049	
5243	4967	4891	4967	
5128	4875	4792	4875	
4988	4795	4714	4795	
4887	4693	4649	4693	
4778	4614	4594	4614	
4676	4537	4502	4537	
4601	4446	4422	4446	
4493	4376	4371	4376	
4397	4329	4303	4329	
4359	4270	4267	4270	
4298	4233	4217	4233	
4252	4207	4192	4207	
4220	4171	4181	4171	
4188	4162	4161	4162	
4184	4143	4133	4143	
4165	4125	4139	4125	
4164	4130	4141	4130	
4191	4136	4121	4136	
4184	4145	4151	4145	
4179	4150	4141	4150	
4228	4165	4173	4165	
4282	4209	4183	4209	
4299	4232	4226	4232	
4368	4273	4263	4273	
4438	4329	4288	4329	
4491	4376	4345	4376	
4596	4454	4380	4454	
4670	4527	4443	4527	
4764	4604	4515	4604	
4890	4667	4607	4667	
4987	4781	4690	4781	
5115	4882	4758	4882	
5219	4967	4832	4967	
5379	5082	4924	5082	
5533	5171	4994	5171	
5635	5325	5002	5325	
5326	5129	4988	5129	
5272	5014	4911	5014	
5204	4924	4833	4924	
5053	4835	4763	4835	
4937	4750	4662	4750	
4824	4638	4602	4638	
4711	4565	4530	4565	
4605	4494	4459	4494	
4520	4409	4382	4409	
4439	4344	4330	4344	
4360	4291	4243	4291	
4315	4239	4232	4239	
4253	4201	4175	4201	
4211	4167	4140	4167	
4184	4137	4144	4137	
4176	4128	4128	4128	
4158	4133	4144	4133	
4155	4127	4137	4127	
4160	4125	4133	4125	
4169	4131	4154	4131	
4188	4129	4144	4129	
4179	4142	4143	4142	
4188	4138	4144	4138	
4224	4158	4143	4158	
4245	4191	4161	4191	
4312	4230	4221	4230	
4375	4282	4249	4282	
4448	4333	4293	4333	
4513	4404	4339	4404	
4608	4474	4432	4474	
4730	4559	4482	4559	
4821	4637	4544	4637	
4924	4718	4624	4718	
5043	4830	4686	4830	
5178	4916	4792	4916	
5339	5041	4892	5041	
5452	5115	4962	5115	
5577	5260	4964	5260	
5318	5116	4971	5116	
5262	4963	4856	4963	
5157	4896	4791	4896	
5002	4786	4748	4786	
4902	4711	4642	4711	
4793	4628	4585	4628	
4675	4520	4486	4520	
4602	4457	4427	4457	
4479	4372	4352	4372	
4407	4307	4299	4307	
4335	4261	4241	4261	
4272	4202	4189	4202	
4212	4169	4154	4169	
4184	4144	4144	4144	
4152	4123	4143	4123	
4162	4126	4141	4126	
4152	4127	4150	4127	
4157	4130	4148	4130	
4160	4142	4147	4142	
4174	4137	4137	4137	
4203	4152	4151	4152	
4185	4131	4136	4131	
4174	4139	4167	4139	
4218	4147	4151	4147	
4225	4164	4127	4164	
4280	4206	4192	4206	
4348	4246	4208	4246	
4390	4292	4250	4292	
4497	4377	4321	4377	
4564	4449	4378	4449	
4674	4511	4446	4511	
4763	4607	4519	4607	
4901	4684	4618	4684	
4990	4769	4676	4769	
5128	4900	4768	4900	
5287	5001	4883	5001	
5406	5083	4916	5083	
5504	5212	4935	5212	
5274	5075	4936	5075	
5185	4945	4813	4945	
5107	4864	4788	4864	
4993	4770	4730	4770	
4867	4687	4636	4687	
4745	4609	4569	4609	
4650	4518	4491	4518	
4553	4428	4407	4428	
4470	4346	4341	4346	
4360	4288	4257	4288	
4286	4233	4202	4233	
4250	4191	4175	4191	
4196	4145	4137	4145	
4168	4129	4123	4129	
4163	4129	4137	4129	
4157	4136	4152	4136	
4146	4132	4166	4132	
4178	4144	4162	4144	
4167	4139	4173	4139	
4158	4143	4161	4143	
4168	4152	4170	4152	
4170	4150	4171	4150	
4171	4138	4144	4138	
4198	4145	4151	4145	
4201	4154	4140	4154	
4245	4177	4173	4177	
4303	4216	4188	4216	
4364	4287	4259	4287	
4443	4338	4296	4338	
4532	4413	4349	4413	
4620	4500	4421	4500	
4750	4584	4508	4584	
4863	4664	4582	4664	
4968	4758	4635	4758	
5102	4852	4731	4852	
5247	4970	4852	4970	
5358	5036	4899	5036	
5457	5141	4888	5141	
5257	5051	4896	5051	
5178	4921	4802	4921	
5102	4842	4786	4842	
4964	4747	4699	4747	
4854	4656	4612	4656	
4729	4577	4534	4577	
4638	4485	4450	4485	
4538	4422	4405	4422	
4438	4340	4318	4340	
4343	4276	4263	4276	
4267	4214	4216	4214	
4202	4167	4162	4167	
4166	4145	4148	4145	
4170	4145	4151	4145	
4153	4142	4149	4142	
4147	4149	4142	4149	
4166	4147	4157	4147	
4154	4150	4160	4150	
4161	4137	4166	4137	
4172	4144	4159	4144	
4198	4157	4171	4157	
4160	4147	4165	4147	
4191	4159	4157	4159	
4184	4149	4153	4149	
4172	4143	4140	4143	
4214	4157	4141	4157	
4282	4194	4169	4194	
4332	4257	4214	4257	
4414	4330	4272	4330	
4522	4396	4354	4396	
4602	4468	4390	4468	
4708	4557	4493	4557	
4850	4649	4549	4649	
4951	4745	4643	4745	
5090	4848	4724	4848	
5220	4936	4819	4936	
5357	5017	4883	5017	
5433	5131	4916	5131	
5207	5061	4873	5061	
5131	4915	4785	4915	
5064	4843	4760	4843	
4965	4741	4687	4741	
4833	4649	4619	4649	
4698	4568	4516	4568	
4611	4468	4455	4468	
4518	4420	4385	4420	
4414	4333	4333	4333	
4323	4258	4263	4258	
4234	4196	4209	4196	
4181	4167	4152	4167	
4151	4134	4138	4134	
4164	4144	4156	4144	
4170	4146	4174	4146	
4170	4142	4169	4142	
4150	4154	4182	4154	
4140	4151	4162	4151	
4157	4141	4170	4141	
4160	4136	4172	4136	
4177	4147	4175	4147	
4167	4153	4162	4153	
4164	4150	4165	4150	
4184	4174	4176	4174	
4161	4145	4154	4145	
4202	4147	4146	4147	
4234	4184	4172	4184	
4298	4246	4208	4246	
4400	4310	4268	4310	
4480	4372	4318	4372	
4582	4453	4375	4453	
4686	4539	4458	4539	
4803	4621	4550	4621	
4949	4717	4616	4717	
5042	4813	4714	4813	
5180	4924	4797	4924	
5322	5010	4871	5010	
5453	5108	4887	5108	
5244	5021	4894	5021	
5136	4889	4784	4889	
5073	4819	4748	4819	
4928	4726	4683	4726	
4825	4642	4621	4642	
4677	4564	4519	4564	
4602	4478	4460	4478	
4499	4390	4381	4390	
4398	4317	4296	4317	
4298	4243	4232	4243	
4248	4205	4194	4205	
4178	4165	4150	4165	
4152	4135	4142	4135	
4172	4154	4133	4154	
4154	4143	4183	4143	
4137	4148	4168	4148	
4146	4147	4146	4147	
4148	4140	4167	4140	
4135	4137	4165	4137	
4137	4136	4158	4136	
4158	4143	4169	4143	
4167	4148	4158	4148	
4167	4162	4164	4162	
4165	4170	4173	4170	
4179	4151	4154	4151	
4209	4155	4156	4155	
4233	4175	4142	4175	
4287	4222	4201	4222	
4384	4296	4239	4296	
4455	4373	4303	4373	
4547	4447	4377	4447	
4684	4535	4460	4535	
4784	4619	4547	4619	
4918	4710	4615	4710	
5014	4803	4689	4803	
5213	4945	4815	4945	
5361	5016	4892	5016	
5433	5119	4905	5119	
5194	5034	4852	5034	
5125	4883	4747	4883	
5035	4816	4718	4816	
4924	4731	4680	4731	
4794	4648	4562	4648	
4698	4570	4508	4570	
4613	4482	4460	4482	
4475	4388	4367	4388	
4400	4312	4300	4312	
4300	4251	4240	4251	
4247	4186	4193	4186	
4188	4148	4139	4148	
4150	4142	4139	4142	
4164	4161	4163	4161	
4149	4143	4158	4143	
4141	4139	4172	4139	
4136	4144	4167	4144	
4134	4140	4162	4140	
4115	4128	4159	4128	
4134	4134	4155	4134	
4134	4144	4166	4144	
4153	4146	4162	4146	
4154	4142	4140	4142	
4136	4160	4173	4160	
4164	4156	4134	4156	
4187	4146	4136	4146	
4239	4185	4152	4185	
4301	4226	4193	4226	
4383	4287	4253	4287	
4431	4366	4308	4366	
4549	4431	4387	4431	
4664	4535	4451	4535	
4766	4600	4528	4600	
4894	4690	4585	4690	
5018	4810	4707	4810	
5197	4946	4831	4946	
5318	5016	4889	5016	
5426	5087	4875	5087	
5230	5027	4866	5027	
5146	4895	4785	4895	
5033	4808	4720	4808	
4943	4726	4657	4726	
4814	4646	4609	4646	
4688	4575	4507	4575	
4586	4476	4443	4476	
4504	4397	4353	4397	
4383	4314	4285	4314	
4302	4252	4242	4252	
4247	4193	4190	4193	
4177	4155	4142	4155	
4150	4128	4146	4128	
4154	4150	4142	4150	
4148	4154	4154	4154	
4140	4140	4165	4140	
4147	4145	4166	4145	
4126	4134	4146	4134	
4116	4133	4150	4133	
4131	4132	4151	4132	
4151	4149	4162	4149	
4137	4135	4132	4135	
4163	4146	4161	4146	
4167	4146	4155	4146	
4153	4143	4138	4143	
4152	4127	4124	4127	
4216	4175	4156	4175	
4277	4219	4168	4219	
4365	4289	4241	4289	
4457	4359	4317	4359	
4546	4434	4368	4434	
4656	4531	4451	4531	
4771	4608	4533	4608	
4912	4716	4603	4716	
4993	4813	4690	4813	
5208	4929	4810	4929	
5346	5027	4874	5027	
5395	5117	4889	5117	
5231	5055	4862	5055	
5135	4906	4740	4906	
5042	4831	4740	4831	
4969	4732	4663	4732	
4818	4663	4596	4663	
4724	4585	4512	4585	
4584	4482	4448	4482	
4515	4411	4389	4411	
4401	4322	4308	4322	
4318	4250	4239	4250	
4263	4212	4198	4212	
4205	4164	4136	4164	
4162	4133	4143	4133	
4144	4148	4158	4148	
4134	4137	4167	4137	
4136	4136	4141	4136	
4130	4135	4152	4135	
4133	4145	4144	4145	
4119	4133	4148	4133	
4129	4132	4140	4132	
4122	4144	4153	4144	
4118	4128	4133	4128	
4148	4146	4124	4146	
4143	4137	4151	4137	
4150	4130	4142	4130	
4182	4150	4124	4150	
4218	4182	4157	4182	
4293	4230	4201	4230	
4359	4302	4253	4302	
4458	4362	4312	4362	
4553	4446	4370	4446	
4668	4522	4453	4522	
4772	4627	4531	4627	
4913	4705	4604	4705	
5028	4823	4698	4823	
5168	4912	4787	4912	
5301	4992	4856	4992	
5393	5070	4857	5070	
5251	5070	4863	5070	
5177	4926	4770	4926	
5081	4847	4759	4847	
4954	4746	4689	4746	
4864	4677	4628	4677	
4715	4589	4559	4589	
4612	4507	4471	4507	
4547	4418	4403	4418	
4418	4334	4310	4334	
4336	4261	4271	4261	
4260	4211	4199	4211	
4190	4180	4148	4180	
4156	4134	4124	4134	
4137	4134	4141	4134	
4136	4127	4140	4127	
4137	4143	4153	4143	
4127	4145	4160	4145	
4116	4128	4134	4128	
4124	4120	4147	4120	
4123	4121	4150	4121	
4125	4120	4124	4120	
4127	4126	4137	4126	
4153	4120	4131	4120	
4147	4129	4141	4129	
4131	4124	4109	4124	
4173	4154	4130	4154	
4242	4193	4153	4193	
4315	4246	4199	4246	
4383	4305	4229	4305	
4476	4382	4326	4382	
4590	4455	4384	4455	
4679	4548	4479	4548	
4775	4618	4534	4618	
4892	4722	4625	4722	
5053	4806	4707	4806	
5170	4918	4774	4918	
5300	4996	4868	4996	
5386	5111	4847	5111	
5250	5091	4901	5091	
5199	4928	4792	4928	
5107	4859	4766	4859	
4972	4767	4692	4767	
4849	4680	4634	4680	
4746	4609	4562	4609	
4659	4514	4487	4514	
4528	4434	4409	4434	
4437	4352	4349	4352	
4371	4294	4263	4294	
4277	4243	4237	4243	
4214	4188	4176	4188	
4154	4148	4140	4148	
4164	4136	4133	4136	
4121	4112	4138	4112	
4115	4129	4136	4129	
4113	4123	4124	4123	
4120	4119	4131	4119	
4113	4117	4128	4117	
4110	4128	4133	4128	
4127	4124	4126	4124	
4121	4120	4125	4120	
4119	4115	4123	4115	
4131	4119	4114	4119	
4134	4125	4108	4125	
4183	4160	4146	4160	
4261	4213	4177	4213	
4312	4258	4207	4258	
4414	4316	4276	4316	
4495	4391	4346	4391	
4603	4472	4401	4472	
4715	4559	4469	4559	
4815	4639	4532	4639	
4902	4728	4629	4728	
5048	4825	4712	4825	
5220	4944	4807	4944	
5330	5008	4854	5008	
5409	5105	4876	5105	
5272	5114	4901	5114	
5206	4975	4842	4975	
5139	4881	4779	4881	
4997	4784	4722	4784	
4904	4717	4666	4717	
4777	4634	4603	4634	
4663	4539	4498	4539	
4570	4464	4433	4464	
4466	4382	4341	4382	
4373	4324	4313	4324	
4298	4256	4243	4256	
4245	4206	4200	4206	
4183	4169	4131	4169	
4154	4141	4138	4141	
4126	4124	4133	4124	
4124	4110	4111	4110	
4117	4129	4121	4129	
4117	4122	4112	4122	
4096	4111	4125	4111	
4120	4113	4132	4113	
4121	4130	4132	4130	
4138	4128	4134	4128	
4143	4142	4124	4142	
4123	4124	4114	4124	
4163	4146	4119	4146	
4229	4176	4152	4176	
4267	4225	4173	4225	
4339	4281	4236	4281	
4422	4354	4291	4354	
4520	4412	4344	4412	
4622	4494	4418	4494	
4725	4579	4492	4579	
4816	4657	4550	4657	
4934	4753	4647	4753	
5085	4852	4723	4852	
5211	4976	4822	4976	
5360	5039	4884	5039	
5450	5160	4909	5160	
5309	5137	4953	5137	
5254	5012	4843	5012	
5181	4913	4866	4913	
5081	4843	4778	4843	
4946	4751	4671	4751	
4829	4658	4605	4658	
4699	4582	4540	4582	
4631	4497	4473	4497	
4511	4432	4400	4432	
4417	4357	4345	4357	
4347	4298	4286	4298	
4291	4245	4226	4245	
4233	4210	4180	4210	
4189	4164	4152	4164	
4147	4141	4130	4141	
4131	4119	4134	4119	
4104	4111	4112	4111	
4098	4098	4118	4098	
4103	4104	4117	4104	
4096	4102	4111	4102	
4123	4121	4138	4121	
4130	4131	4142	4131	
4161	4139	4130	4139	
4157	4143	4126	4143	
4196	4170	4160	4170	
4251	4212	4181	4212	
4330	4257	4230	4257	
4393	4323	4271	4323	
4484	4392	4350	4392	
4556	4454	4382	4454	
4641	4514	4447	4514	
4739	4598	4506	4598	
4865	4697	4583	4697	
4982	4781	4680	4781	
5127	4888	4765	4888	
5269	4994	4845	4994	
5435	5082	4921	5082	
5492	5166	4941	5166	
5408	5204	4962	5204	
5297	5032	4894	5032	
5241	4945	4882	4945	
5148	4871	4811	4871	
4974	4777	4737	4777	
4863	4697	4657	4697	
4777	4609	4598	4609	
4656	4542	4511	4542	
4586	4449	4439	4449	
4490	4385	4394	4385	
4409	4329	4330	4329	
4334	4272	4289	4272	
4270	4236	4220	4236	
4229	4201	4181	4201	
4215	4160	4180	4160	
4176	4147	4167	4147	
4138	4121	4142	4121	
4132	4128	4156	4128	
4111	4102	4099	4102	
4126	4102	4096	4102	
4147	4122	4132	4122	
4177	4149	4170	4149	
4182	4160	4131	4160	
4201	4170	4154	4170	
4257	4208	4193	4208	
4307	4246	4223	4246	
4367	4297	4272	4297	
4424	4346	4315	4346	
4495	4409	4370	4409	
4616	4488	4413	4488	
4704	4559	4487	4559	
4807	4636	4557	4636	
4928	4719	4649	4719	
5030	4798	4728	4798	
5150	4909	4810	4909	
5344	5024	4885	5024	
5473	5100	4984	5100	
5560	5219	4980	5219	
5455	5232	5017	5232	
5360	5098	4955	5098	
5301	4982	4938	4982	
5174	4899	4875	4899	
5049	4823	4773	4823	
4952	4738	4701	4738	
4838	4633	4649	4633	
4736	4576	4570	4576	
4639	4499	4470	4499	
4549	4413	4423	4413	
4481	4363	4372	4363	
4402	4313	4331	4313	
4330	4248	4271	4248	
4314	4241	4243	4241	
4254	4199	4214	4199	
4243	4165	4200	4165	
4202	4160	4174	4160	
4180	4136	4144	4136	
4180	4130	4139	4130	
4177	4121	4139	4121	
4189	4141	4158	4141	
4209	4143	4172	4143	
4220	4162	4187	4162	
4277	4209	4206	4209	
4301	4235	4216	4235	
4371	4282	4262	4282	
4436	4342	4337	4342	
4496	4381	4352	4381	
4581	4459	4419	4459	
4675	4512	4460	4512	
4774	4582	4509	4582	
4867	4676	4613	4676	
5013	4745	4693	4745	
5091	4854	4747	4854	
5228	4951	4855	4951	
5381	5054	4941	5054	
5518	5157	5032	5157	
5657	5271	5005	5271	
5484	5309	5050	5309	
5418	5129	4989	5129	
5335	5027	4959	5027	
5200	4951	4894	4951	
5109	4854	4799	4854	
4995	4775	4751	4775	
4912	4687	4667	4687	
4816	4621	4606	4621	
4696	4521	4525	4521	
4606	4458	4454	4458	
4520	4407	4393	4407	
4462	4354	4367	4354	
4378	4316	4301	4316	
4348	4274	4251	4274	
4315	4237	4253	4237	
4281	4214	4227	4214	
4240	4196	4215	4196	
4246	4183	4183	4183	
4229	4166	4175	4166	
4213	4157	4161	4157	
4225	4170	4180	4170	
4278	4183	4190	4183	
4291	4214	4218	4214	
4337	4243	4240	4243	
4370	4272	4254	4272	
4424	4325	4289	4325	
4486	4388	4347	4388	
4567	4430	4389	4430	
4637	4501	4465	4501	
4721	4551	4510	4551	
4813	4612	4562	4612	
4931	4705	4627	4705	
5025	4793	4714	4793	
5154	4887	4805	4887	
5299	4997	4903	4997	
5424	5109	4986	5109	
5589	5219	5050	5219	
5718	5346	5085	5346	
5565	5376	5116	5376	
5481	5192	5034	5192	
5412	5088	5005	5088	
5291	4999	4909	4999	
5187	4908	4858	4908	
5042	4829	4761	4829	
4939	4732	4677	4732	
4855	4667	4615	4667	
4763	4583	4546	4583	
4675	4508	4478	4508	
4621	4465	4449	4465	
4525	4411	4400	4411	
4481	4358	4352	4358	
4410	4325	4315	4325	
4377	4291	4286	4291	
4370	4251	4252	4251	
4320	4242	4252	4242	
4316	4227	4237	4227	
4296	4222	4205	4222	
4295	4215	4215	4215	
4298	4239	4222	4239	
4308	4234	4251	4234	
4372	4273	4252	4273	
4396	4304	4294	4304	
4430	4337	4297	4337	
4496	4384	4354	4384	
4548	4425	4391	4425	
4606	4474	4397	4474	
4698	4541	4465	4541	
4766	4582	4530	4582	
4856	4664	4575	4664	
4987	4761	4651	4761	
5108	4843	4731	4843	
5197	4934	4841	4934	
5355	5053	4924	5053	
5524	5188	5024	5188	
5650	5259	5104	5259	
5799	5397	5125	5397	
5655	5471	5174	5471	
5574	5264	5079	5264	
5487	5144	5032	5144	
5358	5049	4965	5049	
5225	4948	4865	4948	
5099	4883	4802	4883	
5013	4793	4737	4793	
4883	4691	4653	4691	
4819	4624	4586	4624	
4730	4565	4541	4565	
4652	4505	4470	4505	
4609	4453	4436	4453	
4550	4415	4377	4415	
4496	4380	4342	4380	
4466	4338	4312	4338	
4405	4310	4289	4310	
4380	4299	4280	4299	
4378	4288	4274	4288	
4360	4276	4247	4276	
4375	4269	4246	4269	
4362	4282	4240	4282	
4379	4289	4279	4289	
4406	4313	4308	4313	
4463	4345	4310	4345	
4501	4388	4357	4388	
4555	4413	4376	4413	
4612	4464	4416	4464	
4648	4515	4442	4515	
4741	4582	4517	4582	
4845	4655	4559	4655	
4915	4712	4620	4712	
5042	4807	4688	4807	
5181	4881	4767	4881	
5267	4980	4827	4980	
5414	5090	4968	5090	
5570	5216	5054	5216	
5757	5322	5146	5322	
5908	5469	5175	5469	
5602	5508	5145	5508	
5573	5343	5083	5343	
5434	5207	4988	5207	
5329	5101	4914	5101	
5178	5004	4808	5004	
5068	4895	4732	4895	
4997	4847	4666	4847	
4892	4755	4592	4755	
4822	4686	4529	4686	
4713	4624	4487	4624	
4633	4558	4414	4558	
4594	4518	4396	4518	
4509	4461	4339	4461	
4475	4439	4299	4439	
4429	4386	4269	4386	
4422	4371	4239	4371	
4393	4342	4222	4342	
4360	4327	4257	4327	
4334	4318	4226	4318	
4370	4311	4233	4311	
4348	4331	4208	4331	
4395	4337	4214	4337	
4410	4357	4256	4357	
4467	4401	4277	4401	
4502	4433	4285	4433	
4549	4468	4338	4468	
4591	4517	4370	4517	
4668	4562	4409	4562	
4762	4641	4453	4641	
4818	4703	4514	4703	
4917	4744	4560	4744	
5009	4851	4636	4851	
5145	4930	4736	4930	
5265	5023	4768	5023	
5388	5138	4909	5138	
5572	5282	5021	5282	
5740	5410	5122	5410	
5874	5579	5216	5579	
                                                                                                                                                                                                                                                                                                                                                                                                                                                                                                                                                                                                                                                                                                                                                                                                                                                                                                                                                                                                                                                                                                                                                                                                                                                                                                                                                                                                                                                                                                                                                                                                                                                                                                                                                                                                                                                                                                                                                                                                                                                                                                                                                                                                                                                                                                                                                                                                                                                                                                                                                                                                                                                                                                                                                                                                                                                                                                                                                                                                                                                                                                                                                                                                                                                                                                                                                                                                                                                                                                                                                                                                                                                                                                                                                                                                                                                                                                                                                                                                                                                                                                                    