  0.0000000e+000
  0.0000000e+000
  6.2500000e-002
  5.0000000e-001
  9.3750000e-001
  1.3750000e+000
  1.7500000e+000
  2.1875000e+000
  2.5625000e+000
  3.0000000e+000
  3.3750000e+000
  3.8125000e+000
  4.1875000e+000
  4.5625000e+000
  4.9375000e+000
  5.3125000e+000
  5.6875000e+000
  6.0625000e+000
  6.4375000e+000
  6.8125000e+000
  7.1250000e+000
  7.5000000e+000
  7.8125000e+000
  8.1875000e+000
  8.5000000e+000
  8.8750000e+000
  9.1875000e+000
  9.5000000e+000
  9.8125000e+000
  1.0125000e+001
  1.0437500e+001
  1.0750000e+001
  1.1062500e+001
  1.1312500e+001
  1.1625000e+001
  1.1937500e+001
  1.2187500e+001
  1.2500000e+001
  1.2750000e+001
  1.3000000e+001
  1.3250000e+001
  1.3562500e+001
  1.3812500e+001
  1.4062500e+001
  1.4312500e+001
  1.4500000e+001
  1.4750000e+001
  1.5000000e+001
  1.5250000e+001
  1.5437500e+001
  1.5687500e+001
  1.5875000e+001
  1.6062500e+001
  1.6312500e+001
  1.6500000e+001
  1.6687500e+001
  1.6875000e+001
  1.7062500e+001
  1.7250000e+001
  1.7437500e+001
  1.7562500e+001
  1.7750000e+001
  1.7937500e+001
  1.8062500e+001
  1.8250000e+001
  1.8375000e+001
  1.8500000e+001
  1.8687500e+001
  1.8812500e+001
  1.8937500e+001
  1.9062500e+001
  1.9187500e+001
  1.9312500e+001
  1.9375000e+001
  1.9500000e+001
  1.9625000e+001
  1.9687500e+001
  1.9812500e+001
  1.9875000e+001
  2.0000000e+001
  2.0062500e+001
  2.0125000e+001
  2.0187500e+001
  2.0250000e+001
  2.0312500e+001
  2.0375000e+001
  2.0437500e+001
  2.0500000e+001
  2.0562500e+001
  2.0562500e+001
  2.0625000e+001
  2.0625000e+001
  2.0687500e+001
  2.0687500e+001
  2.0687500e+001
  2.0750000e+001
  2.0750000e+001
  2.0750000e+001
  2.0750000e+001
  2.0750000e+001
  2.0750000e+001
  2.0750000e+001
  2.0750000e+001
  2.0750000e+001
  2.0750000e+001
  2.0750000e+001
  2.0750000e+001
  2.0750000e+001
  2.0750000e+001
  2.0750000e+001
  2.0750000e+001
  2.0750000e+001
  2.0750000e+001
  2.0750000e+001
  2.0750000e+001
  2.0750000e+001
  2.0750000e+001
  2.0750000e+001
  2.0750000e+001
  2.0750000e+001
  2.0750000e+001
  2.0750000e+001
  2.0750000e+001
  2.0750000e+001
  2.0750000e+001
  2.0750000e+001
  2.0750000e+001
  2.0750000e+001
  2.0750000e+001
  2.0750000e+001
  2.0750000e+001
  2.0750000e+001
  2.0750000e+001
  2.0750000e+001
  2.0750000e+001
  2.0750000e+001
  2.0750000e+001
  2.0750000e+001
  2.0750000e+001
  2.0750000e+001
  2.0750000e+001
  2.0750000e+001
  2.0750000e+001
  2.0750000e+001
  2.0750000e+001
  2.0750000e+001
  2.0750000e+001
  2.0750000e+001
  2.0750000e+001
  2.0750000e+001
  2.0750000e+001
  2.0750000e+001
  2.0750000e+001
  2.0750000e+001
  2.0750000e+001
  2.0750000e+001
  2.0750000e+001
  2.0750000e+001
  2.0750000e+001
  2.0750000e+001
  2.0750000e+001
  2.0750000e+001
  2.0750000e+001
  2.0750000e+001
  2.0750000e+001
  2.0750000e+001
  2.0750000e+001
  2.0750000e+001
  2.0750000e+001
  2.0750000e+001
  2.0750000e+001
  2.0750000e+001
  2.0750000e+001
  2.0750000e+001
  2.0750000e+001
  2.0750000e+001
  2.0750000e+001
  2.0750000e+001
  2.0750000e+001
  2.0750000e+001
  2.0750000e+001
  2.0750000e+001
  2.0750000e+001
  2.0750000e+001
  2.0750000e+001
  2.0750000e+001
  2.0750000e+001
  2.0750000e+001
  2.0750000e+001
  2.0750000e+001
  2.0750000e+001
  2.0750000e+001
  2.0750000e+001
  2.0750000e+001
  2.0750000e+001
  2.0750000e+001
  2.0750000e+001
  2.0750000e+001
  2.0750000e+001
  2.0750000e+001
  2.0750000e+001
  2.0750000e+001
  2.0750000e+001
  2.0750000e+001
  2.0750000e+001
  2.0750000e+001
  2.0750000e+001
  2.0750000e+001
  2.0750000e+001
  2.0750000e+001
  2.0750000e+001
  2.0750000e+001
  2.0750000e+001
  2.0750000e+001
  2.0750000e+001
  2.0750000e+001
  2.0750000e+001
  2.0750000e+001
  2.0750000e+001
  2.0750000e+001
  2.0750000e+001
  2.0750000e+001
  2.0750000e+001
  2.0750000e+001
  2.0750000e+001
  2.0750000e+001
  2.0750000e+001
  2.0750000e+001
  2.0750000e+001
  2.0750000e+001
  2.0750000e+001
  2.0750000e+001
  2.0750000e+001
  2.0750000e+001
  2.0750000e+001
  2.0750000e+001
  2.0750000e+001
  2.0750000e+001
  2.0750000e+001
  2.0750000e+001
  2.0750000e+001
  2.0750000e+001
  2.0750000e+001
  2.0750000e+001
  2.0750000e+001
  2.0750000e+001
  2.0750000e+001
  2.0750000e+001
  2.0750000e+001
  2.0750000e+001
  2.0750000e+001
  2.0750000e+001
  2.0750000e+001
  2.0750000e+001
  2.0750000e+001
  2.0750000e+001
