  2.3125000e+000
  2.6875000e+000
  3.0625000e+000
  3.3750000e+000
  3.7500000e+000
  4.1250000e+000
  4.5000000e+000
  4.8125000e+000
  5.1875000e+000
  5.5625000e+000
  5.8750000e+000
  6.2500000e+000
  6.5625000e+000
  6.9375000e+000
  7.2500000e+000
  7.5625000e+000
  7.9375000e+000
  8.2500000e+000
  8.5625000e+000
  8.8750000e+000
  9.2500000e+000
  9.5625000e+000
  9.8750000e+000
  1.0187500e+001
  1.0500000e+001
  1.0812500e+001
  1.1125000e+001
  1.1437500e+001
  1.1750000e+001
  1.2000000e+001
  1.2312500e+001
  1.2625000e+001
  1.2937500e+001
  1.3187500e+001
  1.3500000e+001
  1.3812500e+001
  1.4062500e+001
  1.4375000e+001
  1.4625000e+001
  1.4937500e+001
  1.5187500e+001
  1.5500000e+001
  1.5750000e+001
  1.6000000e+001
  1.6312500e+001
  1.6562500e+001
  1.6812500e+001
  1.7062500e+001
  1.7375000e+001
  1.7625000e+001
  1.7875000e+001
  1.8125000e+001
  1.8375000e+001
  1.8625000e+001
  1.8875000e+001
  1.9062500e+001
  1.9312500e+001
  1.9562500e+001
  1.9812500e+001
  2.0062500e+001
  2.0250000e+001
  2.0500000e+001
  2.0750000e+001
  2.0937500e+001
  2.1187500e+001
  2.1375000e+001
  2.1625000e+001
  2.1812500e+001
  2.2062500e+001
  2.2250000e+001
  2.2437500e+001
  2.2687500e+001
  2.2875000e+001
  2.3062500e+001
  2.3250000e+001
  2.3437500e+001
  2.3625000e+001
  2.3875000e+001
  2.4062500e+001
  2.4250000e+001
  2.4437500e+001
  2.4562500e+001
  2.4750000e+001
  2.4937500e+001
  2.5125000e+001
  2.5312500e+001
  2.5437500e+001
  2.5625000e+001
  2.5812500e+001
  2.5937500e+001
  2.6125000e+001
  2.6312500e+001
  2.6437500e+001
  2.6625000e+001
  2.6750000e+001
  2.6875000e+001
  2.7062500e+001
  2.7187500e+001
  2.7312500e+001
  2.7500000e+001
  2.7625000e+001
  2.7750000e+001
  2.7875000e+001
  2.8000000e+001
  2.8125000e+001
  2.8250000e+001
  2.8375000e+001
  2.8500000e+001
  2.8625000e+001
  2.8750000e+001
  2.8875000e+001
  2.9000000e+001
  2.9125000e+001
  2.9187500e+001
  2.9312500e+001
  2.9437500e+001
  2.9500000e+001
  2.9625000e+001
  2.9687500e+001
  2.9812500e+001
  2.9875000e+001
  3.0000000e+001
  3.0062500e+001
  3.0187500e+001
  3.0250000e+001
  3.0312500e+001
  3.0437500e+001
  3.0500000e+001
  3.0562500e+001
  3.0625000e+001
  3.0687500e+001
  3.0750000e+001
  3.0812500e+001
  3.0875000e+001
  3.0937500e+001
  3.1000000e+001
  3.1062500e+001
  3.1125000e+001
  3.1187500e+001
  3.1250000e+001
  3.1250000e+001
  3.1312500e+001
  3.1375000e+001
  3.1375000e+001
  3.1437500e+001
  3.1437500e+001
  3.1500000e+001
  3.1500000e+001
  3.1562500e+001
  3.1562500e+001
  3.1625000e+001
  3.1625000e+001
  3.1625000e+001
  3.1625000e+001
  3.1687500e+001
  3.1687500e+001
  3.1687500e+001
  3.1687500e+001
  3.1687500e+001
  3.1687500e+001
  3.1687500e+001
  3.1687500e+001
  3.1687500e+001
  3.1687500e+001
  3.1687500e+001
  3.1687500e+001
  3.1687500e+001
  3.1687500e+001
  3.1687500e+001
  3.1687500e+001
  3.1687500e+001
  3.1687500e+001
  3.1687500e+001
  3.1687500e+001
  3.1687500e+001
  3.1687500e+001
  3.1687500e+001
  3.1687500e+001
  3.1687500e+001
  3.1687500e+001
  3.1687500e+001
  3.1687500e+001
  3.1687500e+001
  3.1687500e+001
  3.1687500e+001
  3.1687500e+001
  3.1687500e+001
  3.1687500e+001
  3.1687500e+001
  3.1687500e+001
  3.1687500e+001
  3.1687500e+001
  3.1687500e+001
  3.1687500e+001
  3.1687500e+001
  3.1687500e+001
  3.1687500e+001
  3.1687500e+001
  3.1687500e+001
  3.1687500e+001
  3.1687500e+001
  3.1687500e+001
  3.1687500e+001
  3.1687500e+001
  3.1687500e+001
  3.1687500e+001
  3.1687500e+001
  3.1687500e+001
  3.1687500e+001
  3.1687500e+001
  3.1687500e+001
  3.1687500e+001
  3.1687500e+001
  3.1687500e+001
  3.1687500e+001
  3.1687500e+001
  3.1687500e+001
  3.1687500e+001
  3.1687500e+001
  3.1687500e+001
  3.1687500e+001
  3.1687500e+001
  3.1687500e+001
  3.1687500e+001
  3.1687500e+001
  3.1687500e+001
  3.1687500e+001
  3.1687500e+001
  3.1687500e+001
  3.1687500e+001
  3.1687500e+001
  3.1687500e+001
  3.1687500e+001
  3.1687500e+001
  3.1687500e+001
  3.1687500e+001
  3.1687500e+001
  3.1687500e+001
  3.1687500e+001
  3.1687500e+001
  3.1687500e+001
  3.1687500e+001
  3.1687500e+001
  3.1687500e+001
  3.1687500e+001
  3.1687500e+001
  3.1687500e+001
  3.1687500e+001
  3.1687500e+001
  3.1687500e+001
  3.1687500e+001
  3.1687500e+001
  3.1687500e+001
  3.1687500e+001
  3.1687500e+001
  3.1687500e+001
