  9.7638326e+000
  9.7638326e+000
  9.7638326e+000
  9.7638326e+000
  9.7638326e+000
  9.7638326e+000
  9.7638326e+000
  9.7638326e+000
  9.7638326e+000
  9.7638326e+000
  9.7638326e+000
  1.0027873e+001
  1.0291914e+001
  1.0555955e+001
  1.0819996e+001
  1.1084037e+001
  1.1348078e+001
  1.1612119e+001
  1.1876159e+001
  1.2140200e+001
  1.2404241e+001
  1.2668282e+001
  1.2932323e+001
  1.3196364e+001
  1.3460404e+001
  1.3724445e+001
  1.3988486e+001
  1.4252527e+001
  1.4516568e+001
  1.4780609e+001
  1.5044650e+001
  1.5308690e+001
  1.5572731e+001
  1.5836772e+001
  1.6100813e+001
  1.6364854e+001
  1.6628895e+001
  1.6892935e+001
  1.7156976e+001
  1.7421017e+001
  1.7685058e+001
  1.7949099e+001
  1.8213140e+001
  1.8477181e+001
  1.8741221e+001
  1.9005262e+001
  1.9269303e+001
  1.9533344e+001
  1.9797385e+001
  2.0061426e+001
  2.0325466e+001
  2.0589507e+001
  2.0853548e+001
  2.1117589e+001
  2.1381630e+001
  2.1645671e+001
  2.1909712e+001
  2.2173752e+001
  2.2437793e+001
  2.2701834e+001
  2.2965875e+001
  2.3229916e+001
  2.3493957e+001
  2.3757997e+001
  2.4022038e+001
  2.4286079e+001
  2.4550120e+001
  2.4814161e+001
  2.5078202e+001
  2.5342243e+001
  2.5606283e+001
  2.5870324e+001
  2.6134365e+001
  2.6398406e+001
  2.6662447e+001
  2.6926488e+001
  2.7190528e+001
  2.7454569e+001
  2.7718610e+001
  2.7982651e+001
  2.8246692e+001
  2.8510733e+001
  2.8774774e+001
  2.9038814e+001
  2.9302855e+001
  2.9566896e+001
  2.9830937e+001
  3.0094978e+001
  3.0359019e+001
  3.0623059e+001
  3.0887100e+001
  3.1151141e+001
  3.1415182e+001
  3.1679223e+001
  3.1943264e+001
  3.2207305e+001
  3.2471345e+001
  3.2735386e+001
  3.2999427e+001
  3.3263468e+001
  3.3527509e+001
  3.3791550e+001
  3.4055590e+001
  3.4319631e+001
  3.4583672e+001
  3.4847713e+001
  3.5111754e+001
  3.5375795e+001
  3.5639836e+001
  3.5903876e+001
  3.6167917e+001
  3.6431958e+001
  3.6695999e+001
  3.6960040e+001
  3.7224081e+001
  3.7488121e+001
  3.7752162e+001
  3.8016203e+001
  3.8280244e+001
  3.8544285e+001
  3.8354019e+001
  3.8142782e+001
  3.7931544e+001
  3.7720307e+001
  3.7509069e+001
  3.7297832e+001
  3.7086595e+001
  3.6875357e+001
  3.6664120e+001
  3.6452882e+001
  3.6241645e+001
  3.6030408e+001
  3.5819170e+001
  3.5607933e+001
  3.5396695e+001
  3.5185458e+001
  3.4974220e+001
  3.4762983e+001
  3.4551746e+001
  3.4340508e+001
  3.4129271e+001
  3.3918033e+001
  3.3706796e+001
  3.3495559e+001
  3.3284321e+001
  3.3073084e+001
  3.2861846e+001
  3.2650609e+001
  3.2439371e+001
  3.2228134e+001
  3.2016897e+001
  3.1805659e+001
  3.1594422e+001
  3.1383184e+001
  3.1171947e+001
  3.0960710e+001
  3.0749472e+001
  3.0538235e+001
  3.0326997e+001
  3.0115760e+001
  2.9904522e+001
  2.9693285e+001
  2.9482048e+001
  2.9270810e+001
  2.9059573e+001
  2.8848335e+001
  2.8637098e+001
  2.8425861e+001
  2.8214623e+001
  2.8003386e+001
  2.7792148e+001
  2.7580911e+001
  2.7369673e+001
  2.7158436e+001
  2.6947199e+001
  2.6735961e+001
  2.6524724e+001
  2.6313486e+001
  2.6102249e+001
  2.5891012e+001
  2.5679774e+001
  2.5468537e+001
  2.5257299e+001
  2.5046062e+001
  2.4834824e+001
  2.4623587e+001
  2.4412350e+001
  2.4201112e+001
  2.3989875e+001
  2.3778637e+001
  2.3567400e+001
  2.3356163e+001
  2.3144925e+001
  2.2933688e+001
  2.2722450e+001
  2.2511213e+001
  2.2299975e+001
  2.2088738e+001
  2.1877501e+001
  2.1666263e+001
  2.1455026e+001
  2.1243788e+001
  2.1032551e+001
  2.0821314e+001
  2.0610076e+001
  2.0398839e+001
  2.0187601e+001
  1.9976364e+001
  1.9765126e+001
  1.9553889e+001
  1.9342652e+001
  1.9131414e+001
  1.8920177e+001
  1.8708939e+001
  1.8497702e+001
  1.8286465e+001
  1.8075227e+001
  1.7863990e+001
  1.7652752e+001
  1.7441515e+001
  1.7230277e+001
  1.7019040e+001
  1.6807803e+001
  1.6596565e+001
  1.6385328e+001
  1.6174090e+001
  1.5962853e+001
  1.5751616e+001
  1.5540378e+001
  1.5329141e+001
  1.5117903e+001
  1.4906666e+001
  1.4695428e+001
  1.4484191e+001
  1.4272954e+001
  1.4061716e+001
  1.3850479e+001
  1.3639241e+001
  1.3428004e+001
  1.3216767e+001
  1.3005529e+001
  1.2794292e+001
  1.2583054e+001
  1.2371817e+001
  1.2160579e+001
  1.1949342e+001
  1.1738105e+001
  1.1526867e+001
  1.1315630e+001
  1.1104392e+001
  1.0893155e+001
  1.0681917e+001
  1.0470680e+001
  1.0259443e+001
  1.0048205e+001
  9.8369678e+000
