  9.8437500e-001
  9.8437500e-001
  9.8437500e-001
  9.8437500e-001
  9.8437500e-001
  9.8437500e-001
  9.8437500e-001
  9.8437500e-001
  9.8437500e-001
  9.8437500e-001
  9.8437500e-001
  9.8437500e-001
  9.8437500e-001
  9.8437500e-001
  9.8437500e-001
  9.8437500e-001
  9.8437500e-001
  9.8437500e-001
  9.8437500e-001
  9.8437500e-001
  9.8437500e-001
  9.8437500e-001
  9.8437500e-001
  9.8437500e-001
  9.8437500e-001
  9.8437500e-001
  9.8437500e-001
  9.8437500e-001
  9.8437500e-001
  9.8437500e-001
  9.8437500e-001
  9.8437500e-001
  9.8437500e-001
  9.8437500e-001
  9.8437500e-001
  1.0000000e+000
  1.0000000e+000
  1.0000000e+000
  1.0000000e+000
  1.0000000e+000
  1.0000000e+000
  1.0000000e+000
  1.0000000e+000
  1.0000000e+000
  1.0000000e+000
  1.0000000e+000
  1.0000000e+000
  1.0000000e+000
  1.0000000e+000
  1.0000000e+000
  1.0000000e+000
  1.0000000e+000
  1.0000000e+000
  1.0000000e+000
  1.0000000e+000
  1.0000000e+000
  1.0000000e+000
  1.0000000e+000
  1.0000000e+000
  1.0000000e+000
  1.0000000e+000
  1.0000000e+000
  1.0000000e+000
  1.0000000e+000
  1.0000000e+000
  1.0000000e+000
  1.0000000e+000
  1.0000000e+000
  1.0000000e+000
  1.0000000e+000
  1.0000000e+000
  1.0000000e+000
  1.0000000e+000
  1.0000000e+000
  1.0000000e+000
  1.0000000e+000
  1.0000000e+000
  1.0000000e+000
  1.0000000e+000
  1.0000000e+000
  1.0000000e+000
  1.0000000e+000
  1.0000000e+000
  1.0000000e+000
  1.0000000e+000
  1.0000000e+000
  1.0000000e+000
  1.0000000e+000
  1.0000000e+000
  1.0000000e+000
  1.0000000e+000
  1.0000000e+000
  1.0000000e+000
  1.0000000e+000
  9.8437500e-001
  9.8437500e-001
  9.8437500e-001
  9.8437500e-001
  9.8437500e-001
  9.8437500e-001
  9.8437500e-001
  9.8437500e-001
  9.8437500e-001
  9.6875000e-001
  9.6875000e-001
  9.6875000e-001
  9.6875000e-001
  9.6875000e-001
  9.6875000e-001
  9.5312500e-001
  9.5312500e-001
  9.5312500e-001
  9.5312500e-001
  9.5312500e-001
  9.5312500e-001
  9.5312500e-001
  9.5312500e-001
  9.5312500e-001
  9.5312500e-001
  9.5312500e-001
  9.5312500e-001
  9.5312500e-001
  9.5312500e-001
  9.5312500e-001
  9.5312500e-001
  9.5312500e-001
  9.5312500e-001
  9.5312500e-001
  9.5312500e-001
  9.5312500e-001
  9.5312500e-001
  9.5312500e-001
  9.5312500e-001
  9.5312500e-001
  9.5312500e-001
  9.5312500e-001
  9.6875000e-001
  9.6875000e-001
  9.6875000e-001
  9.6875000e-001
  9.6875000e-001
  9.6875000e-001
  9.6875000e-001
  9.6875000e-001
  9.6875000e-001
  9.6875000e-001
  9.6875000e-001
  9.6875000e-001
  9.6875000e-001
  9.6875000e-001
  9.6875000e-001
  9.8437500e-001
  9.8437500e-001
  9.8437500e-001
  9.8437500e-001
  9.8437500e-001
  9.8437500e-001
  9.8437500e-001
  9.8437500e-001
  9.8437500e-001
  9.8437500e-001
  9.8437500e-001
  9.8437500e-001
  9.8437500e-001
  9.8437500e-001
  9.8437500e-001
  9.8437500e-001
  9.8437500e-001
  9.8437500e-001
  9.8437500e-001
  9.8437500e-001
  9.8437500e-001
  9.8437500e-001
  9.8437500e-001
  9.8437500e-001
  9.8437500e-001
  9.8437500e-001
  9.8437500e-001
  9.8437500e-001
  9.8437500e-001
