0.0000000000000000
50.0000000000000000
99.0000000000000000
157.0000000000000000
197.0000000000000000
229.0000000000000000
255.0000000000000000
277.0000000000000000
296.0000000000000000
313.0000000000000000
328.0000000000000000
341.0000000000000000
354.0000000000000000
365.0000000000000000
376.0000000000000000
385.0000000000000000
394.0000000000000000
403.0000000000000000
411.0000000000000000
419.0000000000000000
426.0000000000000000
433.0000000000000000
440.0000000000000000
446.0000000000000000
452.0000000000000000
458.0000000000000000
463.0000000000000000
469.0000000000000000
474.0000000000000000
479.0000000000000000
484.0000000000000000
488.0000000000000000
493.0000000000000000
497.0000000000000000
502.0000000000000000
506.0000000000000000
510.0000000000000000
514.0000000000000000
517.0000000000000000
521.0000000000000000
525.0000000000000000
528.0000000000000000
532.0000000000000000
535.0000000000000000
538.0000000000000000
541.0000000000000000
545.0000000000000000
548.0000000000000000
551.0000000000000000
554.0000000000000000
556.0000000000000000
559.0000000000000000
562.0000000000000000
565.0000000000000000
567.0000000000000000
570.0000000000000000
572.0000000000000000
575.0000000000000000
577.0000000000000000
580.0000000000000000
582.0000000000000000
585.0000000000000000
587.0000000000000000
589.0000000000000000
591.0000000000000000
594.0000000000000000
596.0000000000000000
598.0000000000000000
600.0000000000000000
602.0000000000000000
604.0000000000000000
606.0000000000000000
608.0000000000000000
610.0000000000000000
612.0000000000000000
614.0000000000000000
616.0000000000000000
618.0000000000000000
620.0000000000000000
621.0000000000000000
623.0000000000000000
625.0000000000000000
627.0000000000000000
628.0000000000000000
630.0000000000000000
632.0000000000000000
633.0000000000000000
635.0000000000000000
637.0000000000000000
638.0000000000000000
640.0000000000000000
641.0000000000000000
643.0000000000000000
645.0000000000000000
646.0000000000000000
648.0000000000000000
649.0000000000000000
651.0000000000000000
652.0000000000000000
653.0000000000000000
655.0000000000000000
656.0000000000000000
658.0000000000000000
659.0000000000000000
660.0000000000000000
662.0000000000000000
663.0000000000000000
664.0000000000000000
666.0000000000000000
667.0000000000000000
668.0000000000000000
670.0000000000000000
671.0000000000000000
672.0000000000000000
673.0000000000000000
675.0000000000000000
676.0000000000000000
677.0000000000000000
678.0000000000000000
680.0000000000000000
681.0000000000000000
682.0000000000000000
683.0000000000000000
684.0000000000000000
685.0000000000000000
687.0000000000000000
688.0000000000000000
689.0000000000000000
690.0000000000000000
691.0000000000000000
692.0000000000000000
693.0000000000000000
694.0000000000000000
695.0000000000000000
696.0000000000000000
698.0000000000000000
699.0000000000000000
700.0000000000000000
701.0000000000000000
702.0000000000000000
703.0000000000000000
704.0000000000000000
705.0000000000000000
706.0000000000000000
707.0000000000000000
708.0000000000000000
709.0000000000000000
710.0000000000000000
711.0000000000000000
712.0000000000000000
712.0000000000000000
713.0000000000000000
714.0000000000000000
715.0000000000000000
716.0000000000000000
717.0000000000000000
718.0000000000000000
719.0000000000000000
720.0000000000000000
721.0000000000000000
722.0000000000000000
723.0000000000000000
723.0000000000000000
724.0000000000000000
725.0000000000000000
726.0000000000000000
727.0000000000000000
728.0000000000000000
729.0000000000000000
729.0000000000000000
730.0000000000000000
731.0000000000000000
732.0000000000000000
733.0000000000000000
734.0000000000000000
734.0000000000000000
735.0000000000000000
736.0000000000000000
737.0000000000000000
738.0000000000000000
738.0000000000000000
739.0000000000000000
740.0000000000000000
741.0000000000000000
742.0000000000000000
742.0000000000000000
743.0000000000000000
744.0000000000000000
745.0000000000000000
745.0000000000000000
746.0000000000000000
747.0000000000000000
748.0000000000000000
748.0000000000000000
749.0000000000000000
750.0000000000000000
751.0000000000000000
751.0000000000000000
752.0000000000000000
753.0000000000000000
753.0000000000000000
754.0000000000000000
755.0000000000000000
755.0000000000000000
756.0000000000000000
757.0000000000000000
758.0000000000000000
758.0000000000000000
759.0000000000000000
760.0000000000000000
760.0000000000000000
761.0000000000000000
762.0000000000000000
762.0000000000000000
763.0000000000000000
764.0000000000000000
764.0000000000000000
765.0000000000000000
766.0000000000000000
766.0000000000000000
767.0000000000000000
768.0000000000000000
768.0000000000000000
769.0000000000000000
769.0000000000000000
770.0000000000000000
771.0000000000000000
771.0000000000000000
772.0000000000000000
773.0000000000000000
773.0000000000000000
774.0000000000000000
774.0000000000000000
775.0000000000000000
776.0000000000000000
776.0000000000000000
777.0000000000000000
777.0000000000000000
778.0000000000000000
779.0000000000000000
779.0000000000000000
780.0000000000000000
780.0000000000000000
781.0000000000000000
782.0000000000000000
782.0000000000000000
783.0000000000000000
783.0000000000000000
784.0000000000000000
785.0000000000000000
785.0000000000000000
786.0000000000000000
786.0000000000000000
787.0000000000000000
787.0000000000000000
788.0000000000000000
788.0000000000000000
789.0000000000000000
790.0000000000000000
790.0000000000000000
791.0000000000000000
791.0000000000000000
792.0000000000000000
792.0000000000000000
793.0000000000000000
793.0000000000000000
794.0000000000000000
794.0000000000000000
795.0000000000000000
795.0000000000000000
796.0000000000000000
797.0000000000000000
797.0000000000000000
798.0000000000000000
798.0000000000000000
799.0000000000000000
799.0000000000000000
800.0000000000000000
800.0000000000000000
801.0000000000000000
801.0000000000000000
802.0000000000000000
802.0000000000000000
803.0000000000000000
803.0000000000000000
804.0000000000000000
804.0000000000000000
805.0000000000000000
805.0000000000000000
806.0000000000000000
806.0000000000000000
807.0000000000000000
807.0000000000000000
808.0000000000000000
808.0000000000000000
809.0000000000000000
809.0000000000000000
810.0000000000000000
810.0000000000000000
811.0000000000000000
811.0000000000000000
811.0000000000000000
812.0000000000000000
812.0000000000000000
813.0000000000000000
813.0000000000000000
814.0000000000000000
814.0000000000000000
815.0000000000000000
815.0000000000000000
816.0000000000000000
816.0000000000000000
817.0000000000000000
817.0000000000000000
817.0000000000000000
818.0000000000000000
818.0000000000000000
819.0000000000000000
819.0000000000000000
820.0000000000000000
820.0000000000000000
821.0000000000000000
821.0000000000000000
821.0000000000000000
822.0000000000000000
822.0000000000000000
823.0000000000000000
823.0000000000000000
824.0000000000000000
824.0000000000000000
825.0000000000000000
825.0000000000000000
825.0000000000000000
826.0000000000000000
826.0000000000000000
827.0000000000000000
827.0000000000000000
828.0000000000000000
828.0000000000000000
828.0000000000000000
829.0000000000000000
829.0000000000000000
830.0000000000000000
830.0000000000000000
830.0000000000000000
831.0000000000000000
831.0000000000000000
832.0000000000000000
832.0000000000000000
832.0000000000000000
833.0000000000000000
833.0000000000000000
834.0000000000000000
834.0000000000000000
835.0000000000000000
835.0000000000000000
835.0000000000000000
836.0000000000000000
836.0000000000000000
837.0000000000000000
837.0000000000000000
837.0000000000000000
838.0000000000000000
838.0000000000000000
838.0000000000000000
839.0000000000000000
839.0000000000000000
840.0000000000000000
840.0000000000000000
840.0000000000000000
841.0000000000000000
841.0000000000000000
842.0000000000000000
842.0000000000000000
842.0000000000000000
843.0000000000000000
843.0000000000000000
843.0000000000000000
844.0000000000000000
844.0000000000000000
845.0000000000000000
845.0000000000000000
845.0000000000000000
846.0000000000000000
846.0000000000000000
846.0000000000000000
847.0000000000000000
847.0000000000000000
848.0000000000000000
848.0000000000000000
848.0000000000000000
849.0000000000000000
849.0000000000000000
849.0000000000000000
850.0000000000000000
850.0000000000000000
850.0000000000000000
851.0000000000000000
851.0000000000000000
852.0000000000000000
852.0000000000000000
852.0000000000000000
853.0000000000000000
853.0000000000000000
853.0000000000000000
854.0000000000000000
854.0000000000000000
854.0000000000000000
855.0000000000000000
855.0000000000000000
855.0000000000000000
856.0000000000000000
856.0000000000000000
856.0000000000000000
857.0000000000000000
857.0000000000000000
857.0000000000000000
858.0000000000000000
858.0000000000000000
858.0000000000000000
859.0000000000000000
859.0000000000000000
859.0000000000000000
860.0000000000000000
860.0000000000000000
860.0000000000000000
861.0000000000000000
861.0000000000000000
861.0000000000000000
862.0000000000000000
862.0000000000000000
862.0000000000000000
863.0000000000000000
863.0000000000000000
863.0000000000000000
864.0000000000000000
864.0000000000000000
864.0000000000000000
865.0000000000000000
865.0000000000000000
865.0000000000000000
866.0000000000000000
866.0000000000000000
866.0000000000000000
867.0000000000000000
867.0000000000000000
867.0000000000000000
868.0000000000000000
868.0000000000000000
868.0000000000000000
869.0000000000000000
869.0000000000000000
869.0000000000000000
870.0000000000000000
870.0000000000000000
870.0000000000000000
870.0000000000000000
871.0000000000000000
871.0000000000000000
871.0000000000000000
872.0000000000000000
872.0000000000000000
872.0000000000000000
873.0000000000000000
873.0000000000000000
873.0000000000000000
874.0000000000000000
874.0000000000000000
874.0000000000000000
874.0000000000000000
875.0000000000000000
875.0000000000000000
875.0000000000000000
876.0000000000000000
876.0000000000000000
876.0000000000000000
877.0000000000000000
877.0000000000000000
877.0000000000000000
877.0000000000000000
878.0000000000000000
878.0000000000000000
878.0000000000000000
879.0000000000000000
879.0000000000000000
879.0000000000000000
880.0000000000000000
880.0000000000000000
880.0000000000000000
880.0000000000000000
881.0000000000000000
881.0000000000000000
881.0000000000000000
882.0000000000000000
882.0000000000000000
882.0000000000000000
882.0000000000000000
883.0000000000000000
883.0000000000000000
883.0000000000000000
884.0000000000000000
884.0000000000000000
884.0000000000000000
884.0000000000000000
885.0000000000000000
885.0000000000000000
885.0000000000000000
886.0000000000000000
886.0000000000000000
886.0000000000000000
886.0000000000000000
887.0000000000000000
887.0000000000000000
887.0000000000000000
888.0000000000000000
888.0000000000000000
888.0000000000000000
888.0000000000000000
889.0000000000000000
889.0000000000000000
889.0000000000000000
889.0000000000000000
890.0000000000000000
890.0000000000000000
890.0000000000000000
891.0000000000000000
891.0000000000000000
891.0000000000000000
891.0000000000000000
892.0000000000000000
892.0000000000000000
892.0000000000000000
892.0000000000000000
893.0000000000000000
893.0000000000000000
893.0000000000000000
893.0000000000000000
894.0000000000000000
894.0000000000000000
894.0000000000000000
895.0000000000000000
895.0000000000000000
895.0000000000000000
895.0000000000000000
896.0000000000000000
896.0000000000000000
896.0000000000000000
896.0000000000000000
897.0000000000000000
897.0000000000000000
897.0000000000000000
897.0000000000000000
898.0000000000000000
898.0000000000000000
898.0000000000000000
898.0000000000000000
899.0000000000000000
899.0000000000000000
899.0000000000000000
899.0000000000000000
900.0000000000000000
900.0000000000000000
900.0000000000000000
900.0000000000000000
901.0000000000000000
901.0000000000000000
901.0000000000000000
901.0000000000000000
902.0000000000000000
902.0000000000000000
902.0000000000000000
902.0000000000000000
903.0000000000000000
903.0000000000000000
903.0000000000000000
903.0000000000000000
904.0000000000000000
904.0000000000000000
904.0000000000000000
904.0000000000000000
905.0000000000000000
905.0000000000000000
905.0000000000000000
905.0000000000000000
906.0000000000000000
906.0000000000000000
906.0000000000000000
906.0000000000000000
907.0000000000000000
907.0000000000000000
907.0000000000000000
907.0000000000000000
908.0000000000000000
908.0000000000000000
908.0000000000000000
908.0000000000000000
909.0000000000000000
909.0000000000000000
909.0000000000000000
909.0000000000000000
909.0000000000000000
910.0000000000000000
910.0000000000000000
910.0000000000000000
910.0000000000000000
911.0000000000000000
911.0000000000000000
911.0000000000000000
911.0000000000000000
912.0000000000000000
912.0000000000000000
912.0000000000000000
912.0000000000000000
913.0000000000000000
913.0000000000000000
913.0000000000000000
913.0000000000000000
913.0000000000000000
914.0000000000000000
914.0000000000000000
914.0000000000000000
914.0000000000000000
915.0000000000000000
915.0000000000000000
915.0000000000000000
915.0000000000000000
916.0000000000000000
916.0000000000000000
916.0000000000000000
916.0000000000000000
916.0000000000000000
917.0000000000000000
917.0000000000000000
917.0000000000000000
917.0000000000000000
918.0000000000000000
918.0000000000000000
918.0000000000000000
918.0000000000000000
918.0000000000000000
919.0000000000000000
919.0000000000000000
919.0000000000000000
919.0000000000000000
920.0000000000000000
920.0000000000000000
920.0000000000000000
920.0000000000000000
920.0000000000000000
921.0000000000000000
921.0000000000000000
921.0000000000000000
921.0000000000000000
922.0000000000000000
922.0000000000000000
922.0000000000000000
922.0000000000000000
922.0000000000000000
923.0000000000000000
923.0000000000000000
923.0000000000000000
923.0000000000000000
923.0000000000000000
924.0000000000000000
924.0000000000000000
924.0000000000000000
924.0000000000000000
925.0000000000000000
925.0000000000000000
925.0000000000000000
925.0000000000000000
925.0000000000000000
926.0000000000000000
926.0000000000000000
926.0000000000000000
926.0000000000000000
926.0000000000000000
927.0000000000000000
927.0000000000000000
927.0000000000000000
927.0000000000000000
927.0000000000000000
928.0000000000000000
928.0000000000000000
928.0000000000000000
928.0000000000000000
929.0000000000000000
929.0000000000000000
929.0000000000000000
929.0000000000000000
929.0000000000000000
930.0000000000000000
930.0000000000000000
930.0000000000000000
930.0000000000000000
930.0000000000000000
931.0000000000000000
931.0000000000000000
931.0000000000000000
931.0000000000000000
931.0000000000000000
932.0000000000000000
932.0000000000000000
932.0000000000000000
932.0000000000000000
932.0000000000000000
933.0000000000000000
933.0000000000000000
933.0000000000000000
933.0000000000000000
933.0000000000000000
934.0000000000000000
934.0000000000000000
934.0000000000000000
934.0000000000000000
934.0000000000000000
935.0000000000000000
935.0000000000000000
935.0000000000000000
935.0000000000000000
935.0000000000000000
936.0000000000000000
936.0000000000000000
936.0000000000000000
936.0000000000000000
936.0000000000000000
937.0000000000000000
937.0000000000000000
937.0000000000000000
937.0000000000000000
937.0000000000000000
938.0000000000000000
938.0000000000000000
938.0000000000000000
938.0000000000000000
938.0000000000000000
939.0000000000000000
939.0000000000000000
939.0000000000000000
939.0000000000000000
939.0000000000000000
940.0000000000000000
940.0000000000000000
940.0000000000000000
940.0000000000000000
940.0000000000000000
940.0000000000000000
941.0000000000000000
941.0000000000000000
941.0000000000000000
941.0000000000000000
941.0000000000000000
942.0000000000000000
942.0000000000000000
942.0000000000000000
942.0000000000000000
942.0000000000000000
943.0000000000000000
943.0000000000000000
943.0000000000000000
943.0000000000000000
943.0000000000000000
944.0000000000000000
944.0000000000000000
944.0000000000000000
944.0000000000000000
944.0000000000000000
944.0000000000000000
945.0000000000000000
945.0000000000000000
945.0000000000000000
945.0000000000000000
945.0000000000000000
946.0000000000000000
946.0000000000000000
946.0000000000000000
946.0000000000000000
946.0000000000000000
947.0000000000000000
947.0000000000000000
947.0000000000000000
947.0000000000000000
947.0000000000000000
947.0000000000000000
948.0000000000000000
948.0000000000000000
948.0000000000000000
948.0000000000000000
948.0000000000000000
949.0000000000000000
949.0000000000000000
949.0000000000000000
949.0000000000000000
949.0000000000000000
949.0000000000000000
950.0000000000000000
950.0000000000000000
950.0000000000000000
950.0000000000000000
950.0000000000000000
951.0000000000000000
951.0000000000000000
951.0000000000000000
951.0000000000000000
951.0000000000000000
951.0000000000000000
952.0000000000000000
952.0000000000000000
952.0000000000000000
952.0000000000000000
952.0000000000000000
953.0000000000000000
953.0000000000000000
953.0000000000000000
953.0000000000000000
953.0000000000000000
953.0000000000000000
954.0000000000000000
954.0000000000000000
954.0000000000000000
954.0000000000000000
954.0000000000000000
955.0000000000000000
955.0000000000000000
955.0000000000000000
955.0000000000000000
955.0000000000000000
955.0000000000000000
956.0000000000000000
956.0000000000000000
956.0000000000000000
956.0000000000000000
956.0000000000000000
956.0000000000000000
957.0000000000000000
957.0000000000000000
957.0000000000000000
957.0000000000000000
957.0000000000000000
958.0000000000000000
958.0000000000000000
958.0000000000000000
958.0000000000000000
958.0000000000000000
958.0000000000000000
959.0000000000000000
959.0000000000000000
959.0000000000000000
959.0000000000000000
959.0000000000000000
960.0000000000000000
960.0000000000000000
960.0000000000000000
960.0000000000000000
960.0000000000000000
960.0000000000000000
961.0000000000000000
961.0000000000000000
961.0000000000000000
961.0000000000000000
961.0000000000000000
961.0000000000000000
962.0000000000000000
962.0000000000000000
962.0000000000000000
962.0000000000000000
962.0000000000000000
963.0000000000000000
963.0000000000000000
963.0000000000000000
963.0000000000000000
963.0000000000000000
963.0000000000000000
964.0000000000000000
964.0000000000000000
964.0000000000000000
964.0000000000000000
964.0000000000000000
964.0000000000000000
965.0000000000000000
965.0000000000000000
965.0000000000000000
965.0000000000000000
965.0000000000000000
966.0000000000000000
966.0000000000000000
966.0000000000000000
966.0000000000000000
966.0000000000000000
966.0000000000000000
967.0000000000000000
967.0000000000000000
967.0000000000000000
967.0000000000000000
967.0000000000000000
968.0000000000000000
968.0000000000000000
968.0000000000000000
968.0000000000000000
968.0000000000000000
968.0000000000000000
969.0000000000000000
969.0000000000000000
969.0000000000000000
969.0000000000000000
969.0000000000000000
970.0000000000000000
970.0000000000000000
970.0000000000000000
970.0000000000000000
970.0000000000000000
970.0000000000000000
971.0000000000000000
971.0000000000000000
971.0000000000000000
971.0000000000000000
971.0000000000000000
972.0000000000000000
972.0000000000000000
972.0000000000000000
972.0000000000000000
972.0000000000000000
973.0000000000000000
973.0000000000000000
973.0000000000000000
973.0000000000000000
973.0000000000000000
974.0000000000000000
974.0000000000000000
974.0000000000000000
974.0000000000000000
974.0000000000000000
975.0000000000000000
975.0000000000000000
975.0000000000000000
975.0000000000000000
975.0000000000000000
976.0000000000000000
976.0000000000000000
976.0000000000000000
976.0000000000000000
976.0000000000000000
977.0000000000000000
977.0000000000000000
977.0000000000000000
977.0000000000000000
977.0000000000000000
978.0000000000000000
978.0000000000000000
978.0000000000000000
978.0000000000000000
978.0000000000000000
979.0000000000000000
979.0000000000000000
979.0000000000000000
979.0000000000000000
980.0000000000000000
980.0000000000000000
980.0000000000000000
980.0000000000000000
981.0000000000000000
981.0000000000000000
981.0000000000000000
981.0000000000000000
981.0000000000000000
982.0000000000000000
982.0000000000000000
982.0000000000000000
982.0000000000000000
983.0000000000000000
983.0000000000000000
983.0000000000000000
984.0000000000000000
984.0000000000000000
984.0000000000000000
984.0000000000000000
985.0000000000000000
985.0000000000000000
985.0000000000000000
985.0000000000000000
986.0000000000000000
986.0000000000000000
986.0000000000000000
987.0000000000000000
987.0000000000000000
987.0000000000000000
988.0000000000000000
988.0000000000000000
988.0000000000000000
989.0000000000000000
989.0000000000000000
989.0000000000000000
990.0000000000000000
990.0000000000000000
991.0000000000000000
991.0000000000000000
991.0000000000000000
992.0000000000000000
992.0000000000000000
993.0000000000000000
993.0000000000000000
994.0000000000000000
994.0000000000000000
995.0000000000000000
995.0000000000000000
996.0000000000000000
996.0000000000000000
997.0000000000000000
998.0000000000000000
998.0000000000000000
999.0000000000000000
1000.0000000000000000
1001.0000000000000000
1002.0000000000000000
1003.0000000000000000
1004.0000000000000000
1005.0000000000000000
1007.0000000000000000
1008.0000000000000000
1011.0000000000000000
1013.0000000000000000
1017.0000000000000000
1020.0000000000000000
1023.0000000000000000
