  2.2476937e+001
  2.2476937e+001
  2.2476937e+001
  2.2476937e+001
  2.2476937e+001
  2.2476937e+001
  2.2476937e+001
  2.2476937e+001
  2.2476937e+001
  2.2476937e+001
  2.2476937e+001
  2.3824663e+001
  2.5172390e+001
  2.6520116e+001
  2.7867843e+001
  2.9215569e+001
  3.0563296e+001
  3.1911022e+001
  3.3258748e+001
  3.4606475e+001
  3.5954201e+001
  3.7301928e+001
  3.8649654e+001
  3.9997381e+001
  4.1345107e+001
  4.2692834e+001
  4.4040560e+001
  4.5388286e+001
  4.6736013e+001
  4.8083739e+001
  4.9431466e+001
  5.0027517e+001
  4.9835532e+001
  4.9643546e+001
  4.9451560e+001
  4.9259575e+001
  4.9067589e+001
  4.8875603e+001
  4.8683617e+001
  4.8491632e+001
  4.8299646e+001
  4.8107660e+001
  4.7915675e+001
  4.7723689e+001
  4.7531703e+001
  4.7339718e+001
  4.7147732e+001
  4.6955746e+001
  4.6763760e+001
  4.6571775e+001
  4.6379789e+001
  4.6187803e+001
  4.5995818e+001
  4.5803832e+001
  4.5611846e+001
  4.5419861e+001
  4.5227875e+001
  4.5035889e+001
  4.4843903e+001
  4.4651918e+001
  4.4459932e+001
  4.4267946e+001
  4.4075961e+001
  4.3883975e+001
  4.3691989e+001
  4.3500004e+001
  4.3308018e+001
  4.3116032e+001
  4.2924047e+001
  4.2732061e+001
  4.2540075e+001
  4.2348089e+001
  4.2156104e+001
  4.1964118e+001
  4.1772132e+001
  4.1580147e+001
  4.1388161e+001
  4.1196175e+001
  4.1004190e+001
  4.0812204e+001
  4.0620218e+001
  4.0428232e+001
  4.0236247e+001
  4.0044261e+001
  3.9852275e+001
  3.9660290e+001
  3.9468304e+001
  3.9276318e+001
  3.9084333e+001
  3.8892347e+001
  3.8700361e+001
  3.8508375e+001
  3.8316390e+001
  3.8124404e+001
  3.7932418e+001
  3.7740433e+001
  3.7548447e+001
  3.7356461e+001
  3.7164476e+001
  3.6972490e+001
  3.6780504e+001
  3.6588518e+001
  3.6396533e+001
  3.6204547e+001
  3.6012561e+001
  3.5820576e+001
  3.5628590e+001
  3.5436604e+001
  3.5244619e+001
  3.5052633e+001
  3.4860647e+001
  3.4668662e+001
  3.4476676e+001
  3.4284690e+001
  3.4092704e+001
  3.3900719e+001
  3.3708733e+001
  3.3516747e+001
  3.3324762e+001
  3.3132776e+001
  3.2940790e+001
  3.2748805e+001
  3.2556819e+001
  3.2364833e+001
  3.2172847e+001
  3.1980862e+001
  3.1788876e+001
  3.1596890e+001
  3.1404905e+001
  3.1212919e+001
  3.1020933e+001
  3.0828948e+001
  3.0636962e+001
  3.0444976e+001
  3.0252990e+001
  3.0061005e+001
  2.9869019e+001
  2.9677033e+001
  2.9485048e+001
  2.9293062e+001
  2.9101076e+001
  2.8909091e+001
  2.8717105e+001
  2.8525119e+001
  2.8333133e+001
  2.8141148e+001
  2.7949162e+001
  2.7757176e+001
  2.7565191e+001
  2.7373205e+001
  2.7181219e+001
  2.6989234e+001
  2.6797248e+001
  2.6605262e+001
  2.6413277e+001
  2.6221291e+001
  2.6029305e+001
  2.5837319e+001
  2.5645334e+001
  2.5453348e+001
  2.5261362e+001
  2.5069377e+001
  2.4877391e+001
  2.4685405e+001
  2.4493420e+001
  2.4301434e+001
  2.4109448e+001
  2.3917462e+001
  2.3725477e+001
  2.3533491e+001
  2.3341505e+001
  2.3149520e+001
  2.2957534e+001
  2.2765548e+001
  2.2573563e+001
  2.2381577e+001
  2.2189591e+001
  2.1997605e+001
  2.1805620e+001
  2.1613634e+001
  2.1421648e+001
  2.1229663e+001
  2.1037677e+001
  2.0845691e+001
  2.0653706e+001
  2.0461720e+001
  2.0269734e+001
  2.0077748e+001
  1.9885763e+001
  1.9693777e+001
  1.9501791e+001
  1.9309806e+001
  1.9117820e+001
  1.8925834e+001
  1.8733849e+001
  1.8541863e+001
  1.8349877e+001
  1.8157892e+001
  1.7965906e+001
  1.7773920e+001
  1.7581934e+001
  1.7389949e+001
  1.7197963e+001
  1.7005977e+001
  1.6813992e+001
  1.6622006e+001
  1.6430020e+001
  1.6238035e+001
  1.6046049e+001
  1.5854063e+001
  1.5662077e+001
  1.5470092e+001
  1.5278106e+001
  1.5086120e+001
  1.4894135e+001
  1.4702149e+001
  1.4510163e+001
  1.4318178e+001
  1.4126192e+001
  1.3934206e+001
  1.3742220e+001
  1.3550235e+001
  1.3358249e+001
  1.3166263e+001
  1.2974278e+001
  1.2782292e+001
  1.2590306e+001
  1.2530311e+001
  1.2530311e+001
  1.2530311e+001
  1.2530311e+001
  1.2530311e+001
  1.2530311e+001
  1.2530311e+001
  1.2530311e+001
  1.2530311e+001
  1.2530311e+001
  1.2530311e+001
  1.2530311e+001
  1.2530311e+001
  1.2530311e+001
  1.2530311e+001
  1.2530311e+001
  1.2530311e+001
  1.2530311e+001
  1.2530311e+001
  1.2530311e+001
  1.2530311e+001
  1.2530311e+001
  1.2530311e+001
  1.2530311e+001
  1.2530311e+001
  1.2530311e+001
  1.2530311e+001
  1.2530311e+001
  1.2530311e+001
