  3.2477441e+001
  3.2477441e+001
  3.2477441e+001
  3.2477441e+001
  3.2477441e+001
  3.2477441e+001
  3.2477441e+001
  3.2477441e+001
  3.2477441e+001
  3.2477441e+001
  3.2477441e+001
  3.3080517e+001
  3.3683594e+001
  3.4286670e+001
  3.4889747e+001
  3.5492823e+001
  3.6095900e+001
  3.6698976e+001
  3.7302052e+001
  3.7905129e+001
  3.8508205e+001
  3.9111282e+001
  3.9714358e+001
  4.0317435e+001
  4.0920511e+001
  4.1523587e+001
  4.2126664e+001
  4.2729740e+001
  4.3332817e+001
  4.3935893e+001
  4.4538970e+001
  4.5142046e+001
  4.5745122e+001
  4.6348199e+001
  4.6951275e+001
  4.7554352e+001
  4.8157428e+001
  4.8760505e+001
  4.9363581e+001
  4.9966658e+001
  5.0569734e+001
  5.1172810e+001
  5.1775887e+001
  5.2378963e+001
  5.2982040e+001
  5.3585116e+001
  5.4188193e+001
  5.4791269e+001
  5.5394345e+001
  5.5997422e+001
  5.6600498e+001
  5.7203575e+001
  5.7806651e+001
  5.8409728e+001
  5.9012804e+001
  5.9615880e+001
  6.0218957e+001
  6.0822033e+001
  6.1425110e+001
  6.2028186e+001
  6.2631263e+001
  6.3234339e+001
  6.3837416e+001
  6.4440492e+001
  6.5043568e+001
  6.5646645e+001
  6.6249721e+001
  6.6852798e+001
  6.7455874e+001
  6.8058951e+001
  6.8662027e+001
  6.9265103e+001
  6.9868180e+001
  7.0471256e+001
  7.1074333e+001
  7.1677409e+001
  7.2280486e+001
  7.2883562e+001
  7.3486638e+001
  7.4089715e+001
  7.4692791e+001
  7.5295868e+001
  7.5898944e+001
  7.6502021e+001
  7.7105097e+001
  7.7708173e+001
  7.8311250e+001
  7.8914326e+001
  7.9517403e+001
  8.0120479e+001
  8.0723556e+001
  8.1326632e+001
  8.1929709e+001
  8.2532785e+001
  8.3135861e+001
  8.3738938e+001
  8.4342014e+001
  8.4945091e+001
  8.5548167e+001
  8.6151244e+001
  8.6754320e+001
  8.7357396e+001
  8.7960473e+001
  8.8563549e+001
  8.9166626e+001
  8.9769702e+001
  9.0372779e+001
  9.0975855e+001
  9.1578931e+001
  9.2182008e+001
  9.2785084e+001
  9.3388161e+001
  9.3991237e+001
  9.4594314e+001
  9.5197390e+001
  9.5800467e+001
  9.6403543e+001
  9.7006619e+001
  9.7609696e+001
  9.8212772e+001
  9.8815849e+001
  9.9418925e+001
  1.0002200e+002
  1.0062508e+002
  1.0122815e+002
  1.0183123e+002
  1.0243431e+002
  1.0303738e+002
  1.0364046e+002
  1.0424354e+002
  1.0449952e+002
  1.0393847e+002
  1.0337742e+002
  1.0281636e+002
  1.0225531e+002
  1.0169425e+002
  1.0113320e+002
  1.0057215e+002
  1.0001109e+002
  9.9450038e+001
  9.8888984e+001
  9.8327930e+001
  9.7766876e+001
  9.7205821e+001
  9.6644767e+001
  9.6083713e+001
  9.5522659e+001
  9.4961605e+001
  9.4400551e+001
  9.3839497e+001
  9.3278443e+001
  9.2717389e+001
  9.2156335e+001
  9.1595281e+001
  9.1034227e+001
  9.0473173e+001
  8.9912119e+001
  8.9351065e+001
  8.8790011e+001
  8.8228957e+001
  8.7667903e+001
  8.7106849e+001
  8.6545795e+001
  8.5984741e+001
  8.5423687e+001
  8.4862633e+001
  8.4301579e+001
  8.3740525e+001
  8.3179471e+001
  8.2618417e+001
  8.2057363e+001
  8.1496309e+001
  8.0935255e+001
  8.0374201e+001
  7.9813147e+001
  7.9252093e+001
  7.8691039e+001
  7.8129985e+001
  7.7568931e+001
  7.7007877e+001
  7.6446823e+001
  7.5885769e+001
  7.5324714e+001
  7.4763660e+001
  7.4202606e+001
  7.3641552e+001
  7.3080498e+001
  7.2519444e+001
  7.1958390e+001
  7.1397336e+001
  7.0836282e+001
  7.0275228e+001
  6.9714174e+001
  6.9153120e+001
  6.8592066e+001
  6.8031012e+001
  6.7469958e+001
  6.6908904e+001
  6.6347850e+001
  6.5786796e+001
  6.5225742e+001
  6.4664688e+001
  6.4103634e+001
  6.3542580e+001
  6.2981526e+001
  6.2420472e+001
  6.1859418e+001
  6.1298364e+001
  6.0737310e+001
  6.0176256e+001
  5.9615202e+001
  5.9054148e+001
  5.8493094e+001
  5.7932040e+001
  5.7370986e+001
  5.6809932e+001
  5.6248878e+001
  5.5687824e+001
  5.5126770e+001
  5.4565716e+001
  5.4004662e+001
  5.3443608e+001
  5.2882553e+001
  5.2321499e+001
  5.1760445e+001
  5.1199391e+001
  5.0638337e+001
  5.0077283e+001
  4.9516229e+001
  4.8955175e+001
  4.8394121e+001
  4.7833067e+001
  4.7272013e+001
  4.6710959e+001
  4.6149905e+001
  4.5588851e+001
  4.5027797e+001
  4.4466743e+001
  4.3905689e+001
  4.3344635e+001
  4.2783581e+001
  4.2222527e+001
  4.1661473e+001
  4.1100419e+001
  4.0539365e+001
  3.9978311e+001
  3.9417257e+001
  3.8856203e+001
  3.8295149e+001
  3.7734095e+001
  3.7173041e+001
  3.6611987e+001
  3.6050933e+001
  3.5489879e+001
  3.4928825e+001
  3.4367771e+001
