  9.8437500e-001  1.1875000e+000
  9.8437500e-001  1.1718750e+000
  9.8437500e-001  1.1562500e+000
  9.8437500e-001  1.1406250e+000
  9.6875000e-001  1.1406250e+000
  9.6875000e-001  1.1250000e+000
  9.6875000e-001  1.1093750e+000
  9.6875000e-001  1.0937500e+000
  9.6875000e-001  1.0937500e+000
  9.6875000e-001  1.0781250e+000
  9.8437500e-001  1.0625000e+000
  9.8437500e-001  1.0468750e+000
  9.8437500e-001  1.0468750e+000
  9.8437500e-001  1.0625000e+000
  9.8437500e-001  1.0625000e+000
  9.8437500e-001  1.0781250e+000
  9.8437500e-001  1.0781250e+000
  9.8437500e-001  1.0937500e+000
  9.8437500e-001  1.0937500e+000
  1.0000000e+000  1.0937500e+000
  1.0000000e+000  1.1093750e+000
  1.0000000e+000  1.1093750e+000
  1.0000000e+000  1.1250000e+000
  1.0000000e+000  1.1250000e+000
  1.0000000e+000  1.1406250e+000
  1.0000000e+000  1.1406250e+000
  1.0000000e+000  1.1562500e+000
  1.0000000e+000  1.1562500e+000
  1.0000000e+000  1.1562500e+000
  1.0000000e+000  1.1718750e+000
  1.0000000e+000  1.1718750e+000
  1.0000000e+000  1.1875000e+000
  1.0000000e+000  1.1875000e+000
  1.0000000e+000  1.2031250e+000
  1.0000000e+000  1.2031250e+000
  1.0000000e+000  1.1875000e+000
  1.0000000e+000  1.1875000e+000
  1.0000000e+000  1.1718750e+000
  1.0000000e+000  1.1562500e+000
  1.0000000e+000  1.1562500e+000
  1.0000000e+000  1.1406250e+000
  1.0000000e+000  1.1406250e+000
  1.0000000e+000  1.1250000e+000
  1.0000000e+000  1.1250000e+000
  1.0000000e+000  1.1093750e+000
  1.0000000e+000  1.1093750e+000
  1.0000000e+000  1.0937500e+000
  1.0000000e+000  1.0937500e+000
  1.0000000e+000  1.0781250e+000
  1.0000000e+000  1.0781250e+000
  1.0000000e+000  1.0625000e+000
  1.0000000e+000  1.0625000e+000
  1.0000000e+000  1.0468750e+000
  1.0000000e+000  1.0468750e+000
  1.0000000e+000  1.0625000e+000
  1.0000000e+000  1.0781250e+000
  1.0000000e+000  1.0937500e+000
  1.0000000e+000  1.1093750e+000
  1.0000000e+000  1.1250000e+000
  1.0000000e+000  1.1406250e+000
  1.0000000e+000  1.1562500e+000
  1.0000000e+000  1.1718750e+000
  1.0000000e+000  1.1562500e+000
  1.0000000e+000  1.1250000e+000
  1.0000000e+000  1.1093750e+000
  1.0000000e+000  1.0937500e+000
  1.0000000e+000  1.0781250e+000
  1.0000000e+000  1.0468750e+000
  1.0000000e+000  1.0312500e+000
  1.0000000e+000  1.0312500e+000
  1.0000000e+000  1.0312500e+000
  1.0000000e+000  1.0312500e+000
  1.0000000e+000  1.0312500e+000
  1.0000000e+000  1.0312500e+000
  1.0000000e+000  1.0312500e+000
  1.0000000e+000  1.0312500e+000
  1.0000000e+000  1.0312500e+000
  1.0000000e+000  1.0312500e+000
  1.0000000e+000  1.0312500e+000
  1.0000000e+000  1.0312500e+000
  1.0000000e+000  1.0312500e+000
  1.0000000e+000  1.0312500e+000
  1.0000000e+000  1.0312500e+000
  1.0000000e+000  1.0468750e+000
  1.0000000e+000  1.0468750e+000
  1.0000000e+000  1.0625000e+000
  1.0000000e+000  1.0625000e+000
  1.0000000e+000  1.0781250e+000
  1.0000000e+000  1.0781250e+000
  1.0000000e+000  1.0937500e+000
  1.0000000e+000  1.0937500e+000
  1.0000000e+000  1.1093750e+000
  1.0000000e+000  1.1093750e+000
  1.0000000e+000  1.1250000e+000
  1.0000000e+000  1.1250000e+000
  1.0000000e+000  1.0937500e+000
  1.0000000e+000  1.0781250e+000
  1.0000000e+000  1.0625000e+000
  1.0000000e+000  1.0468750e+000
  1.0000000e+000  1.0156250e+000
  1.0000000e+000  1.0000000e+000
  1.0000000e+000  1.0156250e+000
  1.0000000e+000  1.0312500e+000
  1.0000000e+000  1.0468750e+000
  1.0000000e+000  1.0625000e+000
  1.0000000e+000  1.0781250e+000
  1.0000000e+000  1.0937500e+000
  1.0000000e+000  1.1093750e+000
  1.0000000e+000  1.1250000e+000
  1.0000000e+000  1.1406250e+000
  1.0000000e+000  1.1562500e+000
  1.0000000e+000  1.1718750e+000
  1.0000000e+000  1.1875000e+000
  1.0000000e+000  1.2031250e+000
  1.0000000e+000  1.2187500e+000
  1.0000000e+000  1.2187500e+000
  1.0000000e+000  1.2343750e+000
  1.0000000e+000  1.2343750e+000
  1.0000000e+000  1.2343750e+000
  1.0000000e+000  1.2343750e+000
  1.0000000e+000  1.2343750e+000
  1.0000000e+000  1.2343750e+000
  1.0000000e+000  1.2343750e+000
  1.0000000e+000  1.2343750e+000
  1.0000000e+000  1.2343750e+000
  1.0000000e+000  1.2343750e+000
  1.0000000e+000  1.2343750e+000
  1.0000000e+000  1.2343750e+000
  1.0000000e+000  1.2343750e+000
  1.0000000e+000  1.2343750e+000
  1.0000000e+000  1.2343750e+000
  1.0000000e+000  1.2343750e+000
  1.0000000e+000  1.2343750e+000
  1.0000000e+000  1.2343750e+000
  1.0000000e+000  1.2343750e+000
  1.0000000e+000  1.2343750e+000
  1.0000000e+000  1.2343750e+000
  1.0000000e+000  1.2343750e+000
  1.0000000e+000  1.2500000e+000
  1.0156250e+000  1.2500000e+000
  1.0156250e+000  1.2500000e+000
  1.0156250e+000  1.2656250e+000
  1.0156250e+000  1.2656250e+000
  1.0312500e+000  1.2656250e+000
  1.0312500e+000  1.2812500e+000
  1.0312500e+000  1.2812500e+000
  1.0468750e+000  1.2812500e+000
  1.0468750e+000  1.2968750e+000
  1.0625000e+000  1.2968750e+000
  1.0625000e+000  1.2968750e+000
  1.0781250e+000  1.2968750e+000
  1.0937500e+000  1.3125000e+000
  1.0937500e+000  1.3125000e+000
  1.1093750e+000  1.3125000e+000
  1.1250000e+000  1.3125000e+000
  1.1250000e+000  1.3125000e+000
  1.1562500e+000  1.3125000e+000
  1.1718750e+000  1.3281250e+000
  1.1875000e+000  1.3281250e+000
  1.2031250e+000  1.3281250e+000
  1.2031250e+000  1.3281250e+000
  1.2187500e+000  1.3281250e+000
  1.2187500e+000  1.3281250e+000
  1.2187500e+000  1.3437500e+000
  1.2031250e+000  1.3437500e+000
  1.2031250e+000  1.3437500e+000
  1.1875000e+000  1.3437500e+000
  1.1718750e+000  1.3281250e+000
  1.1562500e+000  1.3125000e+000
  1.1250000e+000  1.2968750e+000
  1.1093750e+000  1.2968750e+000
  1.0937500e+000  1.2812500e+000
  1.0625000e+000  1.2656250e+000
  1.0468750e+000  1.2656250e+000
  1.0312500e+000  1.2500000e+000
  1.0312500e+000  1.2343750e+000
  1.0156250e+000  1.2187500e+000
  1.0156250e+000  1.2187500e+000
  1.0000000e+000  1.2031250e+000
  1.0000000e+000  1.1875000e+000
