  5.8958800e+001
  5.8958800e+001
  5.8958800e+001
  5.8958800e+001
  5.8958800e+001
  5.8958800e+001
  5.8958800e+001
  5.8958800e+001
  5.8958800e+001
  5.8958800e+001
  5.8958800e+001
  5.8958800e+001
  5.8958800e+001
  5.8958800e+001
  5.8958800e+001
  5.8958800e+001
  5.8958800e+001
  5.8958800e+001
  5.8958800e+001
  5.8958800e+001
  5.8958800e+001
  5.8958800e+001
  5.8958800e+001
  5.9302205e+001
  5.9912702e+001
  6.0523199e+001
  6.1133696e+001
  6.1744193e+001
  6.2354690e+001
  6.2965187e+001
  6.3575684e+001
  6.4186181e+001
  6.4796678e+001
  6.5407175e+001
  6.6017672e+001
  6.6628169e+001
  6.7238666e+001
  6.7849163e+001
  6.8459661e+001
  6.9070158e+001
  6.9680655e+001
  7.0291152e+001
  7.0901649e+001
  7.1512146e+001
  7.2122643e+001
  7.2733140e+001
  7.3343637e+001
  7.3954134e+001
  7.4564631e+001
  7.5175128e+001
  7.5785625e+001
  7.6396122e+001
  7.7006619e+001
  7.7617117e+001
  7.8227614e+001
  7.8838111e+001
  7.9448608e+001
  8.0059105e+001
  8.0669602e+001
  8.1280099e+001
  8.1890596e+001
  8.2501093e+001
  8.3111590e+001
  8.3722087e+001
  8.4332584e+001
  8.4943081e+001
  8.5553578e+001
  8.6164075e+001
  8.6774572e+001
  8.7385070e+001
  8.7995567e+001
  8.8606064e+001
  8.9216561e+001
  8.9827058e+001
  9.0437555e+001
  9.1048052e+001
  9.1658549e+001
  9.2269046e+001
  9.2879543e+001
  9.3490040e+001
  9.4100537e+001
  9.4711034e+001
  9.5321531e+001
  9.5932028e+001
  9.6542525e+001
  9.7153023e+001
  9.7763520e+001
  9.8374017e+001
  9.8984514e+001
  9.9595011e+001
  1.0020551e+002
  1.0081600e+002
  1.0142650e+002
  1.0203700e+002
  1.0264750e+002
  1.0325799e+002
  1.0386849e+002
  1.0447899e+002
  1.0508948e+002
  1.0569998e+002
  1.0631048e+002
  1.0692098e+002
  1.0753147e+002
  1.0814197e+002
  1.0875247e+002
  1.0936296e+002
  1.0997346e+002
  1.1058396e+002
  1.1119446e+002
  1.1180495e+002
  1.1241545e+002
  1.1302595e+002
  1.1363644e+002
  1.1424694e+002
  1.1485744e+002
  1.1546793e+002
  1.1607843e+002
  1.1668893e+002
  1.1729943e+002
  1.1790992e+002
  1.1852042e+002
  1.1913092e+002
  1.1974141e+002
  1.2035191e+002
  1.2096241e+002
  1.2157291e+002
  1.2218340e+002
  1.2279390e+002
  1.2340440e+002
  1.2401489e+002
  1.2462539e+002
  1.2523589e+002
  1.2584638e+002
  1.2645688e+002
  1.2706738e+002
  1.2767788e+002
  1.2727538e+002
  1.2656816e+002
  1.2586094e+002
  1.2515372e+002
  1.2444649e+002
  1.2373927e+002
  1.2303205e+002
  1.2232483e+002
  1.2161760e+002
  1.2091038e+002
  1.2020316e+002
  1.1949594e+002
  1.1878871e+002
  1.1808149e+002
  1.1737427e+002
  1.1666705e+002
  1.1595983e+002
  1.1525260e+002
  1.1454538e+002
  1.1383816e+002
  1.1313094e+002
  1.1242371e+002
  1.1171649e+002
  1.1100927e+002
  1.1030205e+002
  1.0959482e+002
  1.0888760e+002
  1.0818038e+002
  1.0747316e+002
  1.0676593e+002
  1.0605871e+002
  1.0535149e+002
  1.0464427e+002
  1.0393704e+002
  1.0322982e+002
  1.0252260e+002
  1.0181538e+002
  1.0110816e+002
  1.0040093e+002
  9.9693711e+001
  9.8986488e+001
  9.8279266e+001
  9.7572044e+001
  9.6864821e+001
  9.6157599e+001
  9.5450376e+001
  9.4743154e+001
  9.4035932e+001
  9.3328709e+001
  9.2621487e+001
  9.1914265e+001
  9.1207042e+001
  9.0499820e+001
  8.9792598e+001
  8.9085375e+001
  8.8378153e+001
  8.7670930e+001
  8.6963708e+001
  8.6256486e+001
  8.5549263e+001
  8.4842041e+001
  8.4134819e+001
  8.3427596e+001
  8.2720374e+001
  8.2013151e+001
  8.1305929e+001
  8.0598707e+001
  7.9891484e+001
  7.9184262e+001
  7.8477040e+001
  7.7769817e+001
  7.7062595e+001
  7.6355372e+001
  7.5648150e+001
  7.4940928e+001
  7.4233705e+001
  7.3526483e+001
  7.2819261e+001
  7.2112038e+001
  7.1404816e+001
  7.0697593e+001
  6.9990371e+001
  6.9283149e+001
  6.8575926e+001
  6.7868704e+001
  6.7161482e+001
  6.6454259e+001
  6.5747037e+001
  6.5039815e+001
  6.4332592e+001
  6.3625370e+001
  6.2918147e+001
  6.2210925e+001
  6.1503703e+001
  6.0796480e+001
  6.0089258e+001
  5.9382036e+001
  5.8674813e+001
  5.7967591e+001
  5.7260368e+001
  5.6553146e+001
  5.5845924e+001
  5.5138701e+001
  5.4431479e+001
  5.3724257e+001
  5.3017034e+001
  5.2309812e+001
  5.1602589e+001
  5.0895367e+001
  5.0188145e+001
  4.9480922e+001
  4.8773700e+001
  4.8066478e+001
  4.7359255e+001
  4.6652033e+001
  4.5944810e+001
  4.5237588e+001
  4.4530366e+001
  4.3823143e+001
  4.3115921e+001
