  3.5626800e+001
  3.6043324e+001
  3.6459848e+001
  3.6876371e+001
  3.7292895e+001
  3.7709419e+001
  3.8125943e+001
  3.8542466e+001
  3.8958990e+001
  3.9375514e+001
  3.9792038e+001
  4.0208561e+001
  4.0625085e+001
  4.1041609e+001
  4.1458133e+001
  4.1874657e+001
  4.2291180e+001
  4.2707704e+001
  4.3124228e+001
  4.3540752e+001
  4.3957275e+001
  4.4373799e+001
  4.4790323e+001
  4.5206847e+001
  4.5623370e+001
  4.6039894e+001
  4.6456418e+001
  4.6872942e+001
  4.7289466e+001
  4.7705989e+001
  4.8122513e+001
  4.8539037e+001
  4.8955561e+001
  4.9372084e+001
  4.9788608e+001
  5.0205132e+001
  5.0621656e+001
  5.1038179e+001
  5.1454703e+001
  5.1871227e+001
  5.2287751e+001
  5.2704275e+001
  5.3120798e+001
  5.3537322e+001
  5.3953846e+001
  5.4370370e+001
  5.4786893e+001
  5.5203417e+001
  5.5619941e+001
  5.6036465e+001
  5.6452988e+001
  5.6869512e+001
  5.7286036e+001
  5.7702560e+001
  5.8119084e+001
  5.8535607e+001
  5.8952131e+001
  5.9368655e+001
  5.9785179e+001
  6.0201702e+001
  6.0618226e+001
  6.1034750e+001
  6.1451274e+001
  6.1867797e+001
  6.2284321e+001
  6.2700845e+001
  6.3117369e+001
  6.3533893e+001
  6.3950416e+001
  6.4366940e+001
  6.4783464e+001
  6.5199988e+001
  6.5616511e+001
  6.6033035e+001
  6.6449559e+001
  6.6866083e+001
  6.7282606e+001
  6.7699130e+001
  6.8115654e+001
  6.8532178e+001
  6.8948702e+001
  6.9365225e+001
  6.9781749e+001
  7.0198273e+001
  7.0614797e+001
  7.1031320e+001
  7.1447844e+001
  7.1864368e+001
  7.2280892e+001
  7.2697415e+001
  7.3113939e+001
  7.3530463e+001
  7.3946987e+001
  7.4363511e+001
  7.4780034e+001
  7.5196558e+001
  7.5613082e+001
  7.6029606e+001
  7.6446129e+001
  7.6862653e+001
  7.7279177e+001
  7.5777988e+001
  7.4276798e+001
  7.2775609e+001
  7.1274420e+001
  6.9773231e+001
  6.8272042e+001
  6.6770852e+001
  6.5269663e+001
  6.3768474e+001
  6.2267285e+001
  6.0766096e+001
  5.9264906e+001
  5.7763717e+001
  5.6262528e+001
  5.4761339e+001
  5.3260149e+001
  5.1758960e+001
  5.0257771e+001
  4.8756582e+001
  4.7255393e+001
  4.5754203e+001
  4.4253014e+001
  4.2751825e+001
  4.1250636e+001
  3.9749447e+001
  3.8248257e+001
  3.6747068e+001
  3.5245879e+001
  3.3744690e+001
  3.2243500e+001
  3.0742311e+001
  2.9241122e+001
  2.7739933e+001
  2.6238744e+001
  2.4737554e+001
  2.3236365e+001
  2.1735176e+001
  2.0233987e+001
  1.8732798e+001
  1.7231608e+001
  1.5730419e+001
  1.4229230e+001
  1.2728041e+001
  1.1226852e+001
  9.7256623e+000
  8.2244731e+000
  6.7232839e+000
  5.2220947e+000
  3.7209054e+000
  2.2197162e+000
  1.0000000e+000
  1.0000000e+000
  1.0000000e+000
  1.0000000e+000
  1.0000000e+000
  1.0000000e+000
  1.0000000e+000
  1.0000000e+000
  1.0000000e+000
  1.0000000e+000
  1.0000000e+000
  1.0000000e+000
  1.0000000e+000
  1.0000000e+000
  1.0000000e+000
  1.0000000e+000
  1.0000000e+000
  1.0000000e+000
  1.0000000e+000
  1.0000000e+000
  1.0000000e+000
  1.0000000e+000
  1.0000000e+000
  1.0000000e+000
  1.0000000e+000
  1.0000000e+000
  1.0000000e+000
  1.0000000e+000
  1.0000000e+000
  1.0000000e+000
  1.0000000e+000
  1.0000000e+000
  1.0000000e+000
  1.0000000e+000
  1.0000000e+000
  1.0000000e+000
  1.0000000e+000
  1.0000000e+000
  1.0000000e+000
  1.0000000e+000
  1.0000000e+000
  1.0000000e+000
  1.0000000e+000
  1.0000000e+000
  1.0000000e+000
  1.0000000e+000
  1.0000000e+000
  1.0000000e+000
  1.0000000e+000
  1.0000000e+000
  1.0000000e+000
  1.0000000e+000
  1.0000000e+000
  1.0000000e+000
  1.0000000e+000
  1.0000000e+000
  1.0000000e+000
  1.0000000e+000
  1.0000000e+000
  1.0000000e+000
  1.0000000e+000
  1.0000000e+000
  1.0000000e+000
  1.0000000e+000
  1.0000000e+000
  1.0000000e+000
  1.0000000e+000
  1.0000000e+000
  1.0000000e+000
  1.0000000e+000
  1.0000000e+000
  1.0000000e+000
  1.0000000e+000
  1.0000000e+000
  1.0000000e+000
  1.0000000e+000
  1.0000000e+000
  1.0000000e+000
  1.0000000e+000
  1.0000000e+000
  1.0000000e+000
  1.0000000e+000
  1.0000000e+000
  1.0000000e+000
  1.0000000e+000
  1.0000000e+000
  1.0000000e+000
  1.0000000e+000
  1.0000000e+000
  1.0000000e+000
  1.0000000e+000
  1.0000000e+000
  1.0000000e+000
  1.0000000e+000
  1.0000000e+000
  1.0000000e+000
  1.0000000e+000
  1.0000000e+000
  1.0000000e+000
  1.0000000e+000
  1.0000000e+000
  1.0000000e+000
  1.0000000e+000
  1.0000000e+000
  1.0000000e+000
