  0.0000000e+000  0.0000000e+000  0.0000000e+000  0.0000000e+000  0.0000000e+000
  3.2000000e+001  3.2000000e+001  3.2000000e+001  3.2000000e+001  3.2000000e+001
  1.3200000e+002  1.3200000e+002  1.3200000e+002  1.3200000e+002  1.3200000e+002
  2.2300000e+002  2.2300000e+002  2.2300000e+002  2.2300000e+002  2.2300000e+002
  2.5500000e+002  2.5500000e+002  2.5500000e+002  2.5500000e+002  2.5500000e+002
  2.5500000e+002  2.5500000e+002  2.5500000e+002  2.5500000e+002  2.5500000e+002
  2.5500000e+002  2.5500000e+002  2.5500000e+002  2.5500000e+002  2.5500000e+002
  2.5500000e+002  2.5500000e+002  2.5500000e+002  2.5500000e+002  2.5500000e+002
  2.5500000e+002  2.5500000e+002  2.5500000e+002  2.5500000e+002  2.5500000e+002
  2.5500000e+002  2.5500000e+002  2.5500000e+002  2.5500000e+002  2.5500000e+002
  2.5500000e+002  2.5500000e+002  2.5500000e+002  2.5500000e+002  2.5500000e+002
  2.5500000e+002  2.5500000e+002  2.5500000e+002  2.5500000e+002  2.5500000e+002
  2.5500000e+002  2.5500000e+002  2.5500000e+002  2.5500000e+002  2.5500000e+002
  2.5500000e+002  2.5500000e+002  2.5500000e+002  2.5500000e+002  2.5500000e+002
  2.5500000e+002  2.5500000e+002  2.5500000e+002  2.5500000e+002  2.5500000e+002
  2.5500000e+002  2.5500000e+002  2.5500000e+002  2.5500000e+002  2.5500000e+002
  2.5500000e+002  2.5500000e+002  2.5500000e+002  2.5500000e+002  2.5500000e+002
  2.5500000e+002  2.5500000e+002  2.5500000e+002  2.5500000e+002  2.5500000e+002
  2.5500000e+002  2.5500000e+002  2.5500000e+002  2.5500000e+002  2.5500000e+002
  2.5500000e+002  2.5500000e+002  2.5500000e+002  2.5500000e+002  2.5500000e+002
  2.5500000e+002  2.5500000e+002  2.5500000e+002  2.5500000e+002  2.5500000e+002
  2.5500000e+002  2.5500000e+002  2.5500000e+002  2.5500000e+002  2.5500000e+002
  2.5500000e+002  2.5500000e+002  2.5500000e+002  2.5500000e+002  2.5500000e+002
  2.5500000e+002  2.5500000e+002  2.5500000e+002  2.5500000e+002  2.5500000e+002
  2.5500000e+002  2.5500000e+002  2.5500000e+002  2.5500000e+002  2.5500000e+002
  2.5500000e+002  2.5500000e+002  2.5500000e+002  2.5500000e+002  2.5500000e+002
  2.5500000e+002  2.5500000e+002  2.5500000e+002  2.5500000e+002  2.5500000e+002
  2.5500000e+002  2.5500000e+002  2.5500000e+002  2.5500000e+002  2.5500000e+002
  2.5500000e+002  2.5500000e+002  2.5500000e+002  2.5500000e+002  2.5500000e+002
  2.5500000e+002  2.5500000e+002  2.5500000e+002  2.5500000e+002  2.5500000e+002
  2.5500000e+002  2.5500000e+002  2.5500000e+002  2.5500000e+002  2.5500000e+002
  2.5500000e+002  2.5500000e+002  2.5500000e+002  2.5500000e+002  2.5500000e+002
  2.5500000e+002  2.5500000e+002  2.5500000e+002  2.5500000e+002  2.5500000e+002
  2.5500000e+002  2.5500000e+002  2.5500000e+002  2.5500000e+002  2.5500000e+002
  2.5500000e+002  2.5500000e+002  2.5500000e+002  2.5500000e+002  2.5500000e+002
  2.5500000e+002  2.5500000e+002  2.5500000e+002  2.5500000e+002  2.5500000e+002
  2.5500000e+002  2.5500000e+002  2.5500000e+002  2.5500000e+002  2.5500000e+002
  2.5500000e+002  2.5500000e+002  2.5500000e+002  2.5500000e+002  2.5500000e+002
  2.5500000e+002  2.5500000e+002  2.5500000e+002  2.5500000e+002  2.5500000e+002
  2.5500000e+002  2.5500000e+002  2.5500000e+002  2.5500000e+002  2.5500000e+002
  2.5500000e+002  2.5500000e+002  2.5500000e+002  2.5500000e+002  2.5500000e+002
  2.5500000e+002  2.5500000e+002  2.5500000e+002  2.5500000e+002  2.5500000e+002
  2.5500000e+002  2.5500000e+002  2.5500000e+002  2.5500000e+002  2.5500000e+002
  2.5500000e+002  2.5500000e+002  2.5500000e+002  2.5500000e+002  2.5500000e+002
  2.5500000e+002  2.5500000e+002  2.5500000e+002  2.5500000e+002  2.5500000e+002
  2.5500000e+002  2.5500000e+002  2.5500000e+002  2.5500000e+002  2.5500000e+002
  2.5500000e+002  2.5500000e+002  2.5500000e+002  2.5500000e+002  2.5500000e+002
  2.5500000e+002  2.5500000e+002  2.5500000e+002  2.5500000e+002  2.5500000e+002
  2.5500000e+002  2.5500000e+002  2.5500000e+002  2.5500000e+002  2.5500000e+002
  2.5500000e+002  2.5500000e+002  2.5500000e+002  2.5500000e+002  2.5500000e+002
  2.5500000e+002  2.5500000e+002  2.5500000e+002  2.5500000e+002  2.5500000e+002
  2.5500000e+002  2.5500000e+002  2.5500000e+002  2.5500000e+002  2.5500000e+002
  2.5500000e+002  2.5500000e+002  2.5500000e+002  2.5500000e+002  2.5500000e+002
  2.5500000e+002  2.5500000e+002  2.5500000e+002  2.5500000e+002  2.5500000e+002
  2.5500000e+002  2.5500000e+002  2.5500000e+002  2.5500000e+002  2.5500000e+002
  2.5500000e+002  2.5500000e+002  2.5500000e+002  2.5500000e+002  2.5500000e+002
  2.5500000e+002  2.5500000e+002  2.5500000e+002  2.5500000e+002  2.5500000e+002
  2.5500000e+002  2.5500000e+002  2.5500000e+002  2.5500000e+002  2.5500000e+002
  2.5500000e+002  2.5500000e+002  2.5500000e+002  2.5500000e+002  2.5500000e+002
  2.5500000e+002  2.5500000e+002  2.5500000e+002  2.5500000e+002  2.5500000e+002
  2.5500000e+002  2.5500000e+002  2.5500000e+002  2.5500000e+002  2.5500000e+002
  2.5500000e+002  2.5500000e+002  2.5500000e+002  2.5500000e+002  2.5500000e+002
  2.5500000e+002  2.5500000e+002  2.5500000e+002  2.5500000e+002  2.5500000e+002
  2.5500000e+002  2.5500000e+002  2.5500000e+002  2.5500000e+002  2.5500000e+002
