  9.5488875e+001
  9.5488875e+001
  9.5488875e+001
  9.5488875e+001
  9.5488875e+001
  9.5488875e+001
  9.5488875e+001
  9.5488875e+001
  9.5488875e+001
  9.5488875e+001
  9.5488875e+001
  9.7363712e+001
  9.9238550e+001
  1.0111339e+002
  1.0298823e+002
  1.0486306e+002
  1.0673790e+002
  1.0861274e+002
  1.1048758e+002
  1.1236241e+002
  1.1423725e+002
  1.1611209e+002
  1.1798693e+002
  1.1986176e+002
  1.2173660e+002
  1.2361144e+002
  1.2548628e+002
  1.2736112e+002
  1.2923595e+002
  1.3111079e+002
  1.3298563e+002
  1.3486047e+002
  1.3673530e+002
  1.3861014e+002
  1.4048498e+002
  1.4235982e+002
  1.4423465e+002
  1.4610949e+002
  1.4798433e+002
  1.4985917e+002
  1.5173401e+002
  1.5360884e+002
  1.5548368e+002
  1.5735852e+002
  1.5923336e+002
  1.6110819e+002
  1.6298303e+002
  1.6485787e+002
  1.6673271e+002
  1.6860754e+002
  1.7048238e+002
  1.7235722e+002
  1.7423206e+002
  1.7610690e+002
  1.7798173e+002
  1.7985657e+002
  1.8173141e+002
  1.8360625e+002
  1.8548108e+002
  1.8735592e+002
  1.8923076e+002
  1.9110560e+002
  1.9298043e+002
  1.9485527e+002
  1.9673011e+002
  1.9860495e+002
  2.0047979e+002
  2.0235462e+002
  2.0422946e+002
  2.0610430e+002
  2.0797914e+002
  2.0985397e+002
  2.1172881e+002
  2.1360365e+002
  2.1547849e+002
  2.1735332e+002
  2.1922816e+002
  2.2110300e+002
  2.2297784e+002
  2.2485268e+002
  2.2672751e+002
  2.2860235e+002
  2.3047719e+002
  2.3235203e+002
  2.3422686e+002
  2.3610170e+002
  2.3797654e+002
  2.3985138e+002
  2.4172621e+002
  2.4360105e+002
  2.4547589e+002
  2.4735073e+002
  2.4922557e+002
  2.5110040e+002
  2.5297524e+002
  2.5485008e+002
  2.5672492e+002
  2.5859975e+002
  2.6047459e+002
  2.6234943e+002
  2.6422427e+002
  2.6609910e+002
  2.6797394e+002
  2.6984878e+002
  2.7172362e+002
  2.7359846e+002
  2.7547329e+002
  2.7734813e+002
  2.7926126e+002
  2.7784548e+002
  2.7642970e+002
  2.7501392e+002
  2.7359814e+002
  2.7218236e+002
  2.7076658e+002
  2.6935080e+002
  2.6793502e+002
  2.6651924e+002
  2.6510347e+002
  2.6368769e+002
  2.6227191e+002
  2.6085613e+002
  2.5944035e+002
  2.5802457e+002
  2.5660879e+002
  2.5519301e+002
  2.5377723e+002
  2.5236145e+002
  2.5094567e+002
  2.4952989e+002
  2.4811411e+002
  2.4669834e+002
  2.4528256e+002
  2.4386678e+002
  2.4245100e+002
  2.4103522e+002
  2.3961944e+002
  2.3820366e+002
  2.3678788e+002
  2.3537210e+002
  2.3395632e+002
  2.3254054e+002
  2.3112476e+002
  2.2970899e+002
  2.2829321e+002
  2.2687743e+002
  2.2546165e+002
  2.2404587e+002
  2.2263009e+002
  2.2121431e+002
  2.1979853e+002
  2.1838275e+002
  2.1696697e+002
  2.1555119e+002
  2.1413541e+002
  2.1271964e+002
  2.1130386e+002
  2.0988808e+002
  2.0847230e+002
  2.0705652e+002
  2.0564074e+002
  2.0422496e+002
  2.0280918e+002
  2.0139340e+002
  1.9997762e+002
  1.9856184e+002
  1.9714606e+002
  1.9573029e+002
  1.9431451e+002
  1.9289873e+002
  1.9148295e+002
  1.9006717e+002
  1.8865139e+002
  1.8723561e+002
  1.8581983e+002
  1.8440405e+002
  1.8298827e+002
  1.8157249e+002
  1.8015671e+002
  1.7874094e+002
  1.7732516e+002
  1.7590938e+002
  1.7449360e+002
  1.7307782e+002
  1.7166204e+002
  1.7024626e+002
  1.6883048e+002
  1.6741470e+002
  1.6599892e+002
  1.6458314e+002
  1.6316736e+002
  1.6175159e+002
  1.6033581e+002
  1.5892003e+002
  1.5750425e+002
  1.5608847e+002
  1.5467269e+002
  1.5325691e+002
  1.5184113e+002
  1.5042535e+002
  1.4900957e+002
  1.4759379e+002
  1.4617801e+002
  1.4476224e+002
  1.4334646e+002
  1.4193068e+002
  1.4051490e+002
  1.3909912e+002
  1.3768334e+002
  1.3626756e+002
  1.3485178e+002
  1.3343600e+002
  1.3202022e+002
  1.3060444e+002
  1.2918866e+002
  1.2777289e+002
  1.2635711e+002
  1.2494133e+002
  1.2352555e+002
  1.2210977e+002
  1.2069399e+002
  1.1927821e+002
  1.1786243e+002
  1.1644665e+002
  1.1503087e+002
  1.1361509e+002
  1.1219931e+002
  1.1078353e+002
  1.0936776e+002
  1.0795198e+002
  1.0653620e+002
  1.0512042e+002
  1.0370464e+002
  1.0228886e+002
  1.0087308e+002
  9.9457301e+001
  9.8041522e+001
  9.6625743e+001
  9.5209964e+001
  9.3794185e+001
  9.2378406e+001
  9.0962626e+001
  8.9546847e+001
  8.8131068e+001
  8.6715289e+001
  8.5299510e+001
  8.3883731e+001
  8.2467951e+001
  8.1052172e+001
  7.9636393e+001
  7.8220614e+001
  7.6804835e+001
  7.5389056e+001
  7.3973276e+001
  7.2557497e+001
  7.1141718e+001
