114.000000	114.000000	114.000000	114.000000
185.000000	374.000000	712.000000	374.000000
639.000000	792.000000	525.000000	792.000000
309.000000	654.000000	913.000000	654.000000
3.000000	496.000000	841.000000	496.000000
842.000000	134.000000	995.000000	134.000000
565.000000	865.000000	576.000000	865.000000
452.000000	392.000000	272.000000	392.000000
14.000000	802.000000	299.000000	802.000000
919.000000	202.000000	294.000000	202.000000
961.000000	495.000000	890.000000	495.000000
631.000000	835.000000	535.000000	835.000000
791.000000	47.000000	333.000000	47.000000
610.000000	698.000000	962.000000	698.000000
877.000000	506.000000	508.000000	506.000000
939.000000	935.000000	737.000000	935.000000
90.000000	989.000000	32.000000	989.000000
656.000000	130.000000	342.000000	130.000000
440.000000	96.000000	26.000000	96.000000
612.000000	427.000000	692.000000	427.000000
308.000000	9.000000	435.000000	9.000000
6.000000	221.000000	631.000000	221.000000
1004.000000	212.000000	417.000000	212.000000
757.000000	82.000000	216.000000	82.000000
720.000000	166.000000	909.000000	166.000000
896.000000	447.000000	787.000000	447.000000
128.000000	2.000000	111.000000	2.000000
651.000000	20.000000	216.000000	20.000000
689.000000	990.000000	146.000000	990.000000
409.000000	467.000000	300.000000	467.000000
153.000000	555.000000	171.000000	555.000000
945.000000	616.000000	830.000000	616.000000
647.000000	562.000000	20.000000	562.000000
827.000000	207.000000	1009.000000	207.000000
451.000000	410.000000	332.000000	410.000000
557.000000	965.000000	692.000000	965.000000
298.000000	839.000000	841.000000	839.000000
539.000000	713.000000	267.000000	713.000000
654.000000	65.000000	574.000000	65.000000
425.000000	795.000000	226.000000	795.000000
56.000000	151.000000	589.000000	151.000000
156.000000	96.000000	95.000000	96.000000
447.000000	167.000000	1017.000000	167.000000
773.000000	24.000000	944.000000	24.000000
537.000000	743.000000	972.000000	743.000000
46.000000	491.000000	62.000000	491.000000
565.000000	419.000000	412.000000	419.000000
632.000000	542.000000	225.000000	542.000000
462.000000	386.000000	261.000000	386.000000
530.000000	213.000000	132.000000	213.000000
847.000000	312.000000	369.000000	312.000000
800.000000	903.000000	444.000000	903.000000
698.000000	440.000000	993.000000	440.000000
397.000000	164.000000	663.000000	164.000000
946.000000	68.000000	374.000000	68.000000
1019.000000	118.000000	7.000000	118.000000
848.000000	544.000000	434.000000	544.000000
226.000000	855.000000	336.000000	855.000000
648.000000	660.000000	154.000000	660.000000
835.000000	930.000000	643.000000	930.000000
71.000000	870.000000	722.000000	870.000000
838.000000	838.000000	605.000000	838.000000
303.000000	552.000000	906.000000	552.000000
79.000000	553.000000	376.000000	553.000000
454.000000	856.000000	958.000000	856.000000
545.000000	101.000000	431.000000	101.000000
247.000000	634.000000	329.000000	634.000000
403.000000	857.000000	82.000000	857.000000
898.000000	95.000000	396.000000	95.000000
647.000000	187.000000	415.000000	187.000000
771.000000	160.000000	979.000000	160.000000
556.000000	9.000000	256.000000	9.000000
641.000000	388.000000	59.000000	388.000000
214.000000	485.000000	974.000000	485.000000
841.000000	59.000000	229.000000	59.000000
941.000000	151.000000	236.000000	151.000000
178.000000	739.000000	845.000000	739.000000
887.000000	350.000000	640.000000	350.000000
413.000000	152.000000	294.000000	152.000000
316.000000	950.000000	299.000000	950.000000
692.000000	283.000000	69.000000	283.000000
166.000000	237.000000	981.000000	237.000000
941.000000	711.000000	326.000000	711.000000
987.000000	989.000000	340.000000	989.000000
956.000000	979.000000	35.000000	979.000000
716.000000	516.000000	579.000000	516.000000
181.000000	532.000000	605.000000	532.000000
373.000000	398.000000	4.000000	398.000000
326.000000	833.000000	1017.000000	833.000000
34.000000	84.000000	957.000000	84.000000
820.000000	353.000000	980.000000	353.000000
483.000000	397.000000	882.000000	397.000000
694.000000	324.000000	96.000000	324.000000
511.000000	168.000000	834.000000	168.000000
119.000000	780.000000	35.000000	780.000000
408.000000	823.000000	573.000000	823.000000
967.000000	115.000000	66.000000	115.000000
707.000000	148.000000	181.000000	148.000000
46.000000	730.000000	440.000000	730.000000
267.000000	357.000000	856.000000	357.000000
84.000000	945.000000	985.000000	945.000000
758.000000	714.000000	70.000000	714.000000
606.000000	910.000000	523.000000	910.000000
214.000000	383.000000	849.000000	383.000000
737.000000	685.000000	837.000000	685.000000
421.000000	842.000000	950.000000	842.000000
22.000000	302.000000	497.000000	302.000000
68.000000	750.000000	813.000000	750.000000
787.000000	946.000000	875.000000	946.000000
496.000000	705.000000	494.000000	705.000000
80.000000	924.000000	298.000000	924.000000
276.000000	18.000000	41.000000	18.000000
421.000000	92.000000	1023.000000	92.000000
388.000000	59.000000	537.000000	59.000000
804.000000	34.000000	295.000000	34.000000
