2800	2800	2800	2800	
9960	8646	7878	8646	
9219	7921	7246	7921	
8465	7299	6732	7299	
8142	7025	6485	7025	
7876	6816	6343	6816	
7632	6639	6216	6639	
7411	6476	6080	6476	
7229	6338	5981	6338	
7055	6214	5888	6214	
6874	6082	5794	6082	
6758	5992	5728	5992	
6627	5907	5667	5907	
6503	5827	5613	5827	
6372	5744	5544	5744	
6271	5667	5497	5667	
6158	5592	5417	5592	
6030	5526	5364	5526	
5944	5465	5296	5465	
5853	5399	5229	5399	
5751	5333	5179	5333	
5641	5252	5101	5252	
5546	5184	5042	5184	
5458	5122	4974	5122	
5395	5064	4927	5064	
5329	5020	4897	5020	
5256	4977	4838	4977	
5202	4925	4806	4925	
5141	4883	4767	4883	
5076	4847	4735	4847	
5039	4813	4700	4813	
5003	4785	4683	4785	
4961	4765	4670	4765	
4937	4749	4640	4749	
4919	4735	4641	4735	
4904	4727	4632	4727	
4897	4716	4634	4716	
4887	4712	4624	4712	
4887	4717	4629	4717	
4889	4715	4633	4715	
4908	4721	4647	4721	
4926	4742	4665	4742	
4945	4758	4672	4758	
4974	4775	4698	4775	
5015	4800	4698	4800	
5041	4820	4744	4820	
5101	4858	4770	4858	
5146	4883	4798	4883	
5194	4923	4839	4923	
5254	4963	4896	4963	
5309	5009	4927	5009	
5380	5044	4980	5044	
5462	5095	5022	5095	
5538	5143	5071	5143	
5608	5191	5114	5191	
5698	5250	5164	5250	
5789	5327	5224	5327	
5882	5392	5292	5392	
5979	5459	5351	5459	
6094	5543	5406	5543	
6206	5629	5479	5629	
6321	5725	5552	5725	
6464	5823	5646	5823	
6608	5919	5743	5919	
6773	6049	5842	6049	
6951	6185	5960	6185	
7115	6318	6077	6318	
7281	6454	6177	6454	
7398	6551	6277	6551	
7524	6667	6376	6667	
7699	6800	6583	6800	
9528	8164	7433	8164	
8884	7571	6889	7571	
8281	7120	6535	7120	
7996	6873	6336	6873	
7750	6682	6207	6682	
7528	6506	6059	6506	
7319	6350	5954	6350	
7145	6217	5842	6217	
6964	6094	5764	6094	
6810	5983	5685	5983	
6681	5891	5600	5891	
6549	5803	5543	5803	
6421	5720	5487	5720	
6304	5644	5420	5644	
6185	5565	5366	5565	
6079	5495	5298	5495	
5968	5432	5247	5432	
5875	5369	5184	5369	
5775	5305	5115	5305	
5681	5234	5057	5234	
5577	5157	4987	5157	
5470	5087	4922	5087	
5388	5028	4862	5028	
5321	4978	4822	4978	
5251	4926	4778	4926	
5183	4887	4732	4887	
5125	4834	4692	4834	
5066	4793	4661	4793	
5014	4761	4626	4761	
4973	4735	4598	4735	
4934	4704	4569	4704	
4901	4680	4549	4680	
4872	4664	4541	4664	
4850	4649	4531	4649	
4837	4638	4524	4638	
4825	4626	4517	4626	
4824	4623	4509	4623	
4821	4627	4513	4627	
4818	4629	4523	4629	
4834	4636	4531	4636	
4853	4649	4549	4649	
4879	4666	4554	4666	
4904	4681	4571	4681	
4933	4706	4603	4706	
4973	4733	4628	4733	
5024	4764	4658	4764	
5063	4792	4685	4792	
5122	4826	4708	4826	
5180	4868	4773	4868	
5233	4907	4805	4907	
5311	4955	4856	4955	
5387	5008	4907	5008	
5462	5052	4947	5052	
5534	5104	4993	5104	
5625	5161	5047	5161	
5720	5230	5111	5230	
5813	5295	5164	5295	
5910	5364	5224	5364	
5998	5438	5272	5438	
6125	5519	5353	5519	
6253	5614	5418	5614	
6376	5710	5504	5710	
6511	5806	5585	5806	
6668	5921	5676	5921	
6840	6050	5802	6050	
7017	6188	5913	6188	
7207	6330	6041	6330	
7362	6464	6160	6464	
7441	6548	6245	6548	
7563	6660	6422	6660	
9005	7743	7086	7743	
8551	7338	6716	7338	
8159	7048	6493	7048	
7895	6827	6329	6827	
7659	6646	6191	6646	
7453	6475	6075	6475	
7240	6335	5965	6335	
7071	6201	5867	6201	
6910	6085	5797	6085	
6759	5979	5712	5979	
6619	5875	5635	5875	
6475	5787	5571	5787	
6349	5704	5502	5704	
6234	5627	5445	5627	
6122	5548	5383	5548	
6016	5487	5320	5487	
5910	5420	5265	5420	
5813	5348	5198	5348	
5705	5286	5132	5286	
5612	5219	5070	5219	
5515	5147	5011	5147	
5415	5080	4941	5080	
5329	5020	4891	5020	
5261	4966	4837	4966	
5189	4917	4784	4917	
5125	4877	4751	4877	
5062	4826	4714	4826	
5015	4791	4681	4791	
4967	4749	4643	4749	
4917	4715	4610	4715	
4878	4690	4595	4690	
4843	4665	4570	4665	
4819	4650	4551	4650	
4798	4636	4542	4636	
4780	4623	4535	4623	
4773	4617	4540	4617	
4769	4617	4533	4617	
4759	4617	4533	4617	
4767	4614	4532	4614	
4781	4622	4538	4622	
4794	4633	4563	4633	
4817	4650	4573	4650	
4846	4668	4583	4668	
4878	4692	4604	4692	
4920	4715	4637	4715	
4959	4740	4665	4740	
5002	4771	4693	4771	
5053	4808	4726	4808	
5111	4848	4775	4848	
5180	4894	4819	4894	
5242	4941	4872	4941	
5318	4993	4916	4993	
5399	5040	4969	5040	
5480	5092	5017	5092	
5559	5150	5057	5150	
5650	5216	5105	5216	
5755	5282	5173	5282	
5858	5357	5243	5357	
5948	5426	5290	5426	
6061	5505	5352	5505	
6191	5597	5439	5597	
6321	5703	5531	5703	
6447	5795	5596	5795	
6597	5902	5686	5902	
6751	6023	5800	6023	
6933	6156	5904	6156	
7122	6307	6035	6307	
7329	6472	6168	6472	
7533	6623	6309	6623	
7604	6703	6494	6703	
8675	7429	6839	7429	
8333	7156	6593	7156	
8036	6936	6450	6936	
7784	6746	6289	6746	
7569	6573	6163	6573	
7367	6412	6061	6412	
7185	6270	5959	6270	
7005	6145	5873	6145	
6850	6038	5797	6038	
6705	5927	5715	5927	
6560	5823	5635	5823	
6418	5728	5555	5728	
6291	5647	5492	5647	
6176	5575	5446	5575	
6061	5495	5369	5495	
5945	5429	5313	5429	
5848	5360	5258	5360	
5744	5290	5200	5290	
5638	5224	5129	5224	
5545	5159	5054	5159	
5460	5097	5005	5097	
5364	5029	4948	5029	
5281	4972	4897	4972	
5211	4924	4840	4924	
5142	4874	4796	4874	
5078	4829	4763	4829	
5014	4787	4713	4787	
4965	4747	4686	4747	
4915	4703	4647	4703	
4868	4674	4607	4674	
4826	4650	4601	4650	
4796	4624	4580	4624	
4766	4604	4555	4604	
4742	4589	4541	4589	
4723	4580	4541	4580	
4717	4574	4531	4574	
4710	4571	4536	4571	
4710	4570	4533	4570	
4712	4570	4538	4570	
4723	4580	4533	4580	
4741	4589	4547	4589	
4759	4602	4559	4602	
4785	4621	4575	4621	
4821	4640	4599	4640	
4854	4661	4628	4661	
4905	4697	4657	4697	
4942	4726	4688	4726	
4992	4760	4725	4760	
5060	4797	4770	4797	
5121	4846	4817	4846	
5197	4891	4863	4891	
5266	4937	4913	4937	
5350	4998	4973	4998	
5427	5044	5026	5044	
5503	5106	5071	5106	
5590	5164	5122	5164	
5686	5226	5173	5226	
5799	5298	5237	5298	
5895	5374	5293	5374	
6002	5444	5345	5444	
6122	5539	5438	5539	
6248	5637	5522	5637	
6394	5748	5613	5748	
6538	5859	5699	5859	
6694	5965	5785	5965	
6847	6088	5878	6088	
7031	6221	6003	6221	
7223	6384	6136	6384	
7476	6563	6298	6563	
7661	6711	6530	6711	
8399	7213	6667	7213	
8188	7035	6512	7035	
7932	6862	6379	6862	
7699	6669	6238	6669	
7498	6504	6132	6504	
7286	6348	6016	6348	
7113	6217	5927	6217	
6941	6098	5856	6098	
6796	5987	5779	5987	
6651	5879	5692	5879	
6501	5785	5625	5785	
6359	5687	5552	5687	
6245	5613	5487	5613	
6135	5539	5424	5539	
6009	5454	5348	5454	
5891	5381	5290	5381	
5790	5307	5229	5307	
5690	5242	5165	5242	
5579	5170	5103	5170	
5491	5111	5039	5111	
5409	5051	4979	5051	
5307	4981	4916	4981	
5231	4928	4874	4928	
5161	4880	4822	4880	
5095	4833	4775	4833	
5025	4795	4745	4795	
4967	4749	4699	4749	
4915	4707	4668	4707	
4863	4667	4632	4667	
4817	4636	4599	4636	
4778	4612	4584	4612	
4741	4586	4555	4586	
4711	4564	4535	4564	
4683	4545	4523	4545	
4675	4533	4513	4533	
4661	4522	4497	4522	
4651	4513	4482	4513	
4664	4529	4510	4529	
4659	4517	4502	4517	
4671	4529	4513	4529	
4687	4546	4532	4546	
4704	4559	4546	4559	
4730	4574	4557	4574	
4765	4601	4579	4601	
4792	4616	4609	4616	
4837	4644	4643	4644	
4886	4676	4665	4676	
4934	4716	4700	4716	
5001	4755	4744	4755	
5066	4802	4799	4802	
5143	4852	4837	4852	
5214	4900	4899	4900	
5294	4953	4952	4953	
5376	5006	5007	5006	
5457	5063	5056	5063	
5545	5121	5108	5121	
5643	5185	5144	5185	
5741	5256	5212	5256	
5849	5325	5265	5325	
5958	5402	5339	5402	
6057	5488	5405	5488	
6182	5581	5493	5581	
6325	5688	5573	5688	
6466	5794	5667	5794	
6609	5909	5753	5909	
6769	6021	5849	6021	
6934	6154	5961	6154	
7139	6309	6086	6309	
7365	6482	6247	6482	
7557	6638	6489	6638	
8219	7089	6572	7089	
8042	6934	6429	6934	
7826	6783	6316	6783	
7603	6592	6195	6592	
7393	6434	6081	6434	
7213	6284	5977	6284	
7038	6161	5891	6161	
6863	6035	5815	6035	
6720	5930	5747	5930	
6578	5831	5671	5831	
6435	5727	5588	5727	
6308	5641	5507	5641	
6182	5562	5447	5562	
6067	5486	5398	5486	
5950	5402	5326	5402	
5825	5334	5271	5334	
5728	5262	5203	5262	
5625	5187	5127	5187	
5510	5123	5054	5123	
5421	5060	5003	5060	
5330	4999	4948	4999	
5248	4935	4883	4935	
5159	4884	4848	4884	
5096	4837	4802	4837	
5030	4788	4757	4788	
4968	4750	4717	4750	
4899	4699	4674	4699	
4847	4667	4639	4667	
4803	4626	4603	4626	
4763	4594	4573	4594	
4720	4569	4553	4569	
4687	4546	4526	4546	
4654	4522	4508	4522	
4626	4505	4490	4505	
4615	4489	4483	4489	
4600	4474	4467	4474	
4613	4494	4485	4494	
4697	4587	4593	4587	
4601	4480	4481	4480	
4610	4480	4474	4480	
4621	4494	4502	4494	
4645	4512	4512	4512	
4671	4524	4521	4524	
4705	4551	4539	4551	
4738	4571	4570	4571	
4783	4603	4608	4603	
4826	4633	4636	4633	
4873	4662	4676	4662	
4943	4708	4713	4708	
5004	4755	4763	4755	
5076	4801	4807	4801	
5141	4844	4862	4844	
5232	4896	4907	4896	
5316	4955	4969	4955	
5402	5015	5020	5015	
5493	5076	5073	5076	
5580	5136	5132	5136	
5675	5201	5176	5201	
5776	5268	5230	5268	
5886	5354	5302	5354	
5985	5432	5372	5432	
6109	5521	5437	5521	
6239	5615	5523	5615	
6395	5735	5608	5735	
6540	5843	5701	5843	
6691	5958	5785	5958	
6846	6077	5903	6077	
7022	6232	6017	6232	
7243	6391	6187	6391	
7436	6540	6418	6540	
8075	6975	6478	6975	
7934	6840	6363	6840	
7717	6695	6256	6695	
7516	6519	6153	6519	
7314	6372	6034	6372	
7128	6225	5937	6225	
6952	6096	5852	6096	
6793	5981	5773	5981	
6654	5879	5703	5879	
6513	5780	5634	5780	
6370	5684	5555	5684	
6243	5597	5481	5597	
6127	5518	5414	5518	
6010	5439	5362	5439	
5883	5352	5289	5352	
5760	5283	5220	5283	
5659	5209	5160	5209	
5546	5140	5089	5140	
5451	5070	5027	5070	
5360	5007	4965	5007	
5270	4952	4907	4952	
5184	4892	4858	4892	
5108	4842	4817	4842	
5045	4790	4767	4790	
4974	4745	4715	4745	
4904	4703	4679	4703	
4848	4653	4622	4653	
4789	4615	4593	4615	
4745	4582	4575	4582	
4707	4552	4542	4552	
4660	4524	4520	4524	
4633	4504	4490	4504	
4596	4478	4476	4478	
4576	4465	4463	4465	
4559	4446	4455	4446	
4545	4435	4437	4435	
4537	4427	4426	4427	
4551	4444	4455	4444	
4544	4441	4456	4441	
4553	4440	4450	4440	
4565	4454	4469	4454	
4588	4466	4475	4466	
4612	4482	4487	4482	
4649	4508	4512	4508	
4683	4533	4536	4533	
4723	4555	4565	4555	
4773	4588	4603	4588	
4817	4619	4637	4619	
4877	4655	4677	4655	
4936	4700	4718	4700	
5011	4747	4773	4747	
5094	4798	4821	4798	
5169	4854	4861	4854	
5255	4904	4928	4904	
5339	4967	4987	4967	
5422	5027	5033	5027	
5509	5084	5080	5084	
5612	5151	5141	5151	
5702	5215	5186	5215	
5814	5300	5255	5300	
5922	5391	5319	5391	
6038	5469	5403	5469	
6161	5562	5475	5562	
6306	5669	5560	5669	
6454	5781	5644	5781	
6607	5894	5742	5894	
6763	6015	5835	6015	
6937	6153	5957	6153	
7141	6313	6114	6313	
7323	6455	6343	6455	
7986	6885	6397	6885	
7840	6758	6296	6758	
7643	6633	6215	6633	
7416	6450	6085	6450	
7230	6303	5979	6303	
7049	6163	5880	6163	
6890	6043	5799	6043	
6730	5927	5723	5927	
6590	5824	5659	5824	
6443	5724	5592	5724	
6316	5639	5529	5639	
6196	5563	5458	5563	
6074	5482	5398	5482	
5951	5398	5332	5398	
5827	5314	5257	5314	
5709	5233	5189	5233	
5589	5163	5120	5163	
5490	5095	5053	5095	
5386	5019	4984	5019	
5301	4962	4927	4962	
5214	4908	4872	4908	
5128	4848	4812	4848	
5050	4796	4767	4796	
4981	4747	4733	4747	
4917	4701	4678	4701	
4852	4663	4641	4663	
4787	4609	4599	4609	
4732	4577	4566	4577	
4688	4537	4531	4537	
4649	4513	4507	4513	
4607	4487	4485	4487	
4577	4465	4462	4465	
4555	4441	4439	4441	
4536	4426	4436	4426	
4516	4418	4426	4418	
4503	4403	4411	4403	
4497	4396	4408	4396	
4497	4400	4405	4400	
4498	4398	4412	4398	
4503	4405	4420	4405	
4518	4418	4436	4418	
4540	4428	4439	4428	
4568	4443	4458	4443	
4599	4465	4484	4465	
4625	4488	4510	4488	
4664	4510	4529	4510	
4711	4545	4566	4545	
4764	4571	4599	4571	
4814	4609	4634	4609	
4886	4655	4679	4655	
4956	4702	4722	4702	
5027	4747	4764	4747	
5104	4801	4825	4801	
5184	4864	4891	4864	
5280	4921	4945	4921	
5363	4983	4999	4983	
5450	5048	5043	5048	
5551	5110	5097	5110	
5640	5172	5164	5172	
5742	5246	5220	5246	
5858	5331	5284	5331	
5970	5415	5356	5415	
6086	5502	5414	5502	
6223	5609	5505	5609	
6378	5724	5598	5724	
6528	5839	5700	5839	
6688	5955	5790	5955	
6859	6098	5902	6098	
7069	6250	6035	6250	
7231	6375	6269	6375	
7876	6812	6320	6812	
7747	6683	6231	6683	
7536	6548	6145	6548	
7325	6381	6047	6381	
7144	6232	5934	6232	
6978	6092	5833	6092	
6802	5973	5744	5973	
6648	5873	5685	5873	
6510	5770	5616	5770	
6380	5680	5542	5680	
6247	5593	5491	5593	
6128	5513	5441	5513	
6011	5434	5364	5434	
5892	5355	5295	5355	
5767	5271	5220	5271	
5649	5193	5157	5193	
5539	5112	5081	5112	
5432	5045	5012	5045	
5325	4976	4939	4976	
5235	4917	4887	4917	
5147	4859	4823	4859	
5064	4799	4769	4799	
4983	4747	4729	4747	
4918	4703	4685	4703	
4860	4654	4642	4654	
4792	4613	4598	4613	
4726	4571	4561	4571	
4676	4536	4518	4536	
4632	4497	4494	4497	
4589	4474	4475	4474	
4559	4447	4448	4447	
4531	4427	4433	4427	
4500	4406	4414	4406	
4486	4392	4400	4392	
4464	4380	4395	4380	
4451	4373	4388	4373	
4452	4368	4387	4368	
4452	4368	4379	4368	
4455	4369	4381	4369	
4463	4372	4396	4372	
4476	4383	4408	4383	
4495	4389	4409	4389	
4514	4399	4425	4399	
4541	4421	4451	4421	
4561	4437	4463	4437	
4605	4463	4496	4463	
4647	4491	4522	4491	
4701	4529	4555	4529	
4756	4563	4592	4563	
4816	4605	4639	4605	
4885	4650	4688	4650	
4961	4705	4737	4705	
5034	4752	4787	4752	
5111	4812	4839	4812	
5204	4875	4895	4875	
5302	4932	4965	4932	
5394	4993	5012	4993	
5487	5059	5059	5059	
5575	5127	5119	5127	
5678	5193	5173	5193	
5792	5280	5234	5280	
5903	5363	5311	5363	
6024	5453	5367	5453	
6165	5546	5450	5546	
6298	5663	5547	5663	
6458	5780	5645	5780	
6607	5893	5736	5893	
6776	6032	5852	6032	
6976	6178	5972	6178	
7147	6308	6188	6308	
7759	6715	6228	6715	
7625	6593	6141	6593	
7411	6461	6060	6461	
7230	6294	5952	6294	
7048	6159	5858	6159	
6915	6053	5792	6053	
6748	5926	5717	5926	
6579	5808	5618	5808	
6436	5717	5550	5717	
6314	5628	5505	5628	
6182	5543	5433	5543	
6064	5461	5377	5461	
5939	5381	5311	5381	
5829	5296	5237	5296	
5700	5218	5164	5218	
5587	5137	5108	5137	
5474	5065	5037	5065	
5371	4995	4965	4995	
5271	4933	4903	4933	
5181	4866	4844	4866	
5091	4806	4773	4806	
5005	4749	4728	4749	
4923	4694	4678	4694	
4855	4643	4631	4643	
4785	4606	4595	4606	
4731	4561	4551	4561	
4669	4518	4516	4518	
4620	4484	4478	4484	
4574	4454	4452	4454	
4544	4426	4429	4426	
4504	4404	4415	4404	
4478	4387	4404	4387	
4460	4370	4386	4370	
4442	4361	4379	4361	
4433	4357	4376	4357	
4419	4342	4360	4342	
4413	4340	4355	4340	
4407	4338	4362	4338	
4414	4334	4360	4334	
4426	4341	4363	4341	
4432	4346	4375	4346	
4448	4356	4376	4356	
4459	4365	4386	4365	
4483	4379	4404	4379	
4513	4393	4423	4393	
4552	4417	4446	4417	
4588	4443	4483	4443	
4633	4476	4506	4476	
4687	4509	4540	4509	
4747	4555	4582	4555	
4818	4602	4637	4602	
4890	4650	4693	4650	
4964	4698	4739	4698	
5049	4754	4795	4754	
5131	4813	4846	4813	
5225	4872	4897	4872	
5323	4933	4947	4933	
5418	5006	5016	5006	
5509	5075	5078	5075	
5606	5144	5124	5144	
5715	5219	5180	5219	
5837	5303	5231	5303	
5961	5396	5319	5396	
6091	5490	5387	5490	
6217	5602	5488	5602	
6373	5719	5585	5719	
6521	5834	5671	5834	
6683	5962	5784	5962	
6868	6109	5911	6109	
7046	6233	6115	6233	
7647	6632	6172	6632	
7514	6503	6073	6503	
7352	6407	6018	6407	
7175	6257	5935	6257	
6971	6093	5803	6093	
6837	5998	5731	5998	
6675	5877	5662	5877	
6514	5753	5577	5753	
6381	5665	5521	5665	
6253	5574	5455	5574	
6125	5500	5389	5500	
6002	5421	5329	5421	
5878	5340	5265	5340	
5765	5258	5200	5258	
5643	5171	5124	5171	
5523	5091	5061	5091	
5409	5021	4996	5021	
5307	4947	4917	4947	
5208	4878	4851	4878	
5110	4816	4793	4816	
5023	4757	4745	4757	
4938	4697	4685	4697	
4866	4645	4627	4645	
4804	4605	4592	4605	
4727	4560	4550	4560	
4667	4514	4511	4514	
4614	4474	4475	4474	
4567	4440	4437	4440	
4522	4413	4413	4413	
4487	4388	4392	4388	
4456	4368	4380	4368	
4436	4355	4374	4355	
4417	4339	4357	4339	
4396	4325	4344	4325	
4388	4318	4337	4318	
4376	4310	4332	4310	
4366	4302	4325	4302	
4366	4301	4319	4301	
4368	4299	4332	4299	
4376	4303	4328	4303	
4389	4316	4347	4316	
4403	4323	4353	4323	
4412	4328	4351	4328	
4435	4339	4370	4339	
4462	4353	4382	4353	
4496	4374	4404	4374	
4537	4401	4432	4401	
4578	4434	4464	4434	
4625	4461	4491	4461	
4692	4506	4539	4506	
4756	4547	4593	4547	
4825	4594	4640	4594	
4905	4644	4687	4644	
4985	4697	4739	4697	
5067	4756	4796	4756	
5152	4823	4852	4823	
5252	4888	4902	4888	
5356	4960	4970	4960	
5451	5018	5024	5018	
5553	5094	5067	5094	
5656	5167	5139	5167	
5762	5247	5193	5247	
5891	5348	5266	5348	
6016	5442	5343	5442	
6149	5540	5435	5540	
6305	5657	5526	5657	
6447	5774	5609	5774	
6605	5900	5720	5900	
6785	6040	5848	6040	
6938	6151	6052	6151	
7555	6545	6080	6545	
7428	6441	6000	6441	
7224	6305	5909	6305	
7046	6151	5835	6151	
6880	6030	5758	6030	
6739	5909	5654	5909	
6583	5793	5589	5793	
6443	5706	5530	5706	
6305	5614	5465	5614	
6180	5525	5403	5525	
6051	5442	5345	5442	
5931	5356	5281	5356	
5804	5279	5218	5279	
5690	5204	5150	5204	
5569	5121	5078	5121	
5460	5041	5005	5041	
5346	4965	4941	4965	
5245	4896	4871	4896	
5145	4833	4803	4833	
5051	4771	4747	4771	
4960	4705	4692	4705	
4874	4650	4633	4650	
4796	4599	4584	4599	
4738	4557	4544	4557	
4664	4501	4498	4501	
4608	4466	4461	4466	
4551	4422	4418	4422	
4514	4398	4400	4398	
4472	4372	4371	4372	
4443	4350	4361	4350	
4423	4338	4357	4338	
4386	4321	4337	4321	
4368	4302	4317	4302	
4340	4288	4309	4288	
4327	4279	4295	4279	
4316	4266	4279	4266	
4312	4260	4283	4260	
4315	4264	4288	4264	
4314	4262	4287	4262	
4321	4262	4291	4262	
4335	4271	4302	4271	
4347	4284	4313	4284	
4367	4293	4315	4293	
4391	4302	4320	4302	
4404	4312	4343	4312	
4440	4332	4361	4332	
4477	4354	4385	4354	
4515	4381	4408	4381	
4565	4408	4436	4408	
4618	4455	4485	4455	
4694	4493	4530	4493	
4765	4547	4588	4547	
4841	4597	4644	4597	
4918	4655	4695	4655	
5003	4705	4750	4705	
5088	4767	4797	4767	
5184	4833	4849	4833	
5287	4903	4913	4903	
5384	4966	4972	4966	
5473	5044	5030	5044	
5593	5120	5087	5120	
5702	5195	5151	5195	
5815	5290	5221	5290	
5942	5381	5294	5381	
6072	5483	5368	5483	
6218	5593	5462	5593	
6359	5710	5551	5710	
6511	5828	5652	5828	
6696	5966	5780	5966	
6840	6081	5984	6081	
7469	6476	6012	6476	
7353	6368	5924	6368	
7156	6251	5862	6251	
6963	6082	5753	6082	
6806	5970	5671	5970	
6659	5854	5602	5854	
6509	5742	5534	5742	
6369	5645	5477	5645	
6252	5564	5419	5564	
6121	5479	5356	5479	
6002	5391	5299	5391	
5867	5308	5232	5308	
5741	5230	5169	5230	
5628	5147	5104	5147	
5508	5064	5030	5064	
5398	4996	4957	4996	
5288	4925	4900	4925	
5176	4850	4839	4850	
5080	4782	4763	4782	
4993	4723	4705	4723	
4904	4661	4650	4661	
4819	4605	4583	4605	
4741	4555	4543	4555	
4687	4513	4510	4513	
4615	4467	4454	4467	
4564	4429	4419	4429	
4514	4391	4391	4391	
4473	4365	4365	4365	
4431	4341	4344	4341	
4397	4320	4331	4320	
4367	4301	4318	4301	
4344	4283	4295	4283	
4323	4266	4285	4266	
4301	4255	4276	4255	
4289	4247	4263	4247	
4276	4235	4252	4235	
4274	4231	4245	4231	
4268	4228	4248	4228	
4263	4226	4249	4226	
4276	4229	4252	4229	
4282	4233	4256	4233	
4305	4243	4265	4243	
4314	4251	4274	4251	
4343	4265	4286	4265	
4366	4280	4312	4280	
4400	4297	4327	4297	
4428	4314	4345	4314	
4462	4337	4369	4337	
4507	4364	4400	4364	
4569	4409	4452	4409	
4640	4452	4484	4452	
4708	4502	4543	4502	
4776	4551	4588	4551	
4855	4604	4653	4604	
4943	4661	4705	4661	
5032	4720	4745	4720	
5114	4781	4804	4781	
5219	4851	4868	4851	
5319	4920	4913	4920	
5419	4996	4983	4996	
5524	5076	5039	5076	
5637	5150	5110	5150	
5747	5236	5166	5236	
5877	5325	5233	5325	
6005	5429	5323	5429	
6143	5533	5406	5533	
6275	5657	5497	5657	
6438	5775	5590	5775	
6623	5898	5714	5898	
6773	6021	5917	6021	
7382	6416	5964	6416	
7255	6300	5855	6300	
7088	6178	5793	6178	
6893	6027	5699	6027	
6746	5917	5639	5917	
6600	5802	5553	5802	
6453	5697	5488	5697	
6315	5597	5431	5597	
6201	5515	5379	5515	
6069	5431	5323	5431	
5940	5351	5258	5351	
5816	5264	5186	5264	
5702	5190	5124	5190	
5581	5115	5061	5115	
5466	5034	4995	5034	
5352	4960	4927	4960	
5242	4889	4863	4889	
5138	4814	4789	4814	
5037	4742	4723	4742	
4940	4682	4664	4682	
4858	4624	4600	4624	
4775	4566	4549	4566	
4699	4516	4508	4516	
4634	4470	4461	4470	
4581	4428	4418	4428	
4522	4393	4383	4393	
4475	4361	4352	4361	
4436	4338	4335	4338	
4406	4313	4314	4313	
4362	4286	4286	4286	
4325	4261	4271	4261	
4302	4247	4261	4247	
4280	4239	4246	4239	
4265	4226	4235	4226	
4254	4216	4226	4216	
4244	4213	4226	4213	
4236	4203	4215	4203	
4231	4199	4211	4199	
4228	4193	4213	4193	
4236	4193	4217	4193	
4244	4202	4227	4202	
4261	4210	4231	4210	
4279	4217	4238	4217	
4303	4235	4250	4235	
4334	4249	4276	4249	
4360	4265	4294	4265	
4389	4286	4316	4286	
4429	4306	4338	4306	
4470	4333	4365	4333	
4520	4374	4406	4374	
4588	4414	4444	4414	
4650	4458	4484	4458	
4729	4511	4542	4511	
4802	4561	4605	4561	
4885	4615	4662	4615	
4974	4673	4704	4673	
5067	4738	4755	4738	
5167	4810	4816	4810	
5261	4873	4875	4873	
5362	4955	4933	4955	
5472	5030	5006	5030	
5573	5106	5066	5106	
5681	5193	5125	5193	
5815	5283	5190	5283	
5948	5379	5262	5379	
6080	5482	5351	5482	
6225	5601	5444	5601	
6385	5716	5540	5716	
6556	5856	5669	5856	
6712	5974	5864	5974	
7312	6343	5909	6343	
7184	6226	5800	6226	
7002	6118	5725	6118	
6825	5976	5663	5976	
6687	5869	5577	5869	
6533	5746	5497	5746	
6384	5642	5435	5642	
6260	5556	5380	5556	
6137	5466	5327	5466	
6019	5391	5275	5391	
5888	5310	5215	5310	
5762	5225	5144	5225	
5650	5148	5079	5148	
5536	5078	5015	5078	
5413	4997	4952	4997	
5303	4922	4889	4922	
5198	4849	4824	4849	
5085	4775	4746	4775	
4989	4709	4674	4709	
4897	4647	4625	4647	
4812	4587	4560	4587	
4729	4529	4514	4529	
4662	4483	4468	4483	
4598	4439	4429	4439	
4542	4395	4382	4395	
4491	4369	4364	4369	
4434	4330	4315	4330	
4402	4304	4300	4304	
4360	4280	4273	4280	
4323	4252	4246	4252	
4294	4236	4241	4236	
4310	4259	4267	4259	
4290	4251	4264	4251	
4223	4195	4210	4195	
4213	4186	4201	4186	
4205	4183	4195	4183	
4199	4178	4189	4178	
4195	4169	4183	4169	
4190	4164	4183	4164	
4198	4166	4184	4166	
4208	4171	4192	4171	
4230	4186	4204	4186	
4242	4192	4207	4192	
4264	4208	4224	4208	
4296	4219	4241	4219	
4326	4236	4261	4236	
4350	4254	4276	4254	
4379	4272	4298	4272	
4428	4296	4321	4296	
4474	4334	4366	4334	
4539	4372	4405	4372	
4612	4424	4459	4424	
4681	4475	4507	4475	
4754	4523	4566	4523	
4840	4577	4614	4577	
4926	4636	4671	4636	
5019	4700	4712	4700	
5115	4767	4779	4767	
5206	4833	4827	4833	
5312	4912	4891	4912	
5424	4994	4962	4994	
5523	5072	5023	5072	
5644	5154	5081	5154	
5764	5245	5162	5245	
5894	5341	5231	5341	
6029	5438	5306	5438	
6169	5551	5401	5551	
6330	5668	5494	5668	
6492	5807	5616	5807	
6648	5922	5815	5922	
7242	6298	5851	6298	
7129	6187	5737	6187	
6952	6071	5679	6071	
6769	5935	5610	5935	
6643	5834	5544	5834	
6494	5715	5466	5715	
6325	5610	5387	5610	
6338	5637	5444	5637	
6121	5463	5321	5463	
5977	5357	5233	5357	
5850	5280	5173	5280	
5723	5197	5100	5197	
5609	5115	5044	5115	
5493	5038	4974	5038	
5374	4963	4910	4963	
5267	4889	4847	4889	
5157	4815	4780	4815	
5052	4744	4716	4744	
4953	4682	4641	4682	
4860	4617	4586	4617	
4780	4561	4527	4561	
4704	4508	4483	4508	
4630	4457	4437	4457	
4566	4413	4390	4413	
4505	4371	4359	4371	
4454	4344	4329	4344	
4407	4309	4290	4309	
4370	4286	4271	4286	
4331	4259	4243	4259	
4288	4232	4226	4232	
4260	4212	4214	4212	
4255	4213	4216	4213	
4235	4204	4211	4204	
4197	4169	4172	4169	
4184	4162	4175	4162	
4178	4161	4172	4161	
4172	4151	4161	4151	
4170	4148	4161	4148	
4155	4142	4158	4142	
4164	4144	4163	4144	
4176	4152	4172	4152	
4190	4158	4171	4158	
4205	4165	4180	4165	
4233	4180	4184	4180	
4264	4193	4203	4193	
4295	4210	4222	4210	
4320	4227	4242	4227	
4358	4245	4269	4245	
4397	4274	4304	4274	
4441	4305	4334	4305	
4499	4345	4369	4345	
4565	4390	4426	4390	
4643	4444	4470	4444	
4722	4490	4520	4490	
4810	4551	4583	4551	
4890	4607	4631	4607	
4974	4669	4677	4669	
5075	4740	4741	4740	
5174	4808	4786	4808	
5278	4881	4859	4881	
5383	4961	4921	4961	
5486	5039	4985	5039	
5597	5119	5047	5119	
5717	5208	5102	5208	
5849	5304	5186	5304	
5978	5399	5258	5399	
6116	5516	5352	5516	
6279	5626	5452	5626	
6432	5754	5559	5754	
6589	5871	5750	5871	
7194	6262	5804	6262	
7081	6154	5708	6154	
6896	6030	5625	6030	
6734	5895	5558	5895	
6608	5805	5502	5805	
6458	5692	5435	5692	
6321	5589	5363	5589	
6199	5514	5326	5514	
6072	5417	5264	5417	
5944	5335	5206	5335	
5824	5257	5152	5257	
5697	5174	5083	5174	
5587	5096	5018	5096	
5464	5018	4948	5018	
5356	4951	4899	4951	
5245	4871	4835	4871	
5132	4799	4764	4799	
5021	4723	4693	4723	
4932	4663	4626	4663	
4844	4599	4572	4599	
4758	4543	4508	4543	
4675	4484	4459	4484	
4601	4439	4413	4439	
4540	4395	4373	4395	
4485	4352	4323	4352	
4434	4321	4304	4321	
4388	4288	4272	4288	
4353	4263	4246	4263	
4302	4235	4216	4235	
4270	4213	4205	4213	
4242	4195	4191	4195	
4218	4182	4180	4182	
4195	4163	4168	4163	
4177	4153	4155	4153	
4168	4147	4152	4147	
4158	4148	4151	4148	
4145	4132	4135	4132	
4136	4128	4133	4128	
4142	4123	4139	4123	
4141	4125	4143	4125	
4154	4134	4149	4134	
4166	4140	4149	4140	
4182	4146	4155	4146	
4207	4161	4169	4161	
4237	4175	4193	4175	
4265	4192	4203	4192	
4303	4214	4222	4214	
4340	4233	4257	4233	
4378	4260	4280	4260	
4417	4290	4321	4290	
4474	4324	4352	4324	
4538	4367	4398	4367	
4614	4417	4445	4417	
4687	4464	4500	4464	
4781	4525	4546	4525	
4868	4580	4595	4580	
4954	4645	4652	4645	
5054	4714	4714	4714	
5149	4784	4766	4784	
5251	4854	4828	4854	
5352	4936	4894	4936	
5458	5012	4958	5012	
5568	5091	5014	5091	
5677	5180	5079	5180	
5805	5275	5157	5275	
5939	5369	5238	5369	
6085	5475	5322	5475	
6245	5599	5418	5599	
6400	5730	5526	5730	
6550	5833	5733	5833	
7160	6236	5755	6236	
7029	6108	5664	6108	
6838	5987	5578	5987	
6715	5878	5545	5878	
6585	5786	5488	5786	
6435	5671	5417	5671	
6301	5570	5343	5570	
6172	5483	5294	5483	
6061	5408	5244	5408	
5929	5326	5183	5326	
5810	5241	5129	5241	
5679	5154	5056	5154	
5563	5074	4991	5074	
5439	4998	4925	4998	
5327	4923	4861	4923	
5224	4853	4805	4853	
5115	4783	4738	4783	
5004	4710	4676	4710	
4918	4652	4609	4652	
4831	4591	4547	4591	
4739	4530	4492	4530	
4655	4470	4443	4470	
4582	4419	4393	4419	
4524	4377	4352	4377	
4466	4337	4302	4337	
4414	4305	4286	4305	
4372	4275	4251	4275	
4333	4252	4236	4252	
4288	4223	4201	4223	
4257	4202	4186	4202	
4224	4176	4176	4176	
4201	4164	4158	4164	
4180	4148	4141	4148	
4160	4141	4139	4141	
4153	4137	4143	4137	
4143	4127	4127	4127	
4123	4116	4118	4116	
4123	4115	4119	4115	
4122	4111	4119	4111	
4127	4112	4126	4112	
4133	4115	4130	4115	
4146	4124	4135	4124	
4167	4131	4139	4131	
4195	4145	4155	4145	
4217	4158	4170	4158	
4249	4180	4189	4180	
4285	4196	4211	4196	
4322	4219	4243	4219	
4360	4244	4271	4244	
4404	4275	4300	4275	
4454	4305	4333	4305	
4516	4352	4367	4352	
4587	4396	4415	4396	
4663	4443	4470	4443	
4753	4501	4523	4501	
4840	4563	4578	4563	
4922	4629	4634	4629	
5035	4693	4690	4693	
5122	4760	4742	4760	
5227	4838	4806	4838	
5330	4915	4869	4915	
5429	4997	4929	4997	
5539	5071	4985	5071	
5653	5159	5051	5159	
5776	5253	5136	5253	
5905	5350	5208	5350	
6054	5459	5300	5459	
6208	5582	5392	5582	
6368	5709	5509	5709	
6516	5820	5683	5820	
7150	6219	5749	6219	
7024	6109	5658	6109	
6898	6026	5635	6026	
6737	5905	5566	5905	
6573	5776	5484	5776	
6419	5663	5405	5663	
6293	5571	5347	5571	
6170	5482	5297	5482	
6050	5404	5237	5404	
5925	5321	5182	5321	
5793	5234	5110	5234	
5663	5142	5044	5142	
5554	5065	4980	5065	
5443	4991	4929	4991	
5321	4915	4855	4915	
5209	4849	4806	4849	
5105	4778	4732	4778	
5005	4708	4672	4708	
4908	4641	4609	4641	
4811	4583	4543	4583	
4726	4521	4486	4521	
4638	4461	4430	4461	
4573	4416	4381	4416	
4511	4374	4348	4374	
4459	4333	4315	4333	
4414	4307	4285	4307	
4363	4270	4257	4270	
4321	4241	4228	4241	
4277	4211	4195	4211	
4243	4191	4169	4191	
4213	4170	4164	4170	
4191	4157	4158	4157	
4167	4143	4142	4143	
4153	4137	4134	4137	
4137	4125	4123	4125	
4119	4108	4106	4108	
4109	4104	4108	4104	
4108	4108	4112	4108	
4110	4107	4118	4107	
4117	4106	4114	4106	
4118	4113	4113	4113	
4135	4116	4124	4116	
4156	4126	4137	4126	
4182	4136	4150	4136	
4206	4153	4170	4153	
4239	4173	4191	4173	
4269	4191	4201	4191	
4311	4214	4238	4214	
4349	4238	4261	4238	
4386	4267	4291	4267	
4438	4296	4317	4296	
4502	4338	4362	4338	
4574	4383	4412	4383	
4654	4435	4466	4435	
4737	4496	4510	4496	
4821	4556	4558	4556	
4912	4614	4620	4614	
5015	4684	4672	4684	
5101	4752	4727	4752	
5208	4824	4795	4824	
5308	4904	4855	4904	
5414	4981	4914	4981	
5523	5060	4965	5060	
5640	5147	5046	5147	
5766	5247	5132	5247	
5886	5335	5209	5335	
6036	5446	5287	5446	
6194	5567	5390	5567	
6352	5689	5499	5689	
6508	5797	5688	5797	
7178	6238	5786	6238	
7052	6129	5682	6129	
6901	6034	5631	6034	
6735	5897	5565	5897	
6573	5777	5470	5777	
6429	5667	5406	5667	
6303	5567	5345	5567	
6187	5493	5299	5493	
6047	5407	5239	5407	
5917	5321	5185	5321	
5789	5236	5111	5236	
5667	5146	5044	5146	
5551	5063	4987	5063	
5438	4991	4920	4991	
5320	4911	4862	4911	
5206	4845	4788	4845	
5104	4776	4727	4776	
5001	4708	4672	4708	
4911	4642	4600	4642	
4810	4578	4528	4578	
4717	4511	4480	4511	
4634	4452	4426	4452	
4565	4410	4382	4410	
4510	4367	4347	4367	
4456	4333	4311	4333	
4409	4307	4283	4307	
4361	4272	4255	4272	
4321	4240	4225	4240	
4278	4212	4198	4212	
4245	4192	4178	4192	
4208	4169	4160	4169	
4189	4153	4150	4153	
4160	4139	4132	4139	
4136	4125	4115	4125	
4123	4111	4104	4111	
4111	4104	4104	4104	
4096	4097	4096	4097	
4100	4099	4101	4099	
4104	4101	4108	4101	
4112	4107	4110	4107	
4119	4113	4122	4113	
4135	4119	4122	4119	
4151	4118	4127	4118	
4177	4135	4140	4135	
4197	4150	4161	4150	
4239	4173	4189	4173	
4279	4194	4208	4194	
4314	4214	4239	4214	
4352	4235	4260	4235	
4393	4265	4286	4265	
4444	4293	4313	4293	
4507	4334	4358	4334	
4570	4380	4405	4380	
4649	4435	4450	4435	
4740	4491	4509	4491	
4824	4549	4563	4549	
4915	4615	4615	4615	
5016	4683	4675	4683	
5103	4748	4719	4748	
5203	4820	4790	4820	
5307	4900	4845	4900	
5410	4980	4916	4980	
5520	5058	4969	5058	
5632	5143	5034	5143	
5752	5235	5116	5235	
5882	5332	5199	5332	
6027	5436	5270	5436	
6184	5560	5382	5560	
6346	5674	5486	5674	
6606	5867	5748	5867	
7182	6238	5782	6238	
7072	6143	5691	6143	
6904	6039	5643	6039	
6734	5900	5561	5900	
6575	5780	5472	5780	
6447	5671	5398	5671	
6297	5575	5349	5575	
6185	5494	5298	5494	
6057	5409	5249	5409	
5925	5325	5183	5325	
5802	5237	5117	5237	
5669	5151	5047	5151	
5560	5075	4982	5075	
5435	4996	4932	4996	
5323	4918	4853	4918	
5212	4849	4801	4849	
5108	4774	4739	4774	
5007	4708	4673	4708	
4912	4646	4613	4646	
4828	4592	4554	4592	
4725	4518	4481	4518	
4638	4458	4423	4458	
4569	4410	4380	4410	
4515	4369	4346	4369	
4463	4336	4310	4336	
4413	4308	4285	4308	
4363	4274	4256	4274	
4324	4246	4226	4246	
4284	4218	4200	4218	
4246	4191	4179	4191	
4208	4170	4164	4170	
4187	4155	4148	4155	
4162	4143	4143	4143	
4145	4127	4124	4127	
4118	4109	4104	4109	
4099	4101	4104	4101	
4096	4098	4097	4098	
4101	4099	4102	4099	
4104	4102	4110	4102	
4116	4110	4115	4110	
4121	4111	4120	4111	
4133	4117	4125	4117	
4151	4121	4131	4121	
4176	4139	4146	4139	
4200	4153	4168	4153	
4241	4178	4197	4178	
4277	4194	4223	4194	
4317	4218	4247	4218	
4352	4239	4269	4239	
4394	4267	4301	4267	
4450	4296	4324	4296	
4506	4337	4362	4337	
4574	4380	4402	4380	
4652	4434	4458	4434	
4731	4488	4506	4488	
4821	4550	4564	4550	
4912	4616	4616	4616	
5017	4684	4676	4684	
5101	4751	4720	4751	
5201	4825	4787	4825	
5310	4902	4860	4902	
5411	4981	4922	4981	
5518	5061	4980	5061	
5631	5145	5041	5145	
5757	5234	5103	5234	
5886	5330	5197	5330	
6020	5433	5275	5433	
6183	5558	5386	5558	
6341	5675	5490	5675	
6514	5805	5698	5805	
7161	6228	5788	6228	
7079	6141	5708	6141	
6921	6049	5667	6049	
6768	5913	5571	5913	
6597	5791	5472	5791	
6453	5692	5427	5692	
6315	5594	5360	5594	
6191	5510	5308	5510	
6074	5429	5261	5429	
5947	5340	5194	5340	
5811	5249	5127	5249	
5685	5165	5058	5165	
5568	5086	4999	5086	
5459	5014	4936	5014	
5343	4936	4867	4936	
5231	4866	4819	4866	
5118	4794	4753	4794	
5019	4724	4690	4724	
4926	4654	4612	4654	
4825	4589	4549	4589	
4738	4530	4498	4530	
4652	4473	4439	4473	
4589	4429	4402	4429	
4523	4383	4364	4383	
4470	4347	4328	4347	
4425	4320	4301	4320	
4375	4288	4274	4288	
4331	4256	4241	4256	
4292	4227	4210	4227	
4255	4202	4186	4202	
4223	4183	4175	4183	
4197	4168	4163	4168	
4168	4153	4153	4153	
4151	4139	4132	4139	
4123	4124	4121	4124	
4108	4113	4112	4113	
4108	4111	4115	4111	
4109	4109	4120	4109	
4116	4110	4122	4110	
4126	4118	4129	4118	
4131	4124	4135	4124	
4142	4126	4134	4126	
4161	4134	4140	4134	
4188	4148	4164	4148	
4211	4165	4184	4165	
4248	4190	4207	4190	
4284	4210	4230	4210	
4325	4233	4254	4233	
4364	4257	4284	4257	
4401	4278	4312	4278	
4453	4309	4338	4309	
4522	4349	4376	4349	
4588	4394	4417	4394	
4661	4446	4473	4446	
4748	4506	4518	4506	
4837	4567	4577	4567	
4929	4629	4624	4629	
5026	4700	4687	4700	
5117	4766	4745	4766	
5212	4842	4806	4842	
5322	4917	4870	4917	
5426	5001	4932	5001	
5531	5075	4997	5075	
5653	5161	5059	5161	
5771	5253	5121	5253	
5903	5346	5200	5346	
6032	5445	5289	5445	
6192	5570	5394	5570	
6364	5694	5509	5694	
6503	5798	5693	5798	
7083	6166	5728	6166	
6996	6078	5665	6078	
6869	5997	5621	5997	
6753	5910	5564	5910	
6621	5813	5503	5813	
6478	5706	5434	5706	
6340	5614	5384	5614	
6217	5531	5318	5531	
6087	5447	5274	5447	
5960	5361	5216	5361	
5838	5268	5140	5268	
5701	5183	5073	5183	
5588	5099	5011	5099	
5467	5023	4946	5023	
5350	4950	4887	4950	
5244	4880	4831	4880	
5141	4813	4778	4813	
5039	4737	4698	4737	
4940	4669	4630	4669	
4850	4608	4577	4608	
4757	4548	4506	4548	
4673	4487	4458	4487	
4604	4442	4413	4442	
4541	4400	4370	4400	
4485	4361	4334	4361	
4434	4328	4304	4328	
4386	4295	4280	4295	
4341	4266	4253	4266	
4299	4240	4226	4240	
4269	4215	4207	4215	
4235	4199	4198	4199	
4211	4187	4183	4187	
4181	4160	4165	4160	
4165	4151	4148	4151	
4139	4137	4144	4137	
4128	4129	4127	4129	
4117	4124	4126	4124	
4124	4126	4132	4126	
4131	4127	4136	4127	
4141	4127	4141	4127	
4146	4131	4146	4131	
4157	4136	4145	4136	
4170	4145	4148	4145	
4194	4159	4165	4159	
4220	4172	4183	4172	
4263	4196	4216	4196	
4300	4218	4242	4218	
4335	4244	4272	4244	
4374	4265	4293	4265	
4415	4296	4319	4296	
4473	4324	4351	4324	
4531	4360	4384	4360	
4604	4412	4432	4412	
4682	4463	4481	4463	
4765	4520	4531	4520	
4851	4579	4591	4579	
4945	4643	4636	4643	
5041	4710	4696	4710	
5133	4781	4758	4781	
5235	4854	4829	4854	
5336	4935	4885	4935	
5445	5019	4954	5019	
5547	5092	5012	5092	
5669	5170	5069	5170	
5798	5270	5134	5270	
5924	5363	5217	5363	
6060	5468	5298	5468	
6207	5584	5414	5584	
6379	5715	5529	5715	
6508	5820	5704	5820	
7137	6185	5740	6185	
7025	6099	5658	6099	
6861	5996	5595	5996	
6759	5910	5560	5910	
6644	5841	5526	5841	
6511	5732	5454	5732	
6374	5635	5398	5635	
6249	5555	5349	5555	
6126	5470	5298	5470	
5993	5382	5223	5382	
5857	5290	5153	5290	
5729	5201	5087	5201	
5608	5119	5025	5119	
5493	5044	4966	5044	
5379	4971	4901	4971	
5266	4900	4848	4900	
5163	4833	4790	4833	
5063	4765	4710	4765	
4964	4695	4648	4695	
4869	4629	4593	4629	
4778	4567	4527	4567	
4696	4512	4472	4512	
4624	4463	4429	4463	
4556	4412	4390	4412	
4495	4375	4345	4375	
4452	4342	4322	4342	
4401	4311	4297	4311	
4363	4281	4261	4281	
4316	4251	4234	4251	
4276	4231	4216	4231	
4242	4207	4202	4207	
4221	4194	4193	4194	
4203	4181	4178	4181	
4180	4169	4165	4169	
4163	4158	4154	4158	
4151	4151	4152	4151	
4149	4145	4148	4145	
4149	4147	4142	4147	
4147	4146	4150	4146	
4146	4144	4156	4144	
4161	4146	4157	4146	
4170	4146	4148	4146	
4183	4155	4159	4155	
4213	4177	4183	4177	
4240	4190	4201	4190	
4281	4212	4227	4212	
4318	4231	4252	4231	
4349	4257	4284	4257	
4393	4281	4300	4281	
4433	4308	4325	4308	
4489	4338	4357	4338	
4555	4382	4408	4382	
4621	4428	4444	4428	
4696	4478	4489	4478	
4788	4537	4546	4537	
4873	4600	4595	4600	
4958	4663	4644	4663	
5060	4734	4703	4734	
5155	4802	4775	4802	
5252	4873	4835	4873	
5351	4956	4912	4956	
5470	5033	4956	5033	
5576	5106	5019	5106	
5681	5195	5082	5195	
5814	5285	5152	5285	
5952	5389	5248	5389	
6093	5499	5332	5499	
6243	5619	5446	5619	
6412	5741	5566	5741	
6549	5841	5728	5841	
7146	6202	5743	6202	
7041	6120	5672	6120	
6899	6031	5628	6031	
6786	5941	5591	5941	
6682	5875	5561	5875	
6547	5773	5481	5773	
6419	5678	5427	5678	
6275	5589	5386	5589	
6154	5502	5333	5502	
6026	5416	5252	5416	
5899	5324	5193	5324	
5772	5234	5116	5234	
5653	5162	5048	5162	
5532	5086	4997	5086	
5417	5007	4948	5007	
5299	4933	4870	4933	
5198	4869	4818	4869	
5094	4790	4736	4790	
4991	4727	4675	4727	
4895	4660	4617	4660	
4814	4601	4563	4601	
4729	4543	4502	4543	
4655	4489	4454	4489	
4591	4448	4410	4448	
4526	4400	4373	4400	
4478	4371	4350	4371	
4429	4336	4319	4336	
4388	4305	4284	4305	
4339	4278	4261	4278	
4304	4254	4238	4254	
4273	4235	4225	4235	
4246	4221	4218	4221	
4224	4209	4201	4209	
4211	4194	4186	4194	
4195	4186	4182	4186	
4186	4181	4178	4181	
4187	4177	4172	4177	
4180	4176	4168	4176	
4173	4168	4165	4168	
4171	4163	4163	4163	
4185	4164	4165	4164	
4193	4170	4172	4170	
4209	4181	4178	4181	
4229	4199	4197	4199	
4266	4214	4216	4214	
4301	4242	4249	4242	
4339	4264	4279	4264	
4381	4285	4295	4285	
4419	4308	4326	4308	
4465	4341	4362	4341	
4514	4368	4387	4368	
4584	4410	4429	4410	
4655	4458	4477	4458	
4734	4513	4524	4513	
4812	4565	4575	4565	
4900	4625	4625	4625	
5000	4691	4679	4691	
5089	4763	4742	4763	
5182	4832	4804	4832	
5290	4903	4860	4903	
5390	4982	4923	4982	
5498	5062	4977	5062	
5610	5140	5042	5140	
5718	5227	5105	5227	
5849	5323	5187	5323	
5987	5423	5270	5423	
6132	5536	5360	5536	
6272	5644	5453	5644	
6449	5780	5584	5780	
6597	5885	5770	5885	
7112	6158	5696	6158	
7018	6085	5638	6085	
6919	6048	5638	6048	
6814	5967	5617	5967	
6713	5899	5579	5899	
6580	5799	5517	5799	
6441	5708	5450	5708	
6326	5617	5401	5617	
6198	5525	5333	5525	
6057	5439	5269	5439	
5933	5352	5206	5352	
5807	5269	5141	5269	
5691	5196	5083	5196	
5573	5118	5028	5118	
5458	5038	4969	5038	
5339	4967	4899	4967	
5232	4888	4830	4888	
5128	4817	4760	4817	
5026	4756	4707	4756	
4934	4692	4640	4692	
4849	4632	4589	4632	
4760	4572	4531	4572	
4691	4524	4481	4524	
4625	4474	4434	4474	
4557	4428	4393	4428	
4504	4392	4362	4392	
4457	4357	4334	4357	
4410	4329	4305	4329	
4370	4301	4277	4301	
4334	4272	4254	4272	
4307	4259	4241	4259	
4280	4246	4238	4246	
4260	4231	4222	4231	
4242	4221	4213	4221	
4234	4214	4198	4214	
4221	4205	4194	4205	
4206	4198	4186	4198	
4209	4193	4192	4193	
4199	4181	4180	4181	
4196	4183	4174	4183	
4207	4186	4172	4186	
4213	4191	4182	4191	
4239	4202	4197	4202	
4264	4218	4214	4218	
4293	4235	4236	4235	
4334	4261	4266	4261	
4369	4287	4287	4287	
4403	4304	4311	4304	
4448	4330	4345	4330	
4496	4366	4375	4366	
4547	4397	4399	4397	
4616	4437	4442	4437	
4691	4489	4492	4489	
4766	4544	4546	4544	
4850	4595	4597	4595	
4935	4657	4650	4657	
5029	4719	4702	4719	
5130	4793	4760	4793	
5218	4856	4820	4856	
5319	4927	4876	4927	
5427	5009	4938	5009	
5536	5088	4996	5088	
5634	5170	5061	5170	
5762	5259	5127	5259	
5891	5360	5211	5360	
6035	5455	5310	5455	
6177	5570	5388	5570	
6327	5685	5491	5685	
6510	5814	5603	5814	
6660	5926	5810	5926	
7122	6174	5710	6174	
7047	6097	5658	6097	
6960	6072	5665	6072	
6863	5996	5634	5996	
6759	5931	5614	5931	
6614	5839	5537	5839	
6481	5739	5480	5739	
6346	5644	5416	5644	
6222	5565	5359	5565	
6095	5480	5308	5480	
5971	5385	5241	5385	
5849	5305	5184	5305	
5728	5232	5117	5232	
5605	5153	5051	5153	
5492	5070	4984	5070	
5379	5000	4924	5000	
5263	4923	4852	4923	
5161	4850	4786	4850	
5064	4789	4720	4789	
4973	4725	4674	4725	
4888	4665	4610	4665	
4803	4608	4555	4608	
4723	4551	4497	4551	
4648	4504	4463	4504	
4587	4456	4407	4456	
4531	4419	4382	4419	
4480	4380	4347	4380	
4437	4352	4329	4352	
4395	4324	4296	4324	
4364	4297	4274	4297	
4330	4284	4257	4284	
4311	4269	4249	4269	
4282	4255	4240	4255	
4270	4245	4226	4245	
4251	4234	4218	4234	
4243	4225	4213	4225	
4234	4225	4201	4225	
4231	4215	4205	4215	
4220	4207	4195	4207	
4221	4201	4190	4201	
4224	4203	4190	4203	
4241	4210	4197	4210	
4259	4222	4215	4222	
4289	4245	4235	4245	
4320	4259	4262	4259	
4354	4283	4282	4283	
4393	4306	4300	4306	
4426	4330	4332	4330	
4467	4351	4343	4351	
4516	4380	4380	4380	
4575	4424	4420	4424	
4646	4470	4466	4470	
4722	4518	4517	4518	
4797	4571	4566	4571	
4881	4626	4616	4626	
4978	4690	4677	4690	
5066	4751	4730	4751	
5159	4821	4777	4821	
5249	4888	4841	4888	
5358	4961	4908	4961	
5456	5042	4967	5042	
5572	5125	5038	5125	
5682	5202	5085	5202	
5798	5285	5146	5285	
5934	5387	5246	5387	
6065	5488	5339	5488	
6220	5604	5415	5604	
6371	5724	5519	5724	
6559	5858	5645	5858	
6729	5978	5849	5978	
7159	6202	5740	6202	
7078	6128	5662	6128	
6993	6099	5676	6099	
6884	6016	5658	6016	
6790	5967	5640	5967	
6663	5870	5566	5870	
6519	5772	5496	5772	
6384	5680	5440	5680	
6261	5596	5385	5596	
6135	5510	5331	5510	
6005	5417	5261	5417	
5877	5338	5189	5338	
5766	5267	5141	5267	
5639	5184	5074	5184	
5523	5104	5011	5104	
5414	5031	4943	5031	
5302	4955	4870	4955	
5191	4876	4797	4876	
5092	4813	4744	4813	
5004	4756	4691	4756	
4913	4694	4631	4694	
4835	4634	4573	4634	
4756	4579	4522	4579	
4684	4531	4487	4531	
4615	4485	4431	4485	
4566	4445	4405	4445	
4504	4407	4364	4407	
4457	4377	4338	4377	
4425	4349	4316	4349	
4390	4321	4299	4321	
4356	4304	4279	4304	
4332	4290	4263	4290	
4303	4275	4247	4275	
4290	4268	4239	4268	
4278	4258	4235	4258	
4265	4252	4225	4252	
4263	4243	4217	4243	
4251	4235	4218	4235	
4241	4223	4204	4223	
4245	4223	4195	4223	
4255	4226	4211	4226	
4264	4234	4208	4234	
4285	4242	4228	4242	
4317	4264	4254	4264	
4347	4280	4270	4280	
4384	4306	4289	4306	
4408	4330	4319	4330	
4445	4349	4335	4349	
4489	4373	4366	4373	
4541	4413	4399	4413	
4606	4450	4446	4450	
4675	4500	4490	4500	
4750	4549	4538	4549	
4835	4604	4587	4604	
4919	4658	4645	4658	
5010	4718	4691	4718	
5098	4784	4750	4784	
5193	4851	4805	4851	
5286	4922	4860	4922	
5389	4993	4927	4993	
5489	5074	4993	5074	
5608	5152	5053	5152	
5720	5232	5113	5232	
5826	5314	5179	5314	
5975	5420	5267	5420	
6106	5526	5360	5526	
6258	5646	5446	5646	
6418	5759	5546	5759	
6611	5896	5674	5896	
6771	6017	5872	6017	
7201	6228	5743	6228	
7120	6152	5691	6152	
7029	6129	5696	6129	
6920	6053	5673	6053	
6836	5999	5645	5999	
6709	5907	5586	5907	
6564	5800	5520	5800	
6420	5707	5458	5707	
6296	5628	5401	5628	
6166	5539	5345	5539	
6047	5453	5290	5453	
5919	5378	5207	5378	
5800	5299	5157	5299	
5682	5214	5098	5214	
5565	5138	5027	5138	
5443	5052	4960	5052	
5340	4983	4898	4983	
5226	4910	4823	4910	
5134	4842	4761	4842	
5034	4779	4707	4779	
4957	4723	4652	4723	
4869	4662	4591	4662	
4796	4609	4531	4609	
4725	4558	4489	4558	
4649	4508	4455	4508	
4590	4469	4408	4469	
4530	4423	4373	4423	
4478	4395	4347	4395	
4448	4371	4335	4371	
4420	4350	4312	4350	
4387	4326	4294	4326	
4353	4311	4282	4311	
4335	4297	4259	4297	
4318	4286	4261	4286	
4301	4282	4251	4282	
4290	4274	4245	4274	
4282	4262	4233	4262	
4269	4250	4216	4250	
4271	4247	4215	4247	
4273	4245	4219	4245	
4280	4253	4224	4253	
4291	4256	4225	4256	
4309	4266	4240	4266	
4333	4281	4260	4281	
4368	4299	4275	4299	
4406	4325	4301	4325	
4434	4342	4332	4342	
4472	4368	4357	4368	
4515	4396	4381	4396	
4574	4433	4423	4433	
4632	4477	4461	4477	
4707	4523	4499	4523	
4785	4581	4566	4581	
4867	4632	4611	4632	
4955	4689	4658	4689	
5046	4749	4708	4749	
5143	4818	4774	4818	
5234	4882	4834	4882	
5320	4950	4885	4950	
5431	5024	4948	5024	
5536	5102	5014	5102	
5645	5185	5065	5185	
5761	5262	5122	5262	
5878	5347	5191	5347	
6009	5448	5282	5448	
6155	5560	5378	5560	
6308	5679	5479	5679	
6479	5808	5585	5808	
6656	5932	5707	5932	
6812	6046	5913	6046	
7257	6270	5807	6270	
7159	6193	5736	6193	
7067	6166	5726	6166	
6967	6082	5690	6082	
6862	6025	5662	6025	
6746	5931	5610	5931	
6589	5832	5545	5832	
6462	5744	5488	5744	
6335	5661	5432	5661	
6196	5574	5364	5574	
6079	5487	5309	5487	
5959	5403	5241	5403	
5837	5326	5180	5326	
5718	5245	5122	5245	
5597	5165	5056	5165	
5482	5082	4986	5082	
5381	5015	4915	5015	
5259	4935	4851	4935	
5163	4874	4789	4874	
5064	4808	4721	4808	
4980	4753	4670	4753	
4898	4692	4614	4692	
4821	4636	4560	4636	
4747	4585	4514	4585	
4679	4539	4480	4539	
4615	4492	4435	4492	
4557	4448	4391	4448	
4505	4418	4360	4418	
4472	4389	4345	4389	
4436	4370	4331	4370	
4406	4345	4310	4345	
4388	4331	4289	4331	
4363	4318	4277	4318	
4348	4309	4269	4309	
4327	4299	4258	4299	
4314	4289	4248	4289	
4302	4279	4247	4279	
4298	4273	4237	4273	
4292	4272	4235	4272	
4298	4267	4241	4267	
4307	4273	4241	4273	
4315	4277	4243	4277	
4337	4287	4255	4287	
4360	4298	4270	4298	
4392	4316	4286	4316	
4414	4342	4307	4342	
4451	4362	4334	4362	
4491	4392	4362	4392	
4545	4424	4398	4424	
4607	4462	4437	4462	
4667	4507	4481	4507	
4743	4555	4525	4555	
4822	4609	4582	4609	
4901	4668	4643	4668	
4988	4727	4699	4727	
5081	4787	4741	4787	
5176	4845	4794	4845	
5275	4914	4846	4914	
5362	4986	4911	4986	
5469	5060	4970	5060	
5564	5136	5029	5136	
5672	5213	5091	5213	
5785	5293	5144	5293	
5913	5380	5216	5380	
6060	5490	5313	5490	
6213	5601	5396	5601	
6366	5713	5497	5713	
6532	5844	5614	5844	
6708	5976	5746	5976	
6859	6092	5949	6092	
7276	6300	5839	6300	
7195	6226	5762	6226	
7100	6183	5736	6183	
6996	6102	5699	6102	
6891	6050	5672	6050	
6784	5963	5635	5963	
6643	5868	5570	5868	
6505	5774	5497	5774	
6375	5690	5469	5690	
6240	5605	5383	5605	
6114	5518	5331	5518	
5994	5433	5250	5433	
5875	5353	5201	5353	
5749	5271	5133	5271	
5631	5194	5071	5194	
5513	5118	5008	5118	
5406	5043	4933	5043	
5296	4971	4866	4971	
5200	4905	4808	4905	
5106	4842	4749	4842	
5025	4784	4697	4784	
4940	4720	4634	4720	
4854	4670	4583	4670	
4784	4616	4539	4616	
4716	4572	4496	4572	
4652	4526	4456	4526	
4595	4479	4412	4479	
4544	4440	4378	4440	
4496	4407	4352	4407	
4457	4386	4337	4386	
4431	4368	4322	4368	
4414	4350	4303	4350	
4384	4337	4291	4337	
4368	4324	4282	4324	
4348	4317	4273	4317	
4337	4306	4266	4306	
4326	4299	4255	4299	
4322	4290	4241	4290	
4320	4290	4242	4290	
4328	4291	4250	4291	
4340	4296	4251	4296	
4344	4297	4249	4297	
4359	4305	4263	4305	
4385	4320	4278	4320	
4409	4334	4290	4334	
4448	4359	4319	4359	
4487	4385	4339	4385	
4517	4414	4379	4414	
4579	4454	4422	4454	
4633	4494	4457	4494	
4711	4538	4499	4538	
4783	4589	4558	4589	
4860	4644	4600	4644	
4935	4704	4665	4704	
5025	4761	4718	4761	
5120	4818	4764	4818	
5209	4880	4819	4880	
5309	4946	4874	4946	
5401	5019	4927	5019	
5511	5097	4993	5097	
5606	5168	5054	5168	
5726	5245	5118	5245	
5834	5323	5172	5323	
5955	5415	5253	5415	
6104	5525	5328	5525	
6255	5631	5418	5631	
6399	5746	5531	5746	
6577	5881	5626	5881	
6757	6014	5767	6014	
6911	6131	5984	6131	
7324	6334	5862	6334	
7234	6250	5786	6250	
7116	6197	5746	6197	
7032	6130	5714	6130	
6926	6072	5688	6072	
6819	5994	5657	5994	
6672	5901	5593	5901	
6542	5808	5530	5808	
6414	5719	5479	5719	
6285	5631	5420	5631	
6140	5546	5353	5546	
6023	5454	5277	5454	
5903	5376	5214	5376	
5786	5297	5153	5297	
5666	5218	5082	5218	
5548	5145	5021	5145	
5434	5067	4944	5067	
5327	4995	4880	4995	
5234	4932	4820	4932	
5140	4862	4760	4862	
5052	4807	4709	4807	
4965	4750	4652	4750	
4883	4692	4601	4692	
4817	4641	4550	4641	
4746	4589	4509	4589	
4686	4550	4467	4550	
4619	4500	4420	4500	
4561	4461	4390	4461	
4519	4426	4365	4426	
4486	4403	4345	4403	
4445	4376	4334	4376	
4426	4362	4311	4362	
4401	4345	4295	4345	
4386	4333	4280	4333	
4364	4324	4268	4324	
4354	4311	4258	4311	
4345	4310	4256	4310	
4343	4307	4246	4307	
4343	4304	4254	4304	
4347	4302	4251	4302	
4354	4308	4262	4308	
4365	4310	4259	4310	
4375	4319	4265	4319	
4399	4333	4286	4333	
4430	4351	4295	4351	
4472	4376	4334	4376	
4511	4405	4361	4405	
4558	4440	4398	4440	
4620	4482	4431	4482	
4677	4524	4480	4524	
4742	4570	4523	4570	
4816	4617	4566	4617	
4894	4672	4620	4672	
4974	4731	4685	4731	
5061	4789	4737	4789	
5153	4851	4789	4851	
5241	4910	4840	4910	
5341	4979	4888	4979	
5439	5048	4949	5048	
5542	5119	5009	5119	
5645	5196	5079	5196	
5752	5270	5136	5270	
5866	5354	5196	5354	
6000	5444	5266	5444	
6148	5557	5360	5557	
6304	5661	5441	5661	
6454	5778	5536	5778	
6622	5909	5650	5909	
6804	6045	5781	6045	
6950	6156	5982	6156	
7381	6372	5894	6372	
7276	6278	5787	6278	
7135	6200	5736	6200	
7051	6143	5733	6143	
6946	6086	5698	6086	
6845	6016	5671	6016	
6712	5928	5615	5928	
6577	5831	5544	5831	
6435	5737	5479	5737	
6309	5653	5433	5653	
6177	5568	5359	5568	
6064	5483	5302	5483	
5932	5407	5229	5407	
5805	5322	5163	5322	
5686	5244	5102	5244	
5578	5168	5043	5168	
5474	5088	4969	5088	
5360	5021	4901	5021	
5262	4957	4837	4957	
5166	4888	4774	4888	
5086	4830	4724	4830	
4998	4768	4669	4768	
4918	4715	4620	4715	
4846	4669	4572	4669	
4783	4617	4529	4617	
4714	4571	4485	4571	
4651	4525	4441	4525	
4596	4491	4406	4491	
4543	4448	4377	4448	
4501	4418	4346	4418	
4462	4393	4333	4393	
4436	4370	4306	4370	
4406	4349	4288	4349	
4389	4337	4277	4337	
4372	4326	4263	4326	
4365	4319	4256	4319	
4358	4315	4251	4315	
4359	4319	4254	4319	
4354	4311	4242	4311	
4359	4314	4254	4314	
4371	4320	4269	4320	
4376	4322	4263	4322	
4392	4327	4275	4327	
4420	4350	4292	4350	
4454	4369	4319	4369	
4499	4397	4336	4397	
4543	4427	4368	4427	
4589	4469	4413	4469	
4653	4505	4457	4505	
4710	4550	4501	4550	
4771	4592	4545	4592	
4857	4648	4591	4648	
4931	4697	4644	4697	
5010	4758	4698	4758	
5100	4822	4750	4822	
5181	4883	4806	4883	
5276	4943	4858	4943	
5376	5011	4914	5011	
5469	5075	4975	5075	
5572	5142	5033	5142	
5682	5222	5097	5222	
5790	5300	5150	5300	
5908	5378	5215	5378	
6037	5473	5295	5473	
6186	5579	5387	5579	
6327	5688	5473	5688	
6491	5809	5571	5809	
6664	5936	5674	5936	
6861	6085	5810	6085	
7019	6201	6013	6201	
7425	6399	5884	6399	
7307	6304	5804	6304	
7155	6212	5740	6212	
7065	6152	5734	6152	
6975	6099	5709	6099	
6874	6033	5677	6033	
6733	5945	5617	5945	
6602	5847	5555	5847	
6466	5755	5499	5755	
6329	5671	5438	5671	
6196	5589	5370	5589	
6072	5502	5313	5502	
5961	5427	5251	5427	
5841	5350	5184	5350	
5723	5269	5117	5269	
5614	5189	5041	5189	
5502	5115	4977	5115	
5400	5043	4908	5043	
5296	4981	4855	4981	
5204	4918	4797	4918	
5119	4854	4738	4854	
5030	4791	4678	4791	
4954	4740	4636	4740	
4883	4690	4589	4690	
4817	4639	4543	4639	
4751	4599	4496	4599	
4680	4553	4465	4553	
4625	4516	4424	4516	
4573	4472	4392	4472	
4531	4440	4360	4440	
4493	4415	4331	4415	
4456	4389	4316	4389	
4429	4361	4289	4361	
4405	4349	4275	4349	
4382	4335	4263	4335	
4374	4331	4257	4331	
4374	4323	4252	4323	
4373	4324	4254	4324	
4372	4322	4248	4322	
4376	4322	4253	4322	
4394	4332	4269	4332	
4407	4338	4266	4338	
4421	4345	4277	4345	
4454	4370	4304	4370	
4487	4391	4326	4391	
4529	4420	4355	4420	
4579	4452	4383	4452	
4627	4491	4429	4491	
4686	4529	4468	4529	
4748	4574	4512	4574	
4817	4619	4548	4619	
4890	4674	4606	4674	
4963	4722	4662	4722	
5037	4783	4716	4783	
5133	4845	4770	4845	
5217	4904	4825	4904	
5313	4969	4885	4969	
5411	5045	4947	5045	
5503	5102	4988	5102	
5611	5173	5043	5173	
5720	5246	5110	5246	
5832	5321	5166	5321	
5952	5407	5236	5407	
6094	5513	5319	5513	
6237	5621	5417	5621	
6368	5725	5494	5725	
6532	5842	5592	5842	
6702	5973	5709	5973	
6907	6114	5832	6114	
7082	6232	6038	6232	
7468	6420	5899	6420	
7358	6325	5822	6325	
7191	6230	5747	6230	
7080	6160	5724	6160	
7002	6106	5709	6106	
6890	6050	5687	6050	
6778	5968	5621	5968	
6631	5869	5561	5869	
6487	5776	5497	5776	
6358	5693	5441	5693	
6234	5605	5373	5605	
6112	5518	5310	5518	
5987	5443	5264	5443	
5874	5365	5187	5365	
5761	5289	5124	5289	
5645	5214	5055	5214	
5542	5141	4996	5141	
5435	5065	4925	5065	
5330	5000	4852	5000	
5238	4939	4801	4939	
5150	4875	4742	4875	
5057	4815	4692	4815	
4985	4761	4644	4761	
4921	4718	4592	4718	
4847	4666	4545	4666	
4781	4623	4515	4623	
4718	4574	4471	4574	
4667	4539	4435	4539	
4612	4503	4406	4503	
4564	4464	4367	4464	
4524	4434	4343	4434	
4489	4410	4313	4410	
4458	4385	4301	4385	
4435	4367	4281	4367	
4412	4353	4267	4353	
4396	4342	4255	4342	
4397	4332	4245	4332	
4400	4334	4247	4334	
4395	4330	4250	4330	
4401	4336	4257	4336	
4419	4344	4271	4344	
4428	4351	4269	4351	
4453	4366	4289	4366	
4491	4390	4317	4390	
4519	4414	4333	4414	
4563	4443	4362	4443	
4615	4475	4395	4475	
4664	4516	4434	4516	
4728	4556	4478	4556	
4786	4602	4525	4602	
4856	4646	4563	4646	
4927	4698	4617	4698	
5000	4745	4663	4745	
5076	4801	4720	4801	
5164	4866	4768	4866	
5250	4929	4837	4929	
5342	4992	4886	4992	
5439	5062	4945	5062	
5533	5130	5002	5130	
5657	5207	5062	5207	
5762	5274	5120	5274	
5878	5357	5189	5357	
5999	5445	5251	5445	
6139	5550	5338	5550	
6283	5656	5442	5656	
6420	5752	5515	5752	
6589	5875	5622	5875	
6758	6008	5726	6008	
6959	6156	5858	6156	
7129	6280	6058	6280	
7523	6449	5940	6449	
7407	6351	5839	6351	
7228	6258	5767	6258	
7105	6166	5728	6166	
7019	6116	5715	6116	
6913	6057	5682	6057	
6807	5983	5640	5983	
6663	5886	5578	5886	
6533	5795	5503	5795	
6386	5701	5441	5701	
6263	5625	5377	5625	
6142	5543	5314	5543	
6026	5469	5267	5469	
5905	5395	5204	5395	
5789	5310	5130	5310	
5676	5236	5066	5236	
5568	5164	5006	5164	
5462	5093	4930	5093	
5371	5029	4865	5029	
5283	4967	4820	4967	
5188	4905	4759	4905	
5104	4847	4713	4847	
5022	4797	4659	4797	
4952	4741	4615	4741	
4883	4691	4568	4691	
4814	4649	4524	4649	
4744	4597	4482	4597	
4699	4563	4454	4563	
4644	4530	4416	4530	
4600	4489	4379	4489	
4553	4453	4352	4453	
4519	4428	4322	4428	
4490	4409	4310	4409	
4470	4391	4295	4391	
4449	4373	4276	4373	
4434	4362	4272	4362	
4426	4355	4262	4355	
4430	4356	4258	4356	
4428	4356	4261	4356	
4437	4355	4272	4355	
4451	4368	4276	4368	
4463	4378	4284	4378	
4489	4395	4303	4395	
4521	4420	4325	4420	
4554	4443	4351	4443	
4598	4472	4378	4472	
4654	4503	4410	4503	
4706	4540	4442	4540	
4770	4584	4494	4584	
4816	4625	4539	4625	
4877	4668	4580	4668	
4963	4724	4627	4724	
5037	4774	4676	4774	
5108	4828	4734	4828	
5196	4890	4783	4890	
5285	4954	4844	4954	
5384	5019	4904	5019	
5470	5093	4962	5093	
5569	5158	5014	5158	
5691	5236	5074	5236	
5803	5315	5146	5315	
5919	5394	5206	5394	
6049	5489	5286	5489	
6186	5586	5373	5586	
6332	5684	5456	5684	
6467	5789	5556	5789	
6632	5908	5643	5908	
6806	6034	5747	6034	
7021	6183	5882	6183	
7199	6322	6111	6322	
7575	6488	5950	6488	
7439	6376	5864	6376	
7276	6291	5792	6291	
7130	6177	5732	6177	
7045	6129	5711	6129	
6933	6069	5684	6069	
6834	6007	5660	6007	
6700	5915	5584	5915	
6558	5812	5511	5812	
6416	5726	5443	5726	
6287	5643	5378	5643	
6157	5557	5317	5557	
6054	5483	5252	5483	
5932	5411	5221	5411	
5811	5336	5144	5336	
5714	5262	5072	5262	
5607	5184	5005	5184	
5493	5114	4946	5114	
5403	5047	4883	5047	
5313	4987	4830	4987	
5224	4928	4765	4928	
5141	4868	4714	4868	
5058	4817	4671	4817	
4989	4765	4620	4765	
4921	4716	4578	4716	
4854	4673	4546	4673	
4793	4625	4500	4625	
4743	4588	4459	4588	
4684	4550	4425	4550	
4640	4516	4390	4516	
4608	4492	4375	4492	
4573	4465	4353	4465	
4537	4441	4320	4441	
4509	4423	4309	4423	
4490	4406	4292	4406	
4468	4389	4289	4389	
4463	4385	4274	4385	
4469	4385	4272	4385	
4461	4379	4275	4379	
4469	4382	4282	4382	
4486	4397	4295	4397	
4504	4409	4302	4409	
4527	4424	4316	4424	
4561	4449	4349	4449	
4595	4474	4359	4474	
4647	4506	4405	4506	
4699	4540	4435	4540	
4741	4566	4469	4566	
4799	4605	4510	4605	
4863	4652	4550	4652	
4921	4690	4590	4690	
4996	4743	4641	4743	
5070	4795	4694	4795	
5142	4856	4746	4856	
5242	4915	4806	4915	
5321	4975	4857	4975	
5420	5044	4919	5044	
5522	5117	4970	5117	
5620	5194	5033	5194	
5726	5263	5100	5263	
5838	5334	5151	5334	
5959	5420	5209	5420	
6090	5518	5301	5518	
6227	5610	5381	5610	
6376	5712	5467	5712	
6516	5816	5557	5816	
6693	5944	5662	5944	
6872	6083	5774	6083	
7081	6234	5920	6234	
7252	6365	6125	6365	
7679	6548	5997	6548	
7503	6417	5880	6417	
7317	6314	5810	6314	
7171	6188	5746	6188	
7081	6142	5726	6142	
6970	6083	5679	6083	
6877	6032	5655	6032	
6738	5940	5606	5940	
6594	5843	5537	5843	
6443	5749	5452	5749	
6311	5657	5392	5657	
6183	5578	5321	5578	
6076	5502	5270	5502	
5975	5439	5218	5439	
5849	5362	5152	5362	
5742	5284	5074	5284	
5630	5211	5008	5211	
5533	5140	4948	5140	
5439	5068	4886	5068	
5348	5013	4831	5013	
5259	4949	4778	4949	
5173	4892	4729	4892	
5104	4851	4678	4851	
5027	4800	4639	4800	
4958	4748	4591	4748	
4892	4700	4550	4700	
4830	4654	4509	4654	
4784	4614	4475	4614	
4729	4579	4444	4579	
4686	4543	4403	4543	
4647	4517	4392	4517	
4611	4494	4363	4494	
4585	4466	4333	4466	
4555	4454	4327	4454	
4538	4438	4313	4438	
4522	4426	4298	4426	
4508	4415	4286	4415	
4511	4413	4287	4413	
4509	4409	4284	4409	
4508	4413	4298	4413	
4524	4427	4312	4427	
4550	4435	4315	4435	
4570	4453	4332	4453	
4603	4478	4363	4478	
4640	4506	4380	4506	
4690	4533	4408	4533	
4732	4563	4438	4563	
4785	4598	4468	4598	
4836	4638	4516	4638	
4895	4682	4561	4682	
4960	4719	4592	4719	
5028	4772	4648	4772	
5102	4822	4701	4822	
5184	4882	4755	4882	
5267	4943	4816	4943	
5367	5004	4867	5004	
5464	5076	4927	5076	
5567	5152	4981	5152	
5668	5219	5047	5219	
5768	5292	5103	5292	
5881	5372	5162	5372	
6012	5463	5236	5463	
6147	5557	5317	5557	
6281	5652	5410	5652	
6439	5760	5483	5760	
6585	5860	5577	5860	
6750	5980	5671	5980	
6927	6117	5800	6117	
7151	6286	5929	6286	
7321	6403	6148	6403	
7886	6697	6120	6697	
7628	6492	5947	6492	
7402	6357	5831	6357	
7216	6215	5736	6215	
7111	6157	5723	6157	
7014	6096	5671	6096	
6921	6057	5658	6057	
6781	5967	5604	5967	
6643	5874	5539	5874	
6505	5772	5465	5772	
6365	5689	5392	5689	
6239	5600	5322	5600	
6119	5528	5272	5528	
6008	5454	5211	5454	
5897	5386	5151	5386	
5792	5311	5088	5311	
5679	5234	5025	5234	
5569	5155	4953	5155	
5474	5094	4896	5094	
5388	5032	4836	5032	
5313	4981	4790	4981	
5223	4928	4742	4928	
5155	4879	4706	4879	
5085	4827	4656	4827	
5015	4780	4615	4780	
4948	4736	4567	4736	
4887	4691	4524	4691	
4835	4651	4501	4651	
4776	4612	4457	4612	
4737	4580	4425	4580	
4697	4553	4399	4553	
4662	4530	4373	4530	
4630	4507	4358	4507	
4606	4490	4344	4490	
4585	4475	4335	4475	
4575	4467	4324	4467	
4567	4455	4311	4455	
4563	4448	4307	4448	
4557	4446	4315	4446	
4562	4447	4315	4447	
4581	4464	4340	4464	
4597	4469	4337	4469	
4621	4490	4356	4490	
4659	4518	4372	4518	
4696	4540	4400	4540	
4740	4565	4424	4565	
4783	4595	4454	4595	
4828	4629	4493	4629	
4886	4667	4532	4667	
4941	4712	4578	4712	
5008	4751	4616	4751	
5077	4803	4661	4803	
5157	4861	4720	4861	
5232	4910	4766	4910	
5321	4976	4832	4976	
5415	5039	4891	5039	
5516	5110	4940	5110	
5618	5179	5002	5179	
5706	5246	5050	5246	
5824	5324	5110	5324	
6017	5466	5236	5466	
6078	5505	5266	5505	
6208	5594	5340	5594	
6352	5701	5420	5701	
6505	5801	5514	5801	
6667	5907	5591	5907	
6827	6033	5696	6033	
7010	6167	5833	6167	
7213	6320	5966	6320	
7388	6452	6183	6452	
8101	6857	6291	6857	
7742	6582	6043	6582	
7475	6408	5913	6408	
7272	6252	5800	6252	
7141	6175	5753	6175	
7045	6121	5728	6121	
6960	6077	5697	6077	
6837	6005	5674	6005	
6686	5902	5598	5902	
6548	5803	5519	5803	
6402	5714	5440	5714	
6281	5627	5373	5627	
6163	5556	5323	5556	
6041	5482	5249	5482	
5927	5408	5207	5408	
5818	5331	5140	5331	
5711	5254	5084	5254	
5612	5180	4998	5180	
5518	5129	4940	5129	
5427	5067	4881	5067	
5352	5013	4846	5013	
5268	4960	4790	4960	
5185	4908	4746	4908	
5121	4862	4697	4862	
5055	4821	4671	4821	
4992	4770	4626	4770	
4928	4724	4579	4724	
4883	4686	4552	4686	
4822	4644	4513	4644	
4766	4609	4488	4609	
4736	4585	4460	4585	
4704	4564	4431	4564	
4680	4542	4413	4542	
4647	4526	4406	4526	
4625	4508	4384	4508	
4617	4497	4370	4497	
4606	4495	4361	4495	
4605	4484	4363	4484	
4600	4482	4371	4482	
4612	4490	4379	4490	
4627	4502	4388	4502	
4641	4512	4388	4512	
4669	4527	4411	4527	
4700	4553	4431	4553	
4740	4572	4444	4572	
4782	4603	4483	4603	
4827	4633	4522	4633	
4866	4665	4555	4665	
4925	4701	4590	4701	
4981	4743	4626	4743	
5042	4779	4672	4779	
5122	4837	4699	4837	
5201	4888	4772	4888	
5273	4944	4844	4944	
5352	5006	4898	5006	
5457	5071	4931	5071	
5557	5147	4987	5147	
5655	5208	5049	5208	
5746	5273	5107	5273	
5858	5350	5153	5350	
6005	5472	5258	5472	
6104	5528	5318	5528	
6253	5632	5394	5632	
6393	5738	5470	5738	
6553	5846	5571	5846	
6723	5955	5653	5955	
6892	6076	5764	6076	
7074	6226	5882	6226	
7283	6370	6040	6370	
7451	6517	6264	6517	
                                                                                                                                                                                                                                                                                                                                                                                                                                                                                                                                                                                                                                                                                                                                                                                                                                                                                                                                                                                                                                                                                                                                                                                                                                                                                                                                                                                                                                                                                                                                                                                                                                                                                                                                                                                                                                                                                                                                                                                                                                                                                                                                                                                                                                                                                                                                                                                                                                                                                                                                                                                                                                                                                                                                                                                                                                                                                                                                                                                                                                                                                                                                                                                                                                                                                                                                                                                                                                                                                                                                                                                                                                                                                                                                                                                                                                                                                                                                                                                                                                                                                                                                                                                                                                                                                                                                                                                                                                                                                                                                                                                                                                                                                                                                                                                                                                                                                                                                                                                                                                                                                                                                                                                                                                                                                                                                                                                                                                                                                                                                                                                                                                                                                                                                                                                                                                                                                                                                                                                                                                                                                                                                                                                                                                                                                                                                                                                                                                                                                                                                                                                                                                                                                                                                                                                                                                                                                                                                                                                                                                                                                                                                                                                                                                                                                                                                                                                                                                                                                                                                                                                                                                                                                                                                                                                                                                                                                                                                                                                                                                                                                                                                                                                                                                                                                                                                                                                                                                                                                                                                                                                                                                                                                                                                                                                                                                                                                                                                                                                                                                                                                                                                                                                                                                                                                                                                                                                                                                                                                                                                                                                                                                                                                                                                                                                                                                                                                                                                                                                                                                                                                                                                                                                                                                                                                                                                                                                                                                                                                                                                                                                                                                                                                                                                                                                                                                                                                                                                                                                                                                                                                                                                                                                                                                                                                                                                                                                                                                                                                                                                                                                                                                                                    