2 /*n_tbl*/
1 /*nreg*/
/*loop2 for n_tbl*/
190 /*n_entry*/
0    /*tblidx_min*/
0x30 /*sensorMode of this tbl*/
26 /*expidx0_tvscale*/
16 /*exp_tvscale*/
1 /*n_burst_tbl*/
0x09
0
0
/*0x09,0,0,*//*template*/
/*loop0 for n_burst_tbl*/
190 /*n_entry_burst*/
2  /*nbyte_entry*/
0 /*burstidx_min*/
1  /*nreg_involved*/
/*loop0 for nreg_involved*/
0  /*reg# in template*/
0  /*lsb right shift*/
8  /*lsb left shift*/
16  /*nbit_mask*/
/*loop0 ends*/
/*contains for n_entry_burst*/
38
198
37
34
35
142
34
12
32
154
31
56
29
230
28
162
27
106
26
66
25
36
24
20
23
14
22
20
21
36
20
64
19
100
18
146
17
200
17
6
16
78
15
156
14
244
14
82
13
182
13
34
12
146
12
10
11
136
11
10
10
146
10
32
9
178
9
74
8
228
8
132
8
40
7
206
7
122
7
42
6
220
6
146
6
74
6
6
5
196
5
134
5
74
5
16
4
218
4
166
4
114
4
66
4
20
3
232
3
190
3
150
3
110
3
74
3
38
3
4
2
226
2
196
2
166
2
136
2
110
2
84
2
58
2
34
2
10
1
244
1
224
1
204
1
184
1
166
1
148
1
130
1
114
1
98
1
84
1
68
1
56
1
42
1
30
1
18
1
6
0
250
0
240
0
230
0
220
0
212
0
202
0
194
0
186
0
178
0
170
0
162
0
156
0
150
0
144
0
138
0
132
0
126
0
120
0
116
0
110
0
106
0
102
0
98
0
94
0
90
0
86
0
82
0
78
0
76
0
72
0
70
0
66
0
64
0
60
0
58
0
56
0
54
0
52
0
50
0
48
0
46
0
44
0
42
0
40
0
38
0
36
0
36
0
34
0
32
0
30
0
30
0
28
0
28
0
26
0
26
0
24
0
24
0
22
0
22
0
20
0
20
0
18
0
18
0
18
0
16
0
16
0
16
0
14
0
14
0
14
0
14
0
12
0
12
0
12
0
12
0
10
0
10
0
10
0
10
0
10
0
8
0
8
0
8
0
8
0
8
0
8
0
8
0
6
0
6
0
6
0
6
0
6
0
6
0
6
0
6
0
6
0
4
0
4
0
4
0
4
0
4
0
4
0
4
0
4
0
4
/*end contains*/
1
0 /*vtable,n_vtbl,def_vtype(0:no used)*/
/*loop3 for n_vtbl*/
53
0
0
2
/*end loop3*/
190
0
64 /*etable,n_eidx,emin,escale in evtbl*/
0
0
0
0
0
0
0
0
0
0
0
0
0
0
0
0
0
0
0
0
0
0
0
0
0
0
0
0
0
0
0
0
0
0
0
0
0
0
0
0
0
0
0
0
0
0
0
0
0
0
0
0
0
0
0
0
0
0
0
0
0
0
0
0
0
0
0
0
0
0
0
0
0
0
0
0
0
0
0
0
1
0
1
1
0
0
0
0
0
1
0
1
1
1
0
0
1
1
1
1
1
1
0
1
0
1
1
2
2
2
2
1
1
2
1
3
1
2
0
1
2
3
3
3
4
4
4
3
3
2
1
5
4
2
0
4
2
6
3
7
4
8
4
8
3
7
1
5
9
2
6
10
2
6
10
14
4
8
12
16
3
7
11
15
19
2
6
10
14
18
22
26
4
8
12
16
20
24
28
32
36
2
6
10
14
18
22
26
30
34
/*end of error table*/
/*capture table start*/
190 /*n_entry*/
0    /*tblidx_min*/
0x40 /*sensorMode of this tbl*/
26 /*expidx0_tvscale*/
16 /*exp_tvscale*/
1 /*n_burst_tbl*/
0x09
0
0
/*0x09,0,0,*//*template*/
/*loop0 for n_burst_tbl*/
190 /*n_entry_burst*/
2  /*nbyte_entry*/
0 /*burstidx_min*/
1  /*nreg_involved*/
/*loop0 for nreg_involved*/
0  /*reg# in template*/
0  /*lsb right shift*/
8  /*lsb left shift*/
16  /*nbit_mask*/
/*loop0 ends*/
/*contains for n_entry_burst*/
19
84
18
130
17
185
16
249
16
65
15
144
14
231
14
70
13
171
13
22
12
136
12
0
11
126
11
1
10
138
10
24
9
170
9
65
8
221
8
125
8
33
7
200
7
116
7
35
6
214
6
139
6
68
6
0
5
191
5
129
5
69
5
12
4
213
4
161
4
111
4
63
4
17
3
228
3
186
3
146
3
107
3
70
3
34
3
0
2
224
2
193
2
163
2
134
2
107
2
81
2
56
2
32
2
9
1
242
1
221
1
201
1
182
1
163
1
145
1
128
1
112
1
97
1
82
1
67
1
54
1
41
1
28
1
16
1
5
0
249
0
239
0
229
0
219
0
210
0
201
0
192
0
184
0
177
0
169
0
162
0
155
0
149
0
142
0
136
0
131
0
125
0
120
0
115
0
110
0
105
0
101
0
96
0
92
0
89
0
85
0
81
0
78
0
75
0
71
0
68
0
66
0
63
0
60
0
58
0
55
0
53
0
51
0
48
0
46
0
45
0
43
0
41
0
39
0
38
0
36
0
34
0
33
0
32
0
30
0
29
0
28
0
27
0
26
0
24
0
23
0
23
0
22
0
21
0
20
0
19
0
18
0
17
0
17
0
16
0
15
0
15
0
14
0
14
0
13
0
12
0
12
0
12
0
11
0
11
0
10
0
10
0
9
0
9
0
9
0
8
0
8
0
8
0
7
0
7
0
7
0
6
0
6
0
6
0
6
0
6
0
5
0
5
0
5
0
5
0
5
0
4
0
4
0
4
0
4
0
4
0
4
0
3
0
3
0
3
0
3
0
3
0
3
0
3
0
3
0
3
0
3
0
2
0
2
0
2
0
2
0
2
0
2
0
2
0
2
0
2
/*end contains*/
0
2 /*vtable,n_vtbl,def_vtype(0:no used)*/
/*loop3 for n_vtbl*/
/*end loop3*/
190
0
64 /*etable,n_eidx,emin,escale in evtbl*/
0
0
0
0
0
0
0
0
0
0
0
0
0
0
0
0
0
0
0
0
0
0
0
0
0
0
0
0
0
0
0
0
0
0
0
0
0
0
0
0
0
0
0
0
0
0
0
0
0
0
0
0
0
0
0
0
0
0
0
0
0
0
0
0
0
0
0
0
0
0
0
0
0
0
0
0
0
0
0
0
0
1
0
0
1
0
1
1
1
0
1
0
0
1
1
0
1
1
0
0
1
1
1
1
1
1
2
0
0
2
2
1
1
2
1
0
1
3
1
1
2
3
3
0
0
4
4
4
3
2
1
0
4
3
1
5
2
6
3
0
4
8
4
8
3
7
1
5
9
3
7
11
2
6
10
0
4
8
12
16
3
7
11
15
19
3
7
11
15
19
23
0
4
8
12
16
20
24
28
32
36
3
7
11
15
19
23
27
31
35
/*end of error table*/