  1.1894300e+001
  1.1894300e+001
  1.1894300e+001
  1.1894300e+001
  1.1894300e+001
  1.1894300e+001
  1.1894300e+001
  1.1894300e+001
  1.1894300e+001
  1.1894300e+001
  1.1894300e+001
  1.2225644e+001
  1.2556987e+001
  1.2888331e+001
  1.3219674e+001
  1.3551018e+001
  1.3882361e+001
  1.4213705e+001
  1.4545048e+001
  1.4876392e+001
  1.5207736e+001
  1.5539079e+001
  1.5870423e+001
  1.6201766e+001
  1.6533110e+001
  1.6864453e+001
  1.7195797e+001
  1.7527140e+001
  1.7858484e+001
  1.8189827e+001
  1.8521171e+001
  1.8852515e+001
  1.9183858e+001
  1.9515202e+001
  1.9846545e+001
  2.0177889e+001
  2.0509232e+001
  2.0840576e+001
  2.1171919e+001
  2.1503263e+001
  2.1834607e+001
  2.2165950e+001
  2.2497294e+001
  2.2828637e+001
  2.3159981e+001
  2.3491324e+001
  2.3822668e+001
  2.4154011e+001
  2.4485355e+001
  2.4816699e+001
  2.5148042e+001
  2.5479386e+001
  2.5810729e+001
  2.6142073e+001
  2.6473416e+001
  2.6804760e+001
  2.7136103e+001
  2.7467447e+001
  2.7798790e+001
  2.8130134e+001
  2.8461478e+001
  2.8792821e+001
  2.9124165e+001
  2.9455508e+001
  2.9786852e+001
  3.0118195e+001
  3.0449539e+001
  3.0780882e+001
  3.1112226e+001
  3.1443570e+001
  3.1774913e+001
  3.2106257e+001
  3.2437600e+001
  3.2768944e+001
  3.3100287e+001
  3.3431631e+001
  3.3762974e+001
  3.4094318e+001
  3.4425661e+001
  3.4757005e+001
  3.5088349e+001
  3.5419692e+001
  3.5751036e+001
  3.6082379e+001
  3.6413723e+001
  3.6745066e+001
  3.7076410e+001
  3.7407753e+001
  3.7739097e+001
  3.8070441e+001
  3.8401784e+001
  3.8733128e+001
  3.9064471e+001
  3.9395815e+001
  3.9727158e+001
  4.0058502e+001
  4.0389845e+001
  4.0721189e+001
  4.1052533e+001
  4.1383876e+001
  4.1715220e+001
  4.2046563e+001
  4.2377907e+001
  4.2709250e+001
  4.3040594e+001
  4.3371937e+001
  4.3703281e+001
  4.4034624e+001
  4.4365968e+001
  4.4697312e+001
  4.5028655e+001
  4.4979469e+001
  4.4746988e+001
  4.4514506e+001
  4.4282025e+001
  4.4049544e+001
  4.3817062e+001
  4.3584581e+001
  4.3352099e+001
  4.3119618e+001
  4.2887137e+001
  4.2654655e+001
  4.2422174e+001
  4.2189693e+001
  4.1957211e+001
  4.1724730e+001
  4.1492248e+001
  4.1259767e+001
  4.1027286e+001
  4.0794804e+001
  4.0562323e+001
  4.0329842e+001
  4.0097360e+001
  3.9864879e+001
  3.9632397e+001
  3.9399916e+001
  3.9167435e+001
  3.8934953e+001
  3.8702472e+001
  3.8469991e+001
  3.8237509e+001
  3.8005028e+001
  3.7772546e+001
  3.7540065e+001
  3.7307584e+001
  3.7075102e+001
  3.6842621e+001
  3.6610140e+001
  3.6377658e+001
  3.6145177e+001
  3.5912695e+001
  3.5680214e+001
  3.5447733e+001
  3.5215251e+001
  3.4982770e+001
  3.4750289e+001
  3.4517807e+001
  3.4285326e+001
  3.4052845e+001
  3.3820363e+001
  3.3587882e+001
  3.3355400e+001
  3.3122919e+001
  3.2890438e+001
  3.2657956e+001
  3.2425475e+001
  3.2192994e+001
  3.1960512e+001
  3.1728031e+001
  3.1495549e+001
  3.1263068e+001
  3.1030587e+001
  3.0798105e+001
  3.0565624e+001
  3.0333143e+001
  3.0100661e+001
  2.9868180e+001
  2.9635698e+001
  2.9403217e+001
  2.9170736e+001
  2.8938254e+001
  2.8705773e+001
  2.8473292e+001
  2.8240810e+001
  2.8008329e+001
  2.7775847e+001
  2.7543366e+001
  2.7310885e+001
  2.7078403e+001
  2.6845922e+001
  2.6613441e+001
  2.6380959e+001
  2.6148478e+001
  2.5915996e+001
  2.5683515e+001
  2.5451034e+001
  2.5218552e+001
  2.4986071e+001
  2.4753590e+001
  2.4521108e+001
  2.4288627e+001
  2.4056145e+001
  2.3823664e+001
  2.3591183e+001
  2.3358701e+001
  2.3126220e+001
  2.2893739e+001
  2.2661257e+001
  2.2428776e+001
  2.2196294e+001
  2.1963813e+001
  2.1731332e+001
  2.1498850e+001
  2.1266369e+001
  2.1033888e+001
  2.0801406e+001
  2.0568925e+001
  2.0336443e+001
  2.0103962e+001
  1.9871481e+001
  1.9638999e+001
  1.9406518e+001
  1.9174037e+001
  1.8941555e+001
  1.8709074e+001
  1.8476592e+001
  1.8244111e+001
  1.8011630e+001
  1.7779148e+001
  1.7546667e+001
  1.7314186e+001
  1.7081704e+001
  1.6849223e+001
  1.6616742e+001
  1.6384260e+001
  1.6151779e+001
  1.5919297e+001
  1.5686816e+001
  1.5454335e+001
  1.5221853e+001
  1.4989372e+001
  1.4756891e+001
  1.4524409e+001
  1.4291928e+001
  1.4059446e+001
  1.3826965e+001
  1.3594484e+001
  1.3362002e+001
  1.3129521e+001
  1.2897040e+001
  1.2664558e+001
  1.2432077e+001
  1.2199595e+001
  1.1967114e+001
  1.1734633e+001
  1.1502151e+001
