  1.6859440e+001
  1.6859440e+001
  1.6859440e+001
  1.6859440e+001
  1.6859440e+001
  1.6859440e+001
  1.6859440e+001
  1.6859440e+001
  1.6859440e+001
  1.6859440e+001
  1.6859440e+001
  1.6859440e+001
  1.6859440e+001
  1.6859440e+001
  1.6859440e+001
  1.6859440e+001
  1.6859440e+001
  1.6859440e+001
  1.6859440e+001
  1.6859440e+001
  1.6859440e+001
  1.6859440e+001
  1.6859440e+001
  1.6859440e+001
  1.6859440e+001
  1.6859440e+001
  1.6859440e+001
  1.6882102e+001
  1.7244694e+001
  1.7607286e+001
  1.7969877e+001
  1.8332469e+001
  1.8695061e+001
  1.9057653e+001
  1.9420245e+001
  1.9782837e+001
  2.0145428e+001
  2.0508020e+001
  2.0870612e+001
  2.1233204e+001
  2.1595796e+001
  2.1958387e+001
  2.2320979e+001
  2.2683571e+001
  2.3046163e+001
  2.3408755e+001
  2.3771346e+001
  2.4133938e+001
  2.4496530e+001
  2.4859122e+001
  2.5221714e+001
  2.5584306e+001
  2.5946897e+001
  2.6309489e+001
  2.6672081e+001
  2.7034673e+001
  2.7397265e+001
  2.7759856e+001
  2.8122448e+001
  2.8485040e+001
  2.8847632e+001
  2.9210224e+001
  2.9572816e+001
  2.9935407e+001
  3.0297999e+001
  3.0660591e+001
  3.1023183e+001
  3.1385775e+001
  3.1748366e+001
  3.2110958e+001
  3.2473550e+001
  3.2836142e+001
  3.3198734e+001
  3.3561325e+001
  3.3923917e+001
  3.4286509e+001
  3.4649101e+001
  3.5011693e+001
  3.5374285e+001
  3.5736876e+001
  3.6099468e+001
  3.6462060e+001
  3.6824652e+001
  3.7187244e+001
  3.7549835e+001
  3.7912427e+001
  3.8275019e+001
  3.8637611e+001
  3.9000203e+001
  3.9362794e+001
  3.9725386e+001
  4.0087978e+001
  4.0450570e+001
  4.0813162e+001
  4.1175754e+001
  4.1538345e+001
  4.1900937e+001
  4.2263529e+001
  4.2626121e+001
  4.2988713e+001
  4.3351304e+001
  4.3713896e+001
  4.4076488e+001
  4.4439080e+001
  4.4801672e+001
  4.5164264e+001
  4.5526855e+001
  4.5889447e+001
  4.6252039e+001
  4.6614631e+001
  4.6977223e+001
  4.7339814e+001
  4.7702406e+001
  4.8064998e+001
  4.8427590e+001
  4.8790182e+001
  4.9152773e+001
  4.9515365e+001
  4.9877957e+001
  5.0240549e+001
  5.0603141e+001
  5.0965733e+001
  5.1328324e+001
  5.1690916e+001
  5.2053508e+001
  5.2416100e+001
  5.2778692e+001
  5.3141283e+001
  5.3503875e+001
  5.3866467e+001
  5.4229059e+001
  5.4591651e+001
  5.4954243e+001
  5.5316834e+001
  5.5679426e+001
  5.6042018e+001
  5.6404610e+001
  5.6767202e+001
  5.7129793e+001
  5.7492385e+001
  5.7854977e+001
  5.7665898e+001
  5.7290222e+001
  5.6914547e+001
  5.6538871e+001
  5.6163195e+001
  5.5787519e+001
  5.5411843e+001
  5.5036167e+001
  5.4660492e+001
  5.4284816e+001
  5.3909140e+001
  5.3533464e+001
  5.3157788e+001
  5.2782113e+001
  5.2406437e+001
  5.2030761e+001
  5.1655085e+001
  5.1279409e+001
  5.0903734e+001
  5.0528058e+001
  5.0152382e+001
  4.9776706e+001
  4.9401030e+001
  4.9025355e+001
  4.8649679e+001
  4.8274003e+001
  4.7898327e+001
  4.7522651e+001
  4.7146976e+001
  4.6771300e+001
  4.6395624e+001
  4.6019948e+001
  4.5644272e+001
  4.5268596e+001
  4.4892921e+001
  4.4517245e+001
  4.4141569e+001
  4.3765893e+001
  4.3390217e+001
  4.3014542e+001
  4.2638866e+001
  4.2263190e+001
  4.1887514e+001
  4.1511838e+001
  4.1136163e+001
  4.0760487e+001
  4.0384811e+001
  4.0009135e+001
  3.9633459e+001
  3.9257784e+001
  3.8882108e+001
  3.8506432e+001
  3.8130756e+001
  3.7755080e+001
  3.7379405e+001
  3.7003729e+001
  3.6628053e+001
  3.6252377e+001
  3.5876701e+001
  3.5501025e+001
  3.5125350e+001
  3.4749674e+001
  3.4373998e+001
  3.3998322e+001
  3.3622646e+001
  3.3246971e+001
  3.2871295e+001
  3.2495619e+001
  3.2119943e+001
  3.1744267e+001
  3.1368592e+001
  3.0992916e+001
  3.0617240e+001
  3.0241564e+001
  2.9865888e+001
  2.9490213e+001
  2.9114537e+001
  2.8738861e+001
  2.8363185e+001
  2.7987509e+001
  2.7611834e+001
  2.7236158e+001
  2.6860482e+001
  2.6484806e+001
  2.6109130e+001
  2.5733454e+001
  2.5357779e+001
  2.4982103e+001
  2.4606427e+001
  2.4230751e+001
  2.3855075e+001
  2.3479400e+001
  2.3103724e+001
  2.2728048e+001
  2.2352372e+001
  2.1976696e+001
  2.1601021e+001
  2.1225345e+001
  2.0849669e+001
  2.0473993e+001
  2.0098317e+001
  1.9722642e+001
  1.9346966e+001
  1.8971290e+001
  1.8595614e+001
  1.8219938e+001
  1.7844263e+001
  1.7468587e+001
  1.7092911e+001
  1.6717235e+001
  1.6341559e+001
  1.5965883e+001
  1.5590208e+001
  1.5214532e+001
  1.4838856e+001
