  3.7925400e+001
  3.7925400e+001
  3.7925400e+001
  3.7925400e+001
  3.7925400e+001
  3.7925400e+001
  3.7925400e+001
  3.7925400e+001
  3.7925400e+001
  3.7925400e+001
  3.7925400e+001
  3.7925400e+001
  3.7925400e+001
  3.7925400e+001
  3.7925400e+001
  3.7925400e+001
  3.7925400e+001
  3.7925400e+001
  3.7925400e+001
  3.7925400e+001
  3.7925400e+001
  3.8635060e+001
  3.9446101e+001
  4.0257141e+001
  4.1068182e+001
  4.1879222e+001
  4.2690263e+001
  4.3501303e+001
  4.4312344e+001
  4.5123384e+001
  4.5934425e+001
  4.6745465e+001
  4.7556506e+001
  4.8367546e+001
  4.9178587e+001
  4.9989627e+001
  5.0800668e+001
  5.1611708e+001
  5.2422749e+001
  5.3233789e+001
  5.4044829e+001
  5.4855870e+001
  5.5666910e+001
  5.6477951e+001
  5.7288991e+001
  5.8100032e+001
  5.8911072e+001
  5.9722113e+001
  6.0533153e+001
  6.1344194e+001
  6.2155234e+001
  6.2966275e+001
  6.3777315e+001
  6.4588356e+001
  6.5399396e+001
  6.6210437e+001
  6.7021477e+001
  6.7832518e+001
  6.8643558e+001
  6.9454599e+001
  7.0265639e+001
  7.1076680e+001
  7.1887720e+001
  7.2698760e+001
  7.3509801e+001
  7.4320841e+001
  7.5131882e+001
  7.5942922e+001
  7.6753963e+001
  7.7565003e+001
  7.8376044e+001
  7.9187084e+001
  7.9998125e+001
  8.0809165e+001
  8.1620206e+001
  8.2431246e+001
  8.3242287e+001
  8.4053327e+001
  8.4864368e+001
  8.5675408e+001
  8.6486449e+001
  8.7297489e+001
  8.8108530e+001
  8.8919570e+001
  8.9730611e+001
  9.0541651e+001
  9.1352691e+001
  9.2163732e+001
  9.2974772e+001
  9.3785813e+001
  9.4596853e+001
  9.5407894e+001
  9.6218934e+001
  9.7029975e+001
  9.7841015e+001
  9.8652056e+001
  9.9463096e+001
  1.0027414e+002
  1.0108518e+002
  1.0189622e+002
  1.0270726e+002
  1.0351830e+002
  1.0432934e+002
  1.0514038e+002
  1.0595142e+002
  1.0676246e+002
  1.0757350e+002
  1.0838454e+002
  1.0919558e+002
  1.1000662e+002
  1.1081766e+002
  1.1162870e+002
  1.1243974e+002
  1.1325078e+002
  1.1406182e+002
  1.1487287e+002
  1.1568391e+002
  1.1649495e+002
  1.1730599e+002
  1.1811703e+002
  1.1892807e+002
  1.1973911e+002
  1.2055015e+002
  1.2136119e+002
  1.2217223e+002
  1.2269453e+002
  1.2204614e+002
  1.2139775e+002
  1.2074936e+002
  1.2010097e+002
  1.1945259e+002
  1.1880420e+002
  1.1815581e+002
  1.1750742e+002
  1.1685903e+002
  1.1621065e+002
  1.1556226e+002
  1.1491387e+002
  1.1426548e+002
  1.1361709e+002
  1.1296870e+002
  1.1232032e+002
  1.1167193e+002
  1.1102354e+002
  1.1037515e+002
  1.0972676e+002
  1.0907838e+002
  1.0842999e+002
  1.0778160e+002
  1.0713321e+002
  1.0648482e+002
  1.0583643e+002
  1.0518805e+002
  1.0453966e+002
  1.0389127e+002
  1.0324288e+002
  1.0259449e+002
  1.0194611e+002
  1.0129772e+002
  1.0064933e+002
  1.0000094e+002
  9.9352553e+001
  9.8704165e+001
  9.8055776e+001
  9.7407388e+001
  9.6759000e+001
  9.6110612e+001
  9.5462224e+001
  9.4813836e+001
  9.4165447e+001
  9.3517059e+001
  9.2868671e+001
  9.2220283e+001
  9.1571895e+001
  9.0923506e+001
  9.0275118e+001
  8.9626730e+001
  8.8978342e+001
  8.8329954e+001
  8.7681566e+001
  8.7033177e+001
  8.6384789e+001
  8.5736401e+001
  8.5088013e+001
  8.4439625e+001
  8.3791236e+001
  8.3142848e+001
  8.2494460e+001
  8.1846072e+001
  8.1197684e+001
  8.0549296e+001
  7.9900907e+001
  7.9252519e+001
  7.8604131e+001
  7.7955743e+001
  7.7307355e+001
  7.6658966e+001
  7.6010578e+001
  7.5362190e+001
  7.4713802e+001
  7.4065414e+001
  7.3417026e+001
  7.2768637e+001
  7.2120249e+001
  7.1471861e+001
  7.0823473e+001
  7.0175085e+001
  6.9526697e+001
  6.8878308e+001
  6.8229920e+001
  6.7581532e+001
  6.6933144e+001
  6.6284756e+001
  6.5636367e+001
  6.4987979e+001
  6.4339591e+001
  6.3691203e+001
  6.3042815e+001
  6.2394427e+001
  6.1746038e+001
  6.1097650e+001
  6.0449262e+001
  5.9800874e+001
  5.9152486e+001
  5.8504097e+001
  5.7855709e+001
  5.7207321e+001
  5.6558933e+001
  5.5910545e+001
  5.5262157e+001
  5.4613768e+001
  5.3965380e+001
  5.3316992e+001
  5.2668604e+001
  5.2020216e+001
  5.1371828e+001
  5.0723439e+001
  5.0075051e+001
  4.9426663e+001
  4.8778275e+001
  4.8129887e+001
  4.7481498e+001
  4.6833110e+001
  4.6184722e+001
  4.5536334e+001
  4.4887946e+001
  4.4239558e+001
  4.3591169e+001
  4.2942781e+001
  4.2294393e+001
  4.1646005e+001
  4.0997617e+001
  4.0349228e+001
  3.9700840e+001
  3.9052452e+001
  3.8404064e+001
