  2040	  2040	  2040	  2040	
  7725	  7001	  6189	  7041	
  7430	  6770	  6047	  6802	
  7096	  6475	  5843	  6513	
  6826	  6243	  5674	  6244	
  6565	  6040	  5521	  6060	
  6389	  5886	  5401	  5904	
  6260	  5773	  5349	  5794	
  6134	  5688	  5277	  5693	
  6004	  5592	  5202	  5600	
  5902	  5516	  5139	  5502	
  5778	  5439	  5078	  5435	
  5679	  5358	  5044	  5360	
  5581	  5288	  4985	  5289	
  5491	  5199	  4917	  5216	
  5404	  5131	  4894	  5148	
  5317	  5088	  4826	  5070	
  5237	  5012	  4800	  5003	
  5155	  4957	  4746	  4950	
  5083	  4909	  4698	  4893	
  5020	  4856	  4658	  4846	
  4948	  4801	  4627	  4805	
  4907	  4772	  4587	  4765	
  4852	  4727	  4580	  4711	
  4817	  4693	  4570	  4693	
  4769	  4662	  4534	  4667	
  4749	  4644	  4519	  4630	
  4713	  4619	  4496	  4611	
  4692	  4598	  4476	  4597	
  4678	  4597	  4475	  4579	
  4678	  4585	  4466	  4570	
  4654	  4583	  4467	  4571	
  4654	  4582	  4464	  4577	
  4674	  4582	  4488	  4585	
  4676	  4590	  4494	  4599	
  4694	  4620	  4499	  4601	
  4731	  4647	  4527	  4628	
  4758	  4665	  4535	  4660	
  4801	  4690	  4569	  4684	
  4824	  4721	  4602	  4713	
  4871	  4758	  4613	  4743	
  4928	  4801	  4663	  4792	
  4985	  4846	  4679	  4836	
  5032	  4893	  4716	  4889	
  5082	  4937	  4764	  4938	
  5163	  5005	  4795	  5003	
  5234	  5079	  4840	  5057	
  5322	  5115	  4872	  5124	
  5396	  5198	  4937	  5187	
  5494	  5263	  4988	  5253	
  5577	  5335	  5046	  5332	
  5662	  5418	  5085	  5409	
  5768	  5503	  5164	  5503	
  5885	  5578	  5224	  5564	
  6004	  5650	  5301	  5666	
  6115	  5751	  5373	  5758	
  6249	  5837	  5448	  5846	
  6377	  5935	  5504	  5951	
  6544	  6073	  5565	  6090	
  6750	  6247	  5712	  6254	
  6904	  6366	  5808	  6400	
  7579	  6902	  6133	  6914	
  7316	  6669	  5956	  6687	
  6993	  6412	  5772	  6420	
  6733	  6173	  5627	  6190	
  6506	  5979	  5462	  5991	
  6346	  5861	  5390	  5855	
  6186	  5739	  5322	  5751	
  6076	  5650	  5256	  5658	
  5966	  5557	  5181	  5571	
  5851	  5477	  5115	  5480	
  5738	  5393	  5062	  5389	
  5633	  5327	  5008	  5324	
  5536	  5249	  4959	  5244	
  5439	  5167	  4901	  5170	
  5352	  5107	  4846	  5094	
  5267	  5036	  4801	  5037	
  5186	  4978	  4755	  4972	
  5101	  4918	  4707	  4918	
  5027	  4865	  4665	  4857	
  4978	  4813	  4640	  4806	
  4912	  4767	  4614	  4760	
  4848	  4725	  4570	  4714	
  4802	  4689	  4546	  4677	
  4760	  4645	  4522	  4648	
  4721	  4624	  4486	  4611	
  4688	  4589	  4484	  4584	
  4659	  4573	  4460	  4566	
  4642	  4556	  4453	  4549	
  4623	  4540	  4439	  4534	
  4610	  4541	  4434	  4529	
  4605	  4536	  4447	  4529	
  4602	  4537	  4442	  4525	
  4614	  4536	  4440	  4531	
  4632	  4554	  4455	  4550	
  4644	  4574	  4467	  4569	
  4675	  4595	  4490	  4586	
  4694	  4622	  4507	  4612	
  4732	  4647	  4534	  4639	
  4775	  4687	  4557	  4677	
  4815	  4714	  4592	  4708	
  4865	  4761	  4614	  4753	
  4923	  4805	  4649	  4799	
  4978	  4853	  4688	  4849	
  5046	  4897	  4710	  4900	
  5105	  4958	  4767	  4950	
  5183	  5021	  4816	  5015	
  5266	  5082	  4861	  5084	
  5351	  5149	  4904	  5139	
  5429	  5222	  4964	  5210	
  5523	  5288	  5017	  5290	
  5615	  5368	  5071	  5372	
  5729	  5448	  5139	  5448	
  5831	  5533	  5196	  5534	
  5951	  5626	  5251	  5615	
  6072	  5704	  5338	  5720	
  6188	  5797	  5390	  5818	
  6321	  5895	  5463	  5919	
  6462	  6020	  5538	  6032	
  6668	  6182	  5662	  6197	
  6806	  6294	  5758	  6326	
  7458	  6788	  6050	  6811	
  7174	  6559	  5884	  6585	
  6885	  6304	  5702	  6315	
  6643	  6094	  5559	  6112	
  6419	  5903	  5429	  5932	
  6281	  5802	  5357	  5814	
  6165	  5714	  5287	  5716	
  6021	  5608	  5220	  5619	
  5899	  5526	  5158	  5543	
  5794	  5437	  5088	  5445	
  5680	  5355	  5027	  5352	
  5577	  5270	  4973	  5279	
  5478	  5207	  4938	  5203	
  5378	  5128	  4877	  5124	
  5292	  5062	  4826	  5058	
  5207	  5001	  4778	  4991	
  5131	  4935	  4732	  4931	
  5035	  4875	  4682	  4863	
  4973	  4814	  4644	  4816	
  4901	  4765	  4608	  4769	
  4847	  4717	  4589	  4716	
  4789	  4674	  4546	  4671	
  4736	  4635	  4511	  4638	
  4697	  4599	  4489	  4596	
  4651	  4567	  4460	  4574	
  4622	  4541	  4435	  4545	
  4594	  4521	  4423	  4516	
  4575	  4506	  4407	  4494	
  4558	  4490	  4395	  4485	
  4548	  4476	  4398	  4478	
  4540	  4479	  4395	  4471	
  4543	  4491	  4394	  4482	
  4549	  4489	  4404	  4482	
  4560	  4496	  4410	  4491	
  4577	  4513	  4441	  4516	
  4603	  4539	  4457	  4541	
  4638	  4568	  4473	  4569	
  4671	  4596	  4498	  4589	
  4713	  4634	  4521	  4624	
  4749	  4662	  4555	  4663	
  4802	  4701	  4578	  4708	
  4858	  4755	  4616	  4750	
  4921	  4803	  4647	  4801	
  4977	  4853	  4693	  4856	
  5048	  4913	  4744	  4906	
  5121	  4976	  4776	  4972	
  5201	  5031	  4829	  5032	
  5280	  5097	  4870	  5093	
  5372	  5176	  4938	  5167	
  5471	  5257	  4982	  5243	
  5566	  5326	  5040	  5322	
  5664	  5403	  5105	  5419	
  5769	  5486	  5175	  5489	
  5888	  5563	  5232	  5576	
  6010	  5667	  5316	  5671	
  6131	  5766	  5354	  5772	
  6263	  5859	  5448	  5862	
  6415	  5975	  5512	  5991	
  6580	  6115	  5612	  6121	
  6704	  6214	  5679	  6234	
  7296	  6688	  5988	  6687	
  7056	  6456	  5830	  6479	
  6777	  6220	  5649	  6240	
  6560	  6016	  5501	  6039	
  6353	  5874	  5402	  5882	
  6223	  5772	  5338	  5780	
  6099	  5663	  5268	  5681	
  5980	  5584	  5214	  5585	
  5851	  5485	  5121	  5496	
  5740	  5401	  5070	  5399	
  5621	  5308	  5026	  5317	
  5518	  5228	  4946	  5238	
  5417	  5156	  4897	  5154	
  5314	  5078	  4849	  5080	
  5230	  5010	  4793	  5007	
  5150	  4950	  4751	  4957	
  5057	  4885	  4690	  4885	
  4984	  4828	  4659	  4826	
  4921	  4769	  4605	  4766	
  4843	  4716	  4576	  4716	
  4785	  4667	  4545	  4678	
  4730	  4627	  4506	  4630	
  4683	  4580	  4474	  4585	
  4631	  4552	  4440	  4552	
  4586	  4518	  4423	  4508	
  4553	  4492	  4396	  4482	
  4521	  4464	  4369	  4463	
  4504	  4446	  4364	  4439	
  4490	  4438	  4357	  4428	
  4480	  4421	  4359	  4422	
  4472	  4420	  4355	  4414	
  4470	  4418	  4360	  4416	
  4473	  4425	  4373	  4426	
  4497	  4450	  4374	  4447	
  4506	  4460	  4385	  4454	
  4534	  4487	  4408	  4479	
  4569	  4512	  4432	  4507	
  4602	  4544	  4448	  4541	
  4646	  4572	  4481	  4572	
  4691	  4614	  4504	  4608	
  4733	  4655	  4544	  4652	
  4793	  4705	  4573	  4703	
  4856	  4754	  4609	  4747	
  4915	  4804	  4661	  4801	
  4983	  4863	  4693	  4863	
  5064	  4927	  4741	  4922	
  5151	  4996	  4801	  4993	
  5225	  5062	  4850	  5056	
  5317	  5134	  4910	  5123	
  5406	  5204	  4953	  5200	
  5506	  5283	  5010	  5287	
  5616	  5364	  5065	  5361	
  5717	  5440	  5136	  5446	
  5826	  5528	  5196	  5539	
  5946	  5625	  5263	  5631	
  6070	  5717	  5343	  5731	
  6208	  5818	  5408	  5819	
  6354	  5925	  5493	  5941	
  6509	  6044	  5579	  6058	
  6610	  6127	  5639	  6157	
  7206	  6585	  5929	  6610	
  6957	  6374	  5763	  6391	
  6698	  6146	  5617	  6172	
  6479	  5956	  5477	  5985	
  6312	  5822	  5385	  5848	
  6178	  5743	  5325	  5757	
  6052	  5640	  5254	  5657	
  5927	  5553	  5190	  5560	
  5808	  5461	  5103	  5465	
  5714	  5375	  5061	  5373	
  5576	  5290	  4981	  5294	
  5470	  5209	  4922	  5215	
  5379	  5129	  4878	  5132	
  5276	  5051	  4820	  5065	
  5178	  4977	  4772	  4981	
  5096	  4915	  4726	  4909	
  5014	  4851	  4673	  4848	
  4934	  4788	  4650	  4789	
  4859	  4724	  4590	  4734	
  4793	  4672	  4537	  4679	
  4735	  4632	  4506	  4623	
  4674	  4578	  4469	  4582	
  4621	  4544	  4446	  4540	
  4580	  4504	  4411	  4503	
  4534	  4477	  4382	  4470	
  4502	  4446	  4366	  4439	
  4471	  4419	  4342	  4412	
  4448	  4405	  4333	  4400	
  4428	  4391	  4313	  4386	
  4414	  4378	  4314	  4379	
  4417	  4374	  4317	  4375	
  4411	  4378	  4315	  4370	
  4426	  4382	  4329	  4380	
  4438	  4409	  4341	  4395	
  4451	  4410	  4348	  4409	
  4479	  4438	  4370	  4438	
  4517	  4473	  4384	  4467	
  4539	  4497	  4403	  4490	
  4585	  4527	  4449	  4530	
  4632	  4565	  4467	  4571	
  4687	  4612	  4512	  4608	
  4745	  4661	  4548	  4662	
  4805	  4718	  4591	  4705	
  4863	  4769	  4633	  4760	
  4935	  4826	  4666	  4825	
  5013	  4883	  4719	  4889	
  5083	  4951	  4765	  4957	
  5177	  5024	  4819	  5026	
  5268	  5095	  4873	  5085	
  5355	  5163	  4935	  5171	
  5450	  5243	  4988	  5248	
  5562	  5332	  5037	  5325	
  5657	  5410	  5105	  5408	
  5778	  5492	  5160	  5498	
  5893	  5584	  5230	  5587	
  6020	  5675	  5301	  5696	
  6150	  5785	  5383	  5781	
  6296	  5882	  5462	  5901	
  6441	  6009	  5541	  6013	
  6536	  6075	  5615	  6104	
  7100	  6501	  5855	  6531	
  6863	  6310	  5712	  6324	
  6620	  6083	  5569	  6105	
  6429	  5921	  5446	  5937	
  6271	  5809	  5371	  5820	
  6138	  5708	  5294	  5723	
  6018	  5613	  5226	  5617	
  5884	  5522	  5162	  5530	
  5763	  5420	  5096	  5439	
  5640	  5337	  5023	  5349	
  5540	  5253	  4959	  5263	
  5437	  5172	  4913	  5172	
  5335	  5094	  4851	  5102	
  5229	  5020	  4805	  5030	
  5145	  4947	  4753	  4947	
  5047	  4882	  4698	  4883	
  4973	  4813	  4652	  4816	
  4889	  4747	  4605	  4755	
  4813	  4686	  4554	  4691	
  4741	  4638	  4509	  4639	
  4674	  4596	  4487	  4592	
  4632	  4546	  4444	  4550	
  4579	  4507	  4408	  4500	
  4521	  4467	  4380	  4459	
  4484	  4440	  4362	  4425	
  4442	  4403	  4333	  4400	
  4417	  4375	  4314	  4369	
  4392	  4354	  4317	  4362	
  4381	  4347	  4295	  4338	
  4361	  4335	  4286	  4332	
  4358	  4330	  4282	  4327	
  4354	  4332	  4271	  4329	
  4366	  4340	  4295	  4340	
  4374	  4351	  4299	  4350	
  4400	  4368	  4319	  4370	
  4426	  4388	  4341	  4387	
  4459	  4419	  4350	  4416	
  4487	  4456	  4381	  4447	
  4531	  4496	  4405	  4489	
  4581	  4526	  4437	  4527	
  4631	  4573	  4476	  4562	
  4686	  4626	  4516	  4625	
  4761	  4679	  4553	  4675	
  4822	  4730	  4608	  4729	
  4891	  4789	  4646	  4783	
  4967	  4853	  4695	  4858	
  5039	  4909	  4742	  4909	
  5121	  4988	  4790	  4991	
  5225	  5060	  4845	  5057	
  5314	  5132	  4897	  5140	
  5404	  5201	  4957	  5215	
  5511	  5291	  5017	  5293	
  5617	  5373	  5086	  5388	
  5733	  5468	  5147	  5470	
  5851	  5548	  5205	  5556	
  5980	  5645	  5286	  5667	
  6096	  5740	  5374	  5759	
  6252	  5862	  5445	  5871	
  6383	  5960	  5520	  5982	
  6485	  6035	  5571	  6066	
  7019	  6415	  5817	  6459	
  6792	  6241	  5682	  6251	
  6568	  6027	  5525	  6044	
  6378	  5882	  5420	  5895	
  6241	  5774	  5358	  5792	
  6104	  5686	  5290	  5698	
  5974	  5581	  5207	  5606	
  5862	  5492	  5145	  5498	
  5733	  5398	  5071	  5422	
  5614	  5308	  5005	  5326	
  5501	  5227	  4957	  5226	
  5394	  5146	  4887	  5154	
  5297	  5066	  4834	  5066	
  5189	  4990	  4788	  5004	
  5100	  4922	  4731	  4920	
  5006	  4850	  4665	  4855	
  4918	  4782	  4624	  4779	
  4849	  4712	  4585	  4721	
  4771	  4655	  4527	  4661	
  4698	  4601	  4498	  4609	
  4640	  4558	  4455	  4559	
  4583	  4511	  4418	  4510	
  4523	  4466	  4382	  4471	
  4478	  4429	  4354	  4430	
  4435	  4392	  4336	  4390	
  4395	  4365	  4303	  4359	
  4371	  4332	  4288	  4333	
  4348	  4309	  4267	  4311	
  4327	  4294	  4267	  4287	
  4306	  4281	  4251	  4280	
  4298	  4272	  4244	  4282	
  4301	  4282	  4255	  4275	
  4315	  4290	  4259	  4291	
  4324	  4300	  4259	  4308	
  4344	  4320	  4279	  4321	
  4375	  4349	  4290	  4342	
  4404	  4373	  4318	  4372	
  4440	  4405	  4339	  4407	
  4489	  4449	  4388	  4438	
  4532	  4490	  4411	  4492	
  4584	  4535	  4450	  4531	
  4647	  4584	  4494	  4589	
  4715	  4635	  4540	  4637	
  4770	  4696	  4576	  4689	
  4847	  4760	  4622	  4759	
  4914	  4811	  4665	  4817	
  4998	  4878	  4727	  4884	
  5078	  4943	  4764	  4944	
  5163	  5021	  4820	  5031	
  5275	  5095	  4884	  5109	
  5368	  5170	  4926	  5182	
  5465	  5270	  4992	  5265	
  5571	  5343	  5067	  5350	
  5686	  5422	  5121	  5439	
  5809	  5532	  5200	  5533	
  5930	  5612	  5269	  5624	
  6065	  5698	  5346	  5724	
  6209	  5812	  5416	  5836	
  6351	  5925	  5502	  5960	
  6435	  5993	  5557	  6033	
  6961	  6356	  5779	  6402	
  6757	  6187	  5653	  6212	
  6515	  5989	  5500	  6017	
  6337	  5848	  5399	  5872	
  6193	  5762	  5333	  5777	
  6081	  5650	  5260	  5666	
  5945	  5564	  5178	  5580	
  5822	  5467	  5124	  5488	
  5705	  5378	  5068	  5389	
  5572	  5292	  4994	  5293	
  5472	  5210	  4935	  5211	
  5358	  5119	  4894	  5124	
  5260	  5039	  4814	  5044	
  5158	  4962	  4762	  4967	
  5063	  4898	  4703	  4893	
  4979	  4828	  4662	  4826	
  4885	  4750	  4607	  4757	
  4811	  4686	  4556	  4696	
  4733	  4628	  4506	  4638	
  4665	  4583	  4468	  4579	
  4602	  4520	  4437	  4524	
  4546	  4480	  4398	  4478	
  4486	  4434	  4371	  4432	
  4438	  4396	  4325	  4392	
  4398	  4359	  4296	  4357	
  4360	  4318	  4283	  4331	
  4333	  4297	  4254	  4299	
  4295	  4270	  4237	  4271	
  4275	  4257	  4234	  4256	
  4260	  4247	  4218	  4237	
  4255	  4238	  4212	  4237	
  4257	  4239	  4215	  4239	
  4269	  4248	  4223	  4250	
  4284	  4264	  4231	  4268	
  4299	  4288	  4247	  4284	
  4330	  4318	  4269	  4309	
  4367	  4341	  4288	  4344	
  4395	  4374	  4321	  4373	
  4447	  4419	  4356	  4415	
  4487	  4463	  4386	  4459	
  4546	  4501	  4428	  4495	
  4608	  4556	  4467	  4550	
  4673	  4601	  4511	  4602	
  4741	  4663	  4552	  4661	
  4817	  4724	  4606	  4731	
  4893	  4790	  4647	  4790	
  4971	  4856	  4706	  4855	
  5037	  4918	  4746	  4925	
  5129	  4999	  4798	  5008	
  5235	  5073	  4860	  5076	
  5330	  5144	  4907	  5153	
  5436	  5229	  4988	  5240	
  5547	  5313	  5041	  5323	
  5656	  5405	  5117	  5416	
  5784	  5488	  5181	  5509	
  5895	  5596	  5244	  5606	
  6020	  5676	  5322	  5702	
  6172	  5787	  5392	  5820	
  6306	  5911	  5480	  5924	
  6400	  5969	  5510	  5994	
  6895	  6330	  5756	  6367	
  6693	  6147	  5608	  6170	
  6476	  5955	  5477	  5982	
  6312	  5834	  5393	  5855	
  6165	  5734	  5311	  5753	
  6040	  5631	  5248	  5652	
  5907	  5544	  5184	  5561	
  5793	  5447	  5114	  5459	
  5669	  5353	  5050	  5366	
  5547	  5270	  4988	  5282	
  5430	  5173	  4920	  5184	
  5326	  5094	  4863	  5096	
  5222	  5008	  4806	  5026	
  5127	  4941	  4756	  4944	
  5026	  4864	  4684	  4870	
  4937	  4790	  4633	  4796	
  4858	  4729	  4576	  4731	
  4775	  4661	  4532	  4667	
  4713	  4603	  4491	  4609	
  4634	  4542	  4451	  4543	
  4564	  4498	  4422	  4498	
  4507	  4448	  4374	  4448	
  4450	  4403	  4331	  4400	
  4402	  4364	  4318	  4368	
  4359	  4318	  4274	  4324	
  4324	  4286	  4253	  4293	
  4291	  4259	  4232	  4261	
  4252	  4242	  4217	  4231	
  4229	  4212	  4194	  4219	
  4212	  4203	  4182	  4202	
  4208	  4200	  4182	  4198	
  4216	  4196	  4179	  4201	
  4216	  4209	  4185	  4205	
  4236	  4227	  4199	  4216	
  4257	  4242	  4219	  4246	
  4289	  4277	  4243	  4270	
  4335	  4303	  4269	  4309	
  4366	  4347	  4296	  4341	
  4403	  4382	  4334	  4379	
  4458	  4425	  4368	  4426	
  4504	  4473	  4398	  4465	
  4577	  4535	  4447	  4533	
  4635	  4579	  4484	  4581	
  4697	  4635	  4532	  4631	
  4773	  4696	  4574	  4700	
  4857	  4759	  4627	  4761	
  4931	  4824	  4681	  4839	
  5021	  4890	  4729	  4894	
  5109	  4965	  4783	  4982	
  5198	  5046	  4851	  5054	
  5297	  5124	  4904	  5135	
  5401	  5208	  4961	  5212	
  5516	  5300	  5028	  5308	
  5630	  5380	  5094	  5393	
  5755	  5474	  5156	  5486	
  5874	  5565	  5232	  5580	
  5990	  5668	  5298	  5681	
  6145	  5775	  5397	  5796	
  6270	  5881	  5474	  5904	
  6368	  5948	  5497	  5977	
  6863	  6270	  5688	  6311	
  6648	  6112	  5589	  6138	
  6450	  5936	  5470	  5955	
  6298	  5819	  5383	  5841	
  6149	  5722	  5321	  5739	
  6018	  5617	  5244	  5638	
  5896	  5537	  5167	  5544	
  5773	  5438	  5119	  5449	
  5654	  5343	  5034	  5355	
  5538	  5249	  4987	  5267	
  5411	  5167	  4914	  5169	
  5315	  5070	  4850	  5081	
  5201	  4995	  4797	  5003	
  5104	  4920	  4743	  4933	
  5010	  4843	  4675	  4853	
  4924	  4774	  4628	  4778	
  4827	  4707	  4568	  4719	
  4759	  4654	  4525	  4646	
  4678	  4583	  4472	  4583	
  4605	  4520	  4431	  4527	
  4549	  4479	  4392	  4478	
  4484	  4428	  4366	  4429	
  4427	  4379	  4317	  4375	
  4376	  4338	  4297	  4340	
  4326	  4295	  4263	  4299	
  4288	  4260	  4232	  4265	
  4247	  4227	  4209	  4224	
  4217	  4208	  4177	  4206	
  4192	  4189	  4153	  4182	
  4176	  4169	  4150	  4168	
  4171	  4166	  4151	  4165	
  4169	  4162	  4151	  4165	
  4180	  4171	  4155	  4177	
  4195	  4194	  4179	  4195	
  4219	  4212	  4198	  4213	
  4257	  4246	  4228	  4244	
  4292	  4278	  4242	  4283	
  4328	  4313	  4280	  4313	
  4379	  4356	  4312	  4361	
  4430	  4402	  4353	  4397	
  4486	  4455	  4389	  4447	
  4546	  4511	  4433	  4505	
  4611	  4554	  4483	  4561	
  4677	  4615	  4519	  4622	
  4746	  4674	  4572	  4678	
  4834	  4743	  4615	  4742	
  4907	  4805	  4670	  4812	
  4994	  4878	  4717	  4884	
  5084	  4959	  4783	  4967	
  5180	  5022	  4828	  5038	
  5279	  5107	  4895	  5101	
  5393	  5190	  4950	  5200	
  5483	  5280	  5016	  5293	
  5608	  5358	  5071	  5375	
  5737	  5455	  5151	  5471	
  5847	  5551	  5201	  5563	
  5968	  5643	  5282	  5665	
  6120	  5749	  5375	  5787	
  6258	  5865	  5450	  5887	
  6352	  5931	  5494	  5960	
  6833	  6257	  5692	  6290	
  6634	  6080	  5580	  6113	
  6416	  5911	  5455	  5948	
  6272	  5814	  5369	  5838	
  6123	  5693	  5299	  5716	
  5994	  5605	  5229	  5628	
  5877	  5512	  5173	  5520	
  5752	  5409	  5090	  5428	
  5636	  5328	  5027	  5347	
  5507	  5236	  4970	  5254	
  5395	  5142	  4903	  5151	
  5296	  5064	  4846	  5072	
  5192	  4983	  4782	  5000	
  5086	  4906	  4716	  4905	
  4990	  4829	  4669	  4840	
  4908	  4753	  4622	  4766	
  4810	  4686	  4560	  4693	
  4739	  4622	  4519	  4636	
  4656	  4565	  4467	  4570	
  4586	  4506	  4417	  4513	
  4518	  4458	  4383	  4463	
  4460	  4409	  4351	  4411	
  4405	  4364	  4304	  4362	
  4344	  4317	  4269	  4322	
  4301	  4274	  4237	  4279	
  4263	  4240	  4216	  4241	
  4222	  4205	  4185	  4205	
  4195	  4179	  4162	  4180	
  4167	  4163	  4154	  4156	
  4148	  4142	  4134	  4137	
  4132	  4136	  4122	  4129	
  4133	  4135	  4131	  4132	
  4150	  4149	  4134	  4148	
  4164	  4167	  4153	  4157	
  4194	  4188	  4181	  4185	
  4227	  4222	  4215	  4218	
  4263	  4251	  4229	  4255	
  4307	  4291	  4266	  4294	
  4357	  4338	  4309	  4335	
  4407	  4380	  4336	  4381	
  4467	  4433	  4369	  4442	
  4528	  4486	  4411	  4489	
  4585	  4546	  4459	  4544	
  4659	  4605	  4496	  4602	
  4734	  4666	  4559	  4664	
  4809	  4723	  4602	  4728	
  4886	  4799	  4661	  4794	
  4973	  4859	  4711	  4861	
  5070	  4930	  4770	  4947	
  5159	  5010	  4828	  5018	
  5264	  5094	  4881	  5097	
  5369	  5169	  4942	  5199	
  5476	  5261	  5008	  5266	
  5579	  5351	  5087	  5363	
  5709	  5439	  5144	  5456	
  5829	  5547	  5213	  5547	
  5949	  5629	  5283	  5659	
  6102	  5745	  5366	  5763	
  6241	  5850	  5431	  5873	
  6325	  5916	  5502	  5957	
  6810	  6231	  5688	  6272	
  6605	  6069	  5566	  6095	
  6408	  5907	  5447	  5934	
  6258	  5801	  5376	  5829	
  6118	  5693	  5302	  5712	
  5990	  5601	  5229	  5617	
  5864	  5498	  5156	  5523	
  5737	  5407	  5089	  5419	
  5612	  5311	  5033	  5324	
  5510	  5228	  4966	  5241	
  5384	  5147	  4896	  5151	
  5274	  5054	  4823	  5065	
  5178	  4979	  4777	  4991	
  5077	  4892	  4703	  4896	
  4978	  4821	  4655	  4824	
  4893	  4746	  4604	  4752	
  4805	  4691	  4563	  4686	
  4720	  4618	  4510	  4622	
  4644	  4557	  4456	  4559	
  4569	  4496	  4418	  4501	
  4508	  4444	  4385	  4457	
  4449	  4393	  4337	  4395	
  4388	  4353	  4301	  4349	
  4334	  4298	  4264	  4306	
  4280	  4263	  4226	  4263	
  4236	  4222	  4192	  4226	
  4195	  4187	  4171	  4180	
  4167	  4159	  4151	  4160	
  4139	  4132	  4128	  4139	
  4115	  4118	  4115	  4105	
  4108	  4104	  4113	  4107	
  4110	  4111	  4109	  4107	
  4125	  4122	  4115	  4125	
  4141	  4140	  4132	  4150	
  4166	  4166	  4159	  4167	
  4203	  4198	  4189	  4196	
  4248	  4235	  4214	  4239	
  4288	  4277	  4244	  4277	
  4345	  4320	  4281	  4323	
  4394	  4370	  4316	  4362	
  4447	  4416	  4359	  4420	
  4512	  4471	  4414	  4475	
  4570	  4525	  4435	  4529	
  4644	  4586	  4501	  4588	
  4727	  4645	  4549	  4654	
  4792	  4709	  4590	  4719	
  4875	  4782	  4642	  4784	
  4960	  4856	  4701	  4861	
  5049	  4923	  4750	  4936	
  5147	  5000	  4817	  5011	
  5246	  5082	  4878	  5101	
  5346	  5158	  4925	  5179	
  5460	  5246	  4991	  5261	
  5577	  5330	  5061	  5354	
  5694	  5427	  5128	  5448	
  5815	  5523	  5196	  5546	
  5943	  5626	  5289	  5645	
  6076	  5728	  5363	  5761	
  6223	  5840	  5439	  5874	
  6305	  5912	  5494	  5937	
  6785	  6225	  5686	  6253	
  6591	  6051	  5576	  6083	
  6401	  5908	  5452	  5933	
  6256	  5798	  5381	  5824	
  6117	  5693	  5301	  5708	
  5981	  5588	  5223	  5607	
  5849	  5489	  5151	  5505	
  5734	  5407	  5091	  5419	
  5604	  5314	  5027	  5325	
  5499	  5226	  4961	  5228	
  5376	  5124	  4893	  5141	
  5264	  5044	  4813	  5049	
  5157	  4965	  4771	  4983	
  5058	  4879	  4707	  4896	
  4970	  4822	  4655	  4821	
  4875	  4743	  4606	  4752	
  4786	  4681	  4556	  4685	
  4713	  4612	  4513	  4616	
  4636	  4558	  4459	  4560	
  4571	  4486	  4411	  4495	
  4503	  4434	  4370	  4437	
  4436	  4388	  4332	  4389	
  4379	  4333	  4287	  4338	
  4325	  4291	  4246	  4297	
  4279	  4248	  4225	  4250	
  4229	  4213	  4187	  4215	
  4187	  4169	  4151	  4171	
  4147	  4139	  4146	  4149	
  4122	  4114	  4114	  4111	
  4105	  4096	  4108	  4103	
  4096	  4096	  4102	  4099	
  4099	  4099	  4096	  4096	
  4107	  4113	  4105	  4110	
  4135	  4130	  4119	  4127	
  4156	  4156	  4149	  4149	
  4197	  4182	  4177	  4185	
  4231	  4224	  4209	  4230	
  4279	  4269	  4232	  4267	
  4330	  4311	  4277	  4315	
  4380	  4359	  4312	  4363	
  4441	  4405	  4353	  4417	
  4511	  4471	  4400	  4464	
  4572	  4526	  4448	  4521	
  4641	  4577	  4496	  4591	
  4712	  4647	  4541	  4642	
  4791	  4710	  4600	  4711	
  4868	  4768	  4636	  4781	
  4957	  4844	  4702	  4856	
  5051	  4917	  4756	  4926	
  5147	  4991	  4805	  5003	
  5238	  5073	  4880	  5091	
  5344	  5164	  4933	  5178	
  5458	  5251	  4991	  5258	
  5566	  5335	  5054	  5353	
  5697	  5432	  5138	  5444	
  5819	  5523	  5210	  5546	
  5938	  5631	  5277	  5636	
  6085	  5726	  5359	  5751	
  6228	  5843	  5445	  5866	
  6311	  5913	  5490	  5924	
  6766	  6208	  5676	  6245	
  6587	  6060	  5561	  6076	
  6408	  5897	  5440	  5931	
  6262	  5787	  5369	  5825	
  6102	  5683	  5295	  5709	
  5986	  5593	  5212	  5605	
  5854	  5504	  5157	  5507	
  5730	  5395	  5087	  5414	
  5613	  5306	  5022	  5326	
  5498	  5219	  4948	  5241	
  5387	  5132	  4892	  5137	
  5273	  5038	  4822	  5060	
  5167	  4963	  4777	  4977	
  5056	  4883	  4710	  4895	
  4966	  4821	  4657	  4822	
  4882	  4749	  4602	  4753	
  4788	  4671	  4555	  4685	
  4709	  4611	  4502	  4622	
  4636	  4552	  4463	  4552	
  4562	  4491	  4419	  4501	
  4501	  4438	  4376	  4438	
  4434	  4384	  4322	  4392	
  4377	  4338	  4289	  4337	
  4320	  4293	  4258	  4289	
  4275	  4249	  4224	  4249	
  4230	  4204	  4188	  4215	
  4180	  4167	  4158	  4169	
  4144	  4137	  4140	  4135	
  4117	  4109	  4117	  4113	
  4096	  4101	  4101	  4103	
  4101	  4103	  4096	  4105	
  4100	  4098	  4113	  4099	
  4104	  4100	  4105	  4100	
  4115	  4115	  4120	  4119	
  4140	  4139	  4141	  4147	
  4179	  4174	  4162	  4179	
  4231	  4212	  4201	  4222	
  4267	  4261	  4233	  4263	
  4323	  4303	  4269	  4306	
  4377	  4357	  4315	  4360	
  4434	  4412	  4349	  4403	
  4498	  4462	  4400	  4471	
  4569	  4518	  4449	  4519	
  4633	  4577	  4499	  4583	
  4713	  4639	  4549	  4647	
  4792	  4712	  4583	  4714	
  4876	  4784	  4642	  4784	
  4949	  4850	  4695	  4854	
  5055	  4919	  4746	  4927	
  5134	  5005	  4822	  5006	
  5233	  5075	  4872	  5083	
  5347	  5158	  4925	  5179	
  5456	  5250	  4999	  5259	
  5563	  5344	  5058	  5348	
  5691	  5435	  5118	  5456	
  5811	  5527	  5207	  5544	
  5935	  5619	  5263	  5637	
  6076	  5724	  5361	  5747	
  6217	  5834	  5430	  5857	
  6304	  5915	  5482	  5924	
  6774	  6206	  5650	  6244	
  6602	  6062	  5560	  6093	
  6414	  5908	  5453	  5931	
  6274	  5796	  5368	  5828	
  6116	  5688	  5301	  5721	
  5995	  5590	  5226	  5616	
  5852	  5500	  5158	  5528	
  5729	  5388	  5087	  5411	
  5624	  5314	  5032	  5333	
  5495	  5231	  4952	  5248	
  5379	  5129	  4889	  5150	
  5271	  5042	  4833	  5058	
  5165	  4975	  4783	  4985	
  5065	  4891	  4711	  4894	
  4971	  4817	  4672	  4837	
  4888	  4748	  4611	  4761	
  4799	  4668	  4558	  4692	
  4715	  4615	  4521	  4617	
  4645	  4557	  4460	  4556	
  4567	  4491	  4405	  4502	
  4500	  4447	  4376	  4442	
  4450	  4397	  4329	  4392	
  4383	  4338	  4295	  4347	
  4332	  4297	  4256	  4303	
  4277	  4253	  4228	  4247	
  4231	  4205	  4194	  4214	
  4188	  4170	  4161	  4178	
  4148	  4141	  4148	  4144	
  4115	  4112	  4119	  4119	
  4120	  4106	  4105	  4111	
  4107	  4108	  4112	  4105	
  4105	  4109	  4114	  4107	
  4109	  4115	  4104	  4107	
  4122	  4121	  4120	  4121	
  4153	  4146	  4135	  4141	
  4190	  4181	  4165	  4186	
  4236	  4220	  4200	  4216	
  4281	  4261	  4247	  4263	
  4334	  4312	  4273	  4308	
  4386	  4356	  4320	  4363	
  4443	  4412	  4358	  4410	
  4509	  4465	  4402	  4469	
  4571	  4526	  4450	  4528	
  4642	  4580	  4498	  4584	
  4716	  4642	  4541	  4649	
  4792	  4710	  4591	  4723	
  4884	  4781	  4645	  4784	
  4965	  4845	  4698	  4856	
  5049	  4924	  4761	  4932	
  5144	  5005	  4811	  5017	
  5245	  5076	  4878	  5092	
  5355	  5173	  4937	  5182	
  5455	  5250	  4997	  5269	
  5574	  5346	  5062	  5360	
  5699	  5433	  5146	  5448	
  5815	  5520	  5192	  5541	
  5952	  5621	  5277	  5638	
  6084	  5725	  5346	  5755	
  6230	  5845	  5448	  5868	
  6327	  5900	  5497	  5935	
  6784	  6225	  5666	  6256	
  6601	  6057	  5567	  6088	
  6421	  5905	  5455	  5941	
  6263	  5805	  5384	  5827	
  6126	  5700	  5311	  5715	
  5998	  5601	  5237	  5619	
  5880	  5508	  5157	  5530	
  5750	  5410	  5105	  5427	
  5633	  5322	  5031	  5338	
  5507	  5235	  4974	  5249	
  5391	  5141	  4902	  5155	
  5282	  5052	  4830	  5062	
  5190	  4978	  4783	  4992	
  5083	  4892	  4717	  4906	
  4984	  4824	  4675	  4833	
  4894	  4761	  4616	  4757	
  4811	  4690	  4565	  4702	
  4733	  4615	  4517	  4632	
  4652	  4560	  4467	  4568	
  4577	  4497	  4421	  4505	
  4521	  4453	  4389	  4446	
  4455	  4397	  4332	  4400	
  4389	  4343	  4296	  4353	
  4342	  4300	  4273	  4307	
  4298	  4266	  4240	  4270	
  4251	  4221	  4204	  4224	
  4199	  4177	  4168	  4182	
  4159	  4153	  4146	  4145	
  4139	  4122	  4124	  4132	
  4122	  4115	  4116	  4115	
  4116	  4118	  4117	  4112	
  4118	  4116	  4113	  4116	
  4119	  4121	  4121	  4115	
  4136	  4127	  4124	  4128	
  4168	  4154	  4153	  4155	
  4202	  4190	  4186	  4196	
  4248	  4229	  4206	  4226	
  4286	  4270	  4242	  4276	
  4338	  4321	  4280	  4320	
  4393	  4372	  4318	  4374	
  4457	  4425	  4365	  4418	
  4519	  4476	  4410	  4481	
  4584	  4529	  4455	  4535	
  4653	  4590	  4495	  4597	
  4728	  4657	  4547	  4656	
  4805	  4714	  4596	  4727	
  4890	  4792	  4647	  4795	
  4974	  4858	  4704	  4865	
  5069	  4930	  4772	  4948	
  5159	  5010	  4831	  5019	
  5252	  5090	  4875	  5103	
  5365	  5178	  4948	  5189	
  5474	  5263	  5008	  5277	
  5574	  5344	  5069	  5366	
  5703	  5435	  5145	  5459	
  5830	  5530	  5197	  5549	
  5944	  5625	  5287	  5647	
  6096	  5741	  5377	  5762	
  6237	  5851	  5441	  5877	
  6329	  5921	  5486	  5967	
  6815	  6238	  5688	  6274	
  6616	  6074	  5575	  6111	
  6433	  5925	  5460	  5956	
  6290	  5817	  5394	  5836	
  6152	  5715	  5313	  5748	
  6025	  5617	  5251	  5629	
  5885	  5522	  5179	  5541	
  5763	  5424	  5112	  5441	
  5646	  5326	  5047	  5343	
  5528	  5243	  4975	  5263	
  5407	  5153	  4915	  5162	
  5301	  5064	  4864	  5079	
  5203	  4994	  4796	  5006	
  5093	  4910	  4732	  4924	
  5004	  4844	  4687	  4847	
  4924	  4781	  4638	  4786	
  4833	  4711	  4573	  4720	
  4751	  4641	  4519	  4648	
  4684	  4585	  4481	  4584	
  4602	  4516	  4437	  4527	
  4540	  4470	  4398	  4473	
  4479	  4418	  4349	  4421	
  4417	  4364	  4326	  4363	
  4370	  4323	  4289	  4327	
  4319	  4278	  4251	  4286	
  4269	  4243	  4218	  4242	
  4228	  4209	  4178	  4202	
  4190	  4173	  4165	  4176	
  4165	  4148	  4145	  4139	
  4142	  4130	  4139	  4137	
  4127	  4121	  4129	  4124	
  4134	  4121	  4122	  4125	
  4134	  4128	  4129	  4127	
  4156	  4153	  4140	  4145	
  4178	  4180	  4164	  4176	
  4227	  4216	  4187	  4213	
  4265	  4248	  4227	  4251	
  4310	  4289	  4266	  4290	
  4367	  4336	  4296	  4346	
  4417	  4386	  4342	  4384	
  4474	  4435	  4374	  4439	
  4536	  4488	  4424	  4490	
  4607	  4552	  4464	  4544	
  4676	  4605	  4518	  4608	
  4749	  4675	  4555	  4674	
  4826	  4730	  4607	  4737	
  4909	  4797	  4665	  4810	
  4987	  4868	  4715	  4882	
  5080	  4951	  4779	  4961	
  5175	  5022	  4821	  5037	
  5276	  5101	  4898	  5112	
  5390	  5194	  4953	  5209	
  5489	  5277	  5018	  5290	
  5604	  5365	  5083	  5382	
  5723	  5457	  5142	  5467	
  5850	  5541	  5237	  5576	
  5962	  5642	  5304	  5669	
  6115	  5749	  5379	  5775	
  6254	  5866	  5455	  5887	
  6349	  5935	  5501	  5961	
  6822	  6260	  5712	  6290	
  6652	  6097	  5590	  6122	
  6444	  5931	  5477	  5968	
  6306	  5825	  5406	  5862	
  6163	  5715	  5325	  5754	
  6038	  5628	  5259	  5660	
  5911	  5532	  5183	  5562	
  5784	  5438	  5123	  5460	
  5662	  5346	  5062	  5362	
  5552	  5254	  4998	  5277	
  5433	  5162	  4935	  5191	
  5325	  5084	  4861	  5106	
  5228	  5013	  4804	  5024	
  5126	  4932	  4748	  4940	
  5026	  4861	  4697	  4869	
  4940	  4789	  4638	  4797	
  4857	  4722	  4581	  4732	
  4771	  4658	  4531	  4671	
  4697	  4590	  4480	  4602	
  4633	  4536	  4457	  4549	
  4565	  4485	  4412	  4491	
  4504	  4439	  4374	  4442	
  4442	  4390	  4341	  4390	
  4394	  4345	  4309	  4347	
  4339	  4305	  4280	  4300	
  4303	  4266	  4243	  4266	
  4251	  4221	  4219	  4229	
  4218	  4198	  4177	  4201	
  4197	  4173	  4164	  4178	
  4169	  4153	  4148	  4164	
  4157	  4144	  4144	  4146	
  4156	  4143	  4142	  4150	
  4175	  4155	  4147	  4160	
  4197	  4175	  4164	  4177	
  4216	  4200	  4183	  4196	
  4261	  4238	  4228	  4237	
  4294	  4272	  4236	  4271	
  4334	  4312	  4272	  4314	
  4395	  4362	  4319	  4363	
  4437	  4405	  4359	  4407	
  4499	  4457	  4397	  4464	
  4563	  4515	  4443	  4512	
  4624	  4567	  4479	  4567	
  4697	  4628	  4525	  4629	
  4771	  4695	  4577	  4691	
  4851	  4754	  4633	  4759	
  4926	  4826	  4682	  4820	
  5010	  4894	  4733	  4906	
  5109	  4963	  4790	  4979	
  5204	  5047	  4847	  5053	
  5299	  5118	  4906	  5138	
  5404	  5201	  4964	  5224	
  5515	  5301	  5023	  5302	
  5627	  5386	  5103	  5389	
  5741	  5483	  5173	  5488	
  5858	  5562	  5240	  5584	
  5994	  5665	  5304	  5693	
  6134	  5771	  5376	  5797	
  6274	  5889	  5462	  5907	
  6373	  5955	  5515	  5982	
  6876	  6283	  5715	  6336	
  6687	  6126	  5606	  6158	
  6481	  5966	  5490	  5993	
  6334	  5862	  5416	  5875	
  6189	  5738	  5350	  5769	
  6063	  5645	  5287	  5658	
  5936	  5556	  5203	  5581	
  5811	  5458	  5144	  5477	
  5694	  5370	  5067	  5385	
  5584	  5284	  5010	  5291	
  5458	  5188	  4932	  5203	
  5351	  5109	  4871	  5118	
  5252	  5029	  4829	  5046	
  5149	  4951	  4755	  4966	
  5058	  4884	  4716	  4887	
  4970	  4813	  4655	  4818	
  4885	  4742	  4608	  4746	
  4801	  4676	  4565	  4690	
  4734	  4621	  4522	  4627	
  4659	  4565	  4473	  4566	
  4598	  4515	  4444	  4524	
  4536	  4464	  4395	  4462	
  4480	  4416	  4363	  4422	
  4428	  4374	  4312	  4379	
  4382	  4333	  4299	  4340	
  4338	  4294	  4265	  4292	
  4294	  4259	  4242	  4263	
  4259	  4234	  4215	  4240	
  4238	  4211	  4193	  4214	
  4217	  4193	  4188	  4197	
  4205	  4182	  4167	  4181	
  4198	  4185	  4164	  4182	
  4210	  4186	  4178	  4194	
  4233	  4208	  4198	  4213	
  4265	  4233	  4228	  4241	
  4293	  4268	  4243	  4274	
  4332	  4307	  4271	  4308	
  4373	  4346	  4304	  4346	
  4422	  4392	  4335	  4381	
  4479	  4429	  4373	  4439	
  4534	  4489	  4409	  4479	
  4598	  4543	  4464	  4550	
  4660	  4591	  4498	  4588	
  4731	  4647	  4539	  4653	
  4803	  4722	  4600	  4718	
  4880	  4777	  4637	  4785	
  4961	  4843	  4698	  4855	
  5043	  4917	  4756	  4930	
  5134	  4998	  4803	  4997	
  5227	  5069	  4865	  5083	
  5331	  5143	  4927	  5158	
  5437	  5235	  4981	  5240	
  5547	  5311	  5046	  5344	
  5656	  5398	  5114	  5416	
  5768	  5493	  5189	  5513	
  5905	  5586	  5246	  5614	
  6025	  5686	  5322	  5696	
  6161	  5785	  5410	  5822	
  6303	  5905	  5502	  5924	
  6401	  5960	  5547	  5987	
  6921	  6326	  5761	  6362	
  6733	  6164	  5652	  6205	
  6529	  5990	  5514	  6030	
  6377	  5876	  5426	  5911	
  6237	  5762	  5358	  5785	
  6087	  5662	  5285	  5685	
  5962	  5565	  5216	  5591	
  5840	  5481	  5153	  5490	
  5717	  5385	  5091	  5394	
  5616	  5303	  5024	  5316	
  5488	  5211	  4956	  5227	
  5385	  5130	  4904	  5150	
  5283	  5061	  4836	  5064	
  5182	  4968	  4781	  4988	
  5092	  4904	  4727	  4918	
  5007	  4838	  4678	  4851	
  4919	  4778	  4628	  4783	
  4836	  4716	  4589	  4720	
  4775	  4655	  4536	  4661	
  4698	  4593	  4499	  4601	
  4635	  4548	  4454	  4553	
  4576	  4504	  4422	  4511	
  4516	  4452	  4386	  4459	
  4473	  4407	  4351	  4416	
  4417	  4368	  4331	  4380	
  4385	  4335	  4288	  4341	
  4341	  4297	  4266	  4301	
  4312	  4274	  4250	  4281	
  4284	  4249	  4223	  4251	
  4267	  4235	  4219	  4232	
  4255	  4232	  4204	  4230	
  4253	  4234	  4206	  4225	
  4266	  4243	  4218	  4240	
  4285	  4258	  4237	  4260	
  4307	  4275	  4258	  4281	
  4344	  4312	  4275	  4308	
  4382	  4345	  4302	  4353	
  4423	  4383	  4337	  4379	
  4469	  4432	  4367	  4427	
  4515	  4468	  4402	  4470	
  4571	  4518	  4445	  4523	
  4636	  4567	  4475	  4573	
  4696	  4623	  4529	  4625	
  4768	  4684	  4573	  4689	
  4842	  4749	  4637	  4752	
  4919	  4811	  4672	  4815	
  5006	  4875	  4728	  4875	
  5084	  4937	  4770	  4951	
  5174	  5022	  4838	  5031	
  5274	  5096	  4885	  5108	
  5368	  5178	  4945	  5181	
  5463	  5254	  4997	  5275	
  5577	  5338	  5074	  5359	
  5690	  5427	  5137	  5441	
  5813	  5534	  5215	  5543	
  5926	  5624	  5268	  5639	
  6050	  5708	  5336	  5735	
  6208	  5819	  5439	  5851	
  6335	  5925	  5499	  5954	
  6420	  5991	  5549	  6024	
  6996	  6371	  5793	  6423	
  6784	  6202	  5667	  6251	
  6572	  6026	  5541	  6056	
  6408	  5892	  5462	  5929	
  6264	  5796	  5374	  5811	
  6121	  5699	  5304	  5724	
  6003	  5592	  5239	  5622	
  5878	  5499	  5171	  5529	
  5754	  5412	  5093	  5429	
  5635	  5322	  5033	  5344	
  5526	  5240	  4968	  5244	
  5419	  5156	  4922	  5172	
  5318	  5082	  4856	  5087	
  5218	  5009	  4812	  5016	
  5126	  4933	  4752	  4950	
  5042	  4872	  4707	  4884	
  4963	  4807	  4651	  4818	
  4881	  4747	  4616	  4757	
  4817	  4691	  4566	  4702	
  4746	  4644	  4532	  4642	
  4683	  4589	  4488	  4587	
  4624	  4539	  4455	  4539	
  4561	  4487	  4420	  4493	
  4512	  4449	  4388	  4445	
  4476	  4415	  4347	  4418	
  4437	  4378	  4328	  4377	
  4394	  4346	  4304	  4345	
  4374	  4328	  4296	  4322	
  4340	  4305	  4268	  4302	
  4328	  4289	  4258	  4289	
  4322	  4283	  4246	  4283	
  4317	  4278	  4251	  4279	
  4323	  4294	  4259	  4289	
  4335	  4304	  4276	  4310	
  4360	  4327	  4283	  4329	
  4399	  4356	  4318	  4359	
  4436	  4392	  4346	  4393	
  4470	  4426	  4372	  4427	
  4521	  4467	  4406	  4466	
  4562	  4508	  4433	  4507	
  4625	  4560	  4469	  4561	
  4673	  4607	  4516	  4611	
  4742	  4656	  4551	  4666	
  4802	  4715	  4593	  4723	
  4879	  4779	  4647	  4787	
  4956	  4847	  4701	  4851	
  5039	  4906	  4751	  4915	
  5121	  4981	  4794	  4982	
  5217	  5053	  4853	  5062	
  5307	  5119	  4911	  5132	
  5409	  5200	  4964	  5216	
  5509	  5287	  5021	  5305	
  5624	  5373	  5087	  5388	
  5733	  5467	  5161	  5477	
  5850	  5546	  5232	  5577	
  5962	  5647	  5298	  5668	
  6099	  5747	  5372	  5762	
  6245	  5850	  5444	  5879	
  6373	  5956	  5522	  5991	
  6457	  6027	  5562	  6059	
  7068	  6474	  5851	  6490	
  6848	  6272	  5715	  6307	
  6614	  6069	  5575	  6098	
  6450	  5932	  5473	  5961	
  6304	  5835	  5407	  5854	
  6170	  5728	  5329	  5755	
  6053	  5622	  5262	  5653	
  5921	  5535	  5188	  5550	
  5799	  5447	  5124	  5467	
  5682	  5353	  5049	  5373	
  5569	  5276	  4999	  5292	
  5466	  5192	  4935	  5212	
  5368	  5124	  4907	  5134	
  5272	  5047	  4836	  5061	
  5178	  4978	  4778	  4993	
  5103	  4914	  4743	  4926	
  5008	  4848	  4674	  4850	
  4936	  4784	  4642	  4797	
  4862	  4729	  4602	  4736	
  4793	  4667	  4551	  4676	
  4731	  4626	  4518	  4633	
  4668	  4580	  4487	  4580	
  4621	  4534	  4450	  4537	
  4576	  4494	  4417	  4501	
  4527	  4467	  4400	  4463	
  4491	  4434	  4361	  4432	
  4451	  4397	  4350	  4393	
  4432	  4375	  4328	  4374	
  4411	  4361	  4307	  4366	
  4394	  4346	  4310	  4350	
  4383	  4337	  4299	  4339	
  4380	  4336	  4294	  4343	
  4386	  4352	  4315	  4354	
  4406	  4357	  4317	  4360	
  4426	  4382	  4330	  4384	
  4456	  4411	  4356	  4408	
  4490	  4438	  4383	  4441	
  4527	  4468	  4404	  4482	
  4573	  4515	  4437	  4515	
  4619	  4551	  4473	  4556	
  4664	  4602	  4515	  4602	
  4729	  4656	  4541	  4652	
  4794	  4707	  4590	  4712	
  4860	  4755	  4631	  4768	
  4944	  4818	  4675	  4824	
  5005	  4878	  4732	  4891	
  5084	  4941	  4769	  4956	
  5168	  5020	  4829	  5021	
  5260	  5087	  4871	  5100	
  5359	  5167	  4939	  5176	
  5455	  5242	  4985	  5264	
  5558	  5326	  5051	  5338	
  5657	  5411	  5120	  5424	
  5774	  5507	  5182	  5519	
  5895	  5593	  5261	  5608	
  6025	  5668	  5326	  5702	
  6144	  5780	  5403	  5788	
  6280	  5881	  5487	  5926	
  6420	  5993	  5558	  6016	
  6504	  6053	  5601	  6093	
  7152	  6496	  5891	  6565	
  6923	  6332	  5759	  6356	
  6676	  6109	  5610	  6166	
  6498	  5971	  5510	  6003	
  6357	  5861	  5432	  5896	
  6227	  5763	  5361	  5775	
  6091	  5665	  5278	  5692	
  5964	  5569	  5218	  5585	
  5847	  5484	  5148	  5492	
  5732	  5393	  5091	  5412	
  5623	  5319	  5024	  5329	
  5521	  5238	  4988	  5244	
  5419	  5160	  4911	  5172	
  5317	  5081	  4863	  5088	
  5225	  5019	  4814	  5027	
  5138	  4955	  4767	  4958	
  5060	  4892	  4716	  4887	
  4983	  4823	  4674	  4834	
  4920	  4771	  4640	  4777	
  4847	  4717	  4598	  4725	
  4789	  4680	  4555	  4672	
  4734	  4624	  4524	  4628	
  4672	  4583	  4495	  4581	
  4632	  4548	  4456	  4543	
  4590	  4507	  4428	  4514	
  4549	  4486	  4409	  4484	
  4516	  4453	  4379	  4456	
  4489	  4432	  4377	  4437	
  4467	  4425	  4363	  4420	
  4458	  4400	  4354	  4403	
  4446	  4398	  4347	  4401	
  4455	  4396	  4346	  4405	
  4458	  4408	  4366	  4414	
  4464	  4426	  4358	  4424	
  4493	  4437	  4381	  4442	
  4516	  4469	  4401	  4469	
  4550	  4491	  4426	  4492	
  4585	  4526	  4449	  4519	
  4640	  4566	  4486	  4558	
  4679	  4603	  4504	  4597	
  4737	  4647	  4546	  4647	
  4787	  4703	  4583	  4696	
  4846	  4749	  4628	  4747	
  4917	  4804	  4671	  4809	
  4990	  4863	  4714	  4861	
  5067	  4920	  4763	  4931	
  5138	  4987	  4806	  4996	
  5224	  5058	  4853	  5055	
  5312	  5136	  4918	  5135	
  5407	  5208	  4973	  5216	
  5504	  5284	  5026	  5289	
  5610	  5361	  5089	  5378	
  5709	  5447	  5158	  5473	
  5820	  5534	  5223	  5556	
  5945	  5637	  5287	  5650	
  6069	  5728	  5363	  5738	
  6189	  5804	  5441	  5839	
  6329	  5923	  5513	  5951	
  6471	  6028	  5589	  6058	
  6559	  6094	  5637	  6141	
  7249	  6595	  5957	  6638	
  7024	  6408	  5803	  6434	
  6766	  6188	  5652	  6215	
  6569	  6025	  5537	  6054	
  6420	  5903	  5467	  5929	
  6292	  5806	  5393	  5831	
  6151	  5712	  5319	  5731	
  6023	  5612	  5252	  5648	
  5906	  5534	  5186	  5550	
  5794	  5437	  5129	  5455	
  5676	  5356	  5056	  5362	
  5576	  5283	  5013	  5291	
  5471	  5205	  4955	  5212	
  5370	  5127	  4911	  5136	
  5289	  5067	  4852	  5068	
  5208	  4994	  4801	  5004	
  5121	  4940	  4755	  4944	
  5050	  4881	  4709	  4887	
  4979	  4821	  4669	  4835	
  4905	  4773	  4644	  4779	
  4853	  4733	  4598	  4728	
  4790	  4670	  4561	  4681	
  4740	  4641	  4527	  4637	
  4699	  4595	  4497	  4610	
  4661	  4566	  4482	  4569	
  4621	  4536	  4453	  4541	
  4586	  4514	  4437	  4512	
  4564	  4493	  4427	  4491	
  4546	  4481	  4407	  4478	
  4532	  4463	  4402	  4464	
  4525	  4465	  4399	  4464	
  4521	  4457	  4401	  4461	
  4531	  4465	  4407	  4467	
  4545	  4485	  4418	  4488	
  4564	  4499	  4425	  4500	
  4588	  4525	  4439	  4522	
  4618	  4550	  4469	  4550	
  4655	  4580	  4490	  4580	
  4701	  4622	  4515	  4619	
  4741	  4649	  4554	  4657	
  4796	  4698	  4577	  4697	
  4851	  4750	  4619	  4745	
  4908	  4792	  4647	  4795	
  4965	  4863	  4709	  4851	
  5043	  4911	  4750	  4907	
  5116	  4970	  4790	  4979	
  5199	  5033	  4833	  5040	
  5279	  5104	  4886	  5102	
  5369	  5171	  4951	  5173	
  5460	  5256	  4999	  5252	
  5553	  5326	  5058	  5333	
  5669	  5400	  5127	  5426	
  5766	  5489	  5188	  5506	
  5890	  5583	  5263	  5589	
  6002	  5665	  5314	  5690	
  6107	  5765	  5399	  5783	
  6250	  5866	  5461	  5889	
  6386	  5965	  5548	  5996	
  6538	  6083	  5608	  6101	
  6639	  6147	  5660	  6194	
  7351	  6690	  6026	  6730	
  7124	  6496	  5881	  6524	
  6851	  6256	  5720	  6290	
  6644	  6079	  5594	  6111	
  6465	  5956	  5488	  5974	
  6340	  5857	  5411	  5878	
  6219	  5759	  5355	  5773	
  6092	  5659	  5280	  5678	
  5974	  5564	  5217	  5591	
  5851	  5491	  5171	  5504	
  5733	  5400	  5101	  5410	
  5628	  5330	  5051	  5339	
  5538	  5251	  4993	  5263	
  5435	  5184	  4941	  5182	
  5350	  5114	  4891	  5120	
  5265	  5047	  4841	  5058	
  5186	  4983	  4791	  4993	
  5112	  4929	  4749	  4936	
  5045	  4880	  4721	  4879	
  4971	  4831	  4684	  4832	
  4917	  4781	  4644	  4786	
  4865	  4744	  4603	  4738	
  4806	  4698	  4568	  4688	
  4771	  4649	  4554	  4664	
  4733	  4628	  4524	  4629	
  4694	  4597	  4514	  4600	
  4650	  4574	  4485	  4579	
  4644	  4555	  4482	  4550	
  4618	  4549	  4462	  4541	
  4602	  4535	  4457	  4532	
  4602	  4522	  4446	  4528	
  4601	  4523	  4450	  4524	
  4609	  4543	  4451	  4539	
  4625	  4550	  4462	  4552	
  4639	  4560	  4476	  4565	
  4663	  4582	  4494	  4588	
  4688	  4608	  4521	  4607	
  4724	  4642	  4541	  4643	
  4771	  4683	  4573	  4668	
  4813	  4717	  4599	  4714	
  4865	  4760	  4617	  4754	
  4919	  4804	  4667	  4802	
  4979	  4857	  4698	  4858	
  5045	  4909	  4751	  4901	
  5113	  4960	  4778	  4967	
  5181	  5024	  4845	  5028	
  5252	  5089	  4879	  5093	
  5337	  5151	  4922	  5151	
  5433	  5229	  4983	  5236	
  5525	  5300	  5041	  5308	
  5623	  5376	  5091	  5380	
  5726	  5461	  5176	  5477	
  5836	  5546	  5225	  5554	
  5944	  5634	  5292	  5653	
  6064	  5718	  5351	  5745	
  6190	  5810	  5437	  5831	
  6318	  5910	  5486	  5939	
  6471	  6024	  5584	  6050	
  6597	  6126	  5655	  6149	
  6701	  6204	  5715	  6240	
  7477	  6821	  6084	  6849	
  7240	  6589	  5947	  6644	
  6951	  6346	  5782	  6381	
  6725	  6145	  5640	  6186	
  6536	  6005	  5528	  6040	
  6409	  5908	  5461	  5930	
  6285	  5807	  5393	  5822	
  6152	  5710	  5324	  5714	
  6030	  5634	  5252	  5636	
  5916	  5538	  5199	  5559	
  5802	  5458	  5137	  5467	
  5705	  5374	  5080	  5388	
  5604	  5311	  5020	  5319	
  5508	  5236	  4981	  5241	
  5417	  5176	  4919	  5181	
  5340	  5100	  4889	  5111	
  5258	  5045	  4843	  5050	
  5175	  4982	  4797	  4990	
  5112	  4930	  4759	  4934	
  5047	  4884	  4722	  4879	
  4989	  4833	  4684	  4842	
  4935	  4797	  4661	  4799	
  4884	  4750	  4616	  4763	
  4838	  4722	  4605	  4722	
  4798	  4683	  4576	  4693	
  4762	  4655	  4551	  4663	
  4735	  4636	  4522	  4640	
  4716	  4613	  4511	  4612	
  4692	  4602	  4517	  4605	
  4684	  4598	  4501	  4588	
  4677	  4589	  4505	  4593	
  4681	  4602	  4504	  4597	
  4684	  4607	  4502	  4599	
  4700	  4615	  4513	  4615	
  4713	  4631	  4526	  4625	
  4737	  4646	  4546	  4636	
  4759	  4673	  4566	  4671	
  4798	  4697	  4590	  4696	
  4837	  4734	  4603	  4734	
  4879	  4775	  4633	  4769	
  4931	  4816	  4660	  4813	
  4992	  4859	  4704	  4855	
  5042	  4905	  4749	  4915	
  5112	  4953	  4791	  4960	
  5176	  5020	  4823	  5018	
  5244	  5074	  4865	  5076	
  5329	  5141	  4921	  5140	
  5405	  5194	  4970	  5207	
  5497	  5279	  5030	  5286	
  5594	  5346	  5078	  5354	
  5688	  5437	  5128	  5431	
  5802	  5515	  5197	  5527	
  5901	  5586	  5266	  5613	
  6014	  5680	  5320	  5693	
  6125	  5767	  5405	  5785	
  6252	  5863	  5451	  5882	
  6386	  5963	  5529	  5985	
  6523	  6071	  5599	  6090	
  6668	  6182	  5674	  6209	
  6786	  6278	  5747	  6284	
  7619	  6928	  6185	  6973	
  7362	  6711	  6022	  6759	
  7068	  6450	  5843	  6476	
  6826	  6236	  5687	  6271	
  6628	  6077	  5578	  6092	
  6471	  5958	  5504	  5979	
  6346	  5859	  5422	  5879	
  6225	  5775	  5373	  5793	
  6100	  5678	  5294	  5689	
  5998	  5594	  5232	  5603	
  5874	  5513	  5187	  5520	
  5770	  5427	  5115	  5444	
  5674	  5369	  5074	  5372	
  5583	  5293	  5011	  5299	
  5487	  5226	  4963	  5223	
  5415	  5164	  4935	  5164	
  5325	  5098	  4892	  5112	
  5256	  5043	  4835	  5047	
  5192	  4992	  4804	  5001	
  5120	  4946	  4762	  4950	
  5063	  4901	  4724	  4903	
  5013	  4853	  4695	  4864	
  4960	  4815	  4685	  4819	
  4920	  4790	  4652	  4783	
  4879	  4749	  4617	  4761	
  4851	  4724	  4609	  4728	
  4823	  4701	  4583	  4705	
  4787	  4685	  4579	  4684	
  4775	  4666	  4562	  4667	
  4767	  4659	  4559	  4668	
  4759	  4661	  4558	  4656	
  4763	  4661	  4553	  4665	
  4766	  4669	  4556	  4666	
  4776	  4678	  4577	  4685	
  4795	  4700	  4573	  4697	
  4815	  4719	  4606	  4716	
  4847	  4747	  4614	  4740	
  4875	  4771	  4639	  4764	
  4919	  4805	  4662	  4802	
  4965	  4838	  4683	  4836	
  5005	  4873	  4722	  4877	
  5058	  4916	  4761	  4920	
  5120	  4976	  4788	  4962	
  5185	  5027	  4824	  5021	
  5256	  5068	  4882	  5078	
  5321	  5141	  4922	  5139	
  5395	  5191	  4966	  5199	
  5480	  5262	  5020	  5264	
  5569	  5340	  5076	  5330	
  5662	  5412	  5124	  5412	
  5756	  5486	  5182	  5496	
  5864	  5563	  5241	  5583	
  5959	  5641	  5301	  5649	
  6084	  5741	  5354	  5748	
  6192	  5827	  5432	  5842	
  6324	  5918	  5499	  5930	
  6456	  6021	  5562	  6036	
  6602	  6118	  5641	  6150	
  6763	  6251	  5736	  6282	
  6894	  6345	  5802	  6397	
  7810	  7107	  6308	  7135	
  7527	  6855	  6144	  6873	
  7203	  6579	  5949	  6595	
  6962	  6335	  5770	  6371	
  6722	  6151	  5630	  6176	
  6558	  6035	  5554	  6052	
  6432	  5929	  5479	  5951	
  6304	  5841	  5399	  5853	
  6194	  5738	  5350	  5757	
  6072	  5653	  5294	  5674	
  5953	  5574	  5226	  5583	
  5857	  5497	  5174	  5518	
  5751	  5432	  5110	  5433	
  5657	  5355	  5062	  5363	
  5569	  5294	  5020	  5301	
  5488	  5236	  4977	  5229	
  5407	  5166	  4931	  5172	
  5336	  5117	  4888	  5117	
  5269	  5058	  4848	  5060	
  5210	  5008	  4804	  5010	
  5157	  4964	  4780	  4964	
  5095	  4923	  4755	  4931	
  5057	  4879	  4735	  4891	
  5002	  4852	  4701	  4854	
  4972	  4833	  4675	  4822	
  4927	  4801	  4658	  4798	
  4905	  4779	  4643	  4782	
  4883	  4760	  4625	  4758	
  4868	  4750	  4614	  4740	
  4855	  4736	  4608	  4737	
  4852	  4738	  4612	  4735	
  4849	  4737	  4604	  4737	
  4852	  4751	  4624	  4739	
  4873	  4749	  4617	  4759	
  4882	  4766	  4631	  4768	
  4903	  4791	  4657	  4791	
  4938	  4819	  4659	  4805	
  4958	  4832	  4688	  4831	
  5000	  4874	  4720	  4872	
  5042	  4908	  4746	  4908	
  5090	  4942	  4763	  4940	
  5143	  4996	  4800	  4983	
  5206	  5034	  4836	  5026	
  5263	  5091	  4889	  5092	
  5334	  5143	  4925	  5144	
  5409	  5202	  4967	  5208	
  5483	  5264	  5013	  5267	
  5554	  5326	  5065	  5330	
  5649	  5405	  5107	  5399	
  5732	  5472	  5163	  5481	
  5841	  5548	  5207	  5565	
  5946	  5635	  5284	  5640	
  6048	  5714	  5346	  5719	
  6159	  5799	  5406	  5809	
  6281	  5884	  5475	  5910	
  6405	  5980	  5547	  5998	
  6530	  6077	  5616	  6098	
  6686	  6197	  5682	  6211	
  6869	  6355	  5797	  6360	
  7003	  6473	  5896	  6490	
  7996	  7269	  6430	  7290	
  7698	  6989	  6236	  7028	
  7366	  6701	  6036	  6738	
  7078	  6462	  5860	  6494	
  6843	  6244	  5696	  6268	
  6653	  6110	  5603	  6124	
  6511	  5992	  5527	  6014	
  6389	  5895	  5451	  5922	
  6260	  5803	  5385	  5814	
  6156	  5727	  5336	  5741	
  6025	  5631	  5263	  5646	
  5935	  5567	  5220	  5576	
  5838	  5491	  5159	  5506	
  5741	  5416	  5114	  5436	
  5651	  5360	  5070	  5353	
  5570	  5293	  5025	  5300	
  5487	  5231	  4981	  5235	
  5417	  5176	  4946	  5182	
  5353	  5130	  4907	  5136	
  5291	  5079	  4871	  5080	
  5235	  5038	  4836	  5037	
  5181	  5002	  4811	  4990	
  5133	  4958	  4777	  4945	
  5087	  4932	  4756	  4922	
  5059	  4890	  4734	  4900	
  5026	  4875	  4705	  4872	
  4994	  4842	  4702	  4844	
  4963	  4830	  4697	  4827	
  4955	  4822	  4671	  4813	
  4944	  4817	  4671	  4815	
  4945	  4814	  4666	  4804	
  4939	  4815	  4654	  4809	
  4948	  4813	  4676	  4811	
  4965	  4834	  4689	  4820	
  4981	  4840	  4699	  4842	
  5001	  4864	  4711	  4863	
  5018	  4886	  4730	  4879	
  5055	  4914	  4741	  4910	
  5097	  4943	  4769	  4942	
  5137	  4979	  4788	  4975	
  5179	  5015	  4823	  5012	
  5240	  5064	  4860	  5069	
  5282	  5105	  4897	  5108	
  5348	  5150	  4931	  5159	
  5413	  5204	  4971	  5221	
  5483	  5264	  5012	  5274	
  5567	  5331	  5057	  5336	
  5635	  5398	  5105	  5400	
  5726	  5469	  5152	  5479	
  5821	  5542	  5208	  5542	
  5927	  5605	  5265	  5624	
  6015	  5703	  5338	  5700	
  6129	  5774	  5388	  5787	
  6239	  5857	  5449	  5873	
  6374	  5961	  5529	  5976	
  6490	  6058	  5586	  6067	
  6621	  6148	  5650	  6164	
  6790	  6278	  5762	  6294	
  6982	  6454	  5876	  6473	
  7137	  6558	  5965	  6607	
  8225	  7439	  6553	  7489	
  7885	  7170	  6362	  7202	
  7545	  6850	  6145	  6905	
  7245	  6597	  5956	  6622	
  6980	  6377	  5803	  6387	
  6758	  6181	  5662	  6212	
  6612	  6068	  5557	  6080	
  6474	  5953	  5497	  5980	
  6355	  5874	  5438	  5891	
  6246	  5790	  5381	  5807	
  6134	  5713	  5320	  5720	
  6025	  5635	  5262	  5638	
  5922	  5559	  5211	  5568	
  5824	  5477	  5156	  5488	
  5749	  5431	  5123	  5427	
  5664	  5360	  5073	  5366	
  5582	  5303	  5026	  5312	
  5522	  5243	  4987	  5249	
  5451	  5200	  4958	  5204	
  5385	  5151	  4919	  5143	
  5334	  5107	  4899	  5104	
  5280	  5072	  4855	  5069	
  5230	  5023	  4814	  5030	
  5180	  5002	  4795	  5003	
  5152	  4969	  4780	  4965	
  5116	  4948	  4773	  4944	
  5078	  4926	  4756	  4922	
  5058	  4913	  4736	  4901	
  5051	  4904	  4741	  4904	
  5043	  4884	  4734	  4890	
  5042	  4887	  4733	  4884	
  5036	  4891	  4729	  4894	
  5041	  4905	  4735	  4897	
  5056	  4918	  4737	  4897	
  5070	  4921	  4755	  4918	
  5090	  4937	  4773	  4935	
  5131	  4968	  4778	  4956	
  5148	  4994	  4797	  4981	
  5192	  5016	  4823	  5019	
  5221	  5049	  4848	  5052	
  5274	  5081	  4871	  5093	
  5321	  5134	  4903	  5129	
  5379	  5176	  4938	  5174	
  5437	  5231	  4976	  5227	
  5503	  5282	  5026	  5275	
  5576	  5343	  5068	  5338	
  5656	  5397	  5113	  5410	
  5747	  5469	  5174	  5470	
  5814	  5530	  5217	  5546	
  5910	  5615	  5269	  5612	
  6011	  5685	  5324	  5682	
  6109	  5754	  5383	  5772	
  6216	  5845	  5425	  5852	
  6335	  5923	  5506	  5937	
  6462	  6022	  5572	  6027	
  6580	  6121	  5642	  6125	
  6723	  6220	  5723	  6239	
  6907	  6373	  5823	  6398	
  7135	  6574	  5960	  6594	
  7294	  6715	  6054	  6731	
  8458	  7661	  6708	  7708	
  8110	  7365	  6495	  7405	
  7734	  7033	  6259	  7056	
  7418	  6753	  6067	  6777	
  7134	  6509	  5904	  6531	
  6900	  6321	  5754	  6330	
  6717	  6150	  5640	  6165	
  6576	  6030	  5539	  6044	
  6439	  5943	  5477	  5952	
  6340	  5865	  5430	  5866	
  6226	  5777	  5387	  5784	
  6111	  5697	  5325	  5709	
  6025	  5627	  5258	  5639	
  5922	  5565	  5201	  5565	
  5846	  5506	  5158	  5502	
  5761	  5424	  5112	  5428	
  5679	  5384	  5089	  5382	
  5613	  5320	  5052	  5321	
  5543	  5279	  4999	  5263	
  5474	  5229	  4972	  5218	
  5419	  5185	  4947	  5182	
  5365	  5148	  4901	  5138	
  5323	  5099	  4893	  5105	
  5279	  5083	  4872	  5074	
  5249	  5050	  4843	  5037	
  5211	  5022	  4832	  5021	
  5181	  5004	  4804	  4993	
  5160	  4992	  4791	  4989	
  5144	  4971	  4793	  4970	
  5139	  4967	  4790	  4964	
  5135	  4968	  4784	  4962	
  5134	  4969	  4780	  4962	
  5152	  4980	  4808	  4973	
  5160	  4985	  4807	  4980	
  5170	  5004	  4809	  4998	
  5196	  5019	  4828	  5018	
  5218	  5043	  4832	  5039	
  5243	  5070	  4868	  5069	
  5283	  5099	  4895	  5089	
  5334	  5137	  4909	  5126	
  5365	  5174	  4936	  5163	
  5434	  5216	  4967	  5209	
  5471	  5256	  5011	  5243	
  5533	  5301	  5031	  5305	
  5611	  5354	  5081	  5348	
  5683	  5416	  5119	  5413	
  5756	  5471	  5158	  5476	
  5829	  5538	  5219	  5540	
  5919	  5608	  5277	  5608	
  6002	  5677	  5320	  5681	
  6105	  5745	  5363	  5749	
  6204	  5839	  5434	  5837	
  6312	  5921	  5475	  5923	
  6436	  6003	  5545	  6003	
  6547	  6086	  5614	  6093	
  6686	  6185	  5675	  6192	
  6823	  6317	  5783	  6329	
  7046	  6495	  5892	  6498	
  7292	  6712	  6070	  6720	
  7471	  6868	  6169	  6864	
  8713	  7887	  6870	  7945	
  8353	  7581	  6650	  7616	
  7960	  7226	  6408	  7252	
  7610	  6919	  6179	  6946	
  7319	  6658	  6004	  6694	
  7059	  6446	  5842	  6463	
  6851	  6253	  5717	  6278	
  6679	  6113	  5604	  6132	
  6573	  6017	  5545	  6029	
  6435	  5942	  5489	  5957	
  6315	  5859	  5436	  5872	
  6223	  5782	  5378	  5786	
  6125	  5710	  5324	  5720	
  6012	  5633	  5268	  5635	
  5933	  5574	  5241	  5580	
  5858	  5516	  5189	  5510	
  5785	  5461	  5141	  5450	
  5708	  5405	  5107	  5401	
  5644	  5337	  5074	  5346	
  5586	  5297	  5020	  5302	
  5524	  5259	  5001	  5258	
  5463	  5213	  4989	  5221	
  5429	  5183	  4948	  5186	
  5382	  5149	  4924	  5153	
  5349	  5126	  4912	  5119	
  5315	  5103	  4883	  5104	
  5291	  5080	  4875	  5079	
  5271	  5069	  4868	  5065	
  5251	  5058	  4853	  5051	
  5238	  5056	  4851	  5052	
  5238	  5046	  4850	  5040	
  5233	  5051	  4856	  5048	
  5249	  5056	  4873	  5051	
  5257	  5065	  4862	  5062	
  5268	  5078	  4873	  5078	
  5294	  5099	  4888	  5099	
  5321	  5123	  4910	  5117	
  5349	  5144	  4929	  5149	
  5393	  5179	  4958	  5174	
  5430	  5217	  4973	  5206	
  5481	  5238	  5002	  5241	
  5528	  5295	  5034	  5285	
  5578	  5337	  5065	  5328	
  5629	  5384	  5111	  5379	
  5715	  5436	  5144	  5438	
  5785	  5490	  5172	  5492	
  5858	  5564	  5222	  5550	
  5931	  5622	  5273	  5616	
  6013	  5682	  5328	  5686	
  6109	  5754	  5370	  5752	
  6199	  5826	  5429	  5825	
  6306	  5910	  5486	  5911	
  6418	  5986	  5533	  5995	
  6525	  6085	  5599	  6080	
  6657	  6170	  5674	  6175	
  6789	  6266	  5757	  6284	
  6979	  6441	  5873	  6447	
  7209	  6630	  6005	  6643	
  7471	  6866	  6177	  6860	
  7644	  7029	  6276	  7047	
  9057	  8187	  7053	  8244	
  8650	  7829	  6845	  7876	
  8242	  7459	  6569	  7485	
  7865	  7146	  6350	  7176	
  7539	  6838	  6123	  6871	
  7262	  6610	  5958	  6637	
  7031	  6407	  5826	  6431	
  6818	  6240	  5704	  6249	
  6668	  6109	  5615	  6118	
  6554	  6023	  5567	  6033	
  6444	  5945	  5503	  5954	
  6338	  5875	  5441	  5882	
  6244	  5805	  5391	  5808	
  6139	  5713	  5342	  5726	
  6052	  5660	  5296	  5657	
  5974	  5599	  5247	  5597	
  5894	  5534	  5202	  5546	
  5819	  5488	  5175	  5492	
  5761	  5438	  5144	  5435	
  5693	  5388	  5104	  5388	
  5646	  5355	  5075	  5345	
  5584	  5315	  5042	  5303	
  5534	  5272	  5021	  5274	
  5489	  5247	  4992	  5230	
  5462	  5223	  4960	  5216	
  5425	  5193	  4964	  5191	
  5402	  5176	  4947	  5165	
  5385	  5161	  4932	  5146	
  5375	  5156	  4932	  5148	
  5359	  5147	  4918	  5136	
  5348	  5149	  4927	  5134	
  5358	  5148	  4930	  5139	
  5361	  5150	  4932	  5136	
  5373	  5163	  4941	  5149	
  5397	  5175	  4941	  5167	
  5416	  5188	  4957	  5185	
  5443	  5214	  4979	  5202	
  5474	  5236	  5001	  5230	
  5501	  5275	  5034	  5264	
  5545	  5304	  5044	  5300	
  5590	  5333	  5082	  5335	
  5640	  5382	  5112	  5378	
  5684	  5415	  5128	  5422	
  5748	  5461	  5179	  5458	
  5815	  5528	  5204	  5519	
  5894	  5589	  5260	  5572	
  5970	  5634	  5301	  5640	
  6043	  5698	  5338	  5697	
  6132	  5771	  5390	  5766	
  6222	  5842	  5438	  5851	
  6327	  5913	  5492	  5911	
  6421	  5998	  5533	  6019	
  6542	  6075	  5618	  6078	
  6649	  6171	  5677	  6170	
  6780	  6268	  5768	  6269	
  6948	  6394	  5835	  6406	
  7155	  6573	  5979	  6591	
  7404	  6807	  6131	  6816	
  7676	  7043	  6321	  7066	
  7884	  7239	  6473	  7256	
  9263	  8420	  7188	  8430	
  8893	  8038	  6941	  8080	
  8413	  7638	  6666	  7664	
  8058	  7303	  6445	  7308	
  7712	  7005	  6209	  7015	
  7408	  6724	  6035	  6751	
  7175	  6512	  5897	  6552	
  6947	  6321	  5752	  6349	
  6763	  6183	  5650	  6202	
  6647	  6102	  5598	  6108	
  6542	  6005	  5509	  6015	
  6429	  5941	  5474	  5956	
  6351	  5862	  5435	  5859	
  6228	  5792	  5372	  5792	
  6130	  5724	  5323	  5731	
  6049	  5660	  5285	  5676	
  5973	  5609	  5220	  5603	
  5908	  5554	  5200	  5544	
  5836	  5509	  5173	  5504	
  5767	  5458	  5119	  5460	
  5709	  5422	  5101	  5421	
  5670	  5361	  5059	  5370	
  5616	  5339	  5048	  5334	
  5580	  5318	  5025	  5306	
  5549	  5292	  5000	  5283	
  5516	  5267	  4999	  5251	
  5482	  5256	  4974	  5232	
  5455	  5234	  4971	  5230	
  5456	  5212	  4957	  5213	
  5451	  5204	  4950	  5192	
  5433	  5216	  4962	  5187	
  5440	  5214	  4959	  5202	
  5446	  5220	  4965	  5218	
  5461	  5225	  4961	  5222	
  5473	  5253	  4973	  5238	
  5499	  5267	  4984	  5242	
  5516	  5281	  5011	  5275	
  5564	  5303	  5029	  5299	
  5592	  5339	  5060	  5329	
  5631	  5387	  5088	  5371	
  5677	  5417	  5118	  5411	
  5713	  5444	  5131	  5450	
  5775	  5485	  5162	  5483	
  5842	  5531	  5197	  5519	
  5901	  5588	  5239	  5586	
  5980	  5663	  5278	  5648	
  6037	  5715	  5316	  5717	
  6121	  5768	  5363	  5764	
  6217	  5842	  5409	  5846	
  6318	  5919	  5472	  5914	
  6401	  5984	  5537	  5984	
  6522	  6067	  5576	  6060	
  6609	  6142	  5636	  6133	
  6750	  6238	  5721	  6243	
  6881	  6368	  5776	  6351	
  7072	  6518	  5897	  6514	
  7305	  6688	  6030	  6708	
  7566	  6944	  6212	  6949	
  7860	  7203	  6400	  7231	
  8067	  7389	  6550	  7403	
