  2040	  2040	  2040	  2040	
  7116	  6858	  6456	  6860	
  6881	  6631	  6251	  6623	
  6605	  6353	  6003	  6353	
  6373	  6124	  5817	  6134	
  6180	  5951	  5650	  5937	
  6025	  5796	  5503	  5792	
  5920	  5720	  5459	  5696	
  5837	  5619	  5370	  5617	
  5746	  5543	  5313	  5541	
  5668	  5479	  5265	  5467	
  5601	  5400	  5188	  5416	
  5511	  5346	  5148	  5340	
  5433	  5289	  5079	  5278	
  5379	  5211	  5044	  5218	
  5298	  5153	  4977	  5165	
  5228	  5111	  4939	  5107	
  5181	  5054	  4882	  5055	
  5124	  5006	  4852	  5005	
  5071	  4963	  4809	  4952	
  5013	  4910	  4763	  4904	
  4981	  4877	  4747	  4872	
  4932	  4843	  4720	  4858	
  4906	  4804	  4687	  4804	
  4872	  4771	  4664	  4779	
  4837	  4753	  4639	  4754	
  4812	  4737	  4620	  4735	
  4785	  4715	  4600	  4713	
  4775	  4709	  4601	  4701	
  4763	  4688	  4589	  4697	
  4746	  4694	  4580	  4679	
  4761	  4683	  4577	  4688	
  4743	  4690	  4584	  4690	
  4754	  4689	  4584	  4692	
  4771	  4699	  4595	  4707	
  4773	  4720	  4616	  4710	
  4786	  4725	  4627	  4736	
  4813	  4757	  4646	  4759	
  4839	  4774	  4673	  4770	
  4872	  4798	  4694	  4801	
  4914	  4825	  4709	  4824	
  4935	  4869	  4752	  4855	
  4975	  4911	  4774	  4912	
  5022	  4943	  4813	  4929	
  5069	  4983	  4847	  4982	
  5117	  5038	  4884	  5025	
  5169	  5075	  4935	  5096	
  5221	  5123	  4965	  5132	
  5282	  5179	  5030	  5194	
  5336	  5246	  5089	  5245	
  5407	  5308	  5134	  5303	
  5480	  5374	  5191	  5375	
  5564	  5442	  5258	  5438	
  5633	  5511	  5333	  5516	
  5704	  5570	  5399	  5576	
  5805	  5666	  5440	  5664	
  5911	  5751	  5517	  5740	
  5987	  5837	  5614	  5827	
  6125	  5940	  5697	  5963	
  6262	  6102	  5842	  6107	
  6367	  6213	  5955	  6244	
  6983	  6739	  6345	  6768	
  6763	  6516	  6160	  6524	
  6506	  6268	  5943	  6273	
  6289	  6050	  5737	  6053	
  6109	  5873	  5597	  5873	
  5986	  5753	  5488	  5754	
  5893	  5668	  5412	  5672	
  5804	  5596	  5357	  5583	
  5695	  5515	  5288	  5511	
  5621	  5445	  5231	  5445	
  5526	  5365	  5167	  5365	
  5468	  5307	  5109	  5299	
  5390	  5246	  5057	  5236	
  5320	  5180	  5001	  5181	
  5264	  5122	  4952	  5116	
  5181	  5065	  4907	  5072	
  5128	  5010	  4857	  5020	
  5072	  4970	  4820	  4963	
  5028	  4925	  4775	  4917	
  4973	  4871	  4742	  4869	
  4925	  4837	  4715	  4836	
  4883	  4799	  4685	  4797	
  4851	  4757	  4653	  4763	
  4820	  4736	  4620	  4734	
  4791	  4710	  4609	  4708	
  4765	  4691	  4594	  4687	
  4737	  4659	  4561	  4667	
  4727	  4648	  4545	  4655	
  4711	  4634	  4544	  4647	
  4698	  4637	  4538	  4635	
  4692	  4629	  4535	  4634	
  4691	  4635	  4537	  4631	
  4696	  4640	  4539	  4631	
  4709	  4646	  4554	  4647	
  4720	  4662	  4575	  4667	
  4735	  4677	  4594	  4678	
  4767	  4708	  4605	  4713	
  4788	  4728	  4636	  4734	
  4813	  4748	  4653	  4755	
  4847	  4783	  4671	  4783	
  4878	  4809	  4705	  4815	
  4927	  4855	  4735	  4855	
  4965	  4897	  4783	  4893	
  5006	  4927	  4808	  4929	
  5059	  4980	  4853	  4990	
  5114	  5025	  4888	  5042	
  5163	  5096	  4937	  5089	
  5227	  5141	  4996	  5149	
  5290	  5198	  5048	  5193	
  5358	  5258	  5100	  5260	
  5432	  5330	  5150	  5330	
  5503	  5402	  5222	  5405	
  5576	  5468	  5285	  5464	
  5659	  5540	  5348	  5546	
  5763	  5621	  5428	  5630	
  5849	  5696	  5480	  5716	
  5954	  5784	  5566	  5799	
  6070	  5891	  5655	  5894	
  6211	  6026	  5779	  6039	
  6327	  6135	  5867	  6149	
  6874	  6624	  6247	  6646	
  6649	  6402	  6062	  6420	
  6397	  6158	  5851	  6169	
  6207	  5977	  5678	  5974	
  6031	  5803	  5536	  5813	
  5926	  5714	  5464	  5718	
  5837	  5626	  5395	  5629	
  5747	  5548	  5322	  5540	
  5657	  5468	  5252	  5474	
  5562	  5397	  5192	  5399	
  5486	  5328	  5128	  5326	
  5412	  5255	  5077	  5257	
  5344	  5193	  5013	  5203	
  5261	  5126	  4969	  5133	
  5202	  5078	  4908	  5077	
  5139	  5014	  4877	  5017	
  5076	  4965	  4816	  4967	
  5016	  4916	  4783	  4905	
  4963	  4860	  4739	  4862	
  4916	  4815	  4703	  4826	
  4869	  4778	  4669	  4789	
  4834	  4747	  4634	  4749	
  4792	  4713	  4609	  4711	
  4747	  4681	  4581	  4685	
  4724	  4656	  4566	  4655	
  4694	  4635	  4538	  4634	
  4682	  4619	  4523	  4616	
  4658	  4590	  4504	  4601	
  4641	  4586	  4487	  4587	
  4630	  4577	  4497	  4573	
  4631	  4572	  4491	  4571	
  4623	  4580	  4487	  4584	
  4632	  4585	  4503	  4582	
  4644	  4596	  4511	  4592	
  4656	  4606	  4529	  4612	
  4670	  4625	  4547	  4630	
  4702	  4648	  4574	  4650	
  4721	  4669	  4584	  4669	
  4755	  4706	  4604	  4705	
  4775	  4733	  4624	  4732	
  4821	  4760	  4660	  4774	
  4854	  4808	  4701	  4808	
  4905	  4849	  4735	  4842	
  4948	  4887	  4776	  4891	
  5006	  4941	  4815	  4940	
  5054	  4986	  4857	  4992	
  5109	  5040	  4906	  5037	
  5172	  5089	  4955	  5086	
  5238	  5160	  5017	  5148	
  5308	  5223	  5063	  5217	
  5380	  5278	  5123	  5275	
  5473	  5345	  5190	  5350	
  5526	  5427	  5241	  5415	
  5616	  5492	  5310	  5491	
  5706	  5569	  5379	  5578	
  5803	  5656	  5452	  5661	
  5892	  5746	  5528	  5739	
  6001	  5836	  5603	  5843	
  6127	  5958	  5711	  5972	
  6229	  6052	  5808	  6069	
  6740	  6521	  6157	  6525	
  6541	  6303	  5983	  6296	
  6319	  6067	  5768	  6081	
  6120	  5893	  5602	  5903	
  5970	  5753	  5501	  5763	
  5892	  5672	  5433	  5675	
  5779	  5589	  5347	  5589	
  5700	  5504	  5296	  5515	
  5608	  5431	  5217	  5441	
  5519	  5347	  5152	  5353	
  5426	  5286	  5100	  5275	
  5357	  5213	  5033	  5209	
  5273	  5144	  4982	  5148	
  5205	  5082	  4914	  5081	
  5144	  5023	  4870	  5027	
  5085	  4972	  4826	  4981	
  5011	  4912	  4787	  4918	
  4954	  4869	  4743	  4866	
  4907	  4811	  4709	  4812	
  4853	  4764	  4658	  4772	
  4813	  4726	  4626	  4735	
  4767	  4691	  4600	  4701	
  4726	  4659	  4560	  4654	
  4689	  4623	  4533	  4636	
  4657	  4588	  4505	  4606	
  4635	  4572	  4490	  4579	
  4614	  4556	  4464	  4557	
  4585	  4530	  4455	  4530	
  4582	  4523	  4454	  4527	
  4563	  4510	  4436	  4524	
  4561	  4510	  4435	  4510	
  4559	  4516	  4444	  4513	
  4566	  4518	  4449	  4522	
  4577	  4531	  4463	  4536	
  4580	  4542	  4472	  4552	
  4607	  4569	  4495	  4565	
  4635	  4588	  4513	  4590	
  4655	  4616	  4528	  4612	
  4688	  4645	  4567	  4643	
  4728	  4672	  4585	  4681	
  4760	  4712	  4617	  4707	
  4799	  4751	  4655	  4745	
  4838	  4788	  4690	  4793	
  4896	  4825	  4727	  4839	
  4946	  4887	  4772	  4887	
  4990	  4941	  4813	  4942	
  5050	  4986	  4864	  4991	
  5106	  5033	  4925	  5054	
  5176	  5101	  4972	  5112	
  5252	  5176	  5025	  5169	
  5316	  5232	  5081	  5234	
  5401	  5303	  5141	  5298	
  5486	  5374	  5202	  5366	
  5568	  5442	  5267	  5445	
  5643	  5525	  5343	  5527	
  5745	  5612	  5408	  5620	
  5839	  5701	  5480	  5694	
  5956	  5787	  5566	  5792	
  6060	  5896	  5666	  5898	
  6156	  5986	  5730	  5979	
  6651	  6404	  6073	  6417	
  6451	  6214	  5892	  6218	
  6237	  5991	  5716	  6011	
  6061	  5830	  5555	  5836	
  5932	  5716	  5467	  5718	
  5828	  5635	  5403	  5629	
  5744	  5552	  5339	  5558	
  5639	  5467	  5264	  5469	
  5569	  5401	  5185	  5407	
  5464	  5315	  5123	  5312	
  5396	  5249	  5059	  5251	
  5319	  5176	  5006	  5184	
  5257	  5103	  4954	  5107	
  5164	  5040	  4886	  5050	
  5096	  4980	  4857	  4984	
  5029	  4929	  4801	  4929	
  4969	  4879	  4754	  4874	
  4906	  4819	  4700	  4828	
  4857	  4768	  4659	  4778	
  4802	  4714	  4628	  4723	
  4759	  4677	  4587	  4685	
  4714	  4641	  4548	  4645	
  4673	  4615	  4527	  4609	
  4640	  4569	  4490	  4584	
  4600	  4544	  4468	  4549	
  4583	  4520	  4448	  4524	
  4547	  4496	  4424	  4499	
  4535	  4483	  4419	  4488	
  4519	  4473	  4404	  4474	
  4508	  4463	  4392	  4462	
  4501	  4467	  4392	  4466	
  4493	  4462	  4404	  4464	
  4502	  4478	  4400	  4456	
  4510	  4482	  4416	  4483	
  4528	  4488	  4426	  4499	
  4553	  4508	  4448	  4509	
  4571	  4540	  4470	  4537	
  4590	  4565	  4481	  4558	
  4624	  4589	  4515	  4596	
  4659	  4624	  4540	  4630	
  4703	  4663	  4575	  4662	
  4746	  4694	  4615	  4702	
  4792	  4748	  4657	  4750	
  4833	  4787	  4694	  4791	
  4890	  4835	  4736	  4842	
  4937	  4891	  4784	  4895	
  4992	  4938	  4824	  4943	
  5071	  5005	  4881	  5009	
  5132	  5065	  4938	  5063	
  5203	  5122	  4995	  5132	
  5268	  5193	  5043	  5193	
  5358	  5271	  5099	  5271	
  5437	  5332	  5171	  5324	
  5504	  5404	  5226	  5408	
  5587	  5482	  5296	  5494	
  5697	  5567	  5369	  5580	
  5791	  5655	  5459	  5649	
  5896	  5739	  5536	  5760	
  6001	  5840	  5626	  5860	
  6079	  5930	  5690	  5912	
  6570	  6319	  5981	  6340	
  6389	  6144	  5847	  6147	
  6170	  5945	  5659	  5944	
  6002	  5783	  5524	  5788	
  5896	  5684	  5446	  5690	
  5801	  5596	  5378	  5605	
  5721	  5513	  5300	  5525	
  5607	  5437	  5226	  5444	
  5521	  5351	  5166	  5358	
  5432	  5286	  5102	  5295	
  5343	  5201	  5019	  5207	
  5267	  5139	  4984	  5143	
  5202	  5078	  4926	  5075	
  5110	  5001	  4854	  5002	
  5045	  4944	  4816	  4943	
  4983	  4881	  4761	  4890	
  4918	  4833	  4714	  4832	
  4866	  4780	  4663	  4781	
  4805	  4723	  4627	  4730	
  4754	  4677	  4582	  4681	
  4705	  4631	  4556	  4644	
  4667	  4597	  4515	  4605	
  4615	  4557	  4476	  4564	
  4577	  4528	  4448	  4528	
  4551	  4504	  4426	  4496	
  4524	  4477	  4409	  4474	
  4487	  4448	  4389	  4451	
  4471	  4431	  4376	  4436	
  4452	  4416	  4366	  4423	
  4439	  4410	  4353	  4411	
  4441	  4406	  4345	  4414	
  4438	  4407	  4348	  4408	
  4445	  4411	  4363	  4422	
  4454	  4426	  4367	  4434	
  4479	  4438	  4387	  4438	
  4490	  4461	  4398	  4457	
  4510	  4484	  4410	  4481	
  4541	  4510	  4440	  4510	
  4577	  4541	  4477	  4547	
  4613	  4582	  4507	  4575	
  4637	  4621	  4535	  4615	
  4687	  4655	  4575	  4660	
  4734	  4705	  4615	  4703	
  4788	  4742	  4658	  4744	
  4834	  4791	  4693	  4800	
  4886	  4851	  4759	  4851	
  4955	  4906	  4791	  4900	
  5007	  4959	  4845	  4965	
  5085	  5024	  4901	  5024	
  5153	  5095	  4966	  5081	
  5212	  5153	  5015	  5149	
  5321	  5220	  5061	  5226	
  5382	  5298	  5130	  5301	
  5480	  5364	  5196	  5380	
  5564	  5449	  5266	  5452	
  5652	  5526	  5338	  5532	
  5751	  5619	  5421	  5622	
  5856	  5717	  5515	  5724	
  5950	  5810	  5586	  5820	
  6024	  5873	  5638	  5873	
  6492	  6239	  5918	  6277	
  6305	  6067	  5790	  6071	
  6106	  5877	  5612	  5885	
  5964	  5745	  5492	  5747	
  5860	  5643	  5420	  5658	
  5763	  5567	  5340	  5569	
  5672	  5491	  5271	  5494	
  5572	  5410	  5199	  5413	
  5483	  5326	  5140	  5332	
  5397	  5246	  5066	  5252	
  5309	  5174	  4999	  5177	
  5223	  5099	  4942	  5109	
  5152	  5037	  4889	  5046	
  5086	  4976	  4840	  4973	
  5010	  4914	  4791	  4914	
  4940	  4857	  4728	  4854	
  4871	  4785	  4678	  4784	
  4808	  4736	  4629	  4739	
  4765	  4684	  4588	  4686	
  4687	  4633	  4545	  4644	
  4658	  4591	  4507	  4602	
  4610	  4559	  4476	  4558	
  4563	  4518	  4441	  4517	
  4524	  4484	  4414	  4488	
  4495	  4448	  4382	  4455	
  4468	  4427	  4369	  4433	
  4432	  4392	  4343	  4403	
  4421	  4377	  4338	  4383	
  4399	  4362	  4317	  4367	
  4389	  4360	  4312	  4354	
  4384	  4356	  4305	  4353	
  4379	  4351	  4312	  4357	
  4386	  4361	  4316	  4364	
  4391	  4373	  4326	  4376	
  4409	  4383	  4336	  4389	
  4435	  4411	  4354	  4411	
  4465	  4430	  4382	  4426	
  4486	  4460	  4396	  4464	
  4512	  4491	  4435	  4492	
  4558	  4523	  4464	  4535	
  4597	  4571	  4501	  4571	
  4639	  4613	  4540	  4615	
  4684	  4661	  4586	  4652	
  4736	  4700	  4625	  4702	
  4800	  4752	  4668	  4763	
  4839	  4800	  4721	  4807	
  4900	  4855	  4769	  4859	
  4969	  4916	  4812	  4925	
  5029	  4982	  4865	  4988	
  5107	  5050	  4926	  5052	
  5170	  5118	  4984	  5120	
  5257	  5190	  5047	  5185	
  5343	  5256	  5095	  5254	
  5433	  5332	  5176	  5335	
  5505	  5421	  5243	  5410	
  5601	  5498	  5307	  5487	
  5705	  5588	  5389	  5589	
  5807	  5672	  5471	  5676	
  5908	  5763	  5558	  5771	
  5989	  5830	  5607	  5839	
  6410	  6184	  5893	  6211	
  6247	  6016	  5737	  6032	
  6052	  5835	  5578	  5844	
  5917	  5715	  5476	  5720	
  5827	  5634	  5394	  5626	
  5718	  5542	  5318	  5544	
  5637	  5460	  5240	  5461	
  5532	  5372	  5186	  5375	
  5458	  5290	  5108	  5304	
  5359	  5220	  5048	  5212	
  5276	  5150	  4986	  5148	
  5197	  5074	  4928	  5076	
  5116	  5006	  4863	  5008	
  5039	  4945	  4816	  4944	
  4975	  4876	  4760	  4882	
  4905	  4823	  4710	  4817	
  4828	  4756	  4652	  4757	
  4775	  4702	  4603	  4710	
  4713	  4656	  4563	  4658	
  4667	  4608	  4520	  4614	
  4614	  4560	  4472	  4567	
  4568	  4511	  4444	  4517	
  4521	  4474	  4412	  4473	
  4473	  4436	  4379	  4443	
  4452	  4411	  4349	  4412	
  4423	  4375	  4333	  4383	
  4390	  4360	  4310	  4366	
  4368	  4330	  4281	  4336	
  4343	  4328	  4289	  4326	
  4335	  4304	  4273	  4305	
  4335	  4303	  4254	  4300	
  4335	  4306	  4266	  4306	
  4330	  4313	  4279	  4316	
  4352	  4323	  4289	  4328	
  4368	  4343	  4301	  4346	
  4381	  4373	  4320	  4364	
  4415	  4386	  4347	  4396	
  4438	  4413	  4367	  4416	
  4477	  4457	  4395	  4457	
  4502	  4484	  4439	  4490	
  4547	  4522	  4475	  4529	
  4596	  4581	  4509	  4580	
  4641	  4610	  4548	  4620	
  4692	  4661	  4599	  4660	
  4755	  4717	  4641	  4722	
  4808	  4756	  4697	  4767	
  4864	  4827	  4736	  4830	
  4926	  4881	  4785	  4886	
  4993	  4947	  4844	  4959	
  5068	  5015	  4893	  5010	
  5142	  5079	  4953	  5082	
  5232	  5143	  5015	  5154	
  5299	  5230	  5076	  5236	
  5391	  5304	  5140	  5307	
  5487	  5382	  5220	  5393	
  5565	  5462	  5286	  5475	
  5673	  5544	  5363	  5561	
  5771	  5649	  5442	  5657	
  5887	  5738	  5529	  5741	
  5944	  5802	  5592	  5794	
  6376	  6121	  5843	  6136	
  6197	  5971	  5698	  5974	
  6009	  5797	  5545	  5798	
  5887	  5687	  5446	  5697	
  5794	  5601	  5375	  5607	
  5692	  5516	  5296	  5509	
  5592	  5438	  5228	  5432	
  5508	  5350	  5157	  5353	
  5409	  5265	  5103	  5275	
  5327	  5183	  5025	  5196	
  5231	  5113	  4951	  5114	
  5150	  5033	  4903	  5040	
  5075	  4978	  4841	  4980	
  4997	  4907	  4782	  4909	
  4929	  4836	  4729	  4849	
  4870	  4790	  4680	  4790	
  4786	  4721	  4623	  4725	
  4740	  4668	  4587	  4670	
  4681	  4617	  4539	  4618	
  4619	  4563	  4491	  4568	
  4568	  4520	  4441	  4524	
  4521	  4475	  4416	  4476	
  4474	  4439	  4391	  4443	
  4438	  4403	  4358	  4407	
  4398	  4370	  4321	  4373	
  4366	  4333	  4298	  4346	
  4340	  4309	  4272	  4315	
  4318	  4286	  4246	  4288	
  4295	  4267	  4229	  4281	
  4283	  4256	  4224	  4257	
  4277	  4250	  4223	  4252	
  4267	  4255	  4217	  4256	
  4277	  4259	  4230	  4263	
  4297	  4277	  4239	  4273	
  4305	  4286	  4256	  4292	
  4335	  4310	  4278	  4319	
  4364	  4343	  4314	  4349	
  4390	  4377	  4336	  4377	
  4427	  4407	  4374	  4408	
  4465	  4449	  4401	  4448	
  4512	  4485	  4444	  4491	
  4563	  4540	  4492	  4534	
  4598	  4576	  4524	  4581	
  4648	  4628	  4564	  4626	
  4704	  4685	  4615	  4684	
  4761	  4736	  4654	  4735	
  4831	  4793	  4697	  4797	
  4885	  4858	  4762	  4854	
  4964	  4918	  4815	  4917	
  5030	  4981	  4876	  4986	
  5113	  5047	  4935	  5061	
  5183	  5118	  4996	  5134	
  5271	  5197	  5058	  5215	
  5360	  5278	  5127	  5281	
  5439	  5356	  5187	  5357	
  5549	  5438	  5265	  5432	
  5631	  5515	  5341	  5522	
  5740	  5618	  5433	  5630	
  5844	  5717	  5510	  5717	
  5913	  5775	  5553	  5776	
  6323	  6088	  5786	  6115	
  6169	  5915	  5658	  5940	
  5983	  5770	  5513	  5776	
  5879	  5674	  5428	  5670	
  5751	  5569	  5353	  5567	
  5657	  5500	  5282	  5501	
  5574	  5414	  5209	  5406	
  5478	  5321	  5143	  5334	
  5384	  5241	  5086	  5253	
  5298	  5165	  5011	  5176	
  5215	  5092	  4947	  5095	
  5131	  5011	  4880	  5022	
  5052	  4945	  4817	  4950	
  4972	  4884	  4765	  4885	
  4898	  4818	  4710	  4819	
  4839	  4758	  4652	  4767	
  4776	  4692	  4610	  4706	
  4701	  4638	  4558	  4644	
  4630	  4583	  4506	  4593	
  4584	  4532	  4468	  4545	
  4542	  4495	  4431	  4500	
  4491	  4449	  4390	  4456	
  4448	  4413	  4359	  4412	
  4402	  4367	  4333	  4370	
  4366	  4337	  4299	  4345	
  4329	  4302	  4267	  4304	
  4298	  4274	  4239	  4272	
  4263	  4253	  4212	  4258	
  4248	  4229	  4202	  4227	
  4236	  4212	  4186	  4215	
  4229	  4204	  4187	  4212	
  4227	  4211	  4191	  4209	
  4236	  4212	  4191	  4224	
  4255	  4231	  4206	  4233	
  4265	  4251	  4231	  4255	
  4296	  4280	  4250	  4286	
  4321	  4309	  4281	  4315	
  4358	  4341	  4299	  4341	
  4391	  4373	  4345	  4383	
  4418	  4417	  4373	  4414	
  4477	  4459	  4415	  4462	
  4511	  4508	  4445	  4512	
  4571	  4545	  4498	  4553	
  4621	  4598	  4542	  4599	
  4672	  4654	  4587	  4657	
  4731	  4702	  4641	  4707	
  4793	  4767	  4685	  4773	
  4856	  4827	  4742	  4828	
  4934	  4893	  4795	  4888	
  4998	  4955	  4851	  4960	
  5075	  5026	  4913	  5027	
  5155	  5094	  4971	  5106	
  5242	  5169	  5050	  5175	
  5323	  5255	  5105	  5250	
  5422	  5325	  5173	  5334	
  5503	  5405	  5240	  5421	
  5606	  5506	  5324	  5506	
  5718	  5600	  5408	  5602	
  5817	  5696	  5493	  5702	
  5897	  5745	  5533	  5769	
  6295	  6062	  5768	  6062	
  6128	  5899	  5634	  5907	
  5964	  5759	  5503	  5754	
  5832	  5657	  5416	  5656	
  5739	  5555	  5352	  5552	
  5652	  5464	  5262	  5483	
  5546	  5394	  5208	  5404	
  5441	  5299	  5125	  5309	
  5364	  5225	  5049	  5232	
  5275	  5148	  4989	  5153	
  5176	  5058	  4928	  5071	
  5098	  4993	  4853	  4996	
  5023	  4929	  4797	  4929	
  4936	  4861	  4747	  4861	
  4866	  4794	  4697	  4792	
  4804	  4733	  4644	  4738	
  4732	  4670	  4588	  4676	
  4672	  4613	  4546	  4621	
  4613	  4558	  4494	  4565	
  4570	  4512	  4454	  4515	
  4503	  4467	  4408	  4470	
  4463	  4424	  4363	  4429	
  4404	  4382	  4333	  4387	
  4376	  4344	  4299	  4351	
  4328	  4304	  4263	  4305	
  4291	  4263	  4237	  4279	
  4267	  4233	  4210	  4240	
  4235	  4212	  4187	  4213	
  4212	  4193	  4173	  4197	
  4195	  4171	  4164	  4183	
  4184	  4166	  4146	  4169	
  4190	  4166	  4152	  4171	
  4192	  4177	  4162	  4184	
  4208	  4198	  4172	  4203	
  4228	  4221	  4199	  4223	
  4257	  4246	  4224	  4250	
  4287	  4271	  4250	  4271	
  4316	  4308	  4281	  4317	
  4359	  4354	  4320	  4354	
  4398	  4392	  4352	  4390	
  4444	  4428	  4387	  4429	
  4493	  4478	  4436	  4484	
  4531	  4526	  4482	  4521	
  4600	  4575	  4525	  4580	
  4640	  4637	  4574	  4638	
  4708	  4689	  4609	  4690	
  4769	  4748	  4673	  4749	
  4838	  4795	  4721	  4805	
  4907	  4873	  4780	  4875	
  4983	  4929	  4845	  4933	
  5060	  5012	  4889	  5009	
  5134	  5073	  4966	  5080	
  5213	  5151	  5028	  5159	
  5300	  5224	  5084	  5237	
  5394	  5321	  5165	  5310	
  5491	  5393	  5229	  5399	
  5576	  5484	  5324	  5487	
  5686	  5570	  5385	  5587	
  5802	  5667	  5476	  5676	
  5887	  5733	  5531	  5734	
  6261	  6025	  5763	  6048	
  6108	  5879	  5619	  5878	
  5935	  5733	  5497	  5744	
  5828	  5637	  5413	  5641	
  5714	  5542	  5330	  5552	
  5635	  5458	  5256	  5462	
  5532	  5373	  5195	  5387	
  5421	  5279	  5115	  5288	
  5338	  5205	  5036	  5210	
  5253	  5135	  4971	  5140	
  5163	  5043	  4907	  5058	
  5072	  4972	  4847	  4982	
  5001	  4907	  4781	  4912	
  4916	  4836	  4720	  4843	
  4854	  4772	  4672	  4781	
  4775	  4710	  4614	  4713	
  4709	  4657	  4568	  4652	
  4647	  4587	  4520	  4602	
  4597	  4534	  4484	  4546	
  4538	  4488	  4429	  4492	
  4481	  4450	  4397	  4455	
  4439	  4402	  4347	  4404	
  4385	  4352	  4316	  4357	
  4342	  4318	  4280	  4319	
  4293	  4282	  4245	  4282	
  4260	  4237	  4208	  4249	
  4229	  4203	  4184	  4207	
  4201	  4178	  4163	  4181	
  4175	  4158	  4141	  4164	
  4155	  4145	  4133	  4140	
  4150	  4136	  4120	  4136	
  4152	  4137	  4120	  4138	
  4160	  4145	  4138	  4150	
  4176	  4158	  4153	  4167	
  4188	  4185	  4173	  4183	
  4219	  4209	  4197	  4214	
  4252	  4247	  4231	  4251	
  4286	  4284	  4259	  4283	
  4331	  4326	  4293	  4328	
  4369	  4362	  4333	  4366	
  4413	  4407	  4367	  4409	
  4469	  4449	  4415	  4461	
  4509	  4508	  4449	  4505	
  4574	  4558	  4499	  4552	
  4626	  4607	  4553	  4617	
  4688	  4667	  4599	  4666	
  4748	  4724	  4651	  4726	
  4809	  4784	  4700	  4788	
  4888	  4846	  4764	  4852	
  4970	  4918	  4819	  4921	
  5039	  4979	  4881	  4990	
  5113	  5065	  4942	  5062	
  5194	  5130	  5010	  5136	
  5282	  5210	  5071	  5213	
  5373	  5290	  5154	  5295	
  5470	  5388	  5227	  5381	
  5562	  5462	  5304	  5466	
  5660	  5558	  5381	  5564	
  5770	  5660	  5454	  5671	
  5843	  5710	  5503	  5720	
  6229	  6025	  5740	  6023	
  6082	  5860	  5608	  5874	
  5933	  5728	  5486	  5719	
  5812	  5611	  5399	  5623	
  5703	  5527	  5315	  5531	
  5607	  5434	  5248	  5445	
  5510	  5355	  5168	  5356	
  5416	  5274	  5090	  5283	
  5326	  5190	  5033	  5197	
  5236	  5112	  4968	  5120	
  5146	  5030	  4892	  5044	
  5069	  4950	  4831	  4963	
  4977	  4891	  4766	  4903	
  4900	  4818	  4716	  4823	
  4824	  4752	  4662	  4760	
  4760	  4696	  4611	  4706	
  4698	  4635	  4561	  4644	
  4633	  4582	  4513	  4581	
  4574	  4535	  4465	  4529	
  4513	  4473	  4419	  4481	
  4464	  4422	  4373	  4427	
  4407	  4383	  4337	  4383	
  4372	  4338	  4300	  4339	
  4320	  4293	  4264	  4301	
  4280	  4252	  4225	  4253	
  4236	  4220	  4198	  4225	
  4196	  4185	  4165	  4192	
  4175	  4147	  4136	  4159	
  4150	  4129	  4122	  4136	
  4135	  4112	  4115	  4120	
  4128	  4110	  4110	  4118	
  4129	  4115	  4108	  4111	
  4129	  4123	  4114	  4125	
  4146	  4136	  4140	  4140	
  4160	  4150	  4148	  4165	
  4208	  4189	  4178	  4197	
  4226	  4222	  4213	  4225	
  4262	  4256	  4237	  4259	
  4308	  4308	  4287	  4308	
  4340	  4350	  4316	  4351	
  4400	  4395	  4353	  4394	
  4436	  4441	  4400	  4442	
  4493	  4484	  4448	  4483	
  4557	  4544	  4489	  4536	
  4605	  4593	  4544	  4590	
  4671	  4651	  4597	  4654	
  4722	  4714	  4642	  4715	
  4799	  4775	  4698	  4769	
  4861	  4837	  4749	  4833	
  4946	  4898	  4812	  4902	
  5013	  4975	  4872	  4976	
  5106	  5056	  4951	  5052	
  5180	  5122	  4991	  5131	
  5271	  5201	  5071	  5208	
  5370	  5283	  5149	  5295	
  5457	  5371	  5211	  5369	
  5552	  5449	  5289	  5455	
  5659	  5549	  5367	  5559	
  5753	  5640	  5453	  5655	
  5839	  5711	  5506	  5721	
  6220	  5989	  5711	  5973	
  6062	  5841	  5598	  5869	
  5928	  5704	  5472	  5721	
  5806	  5614	  5388	  5632	
  5699	  5519	  5317	  5535	
  5598	  5430	  5225	  5442	
  5489	  5343	  5170	  5349	
  5409	  5265	  5088	  5268	
  5321	  5182	  5026	  5192	
  5227	  5106	  4955	  5112	
  5137	  5025	  4891	  5034	
  5054	  4953	  4828	  4959	
  4973	  4881	  4774	  4891	
  4892	  4813	  4717	  4821	
  4817	  4753	  4657	  4752	
  4754	  4679	  4606	  4694	
  4685	  4623	  4555	  4629	
  4622	  4569	  4500	  4574	
  4553	  4517	  4458	  4521	
  4500	  4460	  4414	  4467	
  4449	  4419	  4369	  4422	
  4402	  4370	  4333	  4376	
  4348	  4325	  4287	  4332	
  4312	  4285	  4254	  4288	
  4271	  4246	  4225	  4248	
  4225	  4205	  4190	  4213	
  4191	  4170	  4156	  4179	
  4150	  4133	  4130	  4142	
  4128	  4113	  4110	  4124	
  4124	  4103	  4104	  4110	
  4113	  4107	  4102	  4110	
  4106	  4111	  4107	  4105	
  4111	  4104	  4102	  4105	
  4124	  4117	  4114	  4128	
  4152	  4143	  4133	  4145	
  4183	  4165	  4157	  4175	
  4209	  4208	  4197	  4211	
  4247	  4251	  4225	  4243	
  4297	  4289	  4262	  4292	
  4334	  4334	  4311	  4331	
  4382	  4376	  4339	  4377	
  4431	  4427	  4388	  4427	
  4480	  4480	  4442	  4471	
  4544	  4520	  4482	  4523	
  4598	  4580	  4529	  4586	
  4663	  4637	  4582	  4640	
  4719	  4697	  4637	  4699	
  4787	  4765	  4691	  4775	
  4853	  4828	  4742	  4828	
  4934	  4899	  4800	  4898	
  5010	  4964	  4868	  4966	
  5085	  5044	  4927	  5040	
  5168	  5119	  4993	  5128	
  5252	  5191	  5064	  5195	
  5350	  5277	  5129	  5280	
  5445	  5355	  5198	  5367	
  5541	  5443	  5289	  5453	
  5649	  5534	  5367	  5545	
  5754	  5636	  5442	  5637	
  5829	  5704	  5490	  5689	
  6231	  5979	  5705	  6009	
  6065	  5834	  5591	  5855	
  5903	  5707	  5468	  5708	
  5796	  5613	  5389	  5607	
  5682	  5511	  5306	  5512	
  5593	  5422	  5234	  5435	
  5501	  5347	  5155	  5351	
  5404	  5251	  5083	  5259	
  5311	  5178	  5021	  5177	
  5215	  5107	  4950	  5112	
  5134	  5017	  4890	  5018	
  5047	  4950	  4813	  4945	
  4968	  4873	  4764	  4874	
  4886	  4808	  4707	  4810	
  4817	  4740	  4656	  4747	
  4747	  4678	  4596	  4686	
  4669	  4617	  4549	  4623	
  4613	  4563	  4504	  4564	
  4551	  4504	  4457	  4509	
  4489	  4456	  4407	  4463	
  4441	  4409	  4363	  4410	
  4393	  4366	  4332	  4365	
  4340	  4318	  4284	  4325	
  4303	  4276	  4252	  4281	
  4260	  4235	  4216	  4241	
  4218	  4202	  4185	  4203	
  4180	  4157	  4155	  4170	
  4149	  4136	  4128	  4142	
  4120	  4104	  4113	  4120	
  4109	  4096	  4103	  4107	
  4112	  4100	  4099	  4106	
  4103	  4100	  4107	  4104	
  4110	  4100	  4108	  4103	
  4117	  4115	  4115	  4110	
  4143	  4125	  4122	  4138	
  4170	  4164	  4150	  4169	
  4206	  4202	  4185	  4206	
  4243	  4232	  4224	  4240	
  4290	  4280	  4269	  4287	
  4330	  4326	  4310	  4332	
  4373	  4366	  4342	  4371	
  4426	  4412	  4401	  4422	
  4474	  4466	  4429	  4471	
  4524	  4520	  4482	  4520	
  4602	  4579	  4531	  4586	
  4651	  4638	  4580	  4647	
  4714	  4694	  4633	  4692	
  4782	  4756	  4684	  4763	
  4858	  4817	  4730	  4829	
  4924	  4886	  4800	  4897	
  5011	  4957	  4859	  4969	
  5081	  5031	  4925	  5037	
  5172	  5110	  4996	  5123	
  5257	  5182	  5047	  5190	
  5347	  5272	  5123	  5274	
  5432	  5345	  5201	  5354	
  5542	  5440	  5276	  5448	
  5648	  5541	  5354	  5543	
  5746	  5632	  5450	  5630	
  5834	  5688	  5505	  5687	
  6215	  5995	  5705	  6002	
  6056	  5823	  5592	  5849	
  5912	  5707	  5465	  5715	
  5793	  5612	  5387	  5617	
  5688	  5514	  5294	  5501	
  5589	  5427	  5237	  5428	
  5493	  5343	  5157	  5344	
  5400	  5257	  5091	  5266	
  5300	  5183	  5029	  5185	
  5222	  5099	  4958	  5096	
  5117	  5017	  4882	  5020	
  5046	  4933	  4818	  4946	
  4963	  4874	  4771	  4877	
  4878	  4797	  4704	  4800	
  4811	  4739	  4650	  4744	
  4740	  4676	  4595	  4679	
  4674	  4623	  4553	  4624	
  4602	  4561	  4500	  4565	
  4541	  4512	  4448	  4511	
  4490	  4458	  4405	  4453	
  4434	  4409	  4366	  4412	
  4394	  4360	  4323	  4367	
  4343	  4306	  4283	  4319	
  4296	  4265	  4257	  4286	
  4265	  4238	  4220	  4246	
  4221	  4194	  4182	  4207	
  4178	  4162	  4155	  4171	
  4152	  4135	  4134	  4135	
  4133	  4107	  4108	  4109	
  4116	  4102	  4100	  4100	
  4105	  4097	  4099	  4105	
  4104	  4101	  4104	  4099	
  4096	  4103	  4107	  4102	
  4117	  4102	  4102	  4111	
  4139	  4132	  4128	  4135	
  4166	  4164	  4156	  4165	
  4204	  4199	  4190	  4203	
  4234	  4233	  4226	  4239	
  4269	  4275	  4260	  4286	
  4323	  4326	  4306	  4326	
  4363	  4371	  4346	  4370	
  4418	  4414	  4391	  4424	
  4476	  4465	  4434	  4465	
  4522	  4521	  4483	  4514	
  4583	  4581	  4516	  4580	
  4647	  4634	  4573	  4639	
  4712	  4693	  4636	  4694	
  4781	  4756	  4691	  4754	
  4852	  4816	  4752	  4823	
  4925	  4890	  4805	  4889	
  5006	  4960	  4856	  4962	
  5082	  5039	  4932	  5042	
  5174	  5105	  4995	  5114	
  5250	  5190	  5051	  5194	
  5332	  5264	  5121	  5268	
  5428	  5337	  5191	  5356	
  5524	  5432	  5277	  5433	
  5646	  5530	  5352	  5545	
  5755	  5634	  5458	  5639	
  5833	  5692	  5504	  5703	
  6223	  6004	  5722	  6017	
  6059	  5843	  5587	  5850	
  5916	  5709	  5479	  5713	
  5800	  5611	  5386	  5618	
  5689	  5518	  5316	  5526	
  5600	  5441	  5241	  5451	
  5503	  5344	  5168	  5363	
  5406	  5266	  5096	  5262	
  5305	  5181	  5021	  5190	
  5217	  5104	  4961	  5102	
  5116	  5014	  4887	  5019	
  5045	  4944	  4834	  4957	
  4967	  4875	  4772	  4885	
  4888	  4804	  4706	  4811	
  4805	  4748	  4654	  4748	
  4747	  4680	  4601	  4690	
  4674	  4624	  4551	  4628	
  4614	  4565	  4493	  4568	
  4554	  4514	  4455	  4517	
  4506	  4457	  4413	  4461	
  4445	  4417	  4366	  4424	
  4394	  4363	  4334	  4374	
  4354	  4323	  4296	  4327	
  4312	  4280	  4261	  4289	
  4267	  4242	  4224	  4248	
  4226	  4208	  4196	  4209	
  4189	  4177	  4161	  4175	
  4154	  4144	  4131	  4148	
  4127	  4114	  4111	  4125	
  4112	  4106	  4102	  4111	
  4108	  4099	  4096	  4096	
  4100	  4096	  4096	  4098	
  4107	  4101	  4110	  4109	
  4117	  4118	  4113	  4117	
  4138	  4144	  4128	  4144	
  4174	  4175	  4165	  4173	
  4207	  4203	  4202	  4211	
  4248	  4241	  4232	  4239	
  4287	  4280	  4265	  4291	
  4324	  4330	  4306	  4326	
  4373	  4370	  4345	  4373	
  4429	  4420	  4389	  4426	
  4474	  4473	  4427	  4472	
  4529	  4525	  4478	  4525	
  4590	  4578	  4529	  4588	
  4654	  4640	  4578	  4642	
  4719	  4699	  4625	  4697	
  4772	  4750	  4682	  4765	
  4852	  4826	  4747	  4837	
  4933	  4897	  4812	  4904	
  5014	  4962	  4873	  4966	
  5091	  5042	  4923	  5053	
  5165	  5114	  4994	  5114	
  5251	  5185	  5064	  5192	
  5346	  5273	  5135	  5268	
  5443	  5354	  5201	  5369	
  5529	  5432	  5291	  5456	
  5635	  5541	  5368	  5538	
  5746	  5628	  5453	  5640	
  5826	  5693	  5497	  5697	
  6237	  6004	  5746	  6011	
  6073	  5867	  5605	  5861	
  5915	  5711	  5473	  5717	
  5801	  5610	  5393	  5619	
  5709	  5509	  5327	  5536	
  5603	  5439	  5244	  5440	
  5506	  5351	  5178	  5357	
  5406	  5270	  5103	  5267	
  5317	  5181	  5034	  5200	
  5230	  5107	  4963	  5110	
  5139	  5023	  4891	  5033	
  5050	  4950	  4827	  4960	
  4978	  4883	  4780	  4890	
  4888	  4809	  4711	  4823	
  4814	  4754	  4666	  4756	
  4745	  4682	  4608	  4688	
  4690	  4629	  4555	  4629	
  4621	  4567	  4504	  4579	
  4556	  4515	  4468	  4527	
  4500	  4465	  4420	  4474	
  4450	  4421	  4389	  4427	
  4407	  4376	  4347	  4380	
  4364	  4325	  4311	  4337	
  4316	  4287	  4269	  4297	
  4275	  4257	  4230	  4260	
  4239	  4216	  4205	  4223	
  4197	  4179	  4169	  4189	
  4175	  4158	  4145	  4160	
  4144	  4131	  4129	  4139	
  4126	  4114	  4122	  4124	
  4121	  4105	  4099	  4116	
  4116	  4109	  4101	  4105	
  4125	  4117	  4105	  4117	
  4131	  4130	  4122	  4137	
  4163	  4151	  4150	  4158	
  4194	  4189	  4180	  4192	
  4220	  4216	  4206	  4219	
  4258	  4256	  4244	  4262	
  4304	  4302	  4280	  4305	
  4344	  4338	  4310	  4338	
  4392	  4391	  4353	  4383	
  4440	  4429	  4396	  4440	
  4484	  4473	  4449	  4480	
  4539	  4531	  4491	  4542	
  4607	  4589	  4542	  4589	
  4665	  4639	  4595	  4654	
  4731	  4700	  4644	  4712	
  4795	  4766	  4692	  4775	
  4858	  4839	  4751	  4840	
  4940	  4905	  4823	  4908	
  5020	  4967	  4866	  4967	
  5099	  5052	  4944	  5064	
  5185	  5113	  5001	  5125	
  5265	  5192	  5086	  5205	
  5367	  5286	  5137	  5293	
  5441	  5362	  5211	  5373	
  5542	  5450	  5295	  5452	
  5647	  5540	  5381	  5554	
  5766	  5650	  5466	  5663	
  5839	  5704	  5511	  5713	
  6266	  6029	  5759	  6032	
  6116	  5876	  5615	  5892	
  5944	  5730	  5494	  5736	
  5815	  5626	  5410	  5636	
  5715	  5530	  5321	  5534	
  5618	  5441	  5256	  5446	
  5519	  5361	  5185	  5376	
  5416	  5283	  5106	  5283	
  5314	  5194	  5043	  5197	
  5238	  5116	  4962	  5122	
  5150	  5041	  4905	  5044	
  5061	  4963	  4845	  4969	
  4992	  4891	  4778	  4895	
  4904	  4822	  4731	  4831	
  4824	  4761	  4669	  4769	
  4763	  4697	  4620	  4708	
  4694	  4643	  4567	  4642	
  4636	  4581	  4527	  4589	
  4571	  4532	  4478	  4538	
  4520	  4479	  4437	  4482	
  4470	  4438	  4390	  4437	
  4423	  4396	  4354	  4397	
  4374	  4348	  4321	  4361	
  4326	  4304	  4285	  4312	
  4301	  4268	  4255	  4282	
  4259	  4242	  4225	  4239	
  4218	  4208	  4192	  4211	
  4185	  4175	  4165	  4189	
  4172	  4155	  4152	  4164	
  4157	  4144	  4142	  4151	
  4144	  4133	  4127	  4133	
  4145	  4130	  4129	  4127	
  4141	  4138	  4133	  4146	
  4165	  4153	  4151	  4158	
  4189	  4176	  4176	  4180	
  4218	  4204	  4203	  4213	
  4238	  4237	  4234	  4245	
  4282	  4270	  4259	  4274	
  4314	  4313	  4295	  4314	
  4367	  4354	  4325	  4359	
  4405	  4404	  4367	  4403	
  4450	  4448	  4407	  4453	
  4503	  4491	  4455	  4494	
  4547	  4547	  4502	  4547	
  4622	  4607	  4550	  4602	
  4677	  4658	  4592	  4671	
  4743	  4719	  4648	  4717	
  4817	  4771	  4709	  4790	
  4882	  4852	  4761	  4851	
  4951	  4911	  4824	  4924	
  5028	  4974	  4888	  4985	
  5109	  5055	  4947	  5062	
  5194	  5131	  5015	  5140	
  5271	  5210	  5077	  5209	
  5379	  5301	  5151	  5297	
  5465	  5377	  5224	  5382	
  5557	  5466	  5296	  5476	
  5669	  5568	  5392	  5574	
  5773	  5671	  5479	  5662	
  5850	  5725	  5523	  5731	
  6301	  6070	  5783	  6092	
  6126	  5909	  5654	  5919	
  5962	  5758	  5522	  5759	
  5848	  5639	  5427	  5648	
  5727	  5553	  5348	  5550	
  5636	  5455	  5265	  5457	
  5534	  5370	  5188	  5367	
  5433	  5285	  5118	  5290	
  5345	  5210	  5052	  5207	
  5257	  5125	  4978	  5135	
  5160	  5052	  4922	  5053	
  5086	  4979	  4857	  4981	
  4996	  4913	  4800	  4922	
  4920	  4834	  4735	  4846	
  4859	  4777	  4682	  4787	
  4780	  4716	  4633	  4725	
  4708	  4658	  4585	  4658	
  4660	  4602	  4539	  4608	
  4603	  4548	  4491	  4556	
  4548	  4497	  4447	  4505	
  4489	  4456	  4411	  4458	
  4447	  4418	  4369	  4416	
  4396	  4367	  4339	  4377	
  4361	  4329	  4311	  4338	
  4328	  4298	  4271	  4302	
  4283	  4266	  4251	  4272	
  4256	  4231	  4221	  4233	
  4225	  4210	  4198	  4210	
  4204	  4194	  4181	  4191	
  4190	  4175	  4169	  4181	
  4178	  4164	  4158	  4165	
  4177	  4165	  4160	  4170	
  4182	  4173	  4169	  4177	
  4206	  4191	  4178	  4200	
  4224	  4211	  4200	  4212	
  4236	  4240	  4230	  4238	
  4277	  4265	  4256	  4271	
  4305	  4298	  4281	  4301	
  4348	  4338	  4312	  4346	
  4384	  4370	  4351	  4380	
  4428	  4413	  4389	  4420	
  4478	  4459	  4440	  4472	
  4517	  4514	  4470	  4511	
  4581	  4564	  4518	  4562	
  4630	  4623	  4565	  4628	
  4698	  4675	  4623	  4685	
  4767	  4730	  4677	  4747	
  4836	  4796	  4720	  4801	
  4897	  4873	  4773	  4869	
  4980	  4928	  4840	  4944	
  5048	  5007	  4904	  5002	
  5130	  5074	  4964	  5086	
  5214	  5151	  5037	  5158	
  5291	  5231	  5096	  5232	
  5400	  5321	  5172	  5318	
  5481	  5397	  5248	  5399	
  5571	  5480	  5318	  5488	
  5692	  5577	  5405	  5583	
  5805	  5675	  5491	  5683	
  5878	  5736	  5541	  5734	
  6352	  6109	  5827	  6122	
  6171	  5938	  5679	  5957	
  5979	  5770	  5533	  5781	
  5850	  5656	  5447	  5673	
  5741	  5560	  5356	  5571	
  5648	  5474	  5276	  5474	
  5552	  5377	  5206	  5397	
  5453	  5298	  5119	  5309	
  5353	  5218	  5058	  5225	
  5272	  5149	  4987	  5148	
  5186	  5063	  4920	  5063	
  5090	  4989	  4865	  5006	
  5021	  4929	  4811	  4927	
  4940	  4859	  4751	  4856	
  4874	  4795	  4708	  4800	
  4810	  4732	  4645	  4750	
  4730	  4676	  4600	  4684	
  4681	  4624	  4555	  4630	
  4620	  4573	  4517	  4582	
  4567	  4519	  4467	  4531	
  4523	  4480	  4434	  4489	
  4470	  4436	  4399	  4446	
  4433	  4394	  4363	  4401	
  4385	  4360	  4332	  4363	
  4356	  4320	  4301	  4333	
  4325	  4294	  4268	  4299	
  4289	  4260	  4242	  4269	
  4264	  4249	  4225	  4253	
  4245	  4227	  4211	  4227	
  4227	  4212	  4203	  4210	
  4219	  4201	  4197	  4207	
  4218	  4208	  4194	  4208	
  4224	  4212	  4203	  4219	
  4228	  4228	  4216	  4223	
  4255	  4244	  4228	  4252	
  4276	  4272	  4255	  4277	
  4309	  4294	  4272	  4303	
  4335	  4336	  4315	  4330	
  4382	  4367	  4333	  4374	
  4412	  4405	  4375	  4411	
  4458	  4446	  4414	  4448	
  4494	  4487	  4456	  4494	
  4553	  4533	  4491	  4545	
  4604	  4590	  4543	  4594	
  4657	  4646	  4589	  4647	
  4715	  4695	  4639	  4701	
  4785	  4752	  4690	  4761	
  4848	  4821	  4739	  4818	
  4925	  4887	  4795	  4890	
  4985	  4946	  4870	  4959	
  5071	  5020	  4913	  5032	
  5144	  5092	  4977	  5105	
  5241	  5172	  5047	  5179	
  5323	  5248	  5111	  5256	
  5426	  5329	  5195	  5341	
  5498	  5414	  5274	  5425	
  5601	  5502	  5329	  5509	
  5703	  5596	  5429	  5605	
  5813	  5699	  5510	  5697	
  5875	  5767	  5566	  5764	
  6386	  6159	  5862	  6174	
  6223	  5986	  5722	  5999	
  6025	  5811	  5567	  5813	
  5894	  5679	  5457	  5698	
  5773	  5588	  5375	  5591	
  5681	  5495	  5301	  5504	
  5583	  5403	  5215	  5421	
  5475	  5321	  5143	  5330	
  5383	  5244	  5079	  5244	
  5284	  5164	  5005	  5174	
  5199	  5084	  4947	  5098	
  5126	  5006	  4887	  5026	
  5043	  4952	  4839	  4955	
  4968	  4891	  4776	  4889	
  4895	  4814	  4724	  4821	
  4838	  4754	  4675	  4770	
  4765	  4697	  4623	  4704	
  4712	  4649	  4578	  4656	
  4658	  4603	  4538	  4605	
  4602	  4549	  4498	  4554	
  4553	  4509	  4464	  4511	
  4505	  4462	  4426	  4476	
  4469	  4427	  4380	  4435	
  4430	  4395	  4350	  4400	
  4391	  4369	  4330	  4365	
  4360	  4330	  4297	  4336	
  4330	  4301	  4280	  4306	
  4309	  4291	  4257	  4287	
  4293	  4266	  4250	  4270	
  4276	  4260	  4238	  4263	
  4263	  4249	  4239	  4261	
  4258	  4247	  4228	  4254	
  4266	  4256	  4242	  4259	
  4288	  4267	  4258	  4271	
  4298	  4284	  4261	  4296	
  4328	  4309	  4279	  4312	
  4352	  4330	  4308	  4346	
  4378	  4362	  4336	  4369	
  4409	  4402	  4371	  4412	
  4446	  4437	  4409	  4437	
  4490	  4478	  4439	  4476	
  4544	  4515	  4486	  4524	
  4584	  4563	  4519	  4571	
  4634	  4614	  4569	  4628	
  4699	  4675	  4613	  4677	
  4756	  4723	  4664	  4734	
  4821	  4778	  4707	  4799	
  4889	  4848	  4763	  4855	
  4954	  4904	  4820	  4910	
  5036	  4973	  4882	  4987	
  5107	  5043	  4931	  5063	
  5189	  5118	  4996	  5140	
  5267	  5195	  5068	  5208	
  5342	  5276	  5137	  5282	
  5453	  5353	  5218	  5363	
  5548	  5443	  5274	  5449	
  5628	  5519	  5361	  5528	
  5731	  5638	  5441	  5643	
  5851	  5715	  5530	  5739	
  5941	  5787	  5601	  5800	
  6466	  6218	  5922	  6228	
  6273	  6046	  5771	  6051	
  6061	  5851	  5602	  5863	
  5921	  5709	  5481	  5729	
  5801	  5612	  5391	  5620	
  5701	  5513	  5321	  5531	
  5597	  5446	  5236	  5443	
  5501	  5348	  5165	  5350	
  5425	  5265	  5110	  5273	
  5329	  5186	  5041	  5196	
  5238	  5114	  4966	  5111	
  5157	  5049	  4924	  5049	
  5083	  4980	  4852	  4983	
  5000	  4901	  4796	  4912	
  4934	  4849	  4748	  4851	
  4865	  4785	  4698	  4799	
  4801	  4732	  4650	  4738	
  4748	  4676	  4612	  4692	
  4695	  4630	  4566	  4642	
  4643	  4585	  4520	  4589	
  4588	  4539	  4485	  4554	
  4548	  4494	  4460	  4505	
  4502	  4461	  4419	  4466	
  4467	  4420	  4381	  4437	
  4427	  4398	  4359	  4401	
  4399	  4377	  4341	  4368	
  4364	  4342	  4319	  4351	
  4357	  4327	  4297	  4332	
  4331	  4307	  4292	  4319	
  4320	  4298	  4284	  4301	
  4309	  4299	  4275	  4300	
  4317	  4304	  4280	  4299	
  4308	  4302	  4283	  4307	
  4331	  4325	  4288	  4317	
  4346	  4328	  4306	  4343	
  4372	  4351	  4316	  4350	
  4390	  4381	  4348	  4386	
  4424	  4402	  4377	  4405	
  4458	  4441	  4400	  4442	
  4485	  4468	  4431	  4478	
  4529	  4509	  4468	  4513	
  4580	  4561	  4510	  4555	
  4623	  4596	  4548	  4619	
  4672	  4646	  4584	  4650	
  4730	  4708	  4634	  4713	
  4781	  4757	  4689	  4762	
  4845	  4817	  4727	  4818	
  4922	  4868	  4791	  4877	
  4986	  4936	  4851	  4939	
  5059	  5015	  4908	  5010	
  5140	  5077	  4959	  5082	
  5221	  5147	  5025	  5163	
  5290	  5227	  5090	  5230	
  5379	  5304	  5165	  5311	
  5480	  5386	  5234	  5397	
  5573	  5471	  5318	  5478	
  5664	  5556	  5392	  5567	
  5780	  5660	  5470	  5664	
  5881	  5752	  5564	  5762	
  5949	  5802	  5630	  5835	
  6523	  6285	  5989	  6310	
  6340	  6105	  5826	  6115	
  6128	  5909	  5648	  5906	
  5956	  5758	  5521	  5761	
  5850	  5645	  5440	  5648	
  5754	  5552	  5345	  5560	
  5648	  5467	  5268	  5466	
  5546	  5379	  5196	  5392	
  5453	  5304	  5125	  5304	
  5367	  5221	  5060	  5226	
  5274	  5141	  4998	  5154	
  5201	  5079	  4942	  5080	
  5122	  5010	  4883	  5012	
  5038	  4935	  4826	  4941	
  4972	  4885	  4769	  4886	
  4909	  4826	  4730	  4824	
  4841	  4770	  4679	  4778	
  4775	  4714	  4638	  4722	
  4730	  4666	  4605	  4673	
  4673	  4630	  4561	  4635	
  4632	  4581	  4520	  4587	
  4596	  4539	  4479	  4551	
  4544	  4510	  4455	  4505	
  4508	  4472	  4430	  4477	
  4471	  4441	  4395	  4450	
  4448	  4416	  4377	  4418	
  4429	  4390	  4366	  4393	
  4393	  4370	  4335	  4369	
  4389	  4355	  4324	  4363	
  4387	  4346	  4327	  4355	
  4376	  4341	  4314	  4350	
  4366	  4345	  4323	  4344	
  4366	  4349	  4320	  4358	
  4386	  4362	  4333	  4371	
  4402	  4378	  4346	  4378	
  4413	  4397	  4357	  4405	
  4441	  4419	  4386	  4429	
  4467	  4446	  4410	  4457	
  4501	  4480	  4432	  4488	
  4537	  4509	  4466	  4515	
  4570	  4557	  4500	  4552	
  4614	  4600	  4543	  4597	
  4663	  4641	  4574	  4649	
  4704	  4690	  4620	  4693	
  4780	  4744	  4677	  4736	
  4836	  4789	  4710	  4803	
  4888	  4846	  4767	  4844	
  4955	  4900	  4814	  4918	
  5019	  4974	  4868	  4974	
  5103	  5036	  4928	  5043	
  5176	  5106	  4991	  5114	
  5255	  5182	  5057	  5190	
  5336	  5258	  5128	  5260	
  5434	  5346	  5191	  5343	
  5514	  5423	  5267	  5424	
  5603	  5504	  5342	  5512	
  5715	  5590	  5418	  5602	
  5823	  5697	  5508	  5706	
  5939	  5787	  5585	  5797	
  6014	  5859	  5644	  5859	
  6602	  6385	  6068	  6397	
  6414	  6185	  5889	  6203	
  6198	  5964	  5705	  5995	
  6010	  5796	  5560	  5813	
  5881	  5677	  5454	  5685	
  5794	  5590	  5369	  5598	
  5690	  5506	  5295	  5513	
  5585	  5419	  5223	  5423	
  5500	  5331	  5157	  5345	
  5411	  5264	  5096	  5270	
  5312	  5178	  5030	  5187	
  5239	  5107	  4965	  5114	
  5159	  5045	  4926	  5060	
  5087	  4985	  4871	  4981	
  5013	  4922	  4816	  4915	
  4954	  4860	  4760	  4872	
  4887	  4803	  4721	  4821	
  4838	  4763	  4679	  4771	
  4781	  4712	  4633	  4719	
  4730	  4664	  4584	  4673	
  4686	  4623	  4561	  4634	
  4638	  4588	  4525	  4590	
  4606	  4543	  4491	  4545	
  4564	  4513	  4474	  4520	
  4525	  4489	  4448	  4492	
  4502	  4461	  4424	  4472	
  4477	  4438	  4406	  4449	
  4442	  4423	  4394	  4422	
  4439	  4410	  4376	  4415	
  4426	  4399	  4375	  4406	
  4428	  4393	  4355	  4402	
  4421	  4395	  4360	  4397	
  4421	  4412	  4368	  4403	
  4440	  4417	  4385	  4414	
  4449	  4433	  4395	  4430	
  4466	  4444	  4413	  4452	
  4492	  4472	  4422	  4473	
  4519	  4501	  4454	  4504	
  4554	  4528	  4488	  4532	
  4584	  4551	  4516	  4558	
  4617	  4591	  4541	  4600	
  4666	  4635	  4579	  4641	
  4723	  4678	  4621	  4690	
  4766	  4722	  4660	  4729	
  4823	  4777	  4705	  4792	
  4871	  4832	  4753	  4840	
  4941	  4888	  4806	  4892	
  4990	  4943	  4850	  4947	
  5069	  5017	  4908	  5024	
  5147	  5077	  4968	  5084	
  5223	  5140	  5030	  5150	
  5300	  5220	  5104	  5231	
  5381	  5296	  5166	  5300	
  5459	  5385	  5235	  5381	
  5558	  5454	  5301	  5461	
  5656	  5545	  5372	  5551	
  5757	  5638	  5460	  5636	
  5866	  5734	  5538	  5738	
  5981	  5841	  5623	  5845	
  6070	  5901	  5676	  5911	
  6722	  6483	  6144	  6484	
  6512	  6271	  5978	  6292	
  6267	  6048	  5771	  6053	
  6095	  5864	  5615	  5872	
  5938	  5726	  5493	  5735	
  5834	  5631	  5409	  5638	
  5733	  5542	  5334	  5554	
  5631	  5455	  5260	  5463	
  5541	  5385	  5193	  5378	
  5460	  5296	  5127	  5304	
  5361	  5216	  5068	  5226	
  5291	  5151	  5000	  5164	
  5203	  5079	  4948	  5096	
  5111	  5031	  4893	  5017	
  5054	  4972	  4855	  4973	
  5001	  4907	  4799	  4909	
  4939	  4855	  4753	  4860	
  4878	  4799	  4706	  4807	
  4829	  4755	  4670	  4757	
  4778	  4702	  4630	  4713	
  4736	  4666	  4597	  4676	
  4688	  4629	  4563	  4646	
  4643	  4588	  4535	  4599	
  4611	  4560	  4508	  4572	
  4584	  4540	  4488	  4545	
  4556	  4502	  4462	  4518	
  4530	  4483	  4448	  4498	
  4518	  4466	  4428	  4478	
  4496	  4457	  4424	  4469	
  4484	  4453	  4414	  4457	
  4485	  4449	  4402	  4455	
  4483	  4456	  4403	  4458	
  4486	  4458	  4425	  4464	
  4495	  4472	  4419	  4469	
  4508	  4477	  4442	  4487	
  4521	  4497	  4451	  4503	
  4552	  4520	  4473	  4514	
  4578	  4538	  4489	  4548	
  4603	  4572	  4517	  4581	
  4639	  4612	  4552	  4604	
  4678	  4635	  4584	  4646	
  4718	  4681	  4605	  4683	
  4763	  4726	  4654	  4729	
  4804	  4762	  4690	  4772	
  4858	  4823	  4748	  4822	
  4930	  4875	  4791	  4882	
  4981	  4922	  4840	  4939	
  5042	  4983	  4888	  4991	
  5116	  5061	  4948	  5066	
  5191	  5119	  5006	  5120	
  5263	  5195	  5064	  5190	
  5361	  5262	  5124	  5265	
  5431	  5336	  5188	  5343	
  5525	  5420	  5253	  5417	
  5614	  5494	  5336	  5506	
  5714	  5584	  5404	  5595	
  5810	  5672	  5492	  5681	
  5915	  5773	  5561	  5780	
  6033	  5892	  5662	  5883	
  6119	  5976	  5725	  5970	
  6826	  6600	  6264	  6605	
  6602	  6377	  6072	  6387	
  6361	  6137	  5847	  6149	
  6162	  5931	  5670	  5948	
  6000	  5788	  5549	  5793	
  5892	  5681	  5460	  5690	
  5780	  5589	  5383	  5599	
  5679	  5505	  5298	  5507	
  5594	  5429	  5238	  5423	
  5503	  5345	  5168	  5357	
  5430	  5270	  5108	  5277	
  5326	  5195	  5036	  5200	
  5252	  5134	  4988	  5129	
  5175	  5069	  4938	  5074	
  5107	  5009	  4878	  5006	
  5058	  4950	  4840	  4964	
  4988	  4894	  4795	  4900	
  4925	  4851	  4747	  4853	
  4883	  4801	  4710	  4806	
  4828	  4757	  4669	  4766	
  4784	  4713	  4638	  4718	
  4739	  4671	  4608	  4686	
  4695	  4637	  4580	  4644	
  4667	  4610	  4545	  4620	
  4648	  4584	  4528	  4589	
  4612	  4560	  4513	  4566	
  4592	  4546	  4493	  4554	
  4571	  4522	  4480	  4530	
  4566	  4512	  4469	  4514	
  4552	  4504	  4458	  4511	
  4549	  4504	  4460	  4511	
  4546	  4502	  4460	  4511	
  4547	  4515	  4460	  4517	
  4551	  4521	  4472	  4522	
  4570	  4529	  4488	  4534	
  4581	  4550	  4498	  4556	
  4610	  4572	  4516	  4575	
  4630	  4595	  4541	  4601	
  4669	  4622	  4559	  4632	
  4689	  4659	  4589	  4664	
  4728	  4694	  4618	  4684	
  4781	  4729	  4657	  4737	
  4814	  4769	  4695	  4782	
  4882	  4828	  4738	  4821	
  4914	  4867	  4781	  4871	
  4969	  4927	  4832	  4933	
  5035	  4971	  4872	  4979	
  5092	  5035	  4938	  5039	
  5171	  5094	  4990	  5103	
  5242	  5165	  5040	  5165	
  5308	  5236	  5101	  5234	
  5392	  5317	  5165	  5307	
  5476	  5384	  5235	  5387	
  5558	  5467	  5293	  5466	
  5661	  5548	  5367	  5559	
  5750	  5632	  5445	  5640	
  5853	  5722	  5527	  5725	
  5968	  5826	  5612	  5841	
  6095	  5940	  5722	  5949	
  6201	  6048	  5813	  6044	
  6968	  6731	  6366	  6769	
  6733	  6500	  6161	  6514	
  6465	  6253	  5940	  6255	
  6257	  6026	  5756	  6041	
  6065	  5834	  5600	  5853	
  5951	  5719	  5495	  5735	
  5843	  5640	  5428	  5649	
  5739	  5550	  5340	  5565	
  5646	  5467	  5275	  5471	
  5555	  5391	  5212	  5404	
  5476	  5321	  5149	  5321	
  5393	  5247	  5090	  5257	
  5314	  5186	  5048	  5195	
  5235	  5116	  4980	  5121	
  5176	  5060	  4933	  5059	
  5114	  5002	  4880	  5002	
  5058	  4950	  4829	  4956	
  4993	  4898	  4792	  4903	
  4936	  4853	  4755	  4864	
  4880	  4810	  4718	  4818	
  4846	  4767	  4682	  4771	
  4808	  4732	  4652	  4737	
  4772	  4695	  4625	  4712	
  4735	  4660	  4594	  4673	
  4708	  4641	  4567	  4642	
  4678	  4625	  4555	  4622	
  4653	  4604	  4542	  4610	
  4633	  4587	  4517	  4585	
  4626	  4572	  4515	  4579	
  4611	  4571	  4510	  4577	
  4604	  4562	  4505	  4575	
  4610	  4559	  4507	  4573	
  4612	  4576	  4521	  4580	
  4629	  4579	  4526	  4582	
  4636	  4594	  4533	  4603	
  4650	  4608	  4548	  4614	
  4674	  4638	  4568	  4629	
  4699	  4645	  4584	  4659	
  4727	  4684	  4610	  4688	
  4751	  4706	  4637	  4712	
  4798	  4748	  4668	  4756	
  4837	  4793	  4701	  4796	
  4877	  4826	  4738	  4828	
  4926	  4880	  4777	  4872	
  4980	  4921	  4833	  4930	
  5036	  4976	  4875	  4984	
  5090	  5031	  4927	  5034	
  5146	  5090	  4967	  5088	
  5221	  5152	  5021	  5151	
  5296	  5225	  5082	  5223	
  5379	  5287	  5136	  5295	
  5450	  5363	  5215	  5368	
  5531	  5437	  5276	  5438	
  5620	  5506	  5343	  5523	
  5731	  5597	  5418	  5606	
  5802	  5690	  5491	  5695	
  5913	  5776	  5565	  5784	
  6041	  5874	  5664	  5889	
  6187	  6020	  5805	  6025	
  6290	  6130	  5892	  6162	
  7105	  6880	  6507	  6898	
  6864	  6650	  6292	  6645	
  6607	  6365	  6063	  6374	
  6373	  6136	  5849	  6148	
  6164	  5938	  5675	  5945	
  6012	  5796	  5554	  5802	
  5902	  5696	  5471	  5703	
  5803	  5612	  5405	  5616	
  5723	  5524	  5312	  5531	
  5617	  5449	  5268	  5455	
  5532	  5375	  5192	  5383	
  5447	  5305	  5138	  5306	
  5377	  5234	  5081	  5246	
  5302	  5169	  5017	  5182	
  5237	  5110	  4975	  5114	
  5167	  5052	  4923	  5058	
  5107	  4989	  4874	  5009	
  5064	  4948	  4832	  4957	
  4998	  4909	  4794	  4918	
  4944	  4861	  4767	  4857	
  4903	  4822	  4729	  4830	
  4873	  4789	  4701	  4791	
  4823	  4749	  4671	  4765	
  4801	  4725	  4643	  4729	
  4776	  4699	  4615	  4705	
  4745	  4684	  4604	  4689	
  4723	  4663	  4591	  4665	
  4699	  4647	  4583	  4645	
  4688	  4641	  4572	  4643	
  4684	  4631	  4566	  4632	
  4679	  4629	  4561	  4627	
  4669	  4632	  4560	  4627	
  4682	  4637	  4572	  4641	
  4692	  4643	  4583	  4647	
  4713	  4657	  4586	  4663	
  4729	  4675	  4604	  4675	
  4744	  4690	  4617	  4694	
  4770	  4714	  4641	  4724	
  4795	  4744	  4666	  4743	
  4832	  4772	  4692	  4775	
  4856	  4816	  4727	  4812	
  4905	  4849	  4751	  4864	
  4944	  4883	  4789	  4888	
  4988	  4922	  4823	  4926	
  5041	  4975	  4876	  4983	
  5091	  5028	  4925	  5036	
  5158	  5086	  4963	  5096	
  5222	  5145	  5020	  5151	
  5287	  5212	  5073	  5211	
  5352	  5277	  5127	  5274	
  5428	  5344	  5200	  5347	
  5516	  5418	  5256	  5418	
  5591	  5500	  5311	  5500	
  5694	  5570	  5388	  5562	
  5789	  5655	  5466	  5662	
  5873	  5743	  5536	  5752	
  5992	  5828	  5618	  5842	
  6109	  5948	  5720	  5961	
  6270	  6123	  5870	  6133	
  6398	  6239	  5977	  6230	
  7301	  7048	  6675	  7091	
  7027	  6796	  6429	  6799	
  6726	  6503	  6175	  6524	
  6496	  6265	  5967	  6278	
  6282	  6044	  5777	  6054	
  6100	  5874	  5604	  5880	
  5980	  5760	  5519	  5767	
  5868	  5662	  5437	  5671	
  5771	  5579	  5371	  5586	
  5700	  5501	  5306	  5526	
  5602	  5432	  5232	  5426	
  5525	  5363	  5178	  5365	
  5458	  5301	  5119	  5299	
  5364	  5227	  5059	  5227	
  5300	  5170	  5031	  5180	
  5229	  5107	  4978	  5120	
  5176	  5067	  4928	  5064	
  5128	  5013	  4883	  5012	
  5076	  4971	  4850	  4978	
  5020	  4923	  4810	  4922	
  4985	  4879	  4781	  4884	
  4944	  4860	  4747	  4859	
  4898	  4814	  4714	  4814	
  4857	  4790	  4693	  4785	
  4844	  4762	  4675	  4761	
  4812	  4747	  4655	  4744	
  4780	  4722	  4637	  4721	
  4763	  4702	  4633	  4710	
  4767	  4706	  4628	  4699	
  4759	  4698	  4614	  4695	
  4754	  4686	  4615	  4694	
  4754	  4690	  4618	  4699	
  4756	  4699	  4628	  4709	
  4774	  4713	  4634	  4718	
  4783	  4716	  4646	  4728	
  4793	  4736	  4655	  4736	
  4819	  4758	  4669	  4761	
  4833	  4782	  4692	  4782	
  4864	  4810	  4718	  4808	
  4896	  4831	  4749	  4826	
  4937	  4858	  4774	  4872	
  4971	  4899	  4818	  4914	
  5015	  4935	  4842	  4946	
  5066	  4993	  4886	  4991	
  5109	  5041	  4922	  5034	
  5165	  5081	  4962	  5096	
  5229	  5141	  5013	  5157	
  5295	  5211	  5075	  5212	
  5356	  5272	  5132	  5281	
  5432	  5344	  5182	  5340	
  5505	  5398	  5237	  5406	
  5588	  5468	  5299	  5477	
  5660	  5541	  5369	  5549	
  5739	  5615	  5433	  5633	
  5852	  5715	  5511	  5716	
  5941	  5799	  5588	  5804	
  6053	  5893	  5667	  5902	
  6196	  6045	  5801	  6055	
  6385	  6219	  5973	  6232	
  6530	  6358	  6098	  6363	
  7494	  7247	  6831	  7275	
  7192	  6977	  6582	  7002	
  6901	  6660	  6304	  6670	
  6642	  6403	  6071	  6401	
  6398	  6168	  5879	  6178	
  6212	  5978	  5705	  5989	
  6055	  5826	  5585	  5840	
  5949	  5719	  5490	  5740	
  5833	  5642	  5422	  5647	
  5761	  5566	  5351	  5572	
  5666	  5495	  5289	  5489	
  5602	  5419	  5232	  5428	
  5514	  5348	  5177	  5363	
  5444	  5295	  5112	  5294	
  5379	  5230	  5068	  5233	
  5304	  5167	  5028	  5182	
  5240	  5125	  4983	  5123	
  5184	  5075	  4945	  5088	
  5138	  5034	  4896	  5033	
  5097	  4977	  4861	  4995	
  5046	  4945	  4839	  4956	
  5023	  4905	  4803	  4920	
  4977	  4878	  4775	  4886	
  4940	  4848	  4754	  4859	
  4912	  4823	  4728	  4830	
  4886	  4807	  4710	  4817	
  4867	  4785	  4703	  4791	
  4856	  4778	  4688	  4786	
  4835	  4764	  4679	  4761	
  4831	  4757	  4673	  4760	
  4820	  4755	  4675	  4759	
  4828	  4754	  4671	  4760	
  4835	  4762	  4682	  4769	
  4841	  4768	  4680	  4778	
  4851	  4787	  4700	  4791	
  4875	  4795	  4712	  4815	
  4883	  4825	  4728	  4831	
  4909	  4845	  4751	  4856	
  4947	  4873	  4781	  4877	
  4969	  4904	  4809	  4902	
  5010	  4925	  4827	  4938	
  5052	  4978	  4862	  4976	
  5077	  5017	  4902	  5019	
  5137	  5055	  4932	  5059	
  5189	  5105	  4989	  5106	
  5227	  5150	  5025	  5151	
  5290	  5207	  5067	  5208	
  5364	  5262	  5118	  5269	
  5438	  5330	  5174	  5333	
  5504	  5395	  5234	  5400	
  5572	  5463	  5296	  5465	
  5660	  5537	  5355	  5538	
  5739	  5614	  5419	  5609	
  5822	  5687	  5488	  5698	
  5925	  5771	  5563	  5783	
  6026	  5862	  5647	  5865	
  6149	  5981	  5749	  5986	
  6318	  6151	  5898	  6153	
  6532	  6367	  6079	  6362	
  6660	  6492	  6209	  6503	
  7708	  7464	  7015	  7501	
  7405	  7175	  6756	  7208	
  7066	  6827	  6482	  6855	
  6787	  6553	  6219	  6569	
  6543	  6307	  5991	  6321	
  6346	  6091	  5806	  6119	
  6168	  5922	  5666	  5948	
  6027	  5791	  5562	  5803	
  5926	  5721	  5488	  5725	
  5843	  5634	  5417	  5641	
  5746	  5551	  5353	  5568	
  5681	  5484	  5283	  5494	
  5595	  5426	  5235	  5428	
  5517	  5356	  5168	  5365	
  5460	  5289	  5133	  5298	
  5378	  5239	  5091	  5250	
  5325	  5192	  5032	  5188	
  5259	  5141	  4987	  5145	
  5217	  5088	  4953	  5101	
  5172	  5059	  4926	  5054	
  5128	  5015	  4894	  5026	
  5093	  4977	  4852	  4988	
  5046	  4939	  4825	  4954	
  5017	  4912	  4802	  4920	
  4996	  4892	  4789	  4894	
  4971	  4876	  4774	  4878	
  4942	  4851	  4762	  4857	
  4913	  4852	  4738	  4845	
  4918	  4840	  4736	  4845	
  4912	  4829	  4740	  4837	
  4908	  4822	  4724	  4832	
  4903	  4829	  4742	  4833	
  4910	  4841	  4741	  4836	
  4916	  4840	  4748	  4847	
  4934	  4850	  4760	  4856	
  4949	  4864	  4771	  4869	
  4970	  4883	  4793	  4895	
  4994	  4915	  4812	  4920	
  5019	  4946	  4838	  4945	
  5046	  4968	  4855	  4975	
  5088	  5002	  4890	  4998	
  5120	  5038	  4925	  5040	
  5163	  5080	  4948	  5081	
  5204	  5124	  4994	  5115	
  5265	  5167	  5039	  5172	
  5321	  5218	  5078	  5230	
  5379	  5271	  5135	  5279	
  5443	  5327	  5184	  5341	
  5508	  5395	  5230	  5395	
  5580	  5466	  5279	  5468	
  5659	  5527	  5352	  5538	
  5735	  5602	  5399	  5611	
  5823	  5675	  5484	  5685	
  5900	  5761	  5544	  5768	
  6003	  5833	  5632	  5844	
  6114	  5936	  5721	  5939	
  6269	  6072	  5854	  6085	
  6457	  6289	  6020	  6286	
  6671	  6493	  6210	  6499	
  6810	  6643	  6329	  6645	
  7984	  7730	  7271	  7786	
  7645	  7419	  6981	  7440	
  7291	  7067	  6665	  7079	
  6989	  6752	  6385	  6781	
  6730	  6470	  6155	  6491	
  6487	  6254	  5948	  6267	
  6308	  6060	  5773	  6074	
  6136	  5888	  5637	  5899	
  6017	  5782	  5551	  5797	
  5948	  5706	  5481	  5722	
  5847	  5634	  5418	  5648	
  5760	  5556	  5345	  5563	
  5682	  5492	  5311	  5507	
  5614	  5425	  5246	  5433	
  5551	  5366	  5184	  5373	
  5484	  5312	  5148	  5319	
  5425	  5252	  5105	  5261	
  5355	  5212	  5071	  5217	
  5321	  5164	  5022	  5181	
  5262	  5118	  4987	  5130	
  5224	  5096	  4950	  5096	
  5186	  5054	  4918	  5050	
  5142	  5022	  4909	  5027	
  5112	  5000	  4871	  4993	
  5087	  4974	  4850	  4973	
  5056	  4952	  4835	  4950	
  5033	  4927	  4828	  4937	
  5027	  4929	  4820	  4922	
  5022	  4907	  4811	  4914	
  4993	  4900	  4802	  4909	
  4994	  4903	  4795	  4906	
  5000	  4914	  4802	  4911	
  5017	  4914	  4807	  4912	
  5015	  4926	  4826	  4921	
  5026	  4935	  4819	  4940	
  5035	  4937	  4835	  4945	
  5062	  4969	  4853	  4975	
  5075	  4990	  4885	  4999	
  5115	  5023	  4905	  5028	
  5146	  5048	  4931	  5048	
  5178	  5082	  4963	  5091	
  5230	  5121	  4983	  5124	
  5269	  5143	  5017	  5171	
  5311	  5182	  5060	  5194	
  5367	  5241	  5094	  5245	
  5416	  5299	  5140	  5303	
  5473	  5350	  5186	  5359	
  5539	  5409	  5237	  5430	
  5609	  5466	  5286	  5484	
  5680	  5548	  5353	  5545	
  5747	  5608	  5418	  5623	
  5835	  5674	  5474	  5682	
  5921	  5743	  5540	  5762	
  5993	  5823	  5622	  5845	
  6099	  5927	  5702	  5925	
  6248	  6052	  5821	  6071	
  6394	  6223	  5970	  6234	
  6621	  6433	  6151	  6444	
  6846	  6668	  6365	  6680	
  7013	  6847	  6509	  6852	
  8181	  7946	  7380	  7992	
  7858	  7634	  7111	  7659	
  7449	  7219	  6803	  7251	
  7143	  6898	  6506	  6920	
  6871	  6601	  6250	  6645	
  6612	  6351	  6027	  6395	
  6413	  6163	  5870	  6170	
  6238	  5976	  5693	  6007	
  6097	  5859	  5605	  5874	
  6018	  5763	  5517	  5775	
  5915	  5682	  5429	  5708	
  5831	  5612	  5390	  5630	
  5766	  5545	  5344	  5559	
  5688	  5482	  5282	  5490	
  5598	  5422	  5224	  5438	
  5552	  5372	  5188	  5392	
  5493	  5322	  5133	  5304	
  5438	  5262	  5100	  5275	
  5374	  5221	  5056	  5233	
  5321	  5186	  5026	  5194	
  5284	  5153	  4988	  5156	
  5261	  5101	  4963	  5124	
  5224	  5083	  4944	  5085	
  5183	  5058	  4918	  5056	
  5152	  5030	  4889	  5031	
  5144	  5007	  4862	  5005	
  5104	  4993	  4855	  4995	
  5092	  4981	  4852	  4975	
  5080	  4980	  4839	  4967	
  5086	  4954	  4830	  4973	
  5081	  4974	  4832	  4962	
  5067	  4959	  4839	  4961	
  5078	  4978	  4842	  4975	
  5082	  4974	  4846	  4985	
  5083	  5003	  4853	  5002	
  5124	  5000	  4881	  5013	
  5127	  5031	  4903	  5022	
  5157	  5045	  4907	  5042	
  5196	  5069	  4941	  5072	
  5218	  5100	  4964	  5110	
  5260	  5134	  4996	  5138	
  5310	  5177	  5037	  5190	
  5340	  5217	  5054	  5208	
  5367	  5246	  5084	  5252	
  5435	  5298	  5137	  5313	
  5483	  5351	  5170	  5363	
  5539	  5417	  5231	  5423	
  5604	  5464	  5274	  5468	
  5651	  5522	  5322	  5537	
  5734	  5603	  5398	  5590	
  5812	  5666	  5444	  5668	
  5911	  5730	  5507	  5733	
  5966	  5795	  5581	  5812	
  6095	  5897	  5652	  5902	
  6177	  6013	  5750	  6006	
  6352	  6151	  5879	  6167	
  6518	  6321	  6059	  6348	
  6755	  6563	  6245	  6564	
  6985	  6797	  6467	  6802	
  7154	  6988	  6622	  6983	
