 96
 96
 96
 96
 96
 96
 96
 96
 96
 96
 96
 96
 96
 96
 96
 96
 96
 96
 96
 96
 96
 96
 96
 96
 96
 96
 96
 96
 96
 96
 96
 96
 96
 96
 96
 96
 96
 96
 96
 96
 96
 96
 96
 96
 96
 96
 96
 96
 96
 96
 96
 96
 96
 96
 96
 96
 96
 96
 96
 96
 96
 96
 96
 96
 96
 96
 96
 96
 96
 96
 96
 96
 96
 96
 96
 96
 96
 96
 96
 96
 96
 96
 96
 96
 96
 96
 96
 96
 96
 96
 96
 96
 96
 96
 96
 96
 96
 96
 96
 96
 96
 96
 96
 96
 96
 96
 96
 96
 96
 96
 96
 96
 96
 96
 96
 96
 96
 96
 96
 96
 96
 96
 96
 96
 96
 96
 96
 96
 96
 96
 96
 96
 96
 96
 96
 96
 96
 96
 96
 96
 96
 96
 96
 96
 95
 95
 94
 94
 93
 93
 92
 92
 91
 91
 90
 89
 89
 88
 87
 86
 86
 85
 84
 83
 82
 82
 81
 80
 79
 78
 77
 76
 75
 75
 74
 73
 72
 71
 70
 69
 68
 67
 66
 65
 64
 63
 62
 61
 59
 58
 57
 56
 55
 54
 53
 52
 51
 49
 48
 47
 45
 44
 43
 42
 41
 40
 39
 38
 37
 35
 34
 33
 32
 31
 30
 29
 28
 27
 26
 25
 24
 24
 24
 24
 24
 24
 24
 24
 24
 24
 24
 24
 24
 24
 24
 24
 24
 24
 24
 24
 24
 24
 24
 24
 24
 24
 24
 24
 24
 24
 24
 24
 24
 24
 24
 24
 24
 24
 24
 24
 24
 24
 24
 24
 24
 24
 24
 24
 24
 24
 24
 24
 24
 24
 24
 24
 24
 24
 24
 24
 24
 24
 24
 24
 24
 24
 24
 24
 24
 24
 24
 24
 24
 25
 26
 27
 28
 29
 30
 31
 32
 33
 34
 35
 37
 38
 39
 40
 41
 42
 43
 44
 45
 47
 48
 49
 51
 52
 53
 54
 55
 56
 57
 58
 59
 61
 62
 63
 64
 65
 66
 67
 68
 69
 70
 71
 72
 73
 74
 75
 75
 76
 77
 78
 79
 80
 81
 82
 82
 83
 84
 85
 86
 86
 87
 88
 89
 89
 90
 91
 91
 92
 92
 93
 93
 94
 94
 95
 95
 96
 96
 96
 96
 96
 96
 96
 96
 96
 96
 96
 96
 96
 96
 96
 96
 96
 96
 96
 96
 96
 96
 96
 96
 96
 96
 96
 96
 96
 96
 96
 96
 96
 96
 96
 96
 96
 96
 96
 96
 96
 96
 96
 96
 96
 96
 96
 96
 96
 96
 96
 96
 96
 96
 96
 96
 96
 96
 96
 96
 96
 96
 96
 96
 96
 96
 96
 96
 96
 96
 96
 96
 96
 96
 96
 96
 96
 96
 96
 96
 96
 96
 96
 96
 96
 96
 96
 96
 96
 96
 96
 96
 96
 96
 96
 96
 96
 96
 96
 96
 96
 96
 96
 96
 96
 96
 96
 96
 96
 96
 96
 96
 96
 96
 96
 96
 96
 96
 96
 96
 96
 96
 96
 96
 96
 96
 96
 96
 96
 96
 96
 96
 96
 96
 96
 96
 96
 96
 96
 96
 96
 96
 96
