  2040	  2040	  2040	  2040	
  7694	  6945	  5994	  6975	
  7409	  6721	  5853	  6751	
  7110	  6459	  5648	  6485	
  6832	  6221	  5541	  6254	
  6619	  6047	  5425	  6047	
  6441	  5905	  5326	  5922	
  6315	  5809	  5286	  5818	
  6196	  5709	  5234	  5730	
  6090	  5636	  5163	  5652	
  5981	  5572	  5124	  5571	
  5880	  5489	  5051	  5507	
  5779	  5424	  5014	  5426	
  5698	  5366	  4992	  5351	
  5608	  5291	  4946	  5306	
  5528	  5249	  4912	  5235	
  5455	  5194	  4875	  5188	
  5381	  5141	  4826	  5124	
  5313	  5080	  4801	  5076	
  5242	  5041	  4766	  5038	
  5189	  4983	  4727	  4985	
  5136	  4950	  4705	  4944	
  5088	  4909	  4680	  4905	
  5033	  4872	  4675	  4870	
  5001	  4849	  4657	  4838	
  4957	  4826	  4645	  4808	
  4938	  4797	  4629	  4799	
  4898	  4778	  4606	  4769	
  4882	  4765	  4604	  4758	
  4872	  4757	  4573	  4754	
  4863	  4749	  4590	  4728	
  4854	  4739	  4600	  4742	
  4851	  4736	  4564	  4724	
  4849	  4745	  4577	  4738	
  4861	  4753	  4586	  4741	
  4878	  4767	  4609	  4757	
  4894	  4789	  4619	  4775	
  4917	  4810	  4646	  4814	
  4950	  4817	  4647	  4828	
  4979	  4853	  4688	  4844	
  5011	  4882	  4686	  4877	
  5050	  4918	  4714	  4908	
  5104	  4960	  4738	  4944	
  5153	  4981	  4778	  4989	
  5215	  5028	  4797	  5036	
  5260	  5068	  4824	  5077	
  5320	  5135	  4876	  5120	
  5384	  5166	  4888	  5176	
  5465	  5238	  4936	  5237	
  5550	  5287	  4972	  5285	
  5623	  5354	  5018	  5358	
  5701	  5427	  5068	  5418	
  5784	  5490	  5109	  5508	
  5895	  5562	  5154	  5560	
  5991	  5632	  5220	  5647	
  6117	  5722	  5284	  5727	
  6219	  5779	  5328	  5797	
  6339	  5877	  5400	  5888	
  6466	  5985	  5459	  6025	
  6672	  6150	  5545	  6158	
  6818	  6263	  5622	  6304	
  7585	  6834	  5897	  6879	
  7306	  6614	  5774	  6650	
  7005	  6359	  5620	  6386	
  6760	  6144	  5493	  6176	
  6528	  5977	  5363	  5989	
  6379	  5849	  5305	  5873	
  6258	  5759	  5243	  5773	
  6131	  5672	  5198	  5697	
  6033	  5603	  5137	  5596	
  5935	  5524	  5092	  5530	
  5819	  5448	  5041	  5457	
  5726	  5382	  4998	  5385	
  5630	  5318	  4967	  5322	
  5555	  5256	  4921	  5255	
  5468	  5192	  4870	  5193	
  5385	  5146	  4838	  5143	
  5323	  5084	  4802	  5085	
  5250	  5039	  4769	  5035	
  5182	  4981	  4734	  4986	
  5132	  4941	  4709	  4942	
  5071	  4905	  4683	  4901	
  5031	  4864	  4671	  4860	
  4983	  4833	  4633	  4823	
  4935	  4799	  4625	  4785	
  4894	  4767	  4603	  4757	
  4872	  4742	  4581	  4746	
  4839	  4718	  4585	  4722	
  4829	  4707	  4552	  4700	
  4802	  4696	  4546	  4688	
  4791	  4697	  4542	  4682	
  4790	  4683	  4546	  4676	
  4786	  4693	  4549	  4684	
  4792	  4683	  4547	  4682	
  4795	  4697	  4555	  4701	
  4815	  4708	  4563	  4707	
  4832	  4732	  4592	  4722	
  4857	  4761	  4609	  4746	
  4884	  4779	  4625	  4774	
  4923	  4804	  4632	  4796	
  4954	  4831	  4662	  4823	
  4986	  4863	  4684	  4859	
  5039	  4906	  4704	  4894	
  5082	  4946	  4720	  4940	
  5142	  4979	  4762	  4979	
  5202	  5027	  4787	  5029	
  5276	  5074	  4825	  5080	
  5326	  5136	  4854	  5135	
  5404	  5192	  4922	  5188	
  5486	  5239	  4957	  5243	
  5551	  5313	  4991	  5307	
  5647	  5379	  5028	  5369	
  5742	  5438	  5088	  5452	
  5832	  5507	  5145	  5519	
  5932	  5587	  5194	  5598	
  6038	  5662	  5238	  5683	
  6147	  5742	  5309	  5763	
  6280	  5829	  5351	  5853	
  6411	  5937	  5425	  5966	
  6591	  6083	  5517	  6104	
  6722	  6203	  5602	  6222	
  7418	  6715	  5856	  6762	
  7151	  6504	  5721	  6534	
  6883	  6268	  5552	  6301	
  6639	  6062	  5428	  6090	
  6440	  5894	  5329	  5917	
  6308	  5807	  5274	  5829	
  6194	  5714	  5216	  5744	
  6078	  5634	  5169	  5647	
  5960	  5548	  5127	  5557	
  5854	  5475	  5072	  5494	
  5749	  5407	  5015	  5410	
  5656	  5322	  4967	  5338	
  5573	  5268	  4917	  5275	
  5480	  5200	  4890	  5206	
  5404	  5146	  4836	  5149	
  5318	  5089	  4800	  5097	
  5258	  5040	  4774	  5048	
  5181	  4979	  4721	  4983	
  5121	  4930	  4706	  4933	
  5057	  4884	  4672	  4884	
  5006	  4852	  4653	  4843	
  4951	  4813	  4632	  4809	
  4909	  4768	  4609	  4765	
  4864	  4737	  4570	  4742	
  4835	  4716	  4558	  4710	
  4792	  4691	  4543	  4687	
  4770	  4672	  4521	  4658	
  4750	  4644	  4515	  4647	
  4729	  4647	  4497	  4632	
  4713	  4633	  4500	  4629	
  4705	  4625	  4493	  4619	
  4712	  4628	  4504	  4629	
  4718	  4638	  4513	  4626	
  4726	  4639	  4515	  4638	
  4738	  4657	  4527	  4648	
  4753	  4668	  4535	  4663	
  4787	  4700	  4558	  4683	
  4813	  4708	  4576	  4711	
  4842	  4750	  4594	  4744	
  4877	  4776	  4610	  4772	
  4922	  4804	  4631	  4805	
  4968	  4846	  4670	  4844	
  5019	  4882	  4693	  4882	
  5063	  4930	  4721	  4929	
  5131	  4974	  4762	  4976	
  5197	  5023	  4781	  5034	
  5257	  5074	  4828	  5083	
  5341	  5128	  4873	  5133	
  5411	  5192	  4931	  5199	
  5496	  5266	  4942	  5261	
  5584	  5318	  5004	  5325	
  5672	  5393	  5052	  5405	
  5762	  5448	  5089	  5477	
  5857	  5529	  5156	  5545	
  5980	  5608	  5211	  5636	
  6084	  5696	  5264	  5719	
  6206	  5774	  5313	  5803	
  6337	  5878	  5372	  5908	
  6507	  5999	  5455	  6033	
  6610	  6089	  5539	  6141	
  7272	  6600	  5779	  6626	
  7035	  6392	  5648	  6421	
  6761	  6171	  5494	  6200	
  6547	  5986	  5368	  6010	
  6363	  5854	  5294	  5867	
  6244	  5752	  5257	  5785	
  6131	  5666	  5193	  5701	
  6017	  5593	  5150	  5607	
  5895	  5515	  5062	  5513	
  5790	  5423	  5037	  5439	
  5687	  5356	  4973	  5357	
  5592	  5278	  4936	  5291	
  5496	  5222	  4881	  5226	
  5405	  5147	  4843	  5159	
  5332	  5094	  4806	  5098	
  5260	  5042	  4774	  5047	
  5177	  4985	  4731	  4984	
  5110	  4930	  4705	  4930	
  5049	  4875	  4665	  4878	
  4988	  4835	  4646	  4833	
  4934	  4787	  4620	  4792	
  4879	  4751	  4580	  4746	
  4831	  4711	  4546	  4712	
  4797	  4682	  4547	  4685	
  4750	  4649	  4501	  4655	
  4721	  4629	  4495	  4618	
  4689	  4601	  4480	  4599	
  4672	  4585	  4463	  4590	
  4651	  4587	  4463	  4571	
  4643	  4571	  4451	  4564	
  4624	  4554	  4449	  4554	
  4633	  4566	  4463	  4557	
  4636	  4571	  4465	  4553	
  4648	  4579	  4467	  4576	
  4661	  4591	  4481	  4588	
  4680	  4609	  4489	  4612	
  4701	  4632	  4514	  4627	
  4730	  4658	  4534	  4654	
  4766	  4684	  4542	  4679	
  4807	  4716	  4567	  4709	
  4851	  4745	  4596	  4749	
  4893	  4781	  4622	  4784	
  4939	  4828	  4646	  4825	
  4994	  4869	  4677	  4875	
  5058	  4922	  4724	  4922	
  5129	  4969	  4760	  4969	
  5197	  5021	  4793	  5036	
  5263	  5078	  4825	  5082	
  5334	  5142	  4878	  5146	
  5411	  5201	  4920	  5211	
  5504	  5264	  4964	  5274	
  5599	  5325	  5004	  5351	
  5691	  5408	  5062	  5413	
  5793	  5474	  5097	  5488	
  5899	  5563	  5173	  5585	
  6019	  5651	  5234	  5665	
  6131	  5738	  5281	  5751	
  6267	  5830	  5359	  5851	
  6399	  5939	  5425	  5957	
  6504	  6008	  5475	  6037	
  7150	  6500	  5717	  6531	
  6924	  6314	  5593	  6343	
  6669	  6090	  5465	  6115	
  6473	  5911	  5341	  5953	
  6309	  5803	  5278	  5830	
  6184	  5719	  5226	  5740	
  6077	  5637	  5155	  5657	
  5954	  5542	  5121	  5574	
  5849	  5464	  5059	  5483	
  5732	  5392	  5017	  5400	
  5629	  5312	  4948	  5329	
  5537	  5248	  4902	  5260	
  5447	  5182	  4880	  5187	
  5353	  5117	  4820	  5112	
  5267	  5056	  4787	  5053	
  5197	  4994	  4746	  4990	
  5120	  4935	  4712	  4938	
  5052	  4884	  4678	  4887	
  4986	  4826	  4640	  4833	
  4916	  4779	  4603	  4783	
  4869	  4741	  4572	  4737	
  4817	  4699	  4547	  4697	
  4764	  4669	  4513	  4661	
  4722	  4638	  4497	  4630	
  4688	  4599	  4481	  4597	
  4663	  4577	  4458	  4574	
  4624	  4554	  4440	  4554	
  4602	  4537	  4426	  4535	
  4585	  4522	  4428	  4508	
  4572	  4514	  4428	  4513	
  4563	  4507	  4411	  4504	
  4560	  4504	  4411	  4506	
  4564	  4516	  4423	  4508	
  4571	  4523	  4430	  4525	
  4592	  4533	  4445	  4535	
  4614	  4548	  4449	  4551	
  4643	  4573	  4469	  4570	
  4671	  4599	  4473	  4600	
  4701	  4622	  4505	  4627	
  4738	  4660	  4537	  4662	
  4784	  4698	  4562	  4693	
  4834	  4737	  4588	  4740	
  4878	  4778	  4622	  4771	
  4944	  4834	  4658	  4824	
  5000	  4867	  4686	  4871	
  5062	  4915	  4725	  4931	
  5133	  4971	  4771	  4975	
  5206	  5035	  4797	  5048	
  5290	  5104	  4843	  5098	
  5360	  5157	  4883	  5169	
  5447	  5219	  4933	  5235	
  5530	  5296	  4979	  5293	
  5628	  5355	  5014	  5363	
  5736	  5434	  5084	  5454	
  5843	  5508	  5123	  5535	
  5954	  5591	  5191	  5614	
  6077	  5683	  5265	  5702	
  6197	  5779	  5325	  5808	
  6328	  5894	  5383	  5913	
  6434	  5942	  5435	  5992	
  7037	  6429	  5671	  6449	
  6836	  6230	  5549	  6258	
  6593	  6024	  5424	  6049	
  6388	  5862	  5323	  5894	
  6250	  5769	  5265	  5796	
  6140	  5679	  5202	  5707	
  6016	  5597	  5140	  5625	
  5905	  5517	  5083	  5533	
  5791	  5432	  5021	  5445	
  5678	  5350	  4972	  5367	
  5576	  5275	  4916	  5290	
  5477	  5204	  4879	  5213	
  5398	  5139	  4853	  5151	
  5296	  5065	  4801	  5077	
  5215	  5003	  4760	  5019	
  5138	  4946	  4711	  4956	
  5060	  4893	  4667	  4892	
  4997	  4832	  4646	  4843	
  4928	  4778	  4597	  4782	
  4858	  4731	  4567	  4745	
  4809	  4693	  4535	  4685	
  4756	  4650	  4511	  4653	
  4703	  4615	  4476	  4613	
  4657	  4579	  4477	  4581	
  4622	  4556	  4433	  4550	
  4586	  4523	  4420	  4521	
  4554	  4497	  4415	  4498	
  4543	  4480	  4402	  4478	
  4525	  4468	  4386	  4466	
  4501	  4451	  4376	  4451	
  4496	  4451	  4372	  4450	
  4489	  4445	  4379	  4442	
  4501	  4457	  4384	  4452	
  4504	  4465	  4383	  4463	
  4530	  4482	  4398	  4482	
  4554	  4500	  4411	  4488	
  4571	  4520	  4417	  4515	
  4600	  4551	  4446	  4543	
  4640	  4582	  4463	  4576	
  4681	  4614	  4496	  4607	
  4717	  4647	  4523	  4650	
  4766	  4689	  4556	  4687	
  4828	  4733	  4589	  4730	
  4873	  4775	  4618	  4781	
  4938	  4832	  4656	  4833	
  5000	  4878	  4697	  4881	
  5078	  4929	  4737	  4940	
  5143	  4995	  4776	  4999	
  5218	  5050	  4813	  5064	
  5305	  5109	  4857	  5124	
  5385	  5174	  4894	  5195	
  5475	  5257	  4950	  5263	
  5572	  5314	  5003	  5338	
  5675	  5402	  5054	  5403	
  5784	  5472	  5103	  5489	
  5895	  5553	  5178	  5578	
  6022	  5643	  5237	  5666	
  6145	  5741	  5310	  5760	
  6273	  5840	  5371	  5865	
  6368	  5916	  5414	  5932	
  6966	  6328	  5640	  6377	
  6746	  6162	  5503	  6192	
  6518	  5960	  5388	  5997	
  6338	  5823	  5306	  5855	
  6211	  5730	  5231	  5756	
  6087	  5653	  5188	  5680	
  5983	  5560	  5118	  5583	
  5854	  5479	  5062	  5501	
  5750	  5393	  5017	  5416	
  5637	  5311	  4944	  5335	
  5531	  5232	  4911	  5255	
  5437	  5165	  4859	  5178	
  5338	  5093	  4814	  5111	
  5247	  5030	  4777	  5043	
  5172	  4969	  4732	  4981	
  5087	  4911	  4676	  4919	
  5004	  4843	  4646	  4855	
  4935	  4796	  4614	  4804	
  4872	  4741	  4568	  4743	
  4806	  4688	  4541	  4694	
  4752	  4647	  4503	  4651	
  4696	  4608	  4473	  4616	
  4648	  4564	  4442	  4568	
  4605	  4531	  4417	  4522	
  4554	  4496	  4397	  4500	
  4522	  4473	  4391	  4474	
  4500	  4448	  4363	  4445	
  4470	  4427	  4349	  4418	
  4452	  4406	  4347	  4407	
  4438	  4399	  4340	  4393	
  4429	  4392	  4333	  4394	
  4427	  4393	  4325	  4387	
  4438	  4403	  4332	  4399	
  4449	  4402	  4339	  4409	
  4461	  4426	  4348	  4419	
  4486	  4444	  4367	  4440	
  4513	  4462	  4388	  4458	
  4542	  4487	  4417	  4491	
  4580	  4527	  4440	  4523	
  4620	  4563	  4455	  4560	
  4662	  4595	  4487	  4596	
  4713	  4644	  4515	  4644	
  4765	  4683	  4552	  4683	
  4819	  4725	  4571	  4729	
  4879	  4785	  4617	  4788	
  4944	  4829	  4653	  4841	
  5019	  4887	  4702	  4892	
  5094	  4940	  4728	  4952	
  5173	  5006	  4770	  5007	
  5247	  5076	  4813	  5083	
  5332	  5131	  4875	  5144	
  5428	  5206	  4917	  5218	
  5517	  5274	  4966	  5294	
  5625	  5349	  5008	  5372	
  5730	  5429	  5085	  5449	
  5839	  5511	  5146	  5528	
  5956	  5594	  5204	  5624	
  6091	  5697	  5270	  5728	
  6220	  5793	  5326	  5831	
  6300	  5852	  5373	  5888	
  6873	  6269	  5582	  6310	
  6681	  6101	  5466	  6131	
  6461	  5912	  5335	  5949	
  6290	  5788	  5265	  5818	
  6161	  5708	  5210	  5737	
  6036	  5610	  5176	  5638	
  5930	  5525	  5108	  5551	
  5816	  5444	  5042	  5458	
  5693	  5359	  4995	  5378	
  5588	  5278	  4930	  5290	
  5481	  5207	  4880	  5217	
  5381	  5140	  4832	  5137	
  5290	  5066	  4790	  5070	
  5204	  4996	  4748	  4998	
  5122	  4930	  4695	  4934	
  5036	  4866	  4663	  4875	
  4959	  4804	  4611	  4811	
  4886	  4752	  4575	  4759	
  4826	  4700	  4530	  4708	
  4757	  4658	  4503	  4650	
  4703	  4607	  4471	  4605	
  4647	  4563	  4444	  4564	
  4592	  4525	  4419	  4528	
  4548	  4483	  4393	  4481	
  4504	  4450	  4364	  4454	
  4476	  4423	  4355	  4434	
  4439	  4400	  4329	  4401	
  4416	  4380	  4307	  4384	
  4396	  4361	  4309	  4362	
  4374	  4348	  4300	  4343	
  4368	  4340	  4288	  4337	
  4370	  4340	  4287	  4342	
  4365	  4343	  4296	  4345	
  4384	  4354	  4309	  4358	
  4409	  4381	  4311	  4370	
  4426	  4396	  4325	  4397	
  4454	  4424	  4359	  4422	
  4485	  4446	  4369	  4447	
  4524	  4480	  4406	  4486	
  4564	  4518	  4423	  4521	
  4604	  4557	  4465	  4550	
  4657	  4597	  4491	  4600	
  4713	  4642	  4519	  4641	
  4773	  4690	  4561	  4694	
  4837	  4740	  4591	  4748	
  4900	  4794	  4637	  4801	
  4968	  4847	  4665	  4861	
  5037	  4901	  4716	  4912	
  5123	  4965	  4753	  4981	
  5205	  5031	  4793	  5039	
  5291	  5095	  4847	  5112	
  5381	  5168	  4897	  5185	
  5479	  5241	  4949	  5256	
  5577	  5315	  5006	  5339	
  5683	  5402	  5058	  5421	
  5791	  5481	  5116	  5509	
  5916	  5562	  5186	  5598	
  6052	  5665	  5239	  5702	
  6178	  5761	  5318	  5793	
  6261	  5822	  5362	  5861	
  6810	  6220	  5551	  6273	
  6617	  6048	  5436	  6079	
  6413	  5864	  5331	  5912	
  6248	  5766	  5250	  5800	
  6129	  5676	  5191	  5700	
  6000	  5584	  5148	  5603	
  5880	  5495	  5070	  5525	
  5765	  5412	  5017	  5425	
  5660	  5325	  4969	  5356	
  5554	  5245	  4896	  5265	
  5440	  5160	  4858	  5180	
  5339	  5093	  4819	  5113	
  5247	  5025	  4779	  5030	
  5165	  4960	  4714	  4965	
  5072	  4888	  4680	  4900	
  4997	  4836	  4628	  4845	
  4914	  4772	  4584	  4777	
  4839	  4717	  4555	  4724	
  4779	  4669	  4522	  4669	
  4705	  4613	  4482	  4612	
  4652	  4571	  4438	  4570	
  4593	  4519	  4413	  4518	
  4541	  4486	  4389	  4479	
  4495	  4445	  4366	  4449	
  4454	  4406	  4343	  4408	
  4421	  4377	  4327	  4381	
  4385	  4343	  4295	  4354	
  4355	  4324	  4271	  4319	
  4336	  4306	  4264	  4308	
  4317	  4292	  4248	  4298	
  4309	  4284	  4257	  4294	
  4310	  4292	  4248	  4288	
  4308	  4291	  4252	  4293	
  4330	  4303	  4257	  4306	
  4347	  4317	  4279	  4321	
  4373	  4346	  4304	  4349	
  4399	  4377	  4326	  4380	
  4434	  4400	  4346	  4404	
  4469	  4430	  4369	  4445	
  4511	  4477	  4402	  4478	
  4556	  4511	  4418	  4510	
  4612	  4563	  4461	  4567	
  4670	  4595	  4497	  4610	
  4718	  4642	  4534	  4653	
  4787	  4707	  4563	  4713	
  4850	  4761	  4600	  4758	
  4925	  4812	  4640	  4813	
  4995	  4871	  4688	  4881	
  5072	  4931	  4723	  4948	
  5154	  4992	  4778	  5012	
  5247	  5067	  4820	  5077	
  5339	  5137	  4869	  5151	
  5435	  5198	  4925	  5237	
  5537	  5289	  4983	  5309	
  5644	  5370	  5038	  5384	
  5750	  5444	  5085	  5462	
  5861	  5534	  5152	  5554	
  6002	  5632	  5228	  5665	
  6129	  5719	  5297	  5758	
  6208	  5792	  5323	  5819	
  6769	  6171	  5534	  6211	
  6576	  6018	  5417	  6050	
  6366	  5833	  5306	  5877	
  6216	  5731	  5248	  5773	
  6089	  5644	  5176	  5672	
  5969	  5557	  5121	  5590	
  5847	  5473	  5070	  5498	
  5726	  5378	  5000	  5404	
  5618	  5303	  4964	  5325	
  5516	  5225	  4898	  5246	
  5392	  5141	  4845	  5165	
  5306	  5062	  4797	  5080	
  5212	  5000	  4759	  5011	
  5121	  4931	  4695	  4942	
  5040	  4867	  4657	  4869	
  4954	  4803	  4612	  4813	
  4879	  4741	  4574	  4760	
  4803	  4686	  4529	  4691	
  4734	  4624	  4494	  4634	
  4670	  4579	  4459	  4583	
  4615	  4529	  4424	  4538	
  4550	  4487	  4396	  4492	
  4506	  4444	  4365	  4446	
  4460	  4407	  4343	  4409	
  4414	  4379	  4311	  4373	
  4374	  4338	  4292	  4345	
  4337	  4309	  4258	  4303	
  4299	  4286	  4241	  4287	
  4282	  4261	  4229	  4261	
  4260	  4242	  4214	  4244	
  4253	  4232	  4211	  4240	
  4254	  4243	  4210	  4243	
  4259	  4244	  4218	  4243	
  4280	  4263	  4226	  4264	
  4294	  4281	  4245	  4285	
  4328	  4305	  4269	  4309	
  4358	  4333	  4283	  4341	
  4391	  4366	  4315	  4360	
  4435	  4404	  4342	  4402	
  4476	  4439	  4373	  4440	
  4521	  4477	  4411	  4489	
  4577	  4530	  4433	  4532	
  4628	  4574	  4462	  4570	
  4687	  4616	  4510	  4623	
  4753	  4673	  4548	  4682	
  4814	  4721	  4581	  4730	
  4884	  4786	  4622	  4794	
  4964	  4839	  4667	  4851	
  5037	  4907	  4710	  4919	
  5123	  4972	  4763	  4982	
  5206	  5040	  4810	  5050	
  5301	  5113	  4845	  5121	
  5399	  5175	  4904	  5205	
  5496	  5260	  4961	  5281	
  5607	  5334	  5012	  5372	
  5721	  5404	  5065	  5449	
  5835	  5499	  5135	  5530	
  5956	  5600	  5207	  5633	
  6096	  5704	  5292	  5736	
  6182	  5768	  5335	  5804	
  6701	  6137	  5510	  6190	
  6519	  5968	  5401	  6005	
  6331	  5816	  5290	  5862	
  6190	  5722	  5220	  5753	
  6065	  5613	  5167	  5650	
  5943	  5532	  5102	  5566	
  5814	  5448	  5049	  5462	
  5705	  5353	  4992	  5379	
  5585	  5279	  4943	  5299	
  5484	  5200	  4885	  5224	
  5374	  5105	  4824	  5136	
  5280	  5048	  4773	  5059	
  5174	  4971	  4728	  4994	
  5082	  4902	  4682	  4917	
  4995	  4838	  4637	  4848	
  4920	  4770	  4600	  4786	
  4840	  4713	  4551	  4725	
  4767	  4661	  4510	  4664	
  4699	  4602	  4480	  4611	
  4633	  4545	  4435	  4553	
  4572	  4505	  4408	  4513	
  4520	  4452	  4379	  4465	
  4468	  4418	  4346	  4420	
  4415	  4371	  4315	  4376	
  4375	  4335	  4281	  4340	
  4332	  4300	  4265	  4308	
  4293	  4270	  4236	  4271	
  4263	  4244	  4208	  4244	
  4242	  4221	  4193	  4230	
  4220	  4203	  4194	  4209	
  4211	  4190	  4173	  4194	
  4206	  4191	  4179	  4198	
  4213	  4204	  4177	  4212	
  4230	  4223	  4188	  4222	
  4254	  4240	  4216	  4248	
  4280	  4271	  4236	  4267	
  4313	  4300	  4261	  4296	
  4353	  4329	  4295	  4335	
  4394	  4370	  4318	  4369	
  4438	  4404	  4353	  4404	
  4483	  4454	  4385	  4451	
  4544	  4488	  4414	  4499	
  4592	  4543	  4449	  4547	
  4656	  4587	  4485	  4594	
  4711	  4643	  4523	  4647	
  4784	  4693	  4553	  4706	
  4853	  4745	  4607	  4759	
  4927	  4807	  4647	  4825	
  5004	  4871	  4687	  4893	
  5088	  4945	  4738	  4955	
  5175	  5021	  4798	  5026	
  5275	  5078	  4845	  5096	
  5367	  5150	  4883	  5181	
  5467	  5233	  4960	  5250	
  5572	  5314	  5013	  5342	
  5685	  5402	  5049	  5418	
  5803	  5482	  5123	  5510	
  5938	  5579	  5197	  5609	
  6061	  5680	  5267	  5713	
  6151	  5737	  5312	  5771	
  6683	  6107	  5472	  6151	
  6503	  5945	  5373	  5983	
  6305	  5797	  5277	  5835	
  6159	  5688	  5205	  5730	
  6032	  5597	  5157	  5641	
  5914	  5506	  5096	  5540	
  5789	  5422	  5033	  5460	
  5676	  5332	  4981	  5363	
  5551	  5252	  4924	  5270	
  5456	  5178	  4862	  5193	
  5347	  5100	  4819	  5126	
  5241	  5014	  4760	  5036	
  5154	  4958	  4717	  4970	
  5050	  4880	  4658	  4894	
  4979	  4806	  4622	  4828	
  4897	  4746	  4572	  4755	
  4809	  4692	  4544	  4697	
  4737	  4633	  4496	  4643	
  4671	  4576	  4456	  4585	
  4601	  4527	  4418	  4537	
  4543	  4479	  4389	  4487	
  4493	  4432	  4355	  4438	
  4434	  4388	  4338	  4384	
  4384	  4341	  4293	  4346	
  4337	  4308	  4259	  4311	
  4291	  4273	  4224	  4275	
  4248	  4235	  4209	  4239	
  4224	  4213	  4187	  4209	
  4205	  4184	  4158	  4182	
  4179	  4162	  4155	  4162	
  4162	  4159	  4139	  4158	
  4158	  4153	  4154	  4157	
  4170	  4167	  4148	  4169	
  4192	  4184	  4167	  4187	
  4205	  4206	  4183	  4199	
  4247	  4232	  4219	  4235	
  4279	  4266	  4235	  4268	
  4314	  4304	  4270	  4301	
  4359	  4338	  4295	  4346	
  4405	  4375	  4332	  4381	
  4453	  4422	  4350	  4428	
  4508	  4458	  4399	  4478	
  4561	  4515	  4427	  4517	
  4625	  4563	  4467	  4570	
  4690	  4614	  4489	  4629	
  4756	  4664	  4546	  4685	
  4825	  4736	  4575	  4736	
  4896	  4784	  4619	  4806	
  4982	  4849	  4683	  4872	
  5061	  4924	  4726	  4942	
  5142	  4985	  4774	  5010	
  5240	  5062	  4833	  5067	
  5340	  5126	  4872	  5147	
  5435	  5204	  4921	  5232	
  5554	  5290	  4984	  5317	
  5666	  5377	  5039	  5410	
  5777	  5464	  5110	  5496	
  5903	  5556	  5175	  5594	
  6038	  5649	  5250	  5691	
  6124	  5711	  5296	  5739	
  6651	  6078	  5479	  6131	
  6463	  5910	  5364	  5971	
  6284	  5780	  5268	  5822	
  6147	  5680	  5216	  5716	
  6012	  5582	  5149	  5608	
  5886	  5481	  5093	  5520	
  5771	  5410	  5023	  5433	
  5651	  5315	  4959	  5340	
  5543	  5233	  4906	  5254	
  5440	  5157	  4866	  5185	
  5322	  5074	  4800	  5102	
  5221	  4993	  4744	  5016	
  5139	  4930	  4715	  4946	
  5039	  4863	  4650	  4873	
  4949	  4794	  4605	  4807	
  4868	  4728	  4564	  4747	
  4788	  4671	  4521	  4678	
  4721	  4613	  4489	  4626	
  4659	  4563	  4442	  4569	
  4582	  4507	  4403	  4508	
  4515	  4456	  4376	  4458	
  4466	  4410	  4332	  4416	
  4402	  4365	  4311	  4365	
  4358	  4324	  4270	  4326	
  4319	  4279	  4248	  4282	
  4271	  4250	  4213	  4253	
  4226	  4201	  4181	  4206	
  4191	  4177	  4164	  4182	
  4163	  4157	  4148	  4151	
  4150	  4133	  4137	  4142	
  4137	  4130	  4132	  4138	
  4134	  4132	  4124	  4123	
  4142	  4141	  4141	  4143	
  4158	  4153	  4146	  4157	
  4178	  4179	  4173	  4180	
  4219	  4208	  4183	  4210	
  4250	  4236	  4222	  4244	
  4287	  4276	  4246	  4281	
  4344	  4314	  4290	  4318	
  4385	  4358	  4310	  4355	
  4434	  4398	  4351	  4408	
  4490	  4445	  4376	  4447	
  4538	  4496	  4417	  4505	
  4600	  4552	  4450	  4549	
  4667	  4600	  4487	  4614	
  4736	  4652	  4544	  4667	
  4805	  4706	  4568	  4725	
  4874	  4773	  4621	  4780	
  4958	  4831	  4665	  4846	
  5039	  4902	  4715	  4922	
  5124	  4978	  4761	  4987	
  5224	  5038	  4803	  5066	
  5306	  5122	  4865	  5136	
  5421	  5191	  4922	  5218	
  5524	  5285	  4965	  5309	
  5641	  5357	  5029	  5385	
  5757	  5447	  5083	  5466	
  5883	  5544	  5164	  5573	
  6005	  5648	  5236	  5673	
  6091	  5709	  5283	  5748	
  6629	  6050	  5462	  6100	
  6462	  5908	  5354	  5946	
  6280	  5760	  5264	  5802	
  6126	  5668	  5186	  5704	
  5996	  5570	  5140	  5595	
  5878	  5481	  5075	  5516	
  5752	  5402	  5024	  5420	
  5637	  5305	  4946	  5324	
  5525	  5230	  4906	  5252	
  5410	  5153	  4854	  5173	
  5304	  5064	  4782	  5077	
  5202	  4987	  4732	  4996	
  5120	  4917	  4697	  4935	
  5015	  4842	  4647	  4858	
  4931	  4778	  4596	  4791	
  4862	  4716	  4552	  4731	
  4771	  4657	  4505	  4664	
  4705	  4599	  4473	  4608	
  4636	  4538	  4443	  4552	
  4562	  4489	  4398	  4495	
  4509	  4443	  4367	  4443	
  4450	  4396	  4334	  4399	
  4390	  4344	  4286	  4353	
  4344	  4304	  4256	  4311	
  4293	  4272	  4231	  4269	
  4246	  4234	  4206	  4233	
  4208	  4187	  4176	  4197	
  4168	  4155	  4151	  4155	
  4139	  4135	  4129	  4143	
  4128	  4120	  4121	  4121	
  4117	  4115	  4124	  4121	
  4114	  4123	  4129	  4120	
  4123	  4121	  4117	  4121	
  4133	  4127	  4126	  4136	
  4153	  4154	  4155	  4161	
  4188	  4184	  4170	  4188	
  4236	  4217	  4201	  4222	
  4264	  4258	  4234	  4264	
  4308	  4295	  4257	  4300	
  4363	  4340	  4296	  4343	
  4411	  4376	  4332	  4388	
  4465	  4425	  4361	  4436	
  4520	  4469	  4404	  4484	
  4580	  4523	  4443	  4536	
  4650	  4583	  4483	  4590	
  4719	  4641	  4523	  4650	
  4789	  4700	  4562	  4710	
  4854	  4756	  4618	  4776	
  4934	  4821	  4646	  4832	
  5029	  4893	  4695	  4901	
  5108	  4950	  4746	  4971	
  5200	  5027	  4813	  5057	
  5303	  5106	  4853	  5126	
  5404	  5181	  4904	  5208	
  5513	  5265	  4971	  5293	
  5624	  5345	  5032	  5368	
  5740	  5433	  5097	  5464	
  5863	  5525	  5158	  5565	
  5996	  5623	  5230	  5671	
  6070	  5694	  5271	  5727	
  6603	  6030	  5443	  6094	
  6433	  5898	  5360	  5944	
  6266	  5754	  5260	  5797	
  6127	  5659	  5192	  5697	
  5993	  5556	  5140	  5596	
  5860	  5466	  5061	  5506	
  5751	  5382	  5025	  5421	
  5619	  5297	  4951	  5317	
  5517	  5211	  4893	  5236	
  5411	  5135	  4842	  5164	
  5286	  5049	  4788	  5066	
  5198	  4976	  4728	  4994	
  5092	  4905	  4693	  4920	
  5004	  4839	  4643	  4849	
  4927	  4772	  4593	  4787	
  4834	  4699	  4553	  4720	
  4758	  4633	  4497	  4658	
  4685	  4583	  4472	  4597	
  4629	  4524	  4429	  4541	
  4546	  4469	  4386	  4484	
  4486	  4433	  4347	  4438	
  4438	  4389	  4313	  4395	
  4379	  4334	  4279	  4343	
  4330	  4290	  4253	  4302	
  4279	  4256	  4225	  4256	
  4238	  4211	  4201	  4217	
  4194	  4172	  4153	  4183	
  4156	  4150	  4142	  4152	
  4125	  4120	  4117	  4127	
  4117	  4110	  4122	  4112	
  4110	  4105	  4117	  4113	
  4103	  4111	  4116	  4117	
  4114	  4108	  4112	  4117	
  4120	  4123	  4122	  4125	
  4146	  4142	  4149	  4141	
  4177	  4169	  4169	  4182	
  4215	  4204	  4188	  4212	
  4257	  4243	  4223	  4250	
  4298	  4287	  4252	  4288	
  4350	  4330	  4293	  4328	
  4401	  4368	  4323	  4376	
  4458	  4414	  4355	  4423	
  4512	  4467	  4400	  4479	
  4567	  4517	  4435	  4523	
  4642	  4577	  4471	  4583	
  4702	  4627	  4509	  4642	
  4772	  4685	  4549	  4703	
  4851	  4749	  4588	  4766	
  4925	  4810	  4637	  4829	
  5016	  4878	  4696	  4896	
  5103	  4944	  4735	  4961	
  5199	  5029	  4799	  5049	
  5295	  5098	  4857	  5123	
  5396	  5170	  4904	  5200	
  5505	  5254	  4956	  5279	
  5609	  5331	  5010	  5363	
  5737	  5429	  5078	  5458	
  5859	  5524	  5149	  5562	
  5990	  5616	  5222	  5659	
  6079	  5680	  5272	  5710	
  6607	  6053	  5439	  6086	
  6430	  5887	  5351	  5930	
  6257	  5755	  5259	  5800	
  6122	  5651	  5186	  5696	
  5982	  5553	  5124	  5580	
  5863	  5468	  5059	  5493	
  5739	  5376	  5013	  5400	
  5618	  5282	  4940	  5323	
  5511	  5209	  4888	  5234	
  5399	  5130	  4848	  5146	
  5291	  5049	  4793	  5072	
  5184	  4965	  4740	  4990	
  5097	  4900	  4683	  4916	
  5001	  4822	  4640	  4828	
  4916	  4759	  4590	  4771	
  4833	  4702	  4547	  4708	
  4761	  4639	  4501	  4655	
  4682	  4577	  4458	  4596	
  4615	  4523	  4413	  4539	
  4552	  4466	  4385	  4483	
  4484	  4428	  4340	  4425	
  4437	  4375	  4311	  4386	
  4377	  4330	  4281	  4334	
  4327	  4289	  4247	  4288	
  4282	  4251	  4228	  4260	
  4234	  4211	  4189	  4219	
  4186	  4173	  4163	  4181	
  4150	  4137	  4150	  4148	
  4127	  4116	  4130	  4120	
  4112	  4109	  4108	  4113	
  4106	  4103	  4114	  4104	
  4104	  4106	  4104	  4104	
  4108	  4107	  4109	  4102	
  4113	  4114	  4116	  4115	
  4139	  4129	  4136	  4142	
  4170	  4164	  4159	  4171	
  4212	  4198	  4185	  4205	
  4243	  4237	  4214	  4242	
  4294	  4287	  4252	  4283	
  4342	  4317	  4273	  4330	
  4392	  4369	  4311	  4371	
  4449	  4407	  4357	  4423	
  4506	  4460	  4392	  4468	
  4561	  4512	  4434	  4529	
  4627	  4571	  4472	  4578	
  4697	  4629	  4508	  4634	
  4763	  4678	  4552	  4697	
  4844	  4741	  4595	  4763	
  4929	  4810	  4646	  4831	
  5010	  4872	  4698	  4888	
  5095	  4938	  4739	  4958	
  5182	  5016	  4794	  5034	
  5286	  5089	  4835	  5122	
  5383	  5168	  4892	  5192	
  5496	  5249	  4953	  5273	
  5600	  5325	  5019	  5346	
  5719	  5417	  5077	  5440	
  5849	  5513	  5151	  5549	
  5986	  5619	  5218	  5660	
  6070	  5673	  5271	  5726	
  6615	  6042	  5446	  6099	
  6436	  5895	  5359	  5933	
  6245	  5757	  5267	  5794	
  6112	  5644	  5188	  5693	
  5982	  5570	  5134	  5592	
  5867	  5475	  5078	  5500	
  5736	  5375	  5006	  5418	
  5616	  5293	  4954	  5312	
  5504	  5203	  4894	  5232	
  5402	  5121	  4840	  5146	
  5287	  5031	  4780	  5061	
  5181	  4966	  4732	  4982	
  5096	  4895	  4690	  4913	
  4998	  4828	  4631	  4843	
  4916	  4755	  4589	  4776	
  4839	  4702	  4541	  4713	
  4752	  4644	  4500	  4648	
  4677	  4583	  4456	  4588	
  4618	  4526	  4411	  4536	
  4546	  4469	  4388	  4486	
  4487	  4433	  4350	  4427	
  4439	  4376	  4322	  4384	
  4382	  4336	  4279	  4336	
  4334	  4293	  4245	  4300	
  4282	  4251	  4226	  4259	
  4237	  4213	  4195	  4226	
  4192	  4179	  4160	  4180	
  4157	  4147	  4145	  4152	
  4133	  4118	  4126	  4123	
  4110	  4109	  4115	  4109	
  4096	  4097	  4100	  4103	
  4098	  4096	  4097	  4096	
  4102	  4102	  4096	  4110	
  4114	  4115	  4114	  4117	
  4140	  4138	  4138	  4141	
  4177	  4172	  4163	  4177	
  4214	  4207	  4182	  4205	
  4253	  4236	  4224	  4236	
  4295	  4279	  4265	  4284	
  4348	  4322	  4275	  4329	
  4390	  4365	  4326	  4369	
  4446	  4415	  4351	  4419	
  4506	  4461	  4390	  4468	
  4563	  4512	  4426	  4516	
  4631	  4569	  4461	  4578	
  4703	  4623	  4504	  4632	
  4769	  4677	  4539	  4693	
  4848	  4744	  4595	  4749	
  4925	  4813	  4657	  4825	
  5012	  4875	  4682	  4891	
  5099	  4941	  4735	  4962	
  5194	  5025	  4796	  5041	
  5293	  5087	  4841	  5106	
  5382	  5169	  4898	  5191	
  5500	  5244	  4957	  5275	
  5606	  5333	  5023	  5360	
  5727	  5416	  5076	  5453	
  5855	  5521	  5158	  5557	
  5988	  5620	  5229	  5664	
  6070	  5688	  5277	  5714	
  6621	  6071	  5453	  6109	
  6440	  5898	  5366	  5942	
  6269	  5764	  5260	  5796	
  6123	  5653	  5213	  5698	
  5982	  5554	  5141	  5589	
  5861	  5467	  5068	  5499	
  5747	  5381	  5010	  5410	
  5625	  5284	  4949	  5322	
  5510	  5206	  4896	  5232	
  5395	  5122	  4828	  5147	
  5300	  5040	  4786	  5063	
  5188	  4971	  4732	  4982	
  5102	  4907	  4688	  4913	
  5008	  4826	  4636	  4844	
  4916	  4764	  4585	  4770	
  4835	  4689	  4552	  4707	
  4758	  4636	  4505	  4647	
  4684	  4585	  4454	  4598	
  4617	  4525	  4431	  4538	
  4549	  4480	  4396	  4485	
  4488	  4427	  4348	  4440	
  4447	  4384	  4320	  4392	
  4378	  4340	  4293	  4345	
  4339	  4296	  4257	  4305	
  4287	  4255	  4233	  4262	
  4245	  4224	  4209	  4229	
  4205	  4185	  4174	  4187	
  4170	  4162	  4153	  4164	
  4145	  4136	  4138	  4142	
  4126	  4118	  4125	  4120	
  4110	  4105	  4106	  4113	
  4104	  4107	  4111	  4103	
  4117	  4112	  4113	  4114	
  4130	  4127	  4133	  4129	
  4153	  4153	  4147	  4155	
  4187	  4178	  4165	  4183	
  4222	  4206	  4200	  4216	
  4260	  4249	  4228	  4249	
  4310	  4293	  4264	  4296	
  4348	  4322	  4286	  4328	
  4397	  4371	  4321	  4372	
  4454	  4425	  4359	  4427	
  4513	  4457	  4388	  4472	
  4570	  4508	  4427	  4517	
  4640	  4573	  4470	  4584	
  4700	  4624	  4519	  4641	
  4771	  4685	  4558	  4695	
  4852	  4734	  4596	  4760	
  4927	  4810	  4651	  4828	
  5018	  4876	  4695	  4899	
  5104	  4948	  4745	  4965	
  5196	  5018	  4805	  5050	
  5293	  5093	  4850	  5115	
  5390	  5172	  4903	  5196	
  5503	  5262	  4962	  5275	
  5612	  5339	  5023	  5371	
  5727	  5418	  5079	  5463	
  5854	  5518	  5158	  5559	
  5985	  5632	  5234	  5666	
  6066	  5684	  5258	  5727	
  6662	  6071	  5477	  6121	
  6469	  5911	  5369	  5965	
  6283	  5763	  5246	  5803	
  6137	  5669	  5198	  5697	
  5998	  5558	  5141	  5591	
  5871	  5473	  5070	  5493	
  5755	  5391	  5023	  5422	
  5632	  5302	  4954	  5320	
  5521	  5217	  4915	  5237	
  5409	  5130	  4845	  5157	
  5297	  5055	  4791	  5072	
  5202	  4971	  4746	  4997	
  5108	  4907	  4692	  4920	
  5012	  4833	  4641	  4856	
  4928	  4777	  4595	  4785	
  4850	  4711	  4544	  4717	
  4769	  4643	  4504	  4656	
  4696	  4590	  4464	  4601	
  4634	  4535	  4432	  4543	
  4564	  4494	  4392	  4484	
  4502	  4441	  4357	  4449	
  4451	  4391	  4333	  4401	
  4401	  4350	  4305	  4363	
  4346	  4310	  4271	  4321	
  4305	  4272	  4248	  4281	
  4264	  4239	  4218	  4247	
  4223	  4204	  4196	  4204	
  4186	  4172	  4167	  4187	
  4168	  4151	  4156	  4157	
  4150	  4143	  4141	  4143	
  4138	  4123	  4134	  4132	
  4132	  4127	  4119	  4126	
  4136	  4129	  4136	  4139	
  4155	  4149	  4151	  4147	
  4180	  4169	  4163	  4179	
  4210	  4192	  4187	  4201	
  4242	  4227	  4210	  4234	
  4279	  4260	  4240	  4264	
  4320	  4299	  4269	  4306	
  4364	  4334	  4300	  4349	
  4408	  4381	  4324	  4381	
  4466	  4423	  4362	  4433	
  4521	  4471	  4407	  4481	
  4581	  4524	  4435	  4537	
  4644	  4585	  4476	  4584	
  4717	  4633	  4518	  4644	
  4789	  4699	  4561	  4706	
  4856	  4752	  4599	  4772	
  4948	  4826	  4652	  4836	
  5022	  4888	  4710	  4907	
  5117	  4947	  4748	  4971	
  5212	  5023	  4801	  5046	
  5306	  5110	  4854	  5139	
  5405	  5183	  4915	  5205	
  5519	  5257	  4967	  5291	
  5637	  5343	  5026	  5380	
  5745	  5427	  5092	  5470	
  5871	  5532	  5165	  5577	
  6006	  5636	  5253	  5659	
  6087	  5693	  5280	  5733	
  6685	  6097	  5483	  6145	
  6495	  5948	  5382	  5987	
  6293	  5775	  5282	  5827	
  6152	  5672	  5205	  5716	
  6009	  5565	  5134	  5602	
  5878	  5485	  5091	  5508	
  5764	  5382	  5020	  5419	
  5643	  5308	  4957	  5319	
  5535	  5219	  4911	  5242	
  5423	  5133	  4852	  5160	
  5312	  5057	  4797	  5077	
  5223	  4993	  4741	  5007	
  5126	  4915	  4696	  4932	
  5031	  4846	  4648	  4855	
  4945	  4780	  4600	  4801	
  4867	  4719	  4560	  4736	
  4788	  4662	  4520	  4672	
  4715	  4601	  4484	  4616	
  4650	  4549	  4438	  4557	
  4585	  4500	  4413	  4511	
  4520	  4453	  4381	  4456	
  4472	  4409	  4341	  4415	
  4418	  4361	  4322	  4376	
  4370	  4331	  4286	  4339	
  4330	  4286	  4258	  4302	
  4294	  4260	  4233	  4265	
  4255	  4221	  4206	  4233	
  4222	  4204	  4188	  4209	
  4200	  4180	  4174	  4180	
  4184	  4161	  4167	  4171	
  4169	  4148	  4148	  4151	
  4160	  4155	  4158	  4157	
  4171	  4162	  4164	  4169	
  4185	  4175	  4174	  4177	
  4208	  4201	  4184	  4196	
  4240	  4223	  4215	  4224	
  4270	  4249	  4237	  4254	
  4302	  4274	  4255	  4286	
  4344	  4324	  4286	  4324	
  4385	  4353	  4317	  4366	
  4434	  4394	  4343	  4403	
  4488	  4447	  4371	  4458	
  4540	  4484	  4411	  4495	
  4600	  4537	  4448	  4548	
  4666	  4589	  4486	  4599	
  4736	  4645	  4536	  4663	
  4800	  4705	  4559	  4719	
  4877	  4764	  4623	  4781	
  4954	  4835	  4669	  4852	
  5044	  4894	  4710	  4920	
  5136	  4971	  4756	  4984	
  5220	  5040	  4813	  5055	
  5323	  5117	  4866	  5136	
  5419	  5198	  4925	  5219	
  5536	  5271	  4985	  5298	
  5637	  5356	  5031	  5382	
  5765	  5429	  5100	  5470	
  5888	  5548	  5182	  5578	
  6025	  5628	  5254	  5681	
  6114	  5693	  5282	  5736	
  6717	  6131	  5511	  6184	
  6531	  5968	  5407	  6024	
  6318	  5792	  5293	  5850	
  6171	  5677	  5231	  5714	
  6023	  5584	  5149	  5615	
  5894	  5498	  5091	  5515	
  5781	  5402	  5042	  5436	
  5653	  5311	  4964	  5331	
  5552	  5228	  4908	  5251	
  5439	  5143	  4856	  5171	
  5326	  5067	  4802	  5086	
  5235	  5001	  4748	  5025	
  5147	  4931	  4698	  4939	
  5043	  4860	  4660	  4863	
  4962	  4795	  4613	  4802	
  4882	  4735	  4572	  4749	
  4807	  4678	  4529	  4689	
  4735	  4626	  4490	  4630	
  4672	  4571	  4453	  4581	
  4608	  4520	  4418	  4531	
  4542	  4469	  4386	  4481	
  4495	  4430	  4361	  4439	
  4442	  4388	  4334	  4394	
  4401	  4345	  4301	  4350	
  4353	  4318	  4268	  4322	
  4319	  4278	  4247	  4284	
  4283	  4257	  4230	  4259	
  4255	  4233	  4226	  4229	
  4233	  4215	  4195	  4211	
  4218	  4194	  4185	  4200	
  4207	  4191	  4182	  4188	
  4202	  4188	  4187	  4189	
  4209	  4188	  4193	  4198	
  4223	  4198	  4201	  4209	
  4242	  4222	  4210	  4224	
  4265	  4252	  4241	  4250	
  4295	  4274	  4254	  4276	
  4330	  4309	  4285	  4303	
  4367	  4345	  4308	  4347	
  4408	  4379	  4329	  4382	
  4454	  4420	  4357	  4422	
  4507	  4462	  4384	  4464	
  4566	  4506	  4420	  4513	
  4622	  4551	  4465	  4560	
  4690	  4608	  4497	  4622	
  4752	  4663	  4537	  4673	
  4817	  4725	  4582	  4730	
  4896	  4784	  4632	  4791	
  4985	  4855	  4671	  4862	
  5063	  4913	  4726	  4926	
  5146	  4979	  4775	  4993	
  5246	  5051	  4812	  5078	
  5340	  5135	  4882	  5154	
  5442	  5207	  4927	  5224	
  5552	  5291	  4984	  5317	
  5666	  5377	  5039	  5404	
  5782	  5460	  5108	  5489	
  5918	  5564	  5184	  5596	
  6046	  5662	  5255	  5692	
  6136	  5715	  5301	  5765	
  6785	  6186	  5556	  6234	
  6581	  6010	  5436	  6059	
  6361	  5826	  5317	  5867	
  6202	  5702	  5220	  5739	
  6063	  5604	  5168	  5646	
  5938	  5504	  5105	  5536	
  5810	  5420	  5046	  5457	
  5686	  5324	  4982	  5347	
  5582	  5239	  4912	  5265	
  5467	  5166	  4867	  5185	
  5350	  5082	  4809	  5107	
  5259	  5013	  4756	  5034	
  5164	  4950	  4723	  4968	
  5082	  4884	  4676	  4900	
  4992	  4810	  4641	  4834	
  4917	  4758	  4590	  4762	
  4837	  4697	  4543	  4708	
  4761	  4638	  4503	  4652	
  4702	  4589	  4475	  4594	
  4630	  4540	  4437	  4545	
  4581	  4496	  4408	  4501	
  4522	  4452	  4386	  4455	
  4467	  4415	  4350	  4421	
  4432	  4374	  4333	  4378	
  4398	  4344	  4302	  4346	
  4355	  4315	  4278	  4320	
  4319	  4290	  4262	  4290	
  4289	  4266	  4242	  4266	
  4269	  4249	  4226	  4245	
  4256	  4234	  4217	  4235	
  4246	  4222	  4219	  4230	
  4244	  4231	  4214	  4229	
  4252	  4235	  4221	  4232	
  4264	  4241	  4234	  4243	
  4279	  4259	  4248	  4263	
  4305	  4279	  4264	  4292	
  4332	  4305	  4283	  4313	
  4359	  4335	  4302	  4340	
  4406	  4368	  4331	  4377	
  4443	  4402	  4352	  4406	
  4486	  4443	  4382	  4444	
  4541	  4487	  4419	  4493	
  4597	  4526	  4441	  4536	
  4647	  4580	  4484	  4585	
  4712	  4635	  4530	  4646	
  4781	  4681	  4561	  4696	
  4849	  4744	  4602	  4757	
  4928	  4805	  4648	  4817	
  5006	  4861	  4689	  4883	
  5094	  4932	  4741	  4956	
  5179	  4997	  4774	  5025	
  5271	  5070	  4838	  5100	
  5372	  5151	  4890	  5175	
  5474	  5229	  4946	  5254	
  5584	  5316	  5005	  5350	
  5706	  5392	  5067	  5432	
  5807	  5483	  5133	  5504	
  5954	  5586	  5208	  5625	
  6086	  5685	  5272	  5720	
  6175	  5744	  5330	  5784	
  6841	  6221	  5590	  6289	
  6639	  6058	  5463	  6112	
  6404	  5864	  5334	  5909	
  6220	  5727	  5242	  5768	
  6091	  5623	  5187	  5658	
  5955	  5525	  5125	  5564	
  5837	  5442	  5062	  5475	
  5723	  5348	  4992	  5379	
  5597	  5272	  4936	  5297	
  5488	  5186	  4896	  5215	
  5384	  5115	  4835	  5132	
  5284	  5036	  4781	  5053	
  5195	  4971	  4735	  4991	
  5108	  4902	  4701	  4912	
  5021	  4840	  4645	  4843	
  4941	  4775	  4606	  4793	
  4863	  4723	  4574	  4732	
  4793	  4663	  4532	  4683	
  4740	  4619	  4491	  4622	
  4665	  4572	  4460	  4571	
  4614	  4524	  4428	  4531	
  4553	  4481	  4411	  4489	
  4507	  4442	  4371	  4445	
  4467	  4404	  4352	  4411	
  4425	  4368	  4323	  4380	
  4388	  4346	  4301	  4349	
  4357	  4318	  4281	  4324	
  4339	  4300	  4273	  4307	
  4314	  4287	  4259	  4289	
  4299	  4265	  4251	  4274	
  4291	  4271	  4252	  4270	
  4288	  4262	  4240	  4274	
  4294	  4276	  4257	  4277	
  4311	  4281	  4259	  4286	
  4328	  4293	  4276	  4298	
  4347	  4318	  4292	  4317	
  4372	  4340	  4309	  4347	
  4410	  4362	  4329	  4369	
  4437	  4397	  4357	  4407	
  4479	  4425	  4380	  4434	
  4521	  4470	  4401	  4476	
  4573	  4515	  4437	  4525	
  4626	  4555	  4481	  4561	
  4684	  4604	  4504	  4613	
  4744	  4661	  4547	  4667	
  4819	  4712	  4582	  4721	
  4882	  4767	  4631	  4776	
  4959	  4820	  4657	  4838	
  5034	  4894	  4706	  4904	
  5126	  4965	  4755	  4975	
  5208	  5027	  4797	  5036	
  5307	  5102	  4863	  5117	
  5405	  5168	  4902	  5198	
  5511	  5249	  4957	  5275	
  5618	  5328	  5035	  5367	
  5724	  5416	  5089	  5442	
  5849	  5503	  5160	  5541	
  5985	  5619	  5223	  5640	
  6110	  5701	  5297	  5736	
  6193	  5772	  5335	  5803	
  6918	  6302	  5635	  6349	
  6699	  6116	  5511	  6166	
  6458	  5910	  5372	  5962	
  6272	  5759	  5277	  5807	
  6129	  5658	  5202	  5688	
  5998	  5567	  5149	  5588	
  5878	  5471	  5076	  5506	
  5751	  5386	  5019	  5402	
  5648	  5302	  4957	  5327	
  5530	  5220	  4915	  5236	
  5422	  5131	  4845	  5163	
  5332	  5070	  4812	  5091	
  5240	  5002	  4766	  5015	
  5135	  4928	  4702	  4946	
  5057	  4875	  4673	  4880	
  4986	  4812	  4636	  4824	
  4902	  4755	  4597	  4761	
  4838	  4701	  4544	  4704	
  4770	  4647	  4524	  4655	
  4712	  4604	  4483	  4606	
  4652	  4555	  4454	  4560	
  4602	  4511	  4437	  4523	
  4548	  4475	  4397	  4487	
  4512	  4437	  4370	  4455	
  4465	  4415	  4351	  4415	
  4435	  4390	  4340	  4383	
  4408	  4366	  4321	  4365	
  4385	  4338	  4303	  4338	
  4369	  4326	  4302	  4331	
  4353	  4307	  4287	  4317	
  4345	  4307	  4278	  4312	
  4336	  4310	  4290	  4312	
  4342	  4319	  4288	  4319	
  4356	  4325	  4307	  4326	
  4372	  4336	  4308	  4337	
  4395	  4350	  4322	  4354	
  4417	  4376	  4333	  4385	
  4445	  4399	  4353	  4398	
  4479	  4439	  4379	  4444	
  4525	  4470	  4397	  4478	
  4568	  4504	  4430	  4509	
  4613	  4544	  4451	  4559	
  4667	  4591	  4487	  4590	
  4724	  4641	  4528	  4641	
  4781	  4689	  4567	  4699	
  4859	  4745	  4603	  4747	
  4917	  4799	  4638	  4809	
  4995	  4856	  4678	  4871	
  5070	  4920	  4732	  4933	
  5159	  4988	  4769	  5005	
  5245	  5048	  4827	  5074	
  5343	  5128	  4883	  5153	
  5437	  5198	  4928	  5223	
  5542	  5277	  4984	  5302	
  5655	  5354	  5052	  5389	
  5767	  5449	  5114	  5481	
  5891	  5539	  5187	  5570	
  6018	  5637	  5248	  5675	
  6149	  5736	  5320	  5774	
  6237	  5802	  5355	  5852	
  7017	  6386	  5711	  6448	
  6790	  6182	  5563	  6241	
  6535	  5972	  5414	  6018	
  6341	  5796	  5298	  5845	
  6170	  5695	  5217	  5720	
  6050	  5593	  5165	  5624	
  5925	  5498	  5114	  5538	
  5800	  5417	  5045	  5438	
  5684	  5335	  4971	  5349	
  5581	  5247	  4930	  5269	
  5461	  5170	  4877	  5200	
  5376	  5101	  4823	  5106	
  5271	  5026	  4785	  5044	
  5185	  4960	  4731	  4976	
  5099	  4906	  4693	  4912	
  5021	  4833	  4664	  4847	
  4949	  4787	  4618	  4797	
  4881	  4736	  4579	  4744	
  4816	  4690	  4551	  4689	
  4748	  4642	  4503	  4644	
  4704	  4589	  4479	  4599	
  4645	  4558	  4456	  4560	
  4598	  4517	  4437	  4515	
  4567	  4486	  4406	  4490	
  4523	  4451	  4389	  4457	
  4486	  4425	  4375	  4430	
  4460	  4403	  4362	  4398	
  4436	  4382	  4339	  4387	
  4416	  4370	  4334	  4375	
  4398	  4362	  4327	  4365	
  4394	  4353	  4320	  4358	
  4389	  4347	  4325	  4352	
  4404	  4365	  4321	  4364	
  4408	  4374	  4331	  4371	
  4423	  4387	  4340	  4381	
  4444	  4396	  4351	  4399	
  4464	  4421	  4365	  4427	
  4496	  4442	  4387	  4457	
  4530	  4481	  4422	  4479	
  4568	  4511	  4431	  4506	
  4613	  4541	  4458	  4552	
  4656	  4588	  4487	  4592	
  4715	  4626	  4518	  4629	
  4766	  4674	  4551	  4675	
  4832	  4720	  4593	  4731	
  4894	  4775	  4632	  4784	
  4956	  4830	  4663	  4836	
  5037	  4888	  4701	  4902	
  5117	  4953	  4757	  4969	
  5205	  5019	  4804	  5032	
  5290	  5089	  4856	  5105	
  5395	  5171	  4910	  5183	
  5486	  5239	  4965	  5255	
  5593	  5308	  5026	  5340	
  5693	  5399	  5069	  5421	
  5813	  5487	  5134	  5511	
  5948	  5574	  5191	  5607	
  6070	  5680	  5269	  5710	
  6211	  5775	  5337	  5811	
  6299	  5844	  5393	  5882	
  7116	  6473	  5750	  6524	
  6889	  6271	  5598	  6312	
  6614	  6035	  5454	  6081	
  6407	  5862	  5337	  5905	
  6219	  5725	  5248	  5756	
  6084	  5629	  5191	  5654	
  5972	  5539	  5135	  5563	
  5843	  5449	  5068	  5482	
  5729	  5361	  5010	  5384	
  5630	  5288	  4966	  5309	
  5510	  5207	  4892	  5224	
  5411	  5133	  4868	  5148	
  5325	  5070	  4804	  5085	
  5217	  5003	  4757	  5013	
  5145	  4934	  4724	  4952	
  5069	  4878	  4682	  4890	
  5001	  4822	  4647	  4829	
  4925	  4757	  4604	  4782	
  4855	  4720	  4568	  4732	
  4795	  4673	  4542	  4675	
  4749	  4636	  4521	  4643	
  4700	  4599	  4489	  4605	
  4644	  4559	  4464	  4557	
  4609	  4519	  4439	  4528	
  4572	  4500	  4417	  4498	
  4538	  4468	  4406	  4479	
  4504	  4448	  4382	  4447	
  4482	  4424	  4369	  4429	
  4463	  4414	  4357	  4418	
  4456	  4404	  4357	  4411	
  4449	  4394	  4352	  4402	
  4451	  4403	  4363	  4403	
  4458	  4402	  4353	  4406	
  4465	  4418	  4367	  4420	
  4481	  4431	  4379	  4424	
  4494	  4442	  4386	  4442	
  4519	  4464	  4405	  4457	
  4549	  4487	  4421	  4491	
  4577	  4510	  4446	  4524	
  4620	  4551	  4466	  4547	
  4660	  4581	  4489	  4589	
  4714	  4620	  4517	  4625	
  4752	  4664	  4546	  4667	
  4814	  4709	  4580	  4711	
  4871	  4756	  4613	  4766	
  4937	  4808	  4657	  4814	
  5009	  4866	  4694	  4876	
  5082	  4918	  4726	  4932	
  5168	  4996	  4790	  4996	
  5252	  5058	  4835	  5069	
  5341	  5132	  4890	  5136	
  5430	  5197	  4924	  5208	
  5534	  5265	  4982	  5292	
  5630	  5359	  5036	  5375	
  5745	  5430	  5103	  5461	
  5868	  5521	  5152	  5545	
  5991	  5605	  5225	  5641	
  6119	  5701	  5284	  5742	
  6269	  5823	  5367	  5846	
  6369	  5903	  5411	  5936	
  7242	  6602	  5823	  6653	
  7000	  6380	  5674	  6412	
  6721	  6116	  5516	  6175	
  6479	  5934	  5376	  5969	
  6280	  5769	  5288	  5805	
  6145	  5663	  5230	  5700	
  6019	  5576	  5170	  5611	
  5898	  5481	  5098	  5518	
  5776	  5402	  5038	  5418	
  5666	  5324	  4984	  5347	
  5563	  5247	  4938	  5268	
  5462	  5172	  4879	  5193	
  5370	  5105	  4836	  5111	
  5278	  5041	  4799	  5053	
  5201	  4976	  4744	  4987	
  5125	  4921	  4705	  4928	
  5049	  4861	  4659	  4876	
  4981	  4820	  4644	  4815	
  4923	  4767	  4609	  4777	
  4855	  4715	  4570	  4728	
  4803	  4682	  4549	  4680	
  4751	  4631	  4527	  4651	
  4694	  4601	  4499	  4598	
  4666	  4572	  4472	  4567	
  4626	  4548	  4455	  4538	
  4597	  4511	  4443	  4515	
  4567	  4495	  4410	  4493	
  4545	  4479	  4411	  4484	
  4533	  4466	  4404	  4467	
  4517	  4453	  4395	  4457	
  4509	  4456	  4399	  4454	
  4512	  4451	  4396	  4452	
  4511	  4459	  4395	  4456	
  4525	  4464	  4404	  4465	
  4534	  4474	  4414	  4475	
  4549	  4494	  4424	  4497	
  4579	  4512	  4442	  4516	
  4606	  4536	  4451	  4539	
  4634	  4563	  4479	  4562	
  4669	  4591	  4497	  4599	
  4712	  4617	  4526	  4628	
  4763	  4669	  4539	  4674	
  4810	  4697	  4578	  4712	
  4861	  4753	  4611	  4752	
  4925	  4795	  4640	  4802	
  4994	  4856	  4677	  4865	
  5062	  4907	  4734	  4925	
  5132	  4963	  4761	  4978	
  5213	  5038	  4818	  5034	
  5304	  5097	  4859	  5113	
  5394	  5163	  4908	  5177	
  5487	  5246	  4962	  5252	
  5590	  5314	  5007	  5329	
  5688	  5397	  5060	  5400	
  5807	  5481	  5123	  5495	
  5924	  5554	  5198	  5586	
  6044	  5651	  5242	  5678	
  6179	  5752	  5308	  5784	
  6331	  5881	  5388	  5902	
  6454	  5978	  5470	  6004	
  7395	  6712	  5892	  6771	
  7135	  6490	  5747	  6534	
  6842	  6244	  5565	  6265	
  6589	  6023	  5448	  6053	
  6360	  5823	  5333	  5869	
  6208	  5718	  5244	  5739	
  6088	  5633	  5196	  5652	
  5965	  5533	  5136	  5568	
  5846	  5449	  5072	  5472	
  5736	  5367	  5024	  5395	
  5620	  5288	  4964	  5310	
  5526	  5219	  4917	  5235	
  5436	  5155	  4875	  5169	
  5341	  5092	  4821	  5101	
  5249	  5026	  4786	  5028	
  5186	  4978	  4732	  4970	
  5110	  4907	  4716	  4909	
  5044	  4856	  4651	  4864	
  4976	  4809	  4636	  4814	
  4917	  4765	  4612	  4771	
  4857	  4723	  4576	  4730	
  4815	  4687	  4549	  4688	
  4760	  4650	  4536	  4649	
  4729	  4617	  4515	  4626	
  4690	  4591	  4504	  4593	
  4655	  4569	  4480	  4573	
  4635	  4544	  4460	  4549	
  4614	  4530	  4463	  4526	
  4592	  4522	  4441	  4516	
  4577	  4508	  4431	  4506	
  4577	  4508	  4428	  4511	
  4566	  4505	  4435	  4505	
  4574	  4508	  4443	  4508	
  4586	  4512	  4442	  4515	
  4595	  4532	  4459	  4530	
  4624	  4539	  4460	  4550	
  4641	  4563	  4488	  4563	
  4665	  4582	  4504	  4588	
  4700	  4617	  4515	  4618	
  4736	  4645	  4533	  4642	
  4777	  4671	  4552	  4679	
  4828	  4716	  4588	  4715	
  4872	  4749	  4610	  4761	
  4925	  4802	  4653	  4805	
  4987	  4843	  4684	  4858	
  5060	  4900	  4730	  4914	
  5126	  4959	  4760	  4962	
  5197	  5011	  4817	  5021	
  5278	  5076	  4843	  5088	
  5362	  5140	  4886	  5150	
  5453	  5210	  4941	  5221	
  5545	  5282	  4982	  5298	
  5650	  5361	  5035	  5384	
  5753	  5436	  5099	  5466	
  5871	  5519	  5161	  5547	
  5990	  5605	  5225	  5638	
  6107	  5706	  5290	  5722	
  6259	  5808	  5356	  5835	
  6422	  5954	  5456	  5976	
  6543	  6072	  5533	  6101	
  7566	  6866	  5986	  6896	
  7293	  6622	  5833	  6665	
  6975	  6333	  5658	  6392	
  6698	  6122	  5510	  6161	
  6459	  5923	  5381	  5950	
  6276	  5778	  5291	  5807	
  6147	  5689	  5237	  5697	
  6027	  5590	  5177	  5610	
  5912	  5499	  5123	  5528	
  5804	  5424	  5064	  5445	
  5691	  5339	  5000	  5367	
  5587	  5274	  4944	  5288	
  5498	  5198	  4913	  5214	
  5413	  5122	  4861	  5151	
  5315	  5071	  4812	  5087	
  5248	  5015	  4777	  5025	
  5171	  4955	  4744	  4965	
  5100	  4908	  4709	  4918	
  5042	  4860	  4675	  4863	
  4974	  4812	  4637	  4815	
  4928	  4778	  4616	  4780	
  4874	  4731	  4588	  4743	
  4832	  4704	  4568	  4701	
  4787	  4670	  4542	  4675	
  4750	  4641	  4524	  4647	
  4727	  4632	  4519	  4629	
  4695	  4602	  4496	  4600	
  4669	  4580	  4497	  4584	
  4661	  4574	  4480	  4581	
  4650	  4565	  4490	  4566	
  4644	  4563	  4478	  4552	
  4642	  4556	  4475	  4560	
  4646	  4564	  4483	  4565	
  4653	  4573	  4490	  4578	
  4670	  4583	  4505	  4585	
  4685	  4600	  4504	  4600	
  4702	  4616	  4524	  4617	
  4733	  4634	  4533	  4639	
  4770	  4666	  4550	  4676	
  4802	  4699	  4582	  4694	
  4848	  4727	  4602	  4735	
  4890	  4772	  4628	  4777	
  4938	  4803	  4654	  4810	
  4986	  4844	  4691	  4851	
  5051	  4897	  4709	  4900	
  5110	  4945	  4758	  4956	
  5181	  4995	  4803	  5008	
  5265	  5058	  4843	  5071	
  5339	  5127	  4881	  5135	
  5430	  5196	  4927	  5190	
  5520	  5270	  4973	  5268	
  5609	  5338	  5021	  5348	
  5715	  5421	  5074	  5418	
  5817	  5487	  5124	  5503	
  5944	  5572	  5203	  5597	
  6045	  5662	  5253	  5683	
  6176	  5749	  5302	  5777	
  6329	  5865	  5394	  5904	
  6530	  6038	  5511	  6068	
  6665	  6148	  5579	  6169	
  7758	  7037	  6088	  7079	
  7452	  6766	  5941	  6813	
  7128	  6480	  5748	  6524	
  6844	  6228	  5590	  6275	
  6586	  6018	  5444	  6054	
  6379	  5845	  5348	  5882	
  6224	  5730	  5250	  5758	
  6098	  5634	  5204	  5659	
  5982	  5560	  5152	  5571	
  5880	  5467	  5107	  5494	
  5766	  5397	  5030	  5409	
  5664	  5323	  4980	  5326	
  5564	  5259	  4945	  5266	
  5470	  5182	  4894	  5191	
  5390	  5119	  4853	  5122	
  5316	  5062	  4796	  5075	
  5238	  5008	  4770	  5022	
  5174	  4958	  4752	  4963	
  5111	  4915	  4715	  4916	
  5047	  4867	  4682	  4870	
  4997	  4829	  4658	  4836	
  4950	  4797	  4639	  4791	
  4900	  4757	  4621	  4751	
  4856	  4726	  4588	  4726	
  4826	  4701	  4570	  4693	
  4789	  4671	  4564	  4678	
  4763	  4649	  4540	  4661	
  4754	  4634	  4534	  4641	
  4736	  4631	  4524	  4626	
  4718	  4621	  4531	  4622	
  4712	  4615	  4528	  4612	
  4713	  4621	  4524	  4622	
  4718	  4616	  4515	  4630	
  4727	  4636	  4529	  4633	
  4744	  4644	  4549	  4647	
  4758	  4652	  4537	  4658	
  4782	  4672	  4568	  4676	
  4804	  4700	  4586	  4700	
  4838	  4730	  4602	  4731	
  4874	  4753	  4607	  4752	
  4918	  4779	  4647	  4786	
  4962	  4824	  4676	  4825	
  5008	  4862	  4690	  4864	
  5066	  4915	  4726	  4902	
  5125	  4950	  4767	  4957	
  5190	  5002	  4798	  5012	
  5262	  5054	  4831	  5068	
  5331	  5117	  4873	  5129	
  5414	  5180	  4930	  5188	
  5492	  5251	  4960	  5257	
  5578	  5312	  5011	  5323	
  5683	  5381	  5061	  5404	
  5776	  5461	  5115	  5483	
  5889	  5542	  5177	  5561	
  6009	  5636	  5237	  5643	
  6129	  5716	  5292	  5740	
  6256	  5806	  5364	  5835	
  6438	  5948	  5455	  5981	
  6654	  6135	  5593	  6170	
  6794	  6281	  5653	  6309	
  7962	  7218	  6216	  7268	
  7639	  6930	  6053	  6978	
  7304	  6625	  5844	  6664	
  7002	  6374	  5678	  6402	
  6725	  6135	  5532	  6167	
  6497	  5950	  5409	  5983	
  6321	  5797	  5306	  5833	
  6175	  5701	  5251	  5725	
  6056	  5615	  5189	  5624	
  5958	  5530	  5139	  5544	
  5840	  5448	  5088	  5466	
  5741	  5379	  5035	  5390	
  5650	  5308	  4982	  5316	
  5547	  5247	  4941	  5256	
  5464	  5182	  4888	  5192	
  5393	  5113	  4844	  5125	
  5306	  5067	  4827	  5073	
  5248	  5012	  4793	  5025	
  5186	  4971	  4756	  4961	
  5120	  4921	  4729	  4931	
  5065	  4887	  4696	  4889	
  5027	  4849	  4681	  4854	
  4972	  4815	  4649	  4819	
  4931	  4784	  4643	  4785	
  4896	  4757	  4623	  4759	
  4873	  4740	  4603	  4738	
  4837	  4718	  4590	  4718	
  4823	  4702	  4583	  4710	
  4808	  4686	  4573	  4683	
  4794	  4681	  4572	  4682	
  4792	  4680	  4574	  4684	
  4786	  4678	  4573	  4676	
  4795	  4687	  4579	  4682	
  4805	  4691	  4581	  4689	
  4818	  4704	  4580	  4705	
  4832	  4722	  4597	  4721	
  4859	  4731	  4613	  4736	
  4889	  4763	  4627	  4759	
  4916	  4787	  4650	  4785	
  4949	  4813	  4670	  4810	
  4994	  4843	  4699	  4846	
  5041	  4890	  4715	  4883	
  5079	  4915	  4759	  4926	
  5131	  4960	  4768	  4968	
  5200	  5012	  4805	  5014	
  5265	  5061	  4835	  5066	
  5332	  5115	  4872	  5122	
  5406	  5173	  4912	  5182	
  5496	  5231	  4969	  5245	
  5569	  5301	  4995	  5308	
  5660	  5372	  5050	  5379	
  5768	  5455	  5121	  5457	
  5858	  5518	  5166	  5533	
  5977	  5600	  5232	  5604	
  6082	  5682	  5280	  5694	
  6206	  5772	  5331	  5800	
  6350	  5886	  5416	  5908	
  6566	  6065	  5548	  6075	
  6787	  6262	  5666	  6285	
  6944	  6384	  5759	  6434	
  8231	  7433	  6353	  7472	
  7877	  7128	  6157	  7175	
  7496	  6804	  5950	  6831	
  7168	  6500	  5778	  6560	
  6882	  6263	  5622	  6302	
  6633	  6068	  5485	  6093	
  6438	  5888	  5378	  5922	
  6266	  5759	  5290	  5784	
  6147	  5685	  5230	  5692	
  6033	  5591	  5181	  5612	
  5913	  5515	  5129	  5530	
  5816	  5439	  5084	  5451	
  5723	  5371	  5037	  5374	
  5632	  5300	  4981	  5312	
  5546	  5237	  4952	  5248	
  5468	  5183	  4915	  5194	
  5400	  5132	  4870	  5130	
  5319	  5083	  4838	  5086	
  5263	  5031	  4806	  5039	
  5213	  4989	  4775	  4991	
  5145	  4954	  4743	  4952	
  5092	  4909	  4732	  4916	
  5053	  4872	  4711	  4880	
  5011	  4844	  4691	  4850	
  4979	  4826	  4666	  4814	
  4955	  4796	  4659	  4793	
  4924	  4788	  4642	  4779	
  4902	  4769	  4642	  4766	
  4888	  4756	  4628	  4754	
  4875	  4744	  4623	  4743	
  4868	  4738	  4620	  4736	
  4868	  4746	  4627	  4734	
  4871	  4743	  4630	  4747	
  4882	  4757	  4633	  4754	
  4898	  4765	  4643	  4763	
  4917	  4783	  4646	  4781	
  4940	  4800	  4663	  4802	
  4962	  4825	  4676	  4819	
  4997	  4848	  4696	  4842	
  5034	  4877	  4710	  4876	
  5070	  4901	  4736	  4907	
  5116	  4943	  4771	  4945	
  5163	  4984	  4796	  4987	
  5220	  5025	  4829	  5028	
  5286	  5072	  4857	  5091	
  5349	  5126	  4889	  5125	
  5423	  5183	  4929	  5177	
  5493	  5241	  4961	  5249	
  5572	  5302	  5005	  5301	
  5659	  5369	  5066	  5372	
  5742	  5436	  5101	  5441	
  5837	  5504	  5154	  5517	
  5954	  5581	  5200	  5585	
  6056	  5671	  5262	  5679	
  6175	  5749	  5326	  5761	
  6306	  5840	  5395	  5861	
  6478	  5992	  5471	  6003	
  6706	  6186	  5618	  6202	
  6940	  6400	  5750	  6417	
  7119	  6540	  5850	  6576	
  8502	  7678	  6479	  7756	
  8157	  7368	  6313	  7411	
  7740	  7000	  6089	  7048	
  7391	  6698	  5900	  6740	
  7074	  6431	  5733	  6465	
  6810	  6207	  5578	  6239	
  6585	  6017	  5469	  6052	
  6392	  5871	  5360	  5883	
  6240	  5745	  5293	  5769	
  6129	  5663	  5241	  5687	
  6007	  5581	  5194	  5597	
  5925	  5521	  5147	  5526	
  5826	  5449	  5099	  5456	
  5730	  5380	  5042	  5377	
  5639	  5312	  5005	  5314	
  5560	  5252	  4966	  5258	
  5485	  5200	  4933	  5202	
  5420	  5149	  4894	  5151	
  5355	  5101	  4865	  5105	
  5286	  5057	  4829	  5065	
  5232	  5020	  4814	  5015	
  5189	  4977	  4776	  4976	
  5148	  4951	  4760	  4942	
  5106	  4921	  4751	  4923	
  5071	  4899	  4726	  4894	
  5038	  4872	  4712	  4866	
  5008	  4849	  4702	  4846	
  4999	  4843	  4696	  4834	
  4981	  4829	  4700	  4816	
  4969	  4831	  4691	  4817	
  4973	  4813	  4689	  4806	
  4962	  4826	  4684	  4814	
  4966	  4821	  4684	  4814	
  4979	  4836	  4691	  4824	
  4996	  4838	  4699	  4839	
  5013	  4849	  4716	  4848	
  5032	  4878	  4718	  4870	
  5050	  4899	  4742	  4895	
  5088	  4927	  4764	  4923	
  5123	  4951	  4783	  4948	
  5158	  4982	  4812	  4979	
  5209	  5020	  4836	  5020	
  5260	  5055	  4854	  5062	
  5306	  5096	  4885	  5091	
  5374	  5147	  4909	  5143	
  5442	  5200	  4948	  5200	
  5505	  5252	  4981	  5248	
  5581	  5320	  5024	  5309	
  5662	  5372	  5077	  5380	
  5750	  5446	  5124	  5452	
  5849	  5506	  5171	  5521	
  5932	  5584	  5208	  5588	
  6042	  5653	  5273	  5657	
  6155	  5739	  5318	  5749	
  6280	  5825	  5390	  5852	
  6441	  5951	  5473	  5966	
  6629	  6109	  5585	  6132	
  6885	  6326	  5707	  6348	
  7150	  6554	  5862	  6583	
  7322	  6716	  5969	  6761	
  8766	  7904	  6579	  7938	
  8368	  7558	  6399	  7595	
  7923	  7175	  6194	  7201	
  7571	  6851	  5990	  6884	
  7229	  6567	  5816	  6585	
  6951	  6311	  5656	  6351	
  6712	  6134	  5519	  6154	
  6511	  5956	  5402	  5970	
  6331	  5819	  5330	  5831	
  6202	  5729	  5273	  5735	
  6101	  5633	  5215	  5652	
  6005	  5585	  5177	  5581	
  5901	  5504	  5132	  5514	
  5792	  5431	  5099	  5436	
  5715	  5371	  5033	  5389	
  5627	  5315	  5006	  5318	
  5556	  5271	  4958	  5261	
  5493	  5208	  4921	  5197	
  5431	  5161	  4897	  5155	
  5368	  5124	  4846	  5122	
  5300	  5076	  4835	  5074	
  5262	  5035	  4816	  5037	
  5226	  5014	  4790	  5002	
  5173	  4987	  4766	  4974	
  5131	  4946	  4744	  4950	
  5104	  4935	  4751	  4927	
  5082	  4914	  4732	  4905	
  5064	  4897	  4734	  4892	
  5047	  4881	  4706	  4880	
  5044	  4876	  4711	  4879	
  5042	  4873	  4710	  4869	
  5033	  4881	  4721	  4865	
  5045	  4883	  4717	  4879	
  5055	  4889	  4720	  4893	
  5057	  4905	  4712	  4893	
  5083	  4914	  4742	  4897	
  5090	  4931	  4748	  4933	
  5124	  4955	  4773	  4946	
  5163	  4981	  4790	  4972	
  5190	  4998	  4806	  5007	
  5237	  5047	  4825	  5041	
  5271	  5073	  4852	  5082	
  5338	  5114	  4883	  5107	
  5379	  5140	  4904	  5143	
  5440	  5197	  4947	  5201	
  5520	  5267	  4970	  5256	
  5580	  5321	  5016	  5311	
  5656	  5369	  5051	  5373	
  5738	  5440	  5090	  5422	
  5840	  5504	  5148	  5510	
  5923	  5562	  5194	  5563	
  6027	  5645	  5245	  5642	
  6109	  5714	  5299	  5711	
  6228	  5795	  5345	  5800	
  6358	  5914	  5428	  5936	
  6548	  6046	  5514	  6069	
  6751	  6229	  5634	  6257	
  7019	  6435	  5771	  6469	
  7303	  6696	  5945	  6714	
  7493	  6865	  6071	  6896	
