96
0
1
80
16
1
0x34
0
96
2
0
1
0
0
12
10
0
0
11
0
21
0
32
0
43
0
54
0
64
0
75
0
86
0
96
0
107
0
118
0
129
0
139
0
150
0
161
0
172
0
182
0
193
0
204
0
214
0
225
0
236
0
247
0
1
1
12
1
23
1
33
1
44
1
55
1
66
1
76
1
87
1
98
1
108
1
119
1
130
1
141
1
151
1
162
1
173
1
184
1
194
1
205
1
216
1
226
1
237
1
248
1
3
2
13
2
24
2
35
2
45
2
56
2
67
2
78
2
88
2
99
2
110
2
121
2
131
2
142
2
153
2
163
2
174
2
185
2
196
2
206
2
217
2
228
2
238
2
249
2
4
3
15
3
25
3
36
3
47
3
57
3
68
3
79
3
90
3
100
3
111
3
122
3
133
3
143
3
154
3
165
3
175
3
186
3
197
3
208
3
218
3
229
3
240
3
250
3
0
0
64
