2 /*n_tbl*/
2 /*nreg*/
/*loop2 for n_tbl*/
177 /*n_entry*/
0    /*tblidx_min*/
0x30 /*sensorMode of this tbl*/
32  /*(SINT8)exp_tblidx0_unit*/
16 /*exp_tblidx_unit*/
1 /*n_burst_sec*/
/*template*/ /*nreg*/
0x10
0x40
0
0
/*template*/
0x1C
0x40
0x00
0x00
/*loop1 for n_burst_sec*/ /*long exp*/
177  /*n_burstidx*/
3  /*nbyte_entry*/
0  /*burstidx_min*/
2  /*n_op*/
/*loop0 for n_op*/
0   /*tmpl_reg: reg# in template, 0-based*/
0   /*entry_lsb: right shift table entry contain*/
16  /*reg_lsb: left shift to reg*/
8   /*nbit_mask*/ /*NOTE! LSB12->8*/
/*loop0 ends*/
/*loop1 for n_op*/
1   /*tmpl_reg: reg# in template, 0-based*/
8   /*entry_lsb: right shift table entry contain*/
16  /*reg_lsb: left shift to reg*/
16  /*nbit_mask*/ /*NOTE! LSB12->8*/
/*loop1 ends*/
/*contains for n_burstidx * nbyte_entry*/
131
170
9
212
230
9
35
35
2
109
117
7
180
6
10
248
75
12
58
159
16
121
220
6
181
145
3
238
206
8
38
40
6
90
233
15
141
24
3
189
59
6
235
151
8
24
196
11
66
72
17
107
51
8
146
81
4
183
250
6
218
93
17
253
145
0
30
143
11
61
225
15
91
59
14
120
167
7
147
135
15
174
2
2
199
204
4
223
93
6
246
139
7
13
34
9
34
228
11
54
140
16
74
104
5
92
240
15
110
251
11
127
140
12
144
145
0
159
48
11
174
93
10
188
70
16
202
3
11
215
116
13
228
166
5
240
110
6
251
56
16
7
4
17
18
145
0
28
145
0
38
145
0
47
145
0
56
145
0
65
145
0
73
145
0
80
145
0
88
145
0
95
145
0
102
145
0
109
145
0
115
145
0
121
145
0
127
145
0
132
145
0
137
145
0
143
145
0
147
145
0
152
145
0
156
145
0
161
145
0
165
145
0
169
145
0
172
145
0
176
145
0
179
145
0
183
145
0
186
145
0
189
145
0
192
145
0
195
145
0
197
145
0
200
145
0
202
145
0
204
145
0
207
145
0
209
145
0
211
145
0
213
145
0
215
145
0
216
145
0
218
145
0
220
145
0
221
145
0
223
145
0
224
145
0
226
145
0
227
145
0
228
145
0
229
145
0
231
145
0
232
145
0
233
145
0
234
145
0
235
145
0
236
145
0
237
145
0
238
145
0
238
145
0
239
145
0
240
145
0
241
91
1
241
14
14
242
209
7
243
16
1
243
55
12
244
126
4
244
184
14
245
29
6
245
125
15
246
18
6
246
171
14
247
129
4
247
100
12
248
139
1
248
198
8
248
178
15
249
237
3
249
71
10
249
91
16
250
200
3
250
91
9
250
178
14
251
105
1
251
78
6
251
254
10
251
124
15
252
98
1
252
128
5
252
114
9
252
56
13
252
214
16
253
230
1
253
55
5
253
99
8
253
109
11
253
87
14
253
32
17
254
102
1
254
244
3
254
103
6
254
191
8
254
254
10
254
36
13
254
51
15
254
44
17
255
169
0
255
120
2
255
51
4
255
219
5
255
113
7
255
247
8
255
107
10
255
208
11
255
38
13
255
109
14
255
166
15
255
210
16
255
93
17
1
159
0
1
166
1
1
163
2
255
93
17
255
93
17
255
93
17
255
93
17
255
93
17
255
93
17
/*end contains*/
/*loop1 ends*/
/*vtable partition: n_vtblsec,def_vtype(0:no used,1:vcount,0xff:100us timer)*/
1
1
/*loop3 for n_vtblsec*/
177  /*n_vidx*/
1   /*nbyte_entry*/
0   /*vmin*/
1   /*vtype*/
/*contains n_vidx * nbyte_entry*/
8
8
7
7
7
7
6
6
6
6
5
5
5
5
5
4
4
4
4
4
4
4
3
3
3
3
3
3
3
3
3
2
2
2
2
2
2
2
2
2
2
2
2
2
2
2
2
1
1
1
1
1
1
1
1
1
1
1
1
1
1
1
1
1
1
1
1
1
1
1
1
1
1
1
1
1
1
1
1
1
1
1
1
1
1
1
1
1
1
1
1
1
1
1
1
1
1
1
1
1
1
1
1
1
1
1
1
1
1
1
1
1
1
1
1
1
1
1
1
1
1
1
1
1
1
1
1
1
1
1
1
1
1
1
1
1
1
1
1
1
1
1
1
1
1
1
1
1
1
1
1
1
1
1
1
1
1
1
1
1
1
1
1
1
1
1
1
1
1
1
1
1
1
1
1
1
1
/*end contains*/
/*end loop3*/
/*error table: n_erridx, emin, err unit in "N"-th ev*/
0
0
64
/*contains, for n_erridx (SINT8)*/
/*end contains*/
/*loop2 ends*/
/*loop2 for n_tbl*/
177 /*n_entry*/
0    /*tblidx_min*/
0x40 /*sensorMode of this tbl*/
0  /*(SINT8)exp_tblidx0_unit*/
16 /*exp_tblidx_unit*/
1 /*n_burst_sec*/
/*template*/ /*nreg*/
0x10
0x40
0
0
/*template*/
0x1C
0x40
0x00
0x00
/*loop1 for n_burst_sec*/ /*long exp*/
177  /*n_burstidx*/
3  /*nbyte_entry*/
0  /*burstidx_min*/
2  /*n_op*/
/*loop0 for n_op*/
0   /*tmpl_reg: reg# in template, 0-based*/
0   /*entry_lsb: right shift table entry contain*/
16  /*reg_lsb: left shift to reg*/
8   /*nbit_mask*/ /*NOTE! LSB12->8*/
/*loop0 ends*/
/*loop1 for n_op*/
1   /*tmpl_reg: reg# in template, 0-based*/
8   /*entry_lsb: right shift table entry contain*/
16  /*reg_lsb: left shift to reg*/
16  /*nbit_mask*/ /*NOTE! LSB12->8*/
/*loop1 ends*/
/*contains for n_burstidx * nbyte_entry*/
5
145
0
74
145
0
129
244
0
171
213
3
201
145
0
218
200
4
224
177
3
219
113
1
203
169
6
177
56
9
142
145
0
97
219
0
43
197
4
236
145
0
165
92
8
87
169
2
1
83
6
163
204
6
63
173
9
212
234
1
99
12
7
236
145
0
111
216
1
236
184
0
101
145
0
215
156
4
70
145
0
175
145
0
21
145
0
117
145
0
209
46
4
43
145
0
127
41
3
208
102
3
31
145
0
105
245
0
176
134
3
244
203
5
55
145
0
117
145
0
177
145
0
234
78
2
34
145
0
86
105
9
137
145
0
185
145
0
231
23
2
20
67
5
63
145
0
103
179
1
142
145
0
179
145
0
215
145
0
249
145
0
26
15
5
57
97
9
87
187
7
116
39
1
143
7
9
170
145
0
195
145
0
219
145
0
242
11
1
9
161
2
30
99
5
51
145
0
70
145
0
88
112
9
106
123
5
123
12
6
140
145
0
155
176
4
170
221
3
185
145
0
198
131
4
211
243
6
224
145
0
236
145
0
247
184
9
4
145
0
14
177
2
24
6
5
34
145
0
43
184
4
52
189
2
61
145
0
69
145
0
77
145
0
84
238
1
91
227
4
98
65
2
105
145
0
111
145
0
117
145
0
123
145
0
128
65
5
134
145
0
139
145
0
143
237
8
148
92
2
153
145
0
157
145
0
161
145
0
165
145
0
169
145
0
172
113
2
176
145
0
179
145
0
182
145
0
185
145
0
188
145
0
191
145
0
193
69
5
196
145
0
198
118
4
201
145
0
203
145
0
205
145
0
207
145
0
209
145
0
211
145
0
213
145
0
214
41
5
216
145
0
217
23
9
219
145
0
220
29
8
222
145
0
223
162
2
224
135
7
226
145
0
227
145
0
228
145
0
229
145
0
230
145
0
231
145
0
232
145
0
233
145
0
234
145
0
234
123
8
235
139
4
236
145
0
237
145
0
238
145
0
239
145
0
239
145
0
239
183
5
240
145
0
240
56
8
241
145
0
241
253
8
242
145
0
242
43
8
243
145
0
243
227
5
244
145
0
244
69
2
244
50
9
245
145
0
245
199
3
246
145
0
246
217
3
246
172
16
246
85
11
247
56
6
247
83
1
247
9
15
247
139
10
248
63
6
248
33
2
248
150
16
248
207
12
249
50
9
249
187
5
249
107
2
249
164
17
249
154
14
/*end contains*/
/*loop1 ends*/
/*vtable partition: n_vtblsec,def_vtype(0:no used,1:vcount,0xff:100us timer)*/
1
1
/*loop3 for n_vtblsec*/
177  /*n_vidx*/
1   /*nbyte_entry*/
0   /*vmin*/
1   /*vtype*/
/*contains n_vidx * nbyte_entry*/
30
29
28
27
26
25
24
23
22
21
20
19
18
18
17
16
15
15
14
14
13
13
12
12
11
11
10
10
9
9
9
8
8
8
7
7
7
7
6
6
6
6
5
5
5
5
5
4
4
4
4
4
4
4
3
3
3
3
3
3
3
3
3
2
2
2
2
2
2
2
2
2
2
2
2
2
2
2
2
1
1
1
1
1
1
1
1
1
1
1
1
1
1
1
1
1
1
1
1
1
1
1
1
1
1
1
1
1
1
1
1
1
1
1
1
1
1
1
1
1
1
1
1
1
1
1
1
1
1
1
1
1
1
1
1
1
1
1
1
1
1
1
1
1
1
1
1
1
1
1
1
1
1
1
1
1
1
1
1
1
1
1
1
1
1
1
1
1
1
1
1
1
1
1
1
1
1
/*end contains*/
/*end loop3*/
/*error table: n_erridx, emin, err unit in "N"-th ev*/
0
0
64
/*contains, for n_erridx (SINT8)*/
/*end contains*/
/*loop2 ends*/
