 988	 988	 988	 988	
5189	4789	4592	4789	
4945	4610	4496	4610	
4748	4475	4353	4475	
4642	4396	4299	4396	
4582	4347	4308	4347	
4562	4340	4353	4340	
4484	4307	4299	4307	
4473	4279	4292	4279	
4438	4264	4247	4264	
4404	4224	4197	4224	
4378	4226	4192	4226	
4352	4219	4201	4219	
4339	4211	4187	4211	
4313	4196	4201	4196	
4293	4200	4148	4200	
4271	4167	4173	4167	
4233	4151	4142	4151	
4250	4161	4127	4161	
4229	4164	4096	4164	
4237	4169	4171	4169	
4256	4174	4176	4174	
4238	4166	4169	4166	
4231	4171	4158	4171	
4252	4188	4180	4188	
4266	4193	4173	4193	
4296	4189	4214	4189	
4334	4220	4223	4220	
4353	4232	4260	4232	
4368	4242	4259	4242	
4432	4253	4270	4253	
4475	4296	4294	4296	
4515	4338	4397	4338	
4575	4361	4395	4361	
4640	4400	4433	4400	
4716	4468	4472	4468	
4827	4553	4526	4553	
5013	4690	4548	4690	
5287	4889	4747	4889	
5075	4658	4657	4658	
4844	4448	4504	4448	
4738	4399	4445	4399	
4637	4360	4462	4360	
4594	4318	4442	4318	
4539	4300	4410	4300	
4496	4270	4389	4270	
4476	4247	4338	4247	
4429	4221	4344	4221	
4414	4211	4325	4211	
4370	4192	4286	4192	
4354	4174	4259	4174	
4325	4164	4264	4164	
4290	4152	4290	4152	
4275	4149	4262	4149	
4261	4132	4244	4132	
4256	4123	4239	4123	
4235	4123	4231	4123	
4237	4123	4230	4123	
4216	4096	4232	4096	
4223	4117	4227	4117	
4238	4122	4247	4122	
4235	4121	4241	4121	
4260	4141	4289	4141	
4286	4148	4264	4148	
4289	4154	4279	4154	
4325	4169	4308	4169	
4353	4185	4320	4185	
4377	4203	4320	4203	
4417	4237	4359	4237	
4449	4244	4413	4244	
4507	4269	4431	4269	
4570	4308	4452	4308	
4648	4346	4497	4346	
4707	4371	4509	4371	
4780	4462	4535	4462	
4926	4557	4618	4557	
5115	4769	4675	4769	
4921	4563	4513	4563	
4759	4417	4493	4417	
4655	4392	4460	4392	
4606	4381	4467	4381	
4549	4335	4447	4335	
4514	4308	4442	4308	
4478	4301	4395	4301	
4448	4273	4404	4273	
4399	4245	4356	4245	
4367	4236	4337	4236	
4361	4221	4337	4221	
4314	4193	4314	4193	
4301	4193	4302	4193	
4259	4168	4256	4168	
4249	4174	4256	4174	
4231	4163	4256	4163	
4221	4158	4270	4158	
4212	4144	4270	4144	
4197	4139	4252	4139	
4204	4135	4259	4135	
4213	4147	4281	4147	
4207	4156	4264	4156	
4204	4149	4276	4149	
4231	4163	4280	4163	
4224	4163	4288	4163	
4265	4178	4330	4178	
4300	4191	4328	4191	
4335	4215	4358	4215	
4354	4233	4366	4233	
4385	4259	4394	4259	
4436	4274	4407	4274	
4464	4294	4502	4294	
4524	4308	4482	4308	
4573	4353	4505	4353	
4646	4408	4502	4408	
4745	4460	4549	4460	
4820	4534	4591	4534	
4970	4693	4643	4693	
4846	4492	4438	4492	
4699	4368	4463	4368	
4626	4369	4463	4369	
4594	4359	4441	4359	
4516	4343	4478	4343	
4501	4323	4448	4323	
4447	4283	4439	4283	
4431	4275	4430	4275	
4375	4267	4384	4267	
4344	4222	4327	4222	
4299	4224	4328	4224	
4298	4193	4333	4193	
4262	4189	4322	4189	
4236	4171	4271	4171	
4218	4173	4273	4173	
4220	4154	4285	4154	
4183	4152	4293	4152	
4186	4135	4227	4135	
4161	4125	4269	4125	
4166	4123	4268	4123	
4180	4144	4300	4144	
4198	4141	4257	4141	
4201	4135	4256	4135	
4202	4150	4289	4150	
4213	4162	4322	4162	
4247	4182	4364	4182	
4277	4201	4338	4201	
4301	4206	4367	4206	
4319	4228	4393	4228	
4357	4253	4418	4253	
4388	4266	4469	4266	
4446	4295	4486	4295	
4479	4296	4477	4296	
4560	4356	4517	4356	
4609	4381	4554	4381	
4654	4427	4554	4427	
4759	4500	4568	4500	
4919	4623	4647	4623	
4778	4468	4456	4468	
4685	4368	4465	4368	
4614	4381	4468	4381	
4582	4375	4475	4375	
4527	4342	4490	4342	
4491	4341	4486	4341	
4422	4293	4426	4293	
4406	4281	4395	4281	
4364	4271	4379	4271	
4321	4235	4389	4235	
4296	4236	4358	4236	
4270	4212	4344	4212	
4243	4180	4301	4180	
4226	4183	4300	4183	
4193	4165	4297	4165	
4189	4149	4262	4149	
4166	4137	4261	4137	
4154	4139	4279	4139	
4163	4141	4262	4141	
4159	4132	4253	4132	
4147	4150	4294	4150	
4172	4145	4264	4145	
4178	4141	4288	4141	
4208	4157	4332	4157	
4191	4165	4323	4165	
4222	4183	4356	4183	
4268	4192	4349	4192	
4273	4209	4398	4209	
4300	4221	4407	4221	
4329	4236	4425	4236	
4358	4276	4456	4276	
4399	4288	4477	4288	
4463	4289	4513	4289	
4501	4335	4545	4335	
4550	4377	4544	4377	
4619	4402	4556	4402	
4716	4454	4598	4454	
4834	4564	4609	4564	
4739	4436	4439	4436	
4632	4355	4446	4355	
4601	4378	4471	4378	
4559	4367	4454	4367	
4508	4350	4484	4350	
4463	4342	4483	4342	
4419	4307	4451	4307	
4382	4282	4401	4282	
4346	4282	4445	4282	
4310	4247	4381	4247	
4274	4243	4380	4243	
4235	4200	4356	4200	
4224	4188	4297	4188	
4205	4176	4296	4176	
4180	4179	4279	4179	
4157	4159	4274	4159	
4129	4148	4234	4148	
4117	4134	4248	4134	
4133	4125	4228	4125	
4137	4119	4216	4119	
4122	4145	4240	4145	
4138	4145	4290	4145	
4156	4146	4289	4146	
4187	4174	4263	4174	
4192	4165	4305	4165	
4207	4183	4306	4183	
4233	4202	4368	4202	
4255	4205	4363	4205	
4285	4212	4402	4212	
4313	4248	4425	4248	
4353	4259	4416	4259	
4395	4281	4482	4281	
4427	4307	4481	4307	
4503	4335	4538	4335	
4532	4349	4570	4349	
4578	4383	4588	4383	
4664	4433	4543	4433	
4751	4539	4571	4539	
4705	4416	4425	4416	
4617	4336	4423	4336	
4556	4362	4428	4362	
4530	4378	4474	4378	
4483	4362	4453	4362	
4451	4346	4489	4346	
4407	4300	4481	4300	
4373	4272	4421	4272	
4335	4268	4387	4268	
4299	4253	4368	4253	
4268	4225	4364	4225	
4235	4220	4319	4220	
4192	4183	4292	4183	
4163	4163	4303	4163	
4159	4176	4305	4176	
4134	4149	4264	4149	
4123	4129	4258	4129	
4122	4131	4260	4131	
4125	4135	4251	4135	
4103	4135	4245	4135	
4123	4131	4251	4131	
4116	4136	4262	4136	
4131	4128	4288	4128	
4159	4166	4299	4166	
4171	4171	4293	4171	
4184	4178	4336	4178	
4224	4188	4353	4188	
4222	4202	4373	4202	
4259	4213	4402	4213	
4300	4234	4403	4234	
4334	4254	4439	4254	
4374	4279	4465	4279	
4413	4303	4508	4303	
4484	4318	4509	4318	
4508	4346	4544	4346	
4566	4359	4555	4359	
4631	4414	4522	4414	
4734	4507	4565	4507	
4700	4421	4450	4421	
4619	4344	4422	4344	
4581	4364	4488	4364	
4540	4374	4473	4374	
4457	4354	4469	4354	
4457	4326	4506	4326	
4396	4311	4490	4311	
4369	4274	4446	4274	
4328	4265	4389	4265	
4278	4239	4356	4239	
4244	4221	4351	4221	
4222	4221	4354	4221	
4196	4181	4312	4181	
4172	4160	4257	4160	
4144	4144	4283	4144	
4143	4149	4263	4149	
4122	4132	4253	4132	
4109	4131	4232	4131	
4126	4138	4222	4138	
4099	4114	4205	4114	
4124	4128	4251	4128	
4108	4145	4246	4145	
4129	4136	4258	4136	
4156	4152	4279	4152	
4169	4172	4310	4172	
4178	4167	4317	4167	
4220	4207	4365	4207	
4218	4194	4339	4194	
4258	4217	4365	4217	
4287	4244	4410	4244	
4325	4257	4440	4257	
4379	4269	4482	4269	
4396	4292	4469	4292	
4458	4318	4523	4318	
4492	4354	4525	4354	
4546	4358	4539	4358	
4612	4402	4541	4402	
4690	4491	4531	4491	
4728	4421	4437	4421	
4619	4348	4412	4348	
4576	4370	4471	4370	
4538	4374	4475	4374	
4475	4349	4475	4349	
4431	4342	4483	4342	
4394	4307	4463	4307	
4352	4279	4410	4279	
4318	4248	4383	4248	
4285	4247	4375	4247	
4262	4230	4369	4230	
4212	4204	4330	4204	
4171	4185	4323	4185	
4164	4168	4271	4168	
4142	4153	4277	4153	
4134	4144	4243	4144	
4126	4138	4244	4138	
4117	4132	4235	4132	
4112	4130	4224	4130	
4100	4121	4218	4121	
4109	4142	4248	4142	
4109	4137	4266	4137	
4125	4133	4271	4133	
4142	4153	4288	4153	
4158	4179	4320	4179	
4165	4165	4305	4165	
4203	4177	4359	4177	
4225	4203	4366	4203	
4263	4237	4387	4237	
4280	4243	4433	4243	
4322	4260	4463	4260	
4356	4281	4475	4281	
4408	4298	4506	4298	
4452	4321	4527	4321	
4490	4334	4533	4334	
4532	4371	4553	4371	
4579	4387	4547	4387	
4669	4474	4531	4474	
4685	4409	4427	4409	
4608	4364	4415	4364	
4568	4375	4448	4375	
4535	4389	4481	4389	
4469	4375	4499	4375	
4443	4355	4497	4355	
4389	4316	4465	4316	
4371	4293	4420	4293	
4313	4268	4429	4268	
4285	4234	4358	4234	
4245	4219	4355	4219	
4221	4213	4379	4213	
4181	4193	4300	4193	
4176	4164	4297	4164	
4137	4157	4302	4157	
4124	4151	4261	4151	
4120	4155	4264	4155	
4118	4131	4250	4131	
4119	4136	4235	4136	
4101	4124	4215	4124	
4114	4133	4250	4133	
4106	4141	4252	4141	
4125	4146	4277	4146	
4138	4156	4294	4156	
4159	4162	4326	4162	
4172	4175	4317	4175	
4208	4192	4353	4192	
4224	4201	4390	4201	
4227	4223	4398	4223	
4282	4239	4451	4239	
4317	4263	4472	4263	
4354	4297	4503	4297	
4386	4302	4500	4302	
4432	4325	4543	4325	
4476	4347	4536	4347	
4526	4360	4541	4360	
4583	4381	4525	4381	
4630	4449	4544	4449	
4673	4401	4420	4401	
4602	4351	4435	4351	
4566	4367	4450	4367	
4528	4375	4513	4375	
4470	4363	4488	4363	
4462	4362	4511	4362	
4393	4327	4474	4327	
4380	4306	4430	4306	
4345	4285	4394	4285	
4282	4249	4388	4249	
4254	4228	4351	4228	
4210	4204	4353	4204	
4173	4191	4325	4191	
4165	4176	4289	4176	
4153	4171	4271	4171	
4134	4155	4260	4155	
4104	4149	4249	4149	
4109	4144	4243	4144	
4122	4142	4233	4142	
4098	4135	4239	4135	
4116	4141	4279	4141	
4107	4156	4240	4156	
4131	4137	4270	4137	
4149	4168	4279	4168	
4157	4167	4290	4167	
4168	4184	4343	4184	
4202	4188	4372	4188	
4233	4205	4363	4205	
4249	4227	4411	4227	
4284	4247	4434	4247	
4318	4267	4453	4267	
4338	4297	4546	4297	
4411	4311	4542	4311	
4448	4339	4524	4339	
4473	4333	4528	4333	
4489	4359	4532	4359	
4583	4396	4534	4396	
4628	4456	4522	4456	
4668	4426	4452	4426	
4595	4372	4449	4372	
4564	4378	4486	4378	
4523	4386	4493	4386	
4488	4373	4491	4373	
4431	4354	4455	4354	
4402	4325	4475	4325	
4379	4313	4461	4313	
4296	4288	4459	4288	
4295	4256	4384	4256	
4259	4232	4365	4232	
4219	4221	4350	4221	
4183	4200	4324	4200	
4154	4173	4281	4173	
4145	4177	4294	4177	
4130	4153	4289	4153	
4132	4142	4271	4142	
4111	4151	4251	4151	
4117	4134	4238	4134	
4104	4128	4205	4128	
4107	4139	4225	4139	
4110	4152	4241	4152	
4116	4163	4272	4163	
4145	4151	4284	4151	
4173	4178	4321	4178	
4189	4183	4342	4183	
4224	4209	4369	4209	
4226	4222	4401	4222	
4265	4230	4370	4230	
4287	4259	4441	4259	
4320	4270	4464	4270	
4361	4299	4481	4299	
4388	4316	4515	4316	
4420	4318	4552	4318	
4460	4331	4585	4331	
4488	4355	4556	4355	
4567	4397	4535	4397	
4633	4445	4554	4445	
4693	4438	4475	4438	
4610	4368	4467	4368	
4563	4392	4502	4392	
4534	4402	4499	4402	
4486	4390	4517	4390	
4451	4362	4476	4362	
4427	4337	4484	4337	
4372	4317	4460	4317	
4308	4287	4396	4287	
4271	4269	4363	4269	
4257	4249	4360	4249	
4223	4227	4341	4227	
4190	4214	4330	4214	
4176	4192	4315	4192	
4149	4178	4301	4178	
4144	4176	4278	4176	
4112	4167	4267	4167	
4106	4152	4244	4152	
4120	4134	4228	4134	
4100	4141	4223	4141	
4118	4158	4262	4158	
4132	4147	4265	4147	
4129	4149	4259	4149	
4156	4178	4306	4178	
4164	4182	4342	4182	
4162	4186	4357	4186	
4221	4218	4372	4218	
4236	4215	4391	4215	
4264	4240	4422	4240	
4293	4266	4447	4266	
4321	4262	4441	4262	
4357	4293	4533	4293	
4396	4302	4521	4302	
4426	4328	4574	4328	
4479	4352	4576	4352	
4516	4387	4586	4387	
4531	4397	4578	4397	
4624	4459	4511	4459	
4717	4432	4515	4432	
4595	4372	4477	4372	
4587	4403	4501	4403	
4535	4390	4485	4390	
4518	4406	4560	4406	
4477	4375	4504	4375	
4424	4337	4479	4337	
4404	4338	4473	4338	
4346	4303	4453	4303	
4301	4284	4380	4284	
4252	4260	4369	4260	
4237	4243	4365	4243	
4209	4228	4349	4228	
4195	4204	4338	4204	
4173	4194	4296	4194	
4154	4172	4306	4172	
4113	4169	4255	4169	
4115	4151	4266	4151	
4096	4142	4228	4142	
4107	4144	4216	4144	
4112	4161	4237	4161	
4125	4169	4260	4169	
4139	4157	4273	4157	
4163	4173	4302	4173	
4167	4182	4330	4182	
4191	4197	4318	4197	
4223	4210	4411	4210	
4238	4224	4389	4224	
4281	4242	4431	4242	
4308	4259	4427	4259	
4334	4284	4481	4284	
4367	4296	4514	4296	
4397	4304	4553	4304	
4455	4347	4607	4347	
4488	4359	4572	4359	
4529	4386	4585	4386	
4583	4408	4582	4408	
4638	4461	4522	4461	
4706	4472	4527	4472	
4630	4377	4488	4377	
4590	4429	4537	4429	
4555	4419	4543	4419	
4514	4405	4537	4405	
4495	4393	4515	4393	
4450	4359	4502	4359	
4411	4345	4484	4345	
4339	4299	4430	4299	
4314	4297	4458	4297	
4279	4258	4378	4258	
4247	4248	4371	4248	
4233	4247	4333	4247	
4210	4231	4342	4231	
4193	4223	4331	4223	
4172	4196	4287	4196	
4148	4183	4296	4183	
4141	4172	4275	4172	
4119	4146	4237	4146	
4108	4148	4252	4148	
4122	4154	4228	4154	
4124	4161	4270	4161	
4131	4140	4287	4140	
4181	4183	4297	4183	
4195	4194	4340	4194	
4210	4193	4317	4193	
4233	4205	4338	4205	
4246	4231	4380	4231	
4285	4247	4414	4247	
4314	4257	4447	4257	
4354	4286	4488	4286	
4372	4300	4534	4300	
4412	4314	4545	4314	
4432	4350	4529	4350	
4501	4363	4608	4363	
4520	4373	4569	4373	
4558	4407	4542	4407	
4640	4461	4584	4461	
4719	4458	4519	4458	
4646	4393	4537	4393	
4582	4404	4565	4404	
4574	4433	4590	4433	
4525	4422	4591	4422	
4499	4398	4556	4398	
4459	4362	4511	4362	
4417	4339	4490	4339	
4374	4308	4446	4308	
4334	4305	4428	4305	
4298	4275	4411	4275	
4270	4265	4372	4265	
4243	4252	4364	4252	
4228	4246	4347	4246	
4213	4237	4357	4237	
4192	4212	4345	4212	
4171	4202	4321	4202	
4160	4184	4302	4184	
4154	4171	4274	4171	
4139	4159	4289	4159	
4146	4180	4256	4180	
4151	4173	4311	4173	
4160	4180	4309	4180	
4180	4185	4344	4185	
4223	4216	4346	4216	
4233	4204	4365	4204	
4264	4236	4372	4236	
4275	4244	4404	4244	
4296	4242	4431	4242	
4324	4256	4436	4256	
4349	4294	4465	4294	
4385	4302	4524	4302	
4435	4331	4560	4331	
4477	4348	4558	4348	
4507	4377	4591	4377	
4546	4396	4545	4396	
4584	4414	4549	4414	
4645	4475	4559	4475	
4733	4485	4587	4485	
4665	4402	4546	4402	
4636	4437	4572	4437	
4607	4438	4563	4438	
4547	4424	4596	4424	
4511	4412	4563	4412	
4470	4380	4509	4380	
4447	4363	4535	4363	
4374	4331	4437	4331	
4342	4297	4434	4297	
4316	4289	4404	4289	
4272	4267	4393	4267	
4263	4252	4340	4252	
4228	4232	4340	4232	
4219	4229	4370	4229	
4199	4209	4350	4209	
4191	4215	4324	4215	
4163	4186	4320	4186	
4180	4188	4294	4188	
4172	4181	4303	4181	
4175	4181	4332	4181	
4173	4199	4319	4199	
4172	4186	4315	4186	
4183	4209	4383	4209	
4214	4206	4356	4206	
4245	4227	4354	4227	
4254	4244	4399	4244	
4296	4252	4451	4252	
4310	4259	4485	4259	
4346	4288	4481	4288	
4382	4300	4523	4300	
4413	4316	4548	4316	
4441	4336	4576	4336	
4503	4357	4593	4357	
4520	4385	4576	4385	
4559	4400	4624	4400	
4607	4428	4564	4428	
4664	4478	4572	4478	
4749	4486	4623	4486	
4675	4403	4549	4403	
4632	4436	4578	4436	
4610	4449	4598	4449	
4543	4429	4581	4429	
4525	4440	4569	4440	
4478	4395	4528	4395	
4471	4368	4473	4368	
4415	4344	4436	4344	
4388	4317	4431	4317	
4343	4322	4425	4322	
4309	4285	4400	4285	
4283	4263	4392	4263	
4259	4264	4375	4264	
4243	4258	4353	4258	
4235	4249	4359	4249	
4209	4220	4338	4220	
4203	4204	4334	4204	
4208	4208	4326	4208	
4181	4186	4314	4186	
4179	4190	4338	4190	
4197	4194	4345	4194	
4199	4189	4306	4189	
4219	4203	4334	4203	
4235	4227	4360	4227	
4257	4239	4356	4239	
4296	4252	4413	4252	
4320	4278	4441	4278	
4327	4269	4429	4269	
4367	4282	4494	4282	
4381	4308	4507	4308	
4436	4349	4552	4349	
4468	4348	4556	4348	
4516	4378	4599	4378	
4545	4405	4627	4405	
4563	4416	4601	4416	
4637	4430	4567	4430	
4707	4506	4549	4506	
4801	4492	4593	4492	
4704	4424	4581	4424	
4691	4445	4603	4445	
4644	4464	4619	4464	
4596	4458	4628	4458	
4558	4431	4581	4431	
4520	4411	4566	4411	
4483	4395	4521	4395	
4446	4359	4505	4359	
4421	4351	4489	4351	
4381	4317	4416	4317	
4326	4297	4427	4297	
4317	4281	4420	4281	
4290	4277	4381	4277	
4272	4262	4395	4262	
4255	4253	4369	4253	
4227	4227	4355	4227	
4228	4240	4365	4240	
4219	4224	4349	4224	
4229	4211	4335	4211	
4215	4209	4401	4209	
4212	4216	4389	4216	
4231	4216	4374	4216	
4238	4223	4375	4223	
4259	4234	4400	4234	
4264	4243	4386	4243	
4305	4258	4431	4258	
4336	4276	4470	4276	
4363	4293	4498	4293	
4400	4307	4490	4307	
4428	4338	4530	4338	
4457	4352	4593	4352	
4492	4374	4597	4374	
4544	4395	4613	4395	
4566	4418	4588	4418	
4623	4427	4609	4427	
4658	4445	4596	4445	
4726	4516	4617	4516	
4800	4514	4596	4514	
4732	4442	4587	4442	
4687	4453	4581	4453	
4684	4471	4624	4471	
4624	4472	4610	4472	
4597	4460	4633	4460	
4555	4418	4552	4418	
4506	4411	4524	4411	
4468	4378	4526	4378	
4428	4358	4494	4358	
4406	4334	4479	4334	
4360	4318	4451	4318	
4345	4295	4414	4295	
4305	4278	4390	4278	
4282	4269	4384	4269	
4271	4261	4367	4261	
4253	4244	4373	4244	
4247	4238	4387	4238	
4261	4234	4394	4234	
4235	4240	4362	4240	
4229	4211	4384	4211	
4235	4213	4376	4213	
4255	4220	4391	4220	
4272	4242	4399	4242	
4283	4237	4412	4237	
4308	4264	4427	4264	
4342	4264	4451	4264	
4348	4288	4442	4288	
4387	4310	4502	4310	
4422	4318	4527	4318	
4450	4341	4551	4341	
4481	4355	4556	4355	
4542	4379	4582	4379	
4581	4411	4620	4411	
4583	4418	4630	4418	
4618	4441	4603	4441	
4701	4473	4611	4473	
4775	4538	4653	4538	
4834	4537	4654	4537	
4745	4465	4599	4465	
4714	4471	4645	4471	
4703	4497	4649	4497	
4660	4491	4654	4491	
4653	4465	4622	4465	
4560	4437	4578	4437	
4563	4422	4567	4422	
4492	4396	4516	4396	
4449	4386	4489	4386	
4429	4360	4492	4360	
4387	4335	4426	4335	
4373	4310	4414	4310	
4350	4312	4426	4312	
4309	4298	4391	4298	
4315	4290	4402	4290	
4276	4256	4386	4256	
4264	4251	4380	4251	
4273	4259	4401	4259	
4253	4245	4364	4245	
4251	4228	4374	4228	
4278	4239	4401	4239	
4285	4244	4396	4244	
4305	4255	4403	4255	
4318	4271	4431	4271	
4339	4288	4450	4288	
4368	4296	4499	4296	
4387	4310	4478	4310	
4396	4324	4463	4324	
4432	4343	4548	4343	
4484	4374	4532	4374	
4502	4373	4570	4373	
4543	4388	4608	4388	
4594	4409	4623	4409	
4619	4432	4604	4432	
4661	4463	4641	4463	
4698	4473	4614	4473	
4801	4564	4651	4564	
4864	4554	4626	4554	
4761	4476	4611	4476	
4738	4503	4623	4503	
4705	4510	4607	4510	
4670	4498	4642	4498	
4663	4497	4684	4497	
4605	4471	4621	4471	
4593	4463	4577	4463	
4543	4425	4524	4425	
4485	4393	4511	4393	
4449	4393	4474	4393	
4442	4357	4481	4357	
4408	4342	4419	4342	
4369	4326	4440	4326	
4365	4315	4406	4315	
4354	4305	4395	4305	
4328	4284	4396	4284	
4309	4278	4419	4278	
4304	4268	4396	4268	
4284	4257	4399	4257	
4289	4252	4393	4252	
4295	4265	4407	4265	
4305	4255	4376	4255	
4320	4281	4414	4281	
4343	4279	4438	4279	
4359	4290	4456	4290	
4380	4309	4499	4309	
4417	4314	4466	4314	
4427	4332	4515	4332	
4453	4351	4503	4351	
4493	4367	4549	4367	
4559	4387	4572	4387	
4552	4385	4582	4385	
4619	4422	4596	4422	
4640	4447	4628	4447	
4702	4477	4601	4477	
4758	4499	4615	4499	
4849	4604	4649	4604	
4901	4579	4631	4579	
4781	4498	4578	4498	
4747	4510	4594	4510	
4715	4509	4612	4509	
4682	4507	4630	4507	
4670	4500	4670	4500	
4652	4470	4625	4470	
4603	4457	4622	4457	
4569	4450	4555	4450	
4531	4418	4535	4418	
4502	4399	4501	4399	
4457	4388	4505	4388	
4428	4365	4457	4365	
4418	4343	4462	4343	
4413	4328	4415	4328	
4387	4313	4416	4313	
4353	4302	4384	4302	
4346	4289	4388	4289	
4356	4287	4369	4287	
4323	4279	4374	4279	
4328	4283	4399	4283	
4338	4286	4424	4286	
4330	4280	4427	4280	
4351	4282	4419	4282	
4374	4295	4454	4295	
4403	4326	4498	4326	
4426	4328	4492	4328	
4444	4329	4524	4329	
4458	4349	4508	4349	
4487	4375	4521	4375	
4531	4392	4564	4392	
4573	4393	4571	4393	
4609	4402	4566	4402	
4658	4421	4631	4421	
4700	4458	4619	4458	
4742	4488	4658	4488	
4804	4523	4653	4523	
4887	4599	4663	4599	
4942	4600	4647	4600	
4825	4534	4625	4534	
4776	4544	4614	4544	
4770	4534	4619	4534	
4706	4518	4653	4518	
4683	4514	4667	4514	
4662	4480	4616	4480	
4636	4467	4614	4467	
4612	4452	4573	4452	
4560	4433	4561	4433	
4541	4399	4506	4399	
4507	4405	4519	4405	
4485	4388	4494	4388	
4454	4356	4443	4356	
4440	4357	4425	4357	
4424	4324	4445	4324	
4389	4316	4434	4316	
4389	4324	4428	4324	
4389	4301	4414	4301	
4391	4292	4400	4292	
4365	4294	4427	4294	
4375	4298	4437	4298	
4376	4298	4446	4298	
4404	4318	4443	4318	
4427	4325	4453	4325	
4445	4321	4441	4321	
4472	4353	4502	4353	
4477	4345	4506	4345	
4515	4362	4532	4362	
4537	4383	4576	4383	
4569	4391	4565	4391	
4603	4402	4576	4402	
4640	4418	4606	4418	
4675	4444	4582	4444	
4745	4487	4654	4487	
4799	4523	4648	4523	
4878	4564	4677	4564	
4982	4667	4747	4667	
5002	4668	4606	4668	
4900	4552	4606	4552	
4825	4538	4593	4538	
4770	4518	4601	4518	
4742	4515	4609	4515	
4700	4490	4612	4490	
4690	4470	4593	4470	
4680	4469	4568	4469	
4629	4452	4557	4452	
4592	4422	4512	4422	
4586	4425	4507	4425	
4523	4394	4483	4394	
4502	4390	4457	4390	
4490	4366	4420	4366	
4463	4360	4443	4360	
4448	4348	4436	4348	
4431	4319	4399	4319	
4426	4317	4399	4317	
4423	4326	4410	4326	
4398	4296	4366	4296	
4401	4302	4385	4302	
4405	4303	4398	4303	
4417	4320	4413	4320	
4434	4326	4415	4326	
4455	4316	4470	4316	
4476	4335	4470	4335	
4509	4346	4476	4346	
4520	4349	4511	4349	
4545	4362	4484	4362	
4569	4373	4525	4373	
4607	4404	4545	4404	
4626	4417	4584	4417	
4674	4419	4595	4419	
4722	4453	4628	4453	
4768	4480	4643	4480	
4853	4539	4633	4539	
4923	4607	4641	4607	
5110	4739	4747	4739	
5111	4789	4797	4789	
4957	4685	4712	4685	
4877	4663	4727	4663	
4848	4642	4744	4642	
4795	4615	4750	4615	
4782	4613	4724	4613	
4742	4572	4678	4572	
4731	4569	4685	4569	
4725	4568	4657	4568	
4666	4524	4649	4524	
4658	4529	4639	4529	
4606	4506	4648	4506	
4600	4504	4595	4504	
4563	4484	4576	4484	
4548	4462	4539	4462	
4536	4459	4527	4459	
4529	4443	4517	4443	
4502	4422	4511	4422	
4513	4427	4522	4427	
4515	4399	4489	4399	
4506	4401	4498	4401	
4503	4402	4505	4402	
4499	4400	4530	4400	
4511	4432	4559	4432	
4546	4444	4578	4444	
4544	4427	4582	4427	
4567	4443	4581	4443	
4604	4455	4595	4455	
4612	4444	4611	4444	
4657	4472	4593	4472	
4685	4484	4621	4484	
4698	4495	4643	4495	
4741	4521	4708	4521	
4794	4548	4708	4548	
4869	4596	4686	4596	
4970	4649	4780	4649	
5078	4763	4797	4763	
5225	4883	4777	4883	
                                                                                                                                                                                                                                                                                                                                                                                                                                                                                                                                                                                                                                                                                                                                                                                                                                                                                                                                                                                                                                                                                                                                                                                                                                                                                                                                                                                                                                                                                                                                                                                                                                                                                                                                                                                                                                                                                                                                                                                                                                                                                                                                                                                                                                                                                                                                                                                                                                                                                                                                                                                                                                                                                                                                                                                                                                                                                                                                                                                                                                                                                                                                                                                                                                                                                                                                                                                                                                                                                                                                                                                                                                                                                                                                                                                                                                                                                                                                                                                                                                                                                                                    