  4.8568257e+001
  4.8568257e+001
  4.8568257e+001
  4.8568257e+001
  4.8568257e+001
  4.8568257e+001
  4.8568257e+001
  4.8568257e+001
  4.8568257e+001
  4.8568257e+001
  4.8568257e+001
  4.9400632e+001
  5.0233006e+001
  5.1065381e+001
  5.1897755e+001
  5.2730129e+001
  5.3562504e+001
  5.4394878e+001
  5.5227253e+001
  5.6059627e+001
  5.6892002e+001
  5.7724376e+001
  5.8556751e+001
  5.9389125e+001
  6.0221500e+001
  6.1053874e+001
  6.1886249e+001
  6.2718623e+001
  6.3550998e+001
  6.4383372e+001
  6.5215747e+001
  6.6048121e+001
  6.6880495e+001
  6.7712870e+001
  6.8545244e+001
  6.9377619e+001
  7.0209993e+001
  7.1042368e+001
  7.1874742e+001
  7.2707117e+001
  7.3539491e+001
  7.4371866e+001
  7.5204240e+001
  7.6036615e+001
  7.6868989e+001
  7.7701364e+001
  7.8533738e+001
  7.9366113e+001
  8.0198487e+001
  8.1030862e+001
  8.1863236e+001
  8.2695610e+001
  8.3527985e+001
  8.4360359e+001
  8.5192734e+001
  8.6025108e+001
  8.6857483e+001
  8.7689857e+001
  8.8522232e+001
  8.9354606e+001
  9.0186981e+001
  9.1019355e+001
  9.1851730e+001
  9.2684104e+001
  9.3516479e+001
  9.4348853e+001
  9.5181228e+001
  9.6013602e+001
  9.6845977e+001
  9.7678351e+001
  9.8510725e+001
  9.9343100e+001
  1.0017547e+002
  1.0100785e+002
  1.0184022e+002
  1.0267260e+002
  1.0350497e+002
  1.0433735e+002
  1.0516972e+002
  1.0600210e+002
  1.0683447e+002
  1.0766684e+002
  1.0849922e+002
  1.0933159e+002
  1.1016397e+002
  1.1099634e+002
  1.1182872e+002
  1.1266109e+002
  1.1349347e+002
  1.1432584e+002
  1.1515821e+002
  1.1599059e+002
  1.1682296e+002
  1.1765534e+002
  1.1848771e+002
  1.1932009e+002
  1.2015246e+002
  1.2098484e+002
  1.2181721e+002
  1.2264959e+002
  1.2348196e+002
  1.2431433e+002
  1.2514671e+002
  1.2597908e+002
  1.2681146e+002
  1.2764383e+002
  1.2847621e+002
  1.2930858e+002
  1.3014096e+002
  1.3097333e+002
  1.3180570e+002
  1.3263808e+002
  1.3347045e+002
  1.3430283e+002
  1.3513520e+002
  1.3596758e+002
  1.3679995e+002
  1.3763233e+002
  1.3846470e+002
  1.3929707e+002
  1.4012945e+002
  1.4096182e+002
  1.4179420e+002
  1.4262657e+002
  1.4345895e+002
  1.4429132e+002
  1.4512370e+002
  1.4595607e+002
  1.4678844e+002
  1.4762082e+002
  1.4842507e+002
  1.4763079e+002
  1.4683652e+002
  1.4604225e+002
  1.4524797e+002
  1.4445370e+002
  1.4365943e+002
  1.4286515e+002
  1.4207088e+002
  1.4127660e+002
  1.4048233e+002
  1.3968806e+002
  1.3889378e+002
  1.3809951e+002
  1.3730524e+002
  1.3651096e+002
  1.3571669e+002
  1.3492241e+002
  1.3412814e+002
  1.3333387e+002
  1.3253959e+002
  1.3174532e+002
  1.3095104e+002
  1.3015677e+002
  1.2936250e+002
  1.2856822e+002
  1.2777395e+002
  1.2697968e+002
  1.2618540e+002
  1.2539113e+002
  1.2459685e+002
  1.2380258e+002
  1.2300831e+002
  1.2221403e+002
  1.2141976e+002
  1.2062549e+002
  1.1983121e+002
  1.1903694e+002
  1.1824266e+002
  1.1744839e+002
  1.1665412e+002
  1.1585984e+002
  1.1506557e+002
  1.1427130e+002
  1.1347702e+002
  1.1268275e+002
  1.1188847e+002
  1.1109420e+002
  1.1029993e+002
  1.0950565e+002
  1.0871138e+002
  1.0791710e+002
  1.0712283e+002
  1.0632856e+002
  1.0553428e+002
  1.0474001e+002
  1.0394574e+002
  1.0315146e+002
  1.0235719e+002
  1.0156291e+002
  1.0076864e+002
  9.9974367e+001
  9.9180093e+001
  9.8385819e+001
  9.7591546e+001
  9.6797272e+001
  9.6002998e+001
  9.5208724e+001
  9.4414450e+001
  9.3620177e+001
  9.2825903e+001
  9.2031629e+001
  9.1237355e+001
  9.0443081e+001
  8.9648808e+001
  8.8854534e+001
  8.8060260e+001
  8.7265986e+001
  8.6471712e+001
  8.5677439e+001
  8.4883165e+001
  8.4088891e+001
  8.3294617e+001
  8.2500344e+001
  8.1706070e+001
  8.0911796e+001
  8.0117522e+001
  7.9323248e+001
  7.8528975e+001
  7.7734701e+001
  7.6940427e+001
  7.6146153e+001
  7.5351879e+001
  7.4557606e+001
  7.3763332e+001
  7.2969058e+001
  7.2174784e+001
  7.1380510e+001
  7.0586237e+001
  6.9791963e+001
  6.8997689e+001
  6.8203415e+001
  6.7409141e+001
  6.6614868e+001
  6.5820594e+001
  6.5026320e+001
  6.4232046e+001
  6.3437772e+001
  6.2643499e+001
  6.1849225e+001
  6.1054951e+001
  6.0260677e+001
  5.9466404e+001
  5.8672130e+001
  5.7877856e+001
  5.7083582e+001
  5.6289308e+001
  5.5495035e+001
  5.4700761e+001
  5.3906487e+001
  5.3112213e+001
  5.2317939e+001
  5.1523666e+001
  5.0729392e+001
  4.9935118e+001
  4.9140844e+001
