  1.2500000e-001
  8.1250000e-001
  1.5000000e+000
  2.1875000e+000
  2.8125000e+000
  3.5000000e+000
  4.1250000e+000
  4.8125000e+000
  5.4375000e+000
  6.0625000e+000
  6.7500000e+000
  7.3750000e+000
  8.0000000e+000
  8.5625000e+000
  9.1875000e+000
  9.8125000e+000
  1.0375000e+001
  1.1000000e+001
  1.1562500e+001
  1.2187500e+001
  1.2750000e+001
  1.3312500e+001
  1.3875000e+001
  1.4437500e+001
  1.5000000e+001
  1.5562500e+001
  1.6062500e+001
  1.6625000e+001
  1.7125000e+001
  1.7687500e+001
  1.8187500e+001
  1.8687500e+001
  1.9187500e+001
  1.9687500e+001
  2.0187500e+001
  2.0687500e+001
  2.1187500e+001
  2.1687500e+001
  2.2125000e+001
  2.2625000e+001
  2.3062500e+001
  2.3500000e+001
  2.3937500e+001
  2.4437500e+001
  2.4875000e+001
  2.5250000e+001
  2.5687500e+001
  2.6125000e+001
  2.6562500e+001
  2.6937500e+001
  2.7375000e+001
  2.7750000e+001
  2.8125000e+001
  2.8500000e+001
  2.8937500e+001
  2.9312500e+001
  2.9625000e+001
  3.0000000e+001
  3.0375000e+001
  3.0750000e+001
  3.1062500e+001
  3.1437500e+001
  3.1750000e+001
  3.2062500e+001
  3.2375000e+001
  3.2687500e+001
  3.3000000e+001
  3.3312500e+001
  3.3625000e+001
  3.3937500e+001
  3.4187500e+001
  3.4500000e+001
  3.4750000e+001
  3.5000000e+001
  3.5312500e+001
  3.5562500e+001
  3.5812500e+001
  3.6062500e+001
  3.6312500e+001
  3.6500000e+001
  3.6750000e+001
  3.7000000e+001
  3.7187500e+001
  3.7437500e+001
  3.7625000e+001
  3.7812500e+001
  3.8000000e+001
  3.8187500e+001
  3.8375000e+001
  3.8562500e+001
  3.8750000e+001
  3.8875000e+001
  3.9062500e+001
  3.9250000e+001
  3.9375000e+001
  3.9500000e+001
  3.9625000e+001
  3.9812500e+001
  3.9937500e+001
  4.0000000e+001
  4.0125000e+001
  4.0250000e+001
  4.0375000e+001
  4.0437500e+001
  4.0562500e+001
  4.0625000e+001
  4.0687500e+001
  4.0750000e+001
  4.0875000e+001
  4.0937500e+001
  4.0937500e+001
  4.1000000e+001
  4.1062500e+001
  4.1125000e+001
  4.1125000e+001
  4.1187500e+001
  4.1187500e+001
  4.1187500e+001
  4.1187500e+001
  4.1187500e+001
  4.1187500e+001
  4.1187500e+001
  4.1187500e+001
  4.1187500e+001
  4.1187500e+001
  4.1187500e+001
  4.1187500e+001
  4.1187500e+001
  4.1187500e+001
  4.1187500e+001
  4.1187500e+001
  4.1187500e+001
  4.1187500e+001
  4.1187500e+001
  4.1187500e+001
  4.1187500e+001
  4.1187500e+001
  4.1187500e+001
  4.1187500e+001
  4.1187500e+001
  4.1187500e+001
  4.1187500e+001
  4.1187500e+001
  4.1187500e+001
  4.1187500e+001
  4.1187500e+001
  4.1187500e+001
  4.1187500e+001
  4.1187500e+001
  4.1187500e+001
  4.1187500e+001
  4.1187500e+001
  4.1187500e+001
  4.1187500e+001
  4.1187500e+001
  4.1187500e+001
  4.1187500e+001
  4.1187500e+001
  4.1187500e+001
  4.1187500e+001
  4.1187500e+001
  4.1187500e+001
  4.1187500e+001
  4.1187500e+001
  4.1187500e+001
  4.1187500e+001
  4.1187500e+001
  4.1187500e+001
  4.1187500e+001
  4.1187500e+001
  4.1187500e+001
  4.1187500e+001
  4.1187500e+001
  4.1187500e+001
  4.1187500e+001
  4.1187500e+001
  4.1187500e+001
  4.1187500e+001
  4.1187500e+001
  4.1187500e+001
  4.1187500e+001
  4.1187500e+001
  4.1187500e+001
  4.1187500e+001
  4.1187500e+001
  4.1187500e+001
  4.1187500e+001
  4.1187500e+001
  4.1187500e+001
  4.1187500e+001
  4.1187500e+001
  4.1187500e+001
  4.1187500e+001
  4.1187500e+001
  4.1187500e+001
  4.1187500e+001
  4.1187500e+001
  4.1187500e+001
  4.1187500e+001
  4.1187500e+001
  4.1187500e+001
  4.1187500e+001
  4.1187500e+001
  4.1187500e+001
  4.1187500e+001
  4.1187500e+001
  4.1187500e+001
  4.1187500e+001
  4.1187500e+001
  4.1187500e+001
  4.1187500e+001
  4.1187500e+001
  4.1187500e+001
  4.1187500e+001
  4.1187500e+001
  4.1187500e+001
  4.1187500e+001
  4.1187500e+001
  4.1187500e+001
  4.1187500e+001
  4.1187500e+001
  4.1187500e+001
  4.1187500e+001
  4.1187500e+001
  4.1187500e+001
  4.1187500e+001
  4.1187500e+001
  4.1187500e+001
  4.1187500e+001
  4.1187500e+001
  4.1187500e+001
  4.1187500e+001
  4.1187500e+001
  4.1187500e+001
  4.1187500e+001
  4.1187500e+001
  4.1187500e+001
  4.1187500e+001
  4.1187500e+001
  4.1187500e+001
  4.1187500e+001
  4.1187500e+001
  4.1187500e+001
  4.1187500e+001
  4.1187500e+001
  4.1187500e+001
  4.1187500e+001
  4.1187500e+001
  4.1187500e+001
  4.1187500e+001
  4.1187500e+001
  4.1187500e+001
  4.1187500e+001
  4.1187500e+001
  4.1187500e+001
  4.1187500e+001
