2.04E+02
2.04E+02
2.04E+02
2.04E+02
2.04E+02
2.04E+02
2.04E+02
2.04E+02
2.04E+02
2.04E+02
2.04E+02
2.03E+02
2.00E+02
1.95E+02
1.89E+02
1.82E+02
1.74E+02
1.66E+02
1.58E+02
1.50E+02
1.40E+02
1.31E+02
1.22E+02
1.14E+02
1.06E+02
9.84E+01
9.20E+01
8.48E+01
7.84E+01
7.28E+01
6.72E+01
6.24E+01
5.76E+01
5.28E+01
4.88E+01
4.48E+01
4.08E+01
3.76E+01
3.44E+01
3.20E+01
2.88E+01
2.64E+01
2.40E+01
2.24E+01
2.08E+01
1.92E+01
1.76E+01
1.68E+01
1.52E+01
1.44E+01
1.36E+01
1.36E+01
1.28E+01
1.28E+01
1.28E+01
1.28E+01
1.28E+01
1.28E+01
1.28E+01
1.28E+01
1.28E+01
1.28E+01
1.28E+01
1.28E+01
1.28E+01
1.28E+01
1.28E+01
1.28E+01
1.28E+01
1.28E+01
1.28E+01
1.28E+01
1.28E+01
1.28E+01
1.28E+01
1.28E+01
1.28E+01
1.28E+01
1.28E+01
1.28E+01
1.28E+01
1.28E+01
1.28E+01
1.28E+01
1.28E+01
1.28E+01
1.28E+01
1.28E+01
1.28E+01
1.28E+01
1.28E+01
1.28E+01
1.28E+01
1.28E+01
1.28E+01
1.28E+01
1.28E+01
1.28E+01
1.28E+01
1.28E+01
1.28E+01
1.28E+01
1.28E+01
1.28E+01
1.28E+01
1.28E+01
1.28E+01
1.28E+01
1.28E+01
1.28E+01
1.28E+01
1.28E+01
1.28E+01
1.28E+01
1.28E+01
1.28E+01
1.28E+01
1.28E+01
1.28E+01
1.28E+01
1.28E+01
1.28E+01
1.28E+01
1.28E+01
1.28E+01
1.28E+01
1.28E+01
1.28E+01
