  4.2137495e+001
  4.2137495e+001
  4.2137495e+001
  4.2137495e+001
  4.2137495e+001
  4.2137495e+001
  4.2137495e+001
  4.2137495e+001
  4.2137495e+001
  4.2137495e+001
  4.2137495e+001
  4.3870906e+001
  4.5604316e+001
  4.7337726e+001
  4.9071136e+001
  5.0804546e+001
  5.2537956e+001
  5.4271366e+001
  5.6004776e+001
  5.7738187e+001
  5.9471597e+001
  6.1205007e+001
  6.2938417e+001
  6.4671827e+001
  6.6405237e+001
  6.8138647e+001
  6.9872057e+001
  7.1605467e+001
  7.3338878e+001
  7.5072288e+001
  7.6805698e+001
  7.8539108e+001
  8.0272518e+001
  8.2005928e+001
  8.3739338e+001
  8.5472748e+001
  8.6022542e+001
  8.5729392e+001
  8.5436243e+001
  8.5143093e+001
  8.4849943e+001
  8.4556794e+001
  8.4263644e+001
  8.3970495e+001
  8.3677345e+001
  8.3384195e+001
  8.3091046e+001
  8.2797896e+001
  8.2504747e+001
  8.2211597e+001
  8.1918447e+001
  8.1625298e+001
  8.1332148e+001
  8.1038998e+001
  8.0745849e+001
  8.0452699e+001
  8.0159550e+001
  7.9866400e+001
  7.9573250e+001
  7.9280101e+001
  7.8986951e+001
  7.8693802e+001
  7.8400652e+001
  7.8107502e+001
  7.7814353e+001
  7.7521203e+001
  7.7228053e+001
  7.6934904e+001
  7.6641754e+001
  7.6348605e+001
  7.6055455e+001
  7.5762305e+001
  7.5469156e+001
  7.5176006e+001
  7.4882857e+001
  7.4589707e+001
  7.4296557e+001
  7.4003408e+001
  7.3710258e+001
  7.3417108e+001
  7.3123959e+001
  7.2830809e+001
  7.2537660e+001
  7.2244510e+001
  7.1951360e+001
  7.1658211e+001
  7.1365061e+001
  7.1071912e+001
  7.0778762e+001
  7.0485612e+001
  7.0192463e+001
  6.9899313e+001
  6.9606164e+001
  6.9313014e+001
  6.9019864e+001
  6.8726715e+001
  6.8433565e+001
  6.8140415e+001
  6.7847266e+001
  6.7554116e+001
  6.7260967e+001
  6.6967817e+001
  6.6674667e+001
  6.6381518e+001
  6.6088368e+001
  6.5795219e+001
  6.5502069e+001
  6.5208919e+001
  6.4915770e+001
  6.4622620e+001
  6.4329470e+001
  6.4036321e+001
  6.3743171e+001
  6.3450022e+001
  6.3156872e+001
  6.2863722e+001
  6.2570573e+001
  6.2277423e+001
  6.1984274e+001
  6.1691124e+001
  6.1397974e+001
  6.1104825e+001
  6.0811675e+001
  6.0518525e+001
  6.0225376e+001
  5.9932226e+001
  5.9639077e+001
  5.9345927e+001
  5.9052777e+001
  5.8759628e+001
  5.8466478e+001
  5.8173329e+001
  5.7880179e+001
  5.7587029e+001
  5.7293880e+001
  5.7000730e+001
  5.6707580e+001
  5.6414431e+001
  5.6121281e+001
  5.5828132e+001
  5.5534982e+001
  5.5241832e+001
  5.4948683e+001
  5.4655533e+001
  5.4362384e+001
  5.4069234e+001
  5.3776084e+001
  5.3482935e+001
  5.3189785e+001
  5.2896635e+001
  5.2603486e+001
  5.2310336e+001
  5.2017187e+001
  5.1724037e+001
  5.1430887e+001
  5.1137738e+001
  5.0844588e+001
  5.0551439e+001
  5.0258289e+001
  4.9965139e+001
  4.9671990e+001
  4.9378840e+001
  4.9085690e+001
  4.8792541e+001
  4.8499391e+001
  4.8206242e+001
  4.7913092e+001
  4.7619942e+001
  4.7326793e+001
  4.7033643e+001
  4.6740494e+001
  4.6447344e+001
  4.6154194e+001
  4.5861045e+001
  4.5567895e+001
  4.5274745e+001
  4.4981596e+001
  4.4688446e+001
  4.4395297e+001
  4.4102147e+001
  4.3808997e+001
  4.3515848e+001
  4.3222698e+001
  4.2929549e+001
  4.2636399e+001
  4.2343249e+001
  4.2050100e+001
  4.1756950e+001
  4.1463800e+001
  4.1170651e+001
  4.0877501e+001
  4.0584352e+001
  4.0291202e+001
  3.9998052e+001
  3.9704903e+001
  3.9411753e+001
  3.9118604e+001
  3.8825454e+001
  3.8532304e+001
  3.8239155e+001
  3.7946005e+001
  3.7652855e+001
  3.7359706e+001
  3.7066556e+001
  3.6773407e+001
  3.6480257e+001
  3.6187107e+001
  3.5893958e+001
  3.5600808e+001
  3.5307659e+001
  3.5014509e+001
  3.4721359e+001
  3.4428210e+001
  3.4135060e+001
  3.3841910e+001
  3.3548761e+001
  3.3255611e+001
  3.2962462e+001
  3.2669312e+001
  3.2376162e+001
  3.2083013e+001
  3.1789863e+001
  3.1496714e+001
  3.1203564e+001
  3.0910414e+001
  3.0617265e+001
  3.0324115e+001
  3.0030965e+001
  2.9737816e+001
  2.9444666e+001
  2.9151517e+001
  2.8858367e+001
  2.8565217e+001
  2.8272068e+001
  2.7978918e+001
  2.7685769e+001
  2.7392619e+001
  2.7099469e+001
  2.6806320e+001
  2.6513170e+001
  2.6220020e+001
  2.5926871e+001
  2.5633721e+001
  2.5340572e+001
  2.5047422e+001
  2.4754272e+001
  2.4461123e+001
  2.4167973e+001
  2.3874824e+001
  2.3581674e+001
  2.3288524e+001
  2.2995375e+001
  2.2702225e+001
  2.2409075e+001
  2.2115926e+001
  2.1822776e+001
