  5.0723941e+001
  5.0723941e+001
  5.0723941e+001
  5.0723941e+001
  5.0723941e+001
  5.0723941e+001
  5.0723941e+001
  5.0723941e+001
  5.0723941e+001
  5.0723941e+001
  5.0723941e+001
  5.4044188e+001
  5.7364435e+001
  6.0684682e+001
  6.4004928e+001
  6.7325175e+001
  7.0645422e+001
  7.3965669e+001
  7.7285915e+001
  8.0606162e+001
  8.3926409e+001
  8.7246656e+001
  9.0566902e+001
  9.3887149e+001
  9.7207396e+001
  1.0052764e+002
  1.0384789e+002
  1.0716814e+002
  1.1048838e+002
  1.1380863e+002
  1.1712888e+002
  1.2044912e+002
  1.2376937e+002
  1.2708962e+002
  1.3040986e+002
  1.3056841e+002
  1.3012560e+002
  1.2968278e+002
  1.2923996e+002
  1.2879715e+002
  1.2835433e+002
  1.2791151e+002
  1.2746869e+002
  1.2702588e+002
  1.2658306e+002
  1.2614024e+002
  1.2569742e+002
  1.2525461e+002
  1.2481179e+002
  1.2436897e+002
  1.2392616e+002
  1.2348334e+002
  1.2304052e+002
  1.2259770e+002
  1.2215489e+002
  1.2171207e+002
  1.2126925e+002
  1.2082643e+002
  1.2038362e+002
  1.1994080e+002
  1.1949798e+002
  1.1905517e+002
  1.1861235e+002
  1.1816953e+002
  1.1772671e+002
  1.1728390e+002
  1.1684108e+002
  1.1639826e+002
  1.1595544e+002
  1.1551263e+002
  1.1506981e+002
  1.1462699e+002
  1.1418418e+002
  1.1374136e+002
  1.1329854e+002
  1.1285572e+002
  1.1241291e+002
  1.1197009e+002
  1.1152727e+002
  1.1108445e+002
  1.1064164e+002
  1.1019882e+002
  1.0975600e+002
  1.0931319e+002
  1.0887037e+002
  1.0842755e+002
  1.0798473e+002
  1.0754192e+002
  1.0709910e+002
  1.0665628e+002
  1.0621346e+002
  1.0577065e+002
  1.0532783e+002
  1.0488501e+002
  1.0444220e+002
  1.0399938e+002
  1.0355656e+002
  1.0311374e+002
  1.0267093e+002
  1.0222811e+002
  1.0178529e+002
  1.0134247e+002
  1.0089966e+002
  1.0045684e+002
  1.0001402e+002
  9.9571206e+001
  9.9128389e+001
  9.8685571e+001
  9.8242754e+001
  9.7799937e+001
  9.7357120e+001
  9.6914302e+001
  9.6471485e+001
  9.6028668e+001
  9.5585851e+001
  9.5143033e+001
  9.4700216e+001
  9.4257399e+001
  9.3814581e+001
  9.3371764e+001
  9.2928947e+001
  9.2486130e+001
  9.2043312e+001
  9.1600495e+001
  9.1157678e+001
  9.0714861e+001
  9.0272043e+001
  8.9829226e+001
  8.9386409e+001
  8.8943592e+001
  8.8500774e+001
  8.8057957e+001
  8.7615140e+001
  8.7172322e+001
  8.6729505e+001
  8.6286688e+001
  8.5843871e+001
  8.5401053e+001
  8.4958236e+001
  8.4515419e+001
  8.4072602e+001
  8.3629784e+001
  8.3186967e+001
  8.2744150e+001
  8.2301333e+001
  8.1858515e+001
  8.1415698e+001
  8.0972881e+001
  8.0530064e+001
  8.0087246e+001
  7.9644429e+001
  7.9201612e+001
  7.8758794e+001
  7.8315977e+001
  7.7873160e+001
  7.7430343e+001
  7.6987525e+001
  7.6544708e+001
  7.6101891e+001
  7.5659074e+001
  7.5216256e+001
  7.4773439e+001
  7.4330622e+001
  7.3887805e+001
  7.3444987e+001
  7.3002170e+001
  7.2559353e+001
  7.2116535e+001
  7.1673718e+001
  7.1230901e+001
  7.0788084e+001
  7.0345266e+001
  6.9902449e+001
  6.9459632e+001
  6.9016815e+001
  6.8573997e+001
  6.8131180e+001
  6.7688363e+001
  6.7245546e+001
  6.6802728e+001
  6.6359911e+001
  6.5917094e+001
  6.5474277e+001
  6.5031459e+001
  6.4588642e+001
  6.4145825e+001
  6.3703007e+001
  6.3260190e+001
  6.2817373e+001
  6.2374556e+001
  6.1931738e+001
  6.1488921e+001
  6.1046104e+001
  6.0603287e+001
  6.0160469e+001
  5.9717652e+001
  5.9274835e+001
  5.8832018e+001
  5.8389200e+001
  5.7946383e+001
  5.7503566e+001
  5.7060748e+001
  5.6617931e+001
  5.6175114e+001
  5.5732297e+001
  5.5289479e+001
  5.4846662e+001
  5.4403845e+001
  5.3961028e+001
  5.3518210e+001
  5.3075393e+001
  5.2632576e+001
  5.2189759e+001
  5.1746941e+001
  5.1304124e+001
  5.0861307e+001
  5.0418490e+001
  4.9975672e+001
  4.9532855e+001
  4.9090038e+001
  4.8647220e+001
  4.8204403e+001
  4.7761586e+001
  4.7318769e+001
  4.6875951e+001
  4.6433134e+001
  4.5990317e+001
  4.5547500e+001
  4.5104682e+001
  4.4661865e+001
  4.4219048e+001
  4.3776231e+001
  4.3333413e+001
  4.2890596e+001
  4.2447779e+001
  4.2004961e+001
  4.1562144e+001
  4.1119327e+001
  4.0676510e+001
  4.0233692e+001
  3.9790875e+001
  3.9348058e+001
  3.8905241e+001
  3.8462423e+001
  3.8019606e+001
  3.7576789e+001
  3.7133972e+001
  3.6691154e+001
  3.6248337e+001
  3.5805520e+001
  3.5362703e+001
  3.4919885e+001
  3.4477068e+001
  3.4034251e+001
  3.3591433e+001
  3.3148616e+001
