  1.9617923e+001
  1.9617923e+001
  1.9617923e+001
  1.9617923e+001
  1.9617923e+001
  1.9617923e+001
  1.9617923e+001
  1.9617923e+001
  1.9617923e+001
  1.9617923e+001
  1.9617923e+001
  1.9617923e+001
  1.9617923e+001
  1.9617923e+001
  1.9617923e+001
  1.9749281e+001
  2.0449859e+001
  2.1150437e+001
  2.1851014e+001
  2.2551592e+001
  2.3252170e+001
  2.3952747e+001
  2.4653325e+001
  2.5353903e+001
  2.6054480e+001
  2.6755058e+001
  2.7455636e+001
  2.8156214e+001
  2.8856791e+001
  2.9557369e+001
  3.0257947e+001
  3.0958524e+001
  3.1659102e+001
  3.2359680e+001
  3.3060257e+001
  3.3760835e+001
  3.4461413e+001
  3.5161990e+001
  3.5862568e+001
  3.6563146e+001
  3.7263723e+001
  3.7964301e+001
  3.8664879e+001
  3.9365456e+001
  4.0066034e+001
  4.0766612e+001
  4.1467190e+001
  4.2167767e+001
  4.2868345e+001
  4.3568923e+001
  4.4269500e+001
  4.4970078e+001
  4.5670656e+001
  4.6371233e+001
  4.7071811e+001
  4.7772389e+001
  4.8472966e+001
  4.9173544e+001
  4.9874122e+001
  5.0574699e+001
  5.1275277e+001
  5.1975855e+001
  5.2676432e+001
  5.3377010e+001
  5.4077588e+001
  5.4778166e+001
  5.5478743e+001
  5.6179321e+001
  5.6879899e+001
  5.7580476e+001
  5.8281054e+001
  5.8981632e+001
  5.9682209e+001
  6.0382787e+001
  6.0819216e+001
  6.0568595e+001
  6.0317974e+001
  6.0067354e+001
  5.9816733e+001
  5.9566112e+001
  5.9315491e+001
  5.9064870e+001
  5.8814249e+001
  5.8563629e+001
  5.8313008e+001
  5.8062387e+001
  5.7811766e+001
  5.7561145e+001
  5.7310524e+001
  5.7059903e+001
  5.6809283e+001
  5.6558662e+001
  5.6308041e+001
  5.6057420e+001
  5.5806799e+001
  5.5556178e+001
  5.5305557e+001
  5.5054937e+001
  5.4804316e+001
  5.4553695e+001
  5.4303074e+001
  5.4052453e+001
  5.3801832e+001
  5.3551211e+001
  5.3300591e+001
  5.3049970e+001
  5.2799349e+001
  5.2548728e+001
  5.2298107e+001
  5.2047486e+001
  5.1796865e+001
  5.1546245e+001
  5.1295624e+001
  5.1045003e+001
  5.0794382e+001
  5.0543761e+001
  5.0293140e+001
  5.0042520e+001
  4.9791899e+001
  4.9541278e+001
  4.9290657e+001
  4.9040036e+001
  4.8789415e+001
  4.8538794e+001
  4.8288174e+001
  4.8037553e+001
  4.7786932e+001
  4.7536311e+001
  4.7285690e+001
  4.7035069e+001
  4.6784448e+001
  4.6533828e+001
  4.6283207e+001
  4.6032586e+001
  4.5781965e+001
  4.5531344e+001
  4.5280723e+001
  4.5030102e+001
  4.4779482e+001
  4.4528861e+001
  4.4278240e+001
  4.4027619e+001
  4.3776998e+001
  4.3526377e+001
  4.3275756e+001
  4.3025136e+001
  4.2774515e+001
  4.2523894e+001
  4.2273273e+001
  4.2022652e+001
  4.1772031e+001
  4.1521411e+001
  4.1270790e+001
  4.1020169e+001
  4.0769548e+001
  4.0518927e+001
  4.0268306e+001
  4.0017685e+001
  3.9767065e+001
  3.9516444e+001
  3.9265823e+001
  3.9015202e+001
  3.8764581e+001
  3.8513960e+001
  3.8263339e+001
  3.8012719e+001
  3.7762098e+001
  3.7511477e+001
  3.7260856e+001
  3.7010235e+001
  3.6759614e+001
  3.6508993e+001
  3.6258373e+001
  3.6007752e+001
  3.5757131e+001
  3.5506510e+001
  3.5255889e+001
  3.5005268e+001
  3.4754647e+001
  3.4504027e+001
  3.4253406e+001
  3.4002785e+001
  3.3752164e+001
  3.3501543e+001
  3.3250922e+001
  3.3000302e+001
  3.2749681e+001
  3.2499060e+001
  3.2248439e+001
  3.1997818e+001
  3.1747197e+001
  3.1496576e+001
  3.1245956e+001
  3.0995335e+001
  3.0744714e+001
  3.0494093e+001
  3.0243472e+001
  2.9992851e+001
  2.9742230e+001
  2.9491610e+001
  2.9240989e+001
  2.8990368e+001
  2.8739747e+001
  2.8489126e+001
  2.8238505e+001
  2.7987884e+001
  2.7737264e+001
  2.7486643e+001
  2.7236022e+001
  2.6985401e+001
  2.6734780e+001
  2.6484159e+001
  2.6233538e+001
  2.5982918e+001
  2.5732297e+001
  2.5481676e+001
  2.5231055e+001
  2.4980434e+001
  2.4729813e+001
  2.4479193e+001
  2.4228572e+001
  2.3977951e+001
  2.3727330e+001
  2.3476709e+001
  2.3226088e+001
  2.2975467e+001
  2.2724847e+001
  2.2474226e+001
  2.2223605e+001
  2.1972984e+001
  2.1722363e+001
  2.1471742e+001
  2.1221121e+001
  2.0970501e+001
  2.0719880e+001
  2.0469259e+001
  2.0218638e+001
  1.9968017e+001
  1.9717396e+001
  1.9466775e+001
  1.9216155e+001
  1.8965534e+001
  1.8714913e+001
  1.8464292e+001
  1.8213671e+001
  1.7963050e+001
  1.7712429e+001
  1.7461809e+001
  1.7211188e+001
  1.6960567e+001
  1.6709946e+001
  1.6459325e+001
  1.6208704e+001
  1.5958084e+001
  1.5707463e+001
  1.5456842e+001
