  7.1018189e+001
  7.1018189e+001
  7.1018189e+001
  7.1018189e+001
  7.1018189e+001
  7.1018189e+001
  7.1018189e+001
  7.1018189e+001
  7.1018189e+001
  7.1018189e+001
  7.1018189e+001
  7.2117692e+001
  7.3217194e+001
  7.4316697e+001
  7.5416200e+001
  7.6515703e+001
  7.7615205e+001
  7.8714708e+001
  7.9814211e+001
  8.0913713e+001
  8.2013216e+001
  8.3112719e+001
  8.4212222e+001
  8.5311724e+001
  8.6411227e+001
  8.7510730e+001
  8.8610233e+001
  8.9709735e+001
  9.0809238e+001
  9.1908741e+001
  9.3008244e+001
  9.4107746e+001
  9.5207249e+001
  9.6306752e+001
  9.7406255e+001
  9.8505757e+001
  9.9605260e+001
  1.0070476e+002
  1.0180427e+002
  1.0290377e+002
  1.0400327e+002
  1.0510277e+002
  1.0620228e+002
  1.0730178e+002
  1.0840128e+002
  1.0950078e+002
  1.1060029e+002
  1.1169979e+002
  1.1279929e+002
  1.1389880e+002
  1.1499830e+002
  1.1609780e+002
  1.1719730e+002
  1.1829681e+002
  1.1939631e+002
  1.2049581e+002
  1.2159531e+002
  1.2269482e+002
  1.2379432e+002
  1.2489382e+002
  1.2599333e+002
  1.2709283e+002
  1.2819233e+002
  1.2929183e+002
  1.3039134e+002
  1.3149084e+002
  1.3259034e+002
  1.3368984e+002
  1.3478935e+002
  1.3588885e+002
  1.3698835e+002
  1.3808786e+002
  1.3918736e+002
  1.4028686e+002
  1.4138636e+002
  1.4248587e+002
  1.4358537e+002
  1.4468487e+002
  1.4578437e+002
  1.4688388e+002
  1.4798338e+002
  1.4908288e+002
  1.5018239e+002
  1.5128189e+002
  1.5238139e+002
  1.5348089e+002
  1.5458040e+002
  1.5567990e+002
  1.5677940e+002
  1.5787891e+002
  1.5897841e+002
  1.6007791e+002
  1.6117741e+002
  1.6227692e+002
  1.6337642e+002
  1.6447592e+002
  1.6557542e+002
  1.6667493e+002
  1.6777443e+002
  1.6887393e+002
  1.6997344e+002
  1.7107294e+002
  1.7217244e+002
  1.7327194e+002
  1.7437145e+002
  1.7547095e+002
  1.7657045e+002
  1.7766995e+002
  1.7876946e+002
  1.7986896e+002
  1.8096846e+002
  1.8206797e+002
  1.8316747e+002
  1.8426697e+002
  1.8536647e+002
  1.8646598e+002
  1.8756548e+002
  1.8866498e+002
  1.8976448e+002
  1.9086399e+002
  1.9196349e+002
  1.9306299e+002
  1.9416250e+002
  1.9526200e+002
  1.9636150e+002
  1.9746100e+002
  1.9856051e+002
  1.9966001e+002
  2.0075951e+002
  2.0185901e+002
  2.0295852e+002
  2.0405802e+002
  2.0515752e+002
  2.0625703e+002
  2.0735653e+002
  2.0845603e+002
  2.0955553e+002
  2.1065504e+002
  2.1175454e+002
  2.1285404e+002
  2.1395354e+002
  2.1505305e+002
  2.1615255e+002
  2.1725205e+002
  2.1835156e+002
  2.1945106e+002
  2.2055056e+002
  2.2165006e+002
  2.2274957e+002
  2.2384907e+002
  2.2494857e+002
  2.2604807e+002
  2.2714758e+002
  2.2824708e+002
  2.2934658e+002
  2.3044609e+002
  2.3154559e+002
  2.3264509e+002
  2.3374459e+002
  2.3484410e+002
  2.3594360e+002
  2.3704310e+002
  2.3814260e+002
  2.3924211e+002
  2.4034161e+002
  2.4144111e+002
  2.4254062e+002
  2.4364012e+002
  2.4473962e+002
  2.4583912e+002
  2.4693863e+002
  2.4803813e+002
  2.4913763e+002
  2.5023713e+002
  2.5132729e+002
  2.4902682e+002
  2.4672634e+002
  2.4442587e+002
  2.4212539e+002
  2.3982492e+002
  2.3752444e+002
  2.3522397e+002
  2.3292350e+002
  2.3062302e+002
  2.2832255e+002
  2.2602207e+002
  2.2372160e+002
  2.2142112e+002
  2.1912065e+002
  2.1682017e+002
  2.1451970e+002
  2.1221923e+002
  2.0991875e+002
  2.0761828e+002
  2.0531780e+002
  2.0301733e+002
  2.0071685e+002
  1.9841638e+002
  1.9611591e+002
  1.9381543e+002
  1.9151496e+002
  1.8921448e+002
  1.8691401e+002
  1.8461353e+002
  1.8231306e+002
  1.8001258e+002
  1.7771211e+002
  1.7541164e+002
  1.7311116e+002
  1.7081069e+002
  1.6851021e+002
  1.6620974e+002
  1.6390926e+002
  1.6160879e+002
  1.5930831e+002
  1.5700784e+002
  1.5470737e+002
  1.5240689e+002
  1.5010642e+002
  1.4780594e+002
  1.4550547e+002
  1.4320499e+002
  1.4090452e+002
  1.3860405e+002
  1.3630357e+002
  1.3400310e+002
  1.3170262e+002
  1.2940215e+002
  1.2710167e+002
  1.2480120e+002
  1.2250072e+002
  1.2020025e+002
  1.1789978e+002
  1.1559930e+002
  1.1329883e+002
  1.1099835e+002
  1.0869788e+002
  1.0639740e+002
  1.0409693e+002
  1.0179645e+002
  9.9495981e+001
  9.7195506e+001
  9.4895032e+001
  9.2594557e+001
  9.0294083e+001
  8.7993609e+001
  8.5693134e+001
  8.3392660e+001
  8.1092185e+001
  7.8791711e+001
  7.6491237e+001
  7.4190762e+001
  7.1890288e+001
  6.9589814e+001
  6.7289339e+001
  6.4988865e+001
