  1.6334888e+001
  1.6334888e+001
  1.6334888e+001
  1.6334888e+001
  1.6334888e+001
  1.6334888e+001
  1.6334888e+001
  1.6334888e+001
  1.6334888e+001
  1.6334888e+001
  1.6334888e+001
  1.6334888e+001
  1.6334888e+001
  1.6334888e+001
  1.6334888e+001
  1.7616347e+001
  1.9080871e+001
  2.0545395e+001
  2.2009919e+001
  2.3474443e+001
  2.4938967e+001
  2.6403491e+001
  2.7868015e+001
  2.9332539e+001
  3.0797063e+001
  3.2261587e+001
  3.3726111e+001
  3.5190635e+001
  3.6655159e+001
  3.8119683e+001
  3.9584207e+001
  4.1048731e+001
  4.2513255e+001
  4.3977779e+001
  4.5442303e+001
  4.6906827e+001
  4.8371351e+001
  4.9835875e+001
  5.1300399e+001
  5.2764923e+001
  5.4229447e+001
  5.5693971e+001
  5.7158495e+001
  5.8623019e+001
  6.0087543e+001
  6.1099762e+001
  6.0882587e+001
  6.0665412e+001
  6.0448238e+001
  6.0231063e+001
  6.0013888e+001
  5.9796713e+001
  5.9579538e+001
  5.9362363e+001
  5.9145188e+001
  5.8928013e+001
  5.8710839e+001
  5.8493664e+001
  5.8276489e+001
  5.8059314e+001
  5.7842139e+001
  5.7624964e+001
  5.7407789e+001
  5.7190614e+001
  5.6973440e+001
  5.6756265e+001
  5.6539090e+001
  5.6321915e+001
  5.6104740e+001
  5.5887565e+001
  5.5670390e+001
  5.5453215e+001
  5.5236041e+001
  5.5018866e+001
  5.4801691e+001
  5.4584516e+001
  5.4367341e+001
  5.4150166e+001
  5.3932991e+001
  5.3715816e+001
  5.3498642e+001
  5.3281467e+001
  5.3064292e+001
  5.2847117e+001
  5.2629942e+001
  5.2412767e+001
  5.2195592e+001
  5.1978417e+001
  5.1761243e+001
  5.1544068e+001
  5.1326893e+001
  5.1109718e+001
  5.0892543e+001
  5.0675368e+001
  5.0458193e+001
  5.0241018e+001
  5.0023844e+001
  4.9806669e+001
  4.9589494e+001
  4.9372319e+001
  4.9155144e+001
  4.8937969e+001
  4.8720794e+001
  4.8503619e+001
  4.8286445e+001
  4.8069270e+001
  4.7852095e+001
  4.7634920e+001
  4.7417745e+001
  4.7200570e+001
  4.6983395e+001
  4.6766221e+001
  4.6549046e+001
  4.6331871e+001
  4.6114696e+001
  4.5897521e+001
  4.5680346e+001
  4.5463171e+001
  4.5245996e+001
  4.5028822e+001
  4.4811647e+001
  4.4594472e+001
  4.4377297e+001
  4.4160122e+001
  4.3942947e+001
  4.3725772e+001
  4.3508597e+001
  4.3291423e+001
  4.3074248e+001
  4.2857073e+001
  4.2639898e+001
  4.2422723e+001
  4.2205548e+001
  4.1988373e+001
  4.1771198e+001
  4.1554024e+001
  4.1336849e+001
  4.1119674e+001
  4.0902499e+001
  4.0685324e+001
  4.0468149e+001
  4.0250974e+001
  4.0033799e+001
  3.9816625e+001
  3.9599450e+001
  3.9382275e+001
  3.9165100e+001
  3.8947925e+001
  3.8730750e+001
  3.8513575e+001
  3.8296400e+001
  3.8079226e+001
  3.7862051e+001
  3.7644876e+001
  3.7427701e+001
  3.7210526e+001
  3.6993351e+001
  3.6776176e+001
  3.6559001e+001
  3.6341827e+001
  3.6124652e+001
  3.5907477e+001
  3.5690302e+001
  3.5473127e+001
  3.5255952e+001
  3.5038777e+001
  3.4821602e+001
  3.4604428e+001
  3.4387253e+001
  3.4170078e+001
  3.3952903e+001
  3.3735728e+001
  3.3518553e+001
  3.3301378e+001
  3.3084203e+001
  3.2867029e+001
  3.2649854e+001
  3.2432679e+001
  3.2215504e+001
  3.1998329e+001
  3.1781154e+001
  3.1563979e+001
  3.1346804e+001
  3.1129630e+001
  3.0912455e+001
  3.0695280e+001
  3.0478105e+001
  3.0260930e+001
  3.0043755e+001
  2.9826580e+001
  2.9609405e+001
  2.9392231e+001
  2.9175056e+001
  2.8957881e+001
  2.8740706e+001
  2.8523531e+001
  2.8306356e+001
  2.8089181e+001
  2.7872006e+001
  2.7654832e+001
  2.7437657e+001
  2.7220482e+001
  2.7003307e+001
  2.6786132e+001
  2.6568957e+001
  2.6351782e+001
  2.6134608e+001
  2.5917433e+001
  2.5700258e+001
  2.5483083e+001
  2.5265908e+001
  2.5048733e+001
  2.4831558e+001
  2.4614383e+001
  2.4397209e+001
  2.4180034e+001
  2.3962859e+001
  2.3745684e+001
  2.3528509e+001
  2.3311334e+001
  2.3094159e+001
  2.2876984e+001
  2.2659810e+001
  2.2442635e+001
  2.2225460e+001
  2.2008285e+001
  2.1791110e+001
  2.1573935e+001
  2.1356760e+001
  2.1139585e+001
  2.0922411e+001
  2.0705236e+001
  2.0488061e+001
  2.0270886e+001
  2.0053711e+001
  1.9836536e+001
  1.9619361e+001
  1.9402186e+001
  1.9185012e+001
  1.8967837e+001
  1.8750662e+001
  1.8533487e+001
  1.8316312e+001
  1.8099137e+001
  1.7881962e+001
  1.7664787e+001
  1.7447613e+001
  1.7230438e+001
  1.7013263e+001
  1.6796088e+001
  1.6578913e+001
  1.6361738e+001
  1.6144563e+001
  1.5927388e+001
  1.5710214e+001
  1.5493039e+001
