  6.2631792e+001
  6.2631792e+001
  6.2631792e+001
  6.2631792e+001
  6.2631792e+001
  6.2631792e+001
  6.2631792e+001
  6.2631792e+001
  6.2631792e+001
  6.2631792e+001
  6.2631792e+001
  6.2631792e+001
  6.2631792e+001
  6.2631792e+001
  6.2631792e+001
  6.2631792e+001
  6.2631792e+001
  6.2631792e+001
  6.2631792e+001
  6.2631792e+001
  6.2631792e+001
  6.2631792e+001
  6.4063851e+001
  6.5591380e+001
  6.7118909e+001
  6.8646439e+001
  7.0173968e+001
  7.1701497e+001
  7.3229026e+001
  7.4756556e+001
  7.6284085e+001
  7.7811614e+001
  7.9339144e+001
  8.0866673e+001
  8.2394202e+001
  8.3921731e+001
  8.5449261e+001
  8.6976790e+001
  8.8504319e+001
  9.0031849e+001
  9.1559378e+001
  9.3086907e+001
  9.4614436e+001
  9.6141966e+001
  9.7669495e+001
  9.9197024e+001
  1.0072455e+002
  1.0225208e+002
  1.0377961e+002
  1.0530714e+002
  1.0683467e+002
  1.0836220e+002
  1.0988973e+002
  1.1141726e+002
  1.1294479e+002
  1.1447232e+002
  1.1599985e+002
  1.1752738e+002
  1.1905491e+002
  1.2058243e+002
  1.2210996e+002
  1.2363749e+002
  1.2516502e+002
  1.2669255e+002
  1.2822008e+002
  1.2974761e+002
  1.3127514e+002
  1.3280267e+002
  1.3433020e+002
  1.3585773e+002
  1.3738526e+002
  1.3891279e+002
  1.4044032e+002
  1.4196784e+002
  1.4349537e+002
  1.4502290e+002
  1.4655043e+002
  1.4807796e+002
  1.4960549e+002
  1.5113302e+002
  1.5266055e+002
  1.5418808e+002
  1.5571561e+002
  1.5724314e+002
  1.5877067e+002
  1.6029820e+002
  1.6182573e+002
  1.6335325e+002
  1.6488078e+002
  1.6640831e+002
  1.6793584e+002
  1.6946337e+002
  1.7099090e+002
  1.7251843e+002
  1.7404596e+002
  1.7557349e+002
  1.7710102e+002
  1.7862855e+002
  1.8015608e+002
  1.8168361e+002
  1.8321114e+002
  1.8473866e+002
  1.8626619e+002
  1.8779372e+002
  1.8932125e+002
  1.9084878e+002
  1.9237631e+002
  1.9390384e+002
  1.9543137e+002
  1.9695890e+002
  1.9848643e+002
  2.0001396e+002
  2.0154149e+002
  2.0306902e+002
  2.0459655e+002
  2.0612407e+002
  2.0765160e+002
  2.0917913e+002
  2.1070666e+002
  2.1223419e+002
  2.1376172e+002
  2.1528925e+002
  2.1681678e+002
  2.1834431e+002
  2.1987184e+002
  2.2139937e+002
  2.2292690e+002
  2.2445443e+002
  2.2598196e+002
  2.2750948e+002
  2.2800550e+002
  2.2664865e+002
  2.2529180e+002
  2.2393495e+002
  2.2257810e+002
  2.2122125e+002
  2.1986440e+002
  2.1850755e+002
  2.1715070e+002
  2.1579385e+002
  2.1443700e+002
  2.1308015e+002
  2.1172329e+002
  2.1036644e+002
  2.0900959e+002
  2.0765274e+002
  2.0629589e+002
  2.0493904e+002
  2.0358219e+002
  2.0222534e+002
  2.0086849e+002
  1.9951164e+002
  1.9815479e+002
  1.9679794e+002
  1.9544109e+002
  1.9408424e+002
  1.9272739e+002
  1.9137054e+002
  1.9001369e+002
  1.8865684e+002
  1.8729999e+002
  1.8594314e+002
  1.8458629e+002
  1.8322944e+002
  1.8187259e+002
  1.8051574e+002
  1.7915889e+002
  1.7780204e+002
  1.7644519e+002
  1.7508834e+002
  1.7373149e+002
  1.7237464e+002
  1.7101779e+002
  1.6966094e+002
  1.6830409e+002
  1.6694724e+002
  1.6559039e+002
  1.6423354e+002
  1.6287669e+002
  1.6151984e+002
  1.6016299e+002
  1.5880614e+002
  1.5744929e+002
  1.5609244e+002
  1.5473559e+002
  1.5337874e+002
  1.5202189e+002
  1.5066504e+002
  1.4930819e+002
  1.4795134e+002
  1.4659449e+002
  1.4523764e+002
  1.4388079e+002
  1.4252394e+002
  1.4116709e+002
  1.3981024e+002
  1.3845339e+002
  1.3709654e+002
  1.3573969e+002
  1.3438284e+002
  1.3302599e+002
  1.3166914e+002
  1.3031229e+002
  1.2895544e+002
  1.2759859e+002
  1.2624173e+002
  1.2488488e+002
  1.2352803e+002
  1.2217118e+002
  1.2081433e+002
  1.1945748e+002
  1.1810063e+002
  1.1674378e+002
  1.1538693e+002
  1.1403008e+002
  1.1267323e+002
  1.1131638e+002
  1.0995953e+002
  1.0860268e+002
  1.0724583e+002
  1.0588898e+002
  1.0453213e+002
  1.0317528e+002
  1.0181843e+002
  1.0046158e+002
  9.9104732e+001
  9.7747882e+001
  9.6391031e+001
  9.5034181e+001
  9.3677331e+001
  9.2320481e+001
  9.0963631e+001
  8.9606781e+001
  8.8249931e+001
  8.6893080e+001
  8.5536230e+001
  8.4179380e+001
  8.2822530e+001
  8.1465680e+001
  8.0108830e+001
  7.8751979e+001
  7.7395129e+001
  7.6038279e+001
  7.4681429e+001
  7.3324579e+001
  7.1967729e+001
  7.0610878e+001
  6.9254028e+001
  6.7897178e+001
  6.6540328e+001
  6.5183478e+001
  6.3826628e+001
  6.2469777e+001
  6.1112927e+001
  5.9756077e+001
  5.8399227e+001
