236
           1          33           0           0           1
           2         119           0           0           1
           3         221           0           0           1
           4         229           0           0           1
           5         303           0           0           1
           6         312           0           0           1
           7         368           0           0           1
           8         450           0           0           1
           9         454           0           0           1
          10         634           0           0           1
          11         692           0           0           1
          12         772           0           0           1
          13         859           0           0           1
          14         970           0           0           1
          15        1084           0           0           1
          16        1089           0           0           1
          17        1124           0           0           1
          18        1145           0           0           1
          19        1162           0           0           1
          20        1427           0           0           1
          21        1443           0           0           1
          22        1444           0           0           1
          23        1577           0           0           1
          24        1584           0           0           1
          25        1809           0           0           1
          26        1888           0           0           1
          27        2059           0           0           1
          28        2062           0           0           1
          29        2077           0           0           1
          30        2181           0           0           1
          31        2378           0           0           1
          32        2400           0           0           1
          33        2482           0           0           1
          34        2572           0           0           1
          35        2589           0           0           1
          36        2709           0           0           1
          37        2808           0           0           1
          38        2809           0           0           1
          39        2934           0           0           1
          40        3185           0           0           1
          41        3192           0           0           1
          42        3527           0           0           1
          43        3561           0           0           1
          44        3610           0           0           1
          45        3668           0           0           1
          46        3682           0           0           1
          47        3876           0           0           1
          48        3971           0           0           1
          49        4130           0           0           1
          50        4134           0           0           1
          51        4311           0           0           1
          52        4468           0           0           1
          53        4494           0           0           1
          54        4547           0           0           1
          55          56           1           0           1
          56         161           1           0           1
          57         170           1           0           1
          58         173           1           0           1
          59         184           1           0           1
          60         217           1           0           1
          61         268           1           0           1
          62         309           1           0           1
          63         452           1           0           1
          64         537           1           0           1
          65         563           1           0           1
          66         582           1           0           1
          67         616           1           0           1
          68         937           1           0           1
          69         941           1           0           1
          70         956           1           0           1
          71         960           1           0           1
          72         964           1           0           1
          73        1033           1           0           1
          74        1037           1           0           1
          75        1062           1           0           1
          76        1192           1           0           1
          77        1288           1           0           1
          78        1427           1           0           1
          79        1623           1           0           1
          80        1651           1           0           1
          81        1685           1           0           1
          82        1690           1           0           1
          83        1702           1           0           1
          84        1747           1           0           1
          85        1808           1           0           1
          86        1860           1           0           1
          87        1994           1           0           1
          88        2100           1           0           1
          89        2221           1           0           1
          90        2274           1           0           1
          91        2476           1           0           1
          92        2554           1           0           1
          93        2677           1           0           1
          94        2715           1           0           1
          95        2721           1           0           1
          96        2745           1           0           1
          97        2844           1           0           1
          98        2917           1           0           1
          99        2962           1           0           1
         100        3128           1           0           1
         101        3177           1           0           1
         102        3279           1           0           1
         103        3293           1           0           1
         104        3320           1           0           1
         105        3361           1           0           1
         106        3467           1           0           1
         107        3557           1           0           1
         108        3638           1           0           1
         109        3642           1           0           1
         110        3800           1           0           1
         111        3942           1           0           1
         112        3946           1           0           1
         113        4014           1           0           1
         114        4069           1           0           1
         115        4187           1           0           1
         116        4254           1           0           1
         117        4373           1           0           1
         118        4413           1           0           1
         119        4488           1           0           1
         120        4685           1           0           1
         121        2732           3           0           1
         122        1125           4           0           1
         123        1486           4           0           1
         124        3549           4           0           1
         125        4254           5           0           1
         126         327           7           0           1
         127        4546           7           0           1
         128        1975           8           0           1
         129        4491           8           0           1
         130         527           9           0           1
         131        1601           9           0           1
         132        2762           9           0           1
         133         309          10           0           1
         134        2459          10           0           1
         135        3665          11           0           1
         136         107          12           0           1
         137        1658          12           0           1
         138        4545          12           0           1
         139        3141          13           0           1
         140        1787          14           0           1
         141        3187          14           0           1
         142           1          15           0           1
         143          46          15           0           1
         144         217          16           0           1
         145         507          16           0           1
         146        1710          16           0           1
         147          18          17           0           1
         148         422          17           0           1
         149        1052          17           0           1
         150        1847          17           0           1
         151        2025          17           0           1
         152        3801          17           0           1
         153        4396          17           0           1
         154        1737          18           0           1
         155        3172          18           0           1
         156         270          20           0           1
         157        2236          20           0           1
         158        1763          21           0           1
         159        3976          21           0           1
         160        4433          21           0           1
         161        1771          22           0           1
         162        3108          22           0           1
         163        1759          23           0           1
         164        2420          24           0           1
         165        2497          26           0           1
         166        3378          26           0           1
         167           1          27           0           1
         168        2790          27           0           1
         169        3163          27           0           1
         170          77          28           0           1
         171        2344          28           0           1
         172         109          30           0           1
         173         261          30           0           1
         174         301          30           0           1
         175         484          30           0           1
         176         582          30           0           1
         177         675          30           0           1
         178         721          30           0           1
         179         733          30           0           1
         180         891          30           0           1
         181         921          30           0           1
         182         932          30           0           1
         183         959          30           0           1
         184        1056          30           0           1
         185        1123          30           0           1
         186        1146          30           0           1
         187        1215          30           0           1
         188        1219          30           0           1
         189        1268          30           0           1
         190        1287          30           0           1
         191        1343          30           0           1
         192        1424          30           0           1
         193        1431          30           0           1
         194        1498          30           0           1
         195        1699          30           0           1
         196        1799          30           0           1
         197        1828          30           0           1
         198        1953          30           0           1
         199        2095          30           0           1
         200        2129          30           0           1
         201        2142          30           0           1
         202        2206          30           0           1
         203        2279          30           0           1
         204        2304          30           0           1
         205        2323          30           0           1
         206        2375          30           0           1
         207        2394          30           0           1
         208        2416          30           0           1
         209        2442          30           0           1
         210        2624          30           0           1
         211        2938          30           0           1
         212        2944          30           0           1
         213        3041          30           0           1
         214        3104          30           0           1
         215        3144          30           0           1
         216        3325          30           0           1
         217        3401          30           0           1
         218        3428          30           0           1
         219        3478          30           0           1
         220        3541          30           0           1
         221        3609          30           0           1
         222        3657          30           0           1
         223        3701          30           0           1
         224        3804          30           0           1
         225        3828          30           0           1
         226        3834          30           0           1
         227        4021          30           0           1
         228        4023          30           0           1
         229        4046          30           0           1
         230        4051          30           0           1
         231        4075          30           0           1
         232        4090          30           0           1
         233        4122          30           0           1
         234        4417          30           0           1
         235        4532          30           0           1
         236        4555          30           0           1
