2 /*n_tbl*/
2 /*nreg*/
/*loop2 for n_tbl*/
177 /*n_entry*/
0    /*tblidx_min*/
0x30 /*sensorMode of this tbl*/
80  /*(SINT8)exp_tblidx0_unit*/
16 /*exp_tblidx_unit*/
1 /*n_burst_sec*/
/*template*/ /*nreg*/
0x75
0
0
0
0
/*template*/
0x78
0x50
0x04
0
0
/*loop1 for n_burst_sec*/ /*long exp*/
177  /*n_burstidx*/
4  /*nbyte_entry*/
0  /*burstidx_min*/
2  /*n_op*/
/*loop0 for n_op*/
0   /*tmpl_reg: reg# in template, 0-based*/
0   /*entry_lsb: right shift table entry contain*/
26  /*reg_lsb: left shift to reg*/
13  /*nbit_mask*/ /*NOTE! LSB12->8*/
/*loop0 ends*/
/*loop1 for n_op*/
1   /*tmpl_reg: reg# in template, 0-based*/
16   /*entry_lsb: right shift table entry contain*/
26  /*reg_lsb: left shift to reg*/
14  /*nbit_mask*/ /*NOTE! LSB12->8*/
/*loop1 ends*/
/*contains for n_burstidx * nbyte_entry*/
102
33
0
0
69
34
0
0
93
32
0
0
41
33
0
0
236
33
0
0
168
34
0
0
158
32
0
0
73
33
0
0
238
33
0
0
139
34
0
0
101
32
0
0
245
32
0
0
128
33
0
0
4
34
0
0
131
34
0
0
63
32
0
0
179
32
0
0
35
33
0
0
141
33
0
0
243
33
0
0
85
34
0
0
179
34
0
0
79
32
0
0
165
32
0
0
247
32
0
0
70
33
0
0
145
33
0
0
218
33
0
0
31
34
0
0
97
34
0
0
160
34
0
0
32
32
0
0
90
32
0
0
146
32
0
0
199
32
0
0
250
32
0
0
43
33
0
0
90
33
0
0
135
33
0
0
177
33
0
0
219
33
0
0
2
34
0
0
40
34
0
0
76
34
0
0
110
34
0
0
143
34
0
0
175
34
0
0
16
0
0
0
45
0
209
0
73
0
209
0
100
0
209
0
125
0
209
0
150
0
209
0
173
0
209
0
196
0
209
0
217
0
209
0
238
0
209
0
1
1
209
0
20
1
209
0
38
1
209
0
56
1
209
0
72
1
209
0
88
1
209
0
103
1
209
0
118
1
209
0
132
1
209
0
145
1
209
0
158
1
209
0
170
1
209
0
182
1
209
0
193
1
209
0
203
1
209
0
214
1
209
0
224
1
209
0
233
1
209
0
242
1
209
0
251
1
209
0
3
2
209
0
11
2
209
0
18
2
209
0
26
2
209
0
33
2
209
0
39
2
209
0
46
2
209
0
52
2
209
0
58
2
209
0
63
2
209
0
69
2
209
0
74
2
209
0
79
2
209
0
83
2
209
0
88
2
209
0
92
2
209
0
96
2
209
0
100
2
209
0
104
2
209
0
108
2
209
0
111
2
209
0
115
2
209
0
118
2
209
0
121
2
209
0
124
2
209
0
127
2
209
0
129
2
209
0
132
2
209
0
134
2
209
0
137
2
209
0
139
2
209
0
141
2
209
0
143
2
209
0
145
2
209
0
147
2
209
0
149
2
209
0
151
2
209
0
152
2
209
0
154
2
209
0
155
2
209
0
157
2
209
0
158
2
209
0
160
2
209
0
161
2
209
0
162
2
209
0
163
2
209
0
164
2
209
0
165
2
209
0
166
2
209
0
167
2
209
0
168
2
209
0
169
2
209
0
170
2
209
0
171
2
209
0
172
2
209
0
173
2
209
0
173
2
209
0
174
2
209
0
175
2
209
0
175
2
209
0
176
2
209
0
177
2
209
0
177
2
209
0
178
2
209
0
178
2
209
0
179
2
209
0
179
2
209
0
180
2
209
0
180
2
209
0
180
2
209
0
181
2
209
0
181
2
209
0
182
2
209
0
182
2
209
0
182
2
209
0
183
2
209
0
183
2
209
0
183
2
209
0
183
2
209
0
184
2
209
0
184
2
209
0
184
2
209
0
184
2
209
0
185
2
209
0
185
2
209
0
185
2
209
0
185
2
209
0
185
2
209
0
186
2
209
0
186
2
209
0
186
2
209
0
186
2
209
0
186
2
209
0
186
2
209
0
187
2
209
0
187
2
209
0
187
2
209
0
187
2
209
0
187
2
209
0
187
2
209
0
/*loop1 ends*/
/*vtable partition: n_vtblsec,def_vtype(0:no used,1:vcount,0xff:100us timer)*/
1
1
/*loop3 for n_vtblsec*/
177  /*n_vidx*/
1   /*nbyte_entry*/
0   /*vmin*/
1   /*vtype*/
/*contains n_vidx * nbyte_entry*/
8
8
7
7
7
7
6
6
6
6
5
5
5
5
5
4
4
4
4
4
4
4
3
3
3
3
3
3
3
3
3
2
2
2
2
2
2
2
2
2
2
2
2
2
2
2
2
1
1
1
1
1
1
1
1
1
1
1
1
1
1
1
1
1
1
1
1
1
1
1
1
1
1
1
1
1
1
1
1
1
1
1
1
1
1
1
1
1
1
1
1
1
1
1
1
1
1
1
1
1
1
1
1
1
1
1
1
1
1
1
1
1
1
1
1
1
1
1
1
1
1
1
1
1
1
1
1
1
1
1
1
1
1
1
1
1
1
1
1
1
1
1
1
1
1
1
1
1
1
1
1
1
1
1
1
1
1
1
1
1
1
1
1
1
1
1
1
1
1
1
1
1
1
1
1
1
1
/*end contains*/
/*end loop3*/
/*error table: n_erridx, emin, err unit in "N"-th ev*/
0
0
64
/*contains, for n_erridx (SINT8)*/
/*end contains*/
/*loop2 ends*/
/*loop2 for n_tbl*/
177 /*n_entry*/
0    /*tblidx_min*/
0x40 /*sensorMode of this tbl*/
48  /*(SINT8)exp_tblidx0_unit*/
16 /*exp_tblidx_unit*/
1 /*n_burst_sec*/
/*template*/ /*nreg*/
0x75
0
0
0
0x80
/*template*/
0x78
0x50
0x04
0
0
/*loop1 for n_burst_sec*/ /*long exp*/
177  /*n_burstidx*/
4  /*nbyte_entry*/
0  /*burstidx_min*/
2  /*n_op*/
/*loop0 for n_op*/
0   /*tmpl_reg: reg# in template, 0-based*/
0   /*entry_lsb: right shift table entry contain*/
26  /*reg_lsb: left shift to reg*/
13  /*nbit_mask*/ /*NOTE! LSB12->8*/
/*loop0 ends*/
/*loop1 for n_op*/
1   /*tmpl_reg: reg# in template, 0-based*/
16   /*entry_lsb: right shift table entry contain*/
26  /*reg_lsb: left shift to reg*/
14  /*nbit_mask*/ /*NOTE! LSB12->8*/
/*loop1 ends*/
/*contains for n_burstidx * nbyte_entry*/
27
0
0
0
217
0
0
0
113
1
0
0
228
1
0
0
53
2
0
0
101
2
0
0
117
2
0
0
103
2
0
0
59
2
0
0
244
1
0
0
146
1
0
0
22
1
0
0
130
0
0
0
148
2
0
0
210
1
0
0
250
0
0
0
14
0
0
0
203
1
0
0
185
0
0
0
81
2
0
0
27
1
0
0
145
2
0
0
59
1
0
0
146
2
0
0
30
1
0
0
89
2
0
0
201
0
0
0
234
1
0
0
65
0
0
0
74
1
0
0
72
2
0
0
126
0
0
0
101
1
0
0
68
2
0
0
92
0
0
0
40
1
0
0
236
1
0
0
167
2
0
0
157
0
0
0
73
1
0
0
237
1
0
0
139
2
0
0
100
0
0
0
245
0
0
0
127
1
0
0
3
2
0
0
130
2
0
0
63
0
0
0
179
0
0
0
34
1
0
0
141
1
0
0
243
1
0
0
85
2
0
0
178
2
0
0
79
0
0
0
165
0
0
0
247
0
0
0
69
1
0
0
145
1
0
0
217
1
0
0
30
2
0
0
96
2
0
0
160
2
0
0
31
0
0
0
90
0
0
0
145
0
0
0
198
0
0
0
250
0
0
0
42
1
0
0
89
1
0
0
134
1
0
0
177
1
0
0
218
1
0
0
1
2
0
0
39
2
0
0
75
2
0
0
110
2
0
0
143
2
0
0
174
2
0
0
16
0
0
0
45
0
134
2
73
0
94
1
99
0
180
5
125
0
122
2
149
0
101
5
173
0
97
1
195
0
28
4
217
0
123
0
237
0
38
4
1
1
253
1
20
1
239
0
38
1
59
1
55
1
25
3
72
1
15
0
87
1
183
5
103
1
46
0
117
1
186
3
131
1
38
3
144
1
81
5
157
1
180
3
169
1
41
5
181
1
39
3
192
1
133
4
203
1
180
2
213
1
138
4
223
1
117
3
232
1
71
6
241
1
109
6
250
1
3
4
2
2
215
5
10
2
82
5
18
2
142
2
25
2
84
4
32
2
10
4
39
2
198
1
45
2
81
4
51
2
11
5
57
2
10
4
63
2
96
1
68
2
209
3
73
2
188
4
78
2
49
4
83
2
66
2
87
2
173
5
92
2
31
1
96
2
9
2
100
2
199
1
104
2
101
0
107
2
161
4
111
2
35
1
114
2
90
3
117
2
159
4
120
2
253
4
123
2
124
4
126
2
39
3
129
2
6
1
131
2
213
4
134
2
55
1
136
2
152
3
138
2
77
5
140
2
95
6
143
2
35
0
145
2
1
0
146
2
2
6
148
2
199
4
150
2
8
3
152
2
203
0
153
2
198
4
155
2
156
1
156
2
181
4
158
2
177
0
159
2
250
2
160
2
225
4
161
2
107
6
163
2
234
0
164
2
197
1
165
2
78
2
166
2
136
2
167
2
119
2
168
2
31
2
169
2
129
1
170
2
162
0
170
2
53
6
171
2
218
4
172
2
69
3
173
2
120
1
173
2
40
6
174
2
244
3
175
2
142
1
175
2
172
5
176
2
236
2
177
2
0
0
177
2
158
3
178
2
98
0
178
2
179
3
179
2
45
0
179
2
55
3
/*end contains*/
/*loop1 ends*/
/*vtable partition: n_vtblsec,def_vtype(0:no used,1:vcount,0xff:100us timer)*/
1
1
/*loop3 for n_vtblsec*/
177  /*n_vidx*/
1   /*nbyte_entry*/
0   /*vmin*/
1   /*vtype*/
/*contains n_vidx * nbyte_entry*/
30
29
28
27
26
25
24
23
22
21
20
19
18
18
17
16
15
15
14
14
13
13
12
12
11
11
10
10
9
9
9
8
8
8
7
7
7
7
6
6
6
6
5
5
5
5
5
4
4
4
4
4
4
4
3
3
3
3
3
3
3
3
3
2
2
2
2
2
2
2
2
2
2
2
2
2
2
2
2
1
1
1
1
1
1
1
1
1
1
1
1
1
1
1
1
1
1
1
1
1
1
1
1
1
1
1
1
1
1
1
1
1
1
1
1
1
1
1
1
1
1
1
1
1
1
1
1
1
1
1
1
1
1
1
1
1
1
1
1
1
1
1
1
1
1
1
1
1
1
1
1
1
1
1
1
1
1
1
1
1
1
1
1
1
1
1
1
1
1
1
1
1
1
1
1
1
1
/*end contains*/
/*end loop3*/
/*error table: n_erridx, emin, err unit in "N"-th ev*/
0
0
64
/*contains, for n_erridx (SINT8)*/
/*end contains*/
/*loop2 ends*/
