  2.5064100e+001
  2.5420659e+001
  2.5777218e+001
  2.6133778e+001
  2.6490337e+001
  2.6846896e+001
  2.7203455e+001
  2.7560014e+001
  2.7916574e+001
  2.8273133e+001
  2.8629692e+001
  2.8986251e+001
  2.9342810e+001
  2.9699370e+001
  3.0055929e+001
  3.0412488e+001
  3.0769047e+001
  3.1125606e+001
  3.1482166e+001
  3.1838725e+001
  3.2195284e+001
  3.2551843e+001
  3.2908402e+001
  3.3264961e+001
  3.3621521e+001
  3.3978080e+001
  3.4334639e+001
  3.4691198e+001
  3.5047757e+001
  3.5404317e+001
  3.5760876e+001
  3.6117435e+001
  3.6473994e+001
  3.6830553e+001
  3.7187113e+001
  3.7543672e+001
  3.7900231e+001
  3.8256790e+001
  3.8613349e+001
  3.8969909e+001
  3.9326468e+001
  3.9683027e+001
  4.0039586e+001
  4.0396145e+001
  4.0752705e+001
  4.1109264e+001
  4.1465823e+001
  4.1822382e+001
  4.2178941e+001
  4.2535501e+001
  4.2892060e+001
  4.3248619e+001
  4.3605178e+001
  4.3961737e+001
  4.4318297e+001
  4.4674856e+001
  4.5031415e+001
  4.5387974e+001
  4.5744533e+001
  4.6101093e+001
  4.6457652e+001
  4.6814211e+001
  4.7170770e+001
  4.7527329e+001
  4.7883889e+001
  4.8240448e+001
  4.8597007e+001
  4.8953566e+001
  4.9310125e+001
  4.9666684e+001
  5.0023244e+001
  5.0379803e+001
  5.0736362e+001
  5.1092921e+001
  5.1449480e+001
  5.1445777e+001
  5.0841636e+001
  5.0237495e+001
  4.9633354e+001
  4.9029213e+001
  4.8425072e+001
  4.7820931e+001
  4.7216790e+001
  4.6612649e+001
  4.6008508e+001
  4.5404367e+001
  4.4800226e+001
  4.4196085e+001
  4.3591944e+001
  4.2987802e+001
  4.2383661e+001
  4.1779520e+001
  4.1175379e+001
  4.0571238e+001
  3.9967097e+001
  3.9362956e+001
  3.8758815e+001
  3.8154674e+001
  3.7550533e+001
  3.6946392e+001
  3.6342251e+001
  3.5738110e+001
  3.5133969e+001
  3.4529828e+001
  3.3925687e+001
  3.3321546e+001
  3.2717405e+001
  3.2113264e+001
  3.1509123e+001
  3.0904982e+001
  3.0300841e+001
  2.9696700e+001
  2.9092558e+001
  2.8488417e+001
  2.7884276e+001
  2.7280135e+001
  2.6675994e+001
  2.6071853e+001
  2.5467712e+001
  2.4863571e+001
  2.4259430e+001
  2.3655289e+001
  2.3051148e+001
  2.2447007e+001
  2.1842866e+001
  2.1238725e+001
  2.0634584e+001
  2.0030443e+001
  1.9426302e+001
  1.8822161e+001
  1.8218020e+001
  1.7613879e+001
  1.7009738e+001
  1.6405597e+001
  1.5801456e+001
  1.5197315e+001
  1.4593173e+001
  1.3989032e+001
  1.3384891e+001
  1.2780750e+001
  1.2176609e+001
  1.1572468e+001
  1.0968327e+001
  1.0364186e+001
  9.7600451e+000
  9.1559041e+000
  8.5517630e+000
  7.9476220e+000
  7.3434809e+000
  6.7393399e+000
  6.1351989e+000
  5.5310578e+000
  4.9269168e+000
  4.3227757e+000
  3.7186347e+000
  3.1144936e+000
  2.5103526e+000
  1.9062116e+000
  1.3020705e+000
  1.0000000e+000
  1.0000000e+000
  1.0000000e+000
  1.0000000e+000
  1.0000000e+000
  1.0000000e+000
  1.0000000e+000
  1.0000000e+000
  1.0000000e+000
  1.0000000e+000
  1.0000000e+000
  1.0000000e+000
  1.0000000e+000
  1.0000000e+000
  1.0000000e+000
  1.0000000e+000
  1.0000000e+000
  1.0000000e+000
  1.0000000e+000
  1.0000000e+000
  1.0000000e+000
  1.0000000e+000
  1.0000000e+000
  1.0000000e+000
  1.0000000e+000
  1.0000000e+000
  1.0000000e+000
  1.0000000e+000
  1.0000000e+000
  1.0000000e+000
  1.0000000e+000
  1.0000000e+000
  1.0000000e+000
  1.0000000e+000
  1.0000000e+000
  1.0000000e+000
  1.0000000e+000
  1.0000000e+000
  1.0000000e+000
  1.0000000e+000
  1.0000000e+000
  1.0000000e+000
  1.0000000e+000
  1.0000000e+000
  1.0000000e+000
  1.0000000e+000
  1.0000000e+000
  1.0000000e+000
  1.0000000e+000
  1.0000000e+000
  1.0000000e+000
  1.0000000e+000
  1.0000000e+000
  1.0000000e+000
  1.0000000e+000
  1.0000000e+000
  1.0000000e+000
  1.0000000e+000
  1.0000000e+000
  1.0000000e+000
  1.0000000e+000
  1.0000000e+000
  1.0000000e+000
  1.0000000e+000
  1.0000000e+000
  1.0000000e+000
  1.0000000e+000
  1.0000000e+000
  1.0000000e+000
  1.0000000e+000
  1.0000000e+000
  1.0000000e+000
  1.0000000e+000
  1.0000000e+000
  1.0000000e+000
  1.0000000e+000
  1.0000000e+000
  1.0000000e+000
  1.0000000e+000
  1.0000000e+000
  1.0000000e+000
  1.0000000e+000
  1.0000000e+000
  1.0000000e+000
  1.0000000e+000
  1.0000000e+000
  1.0000000e+000
  1.0000000e+000
  1.0000000e+000
  1.0000000e+000
  1.0000000e+000
  1.0000000e+000
  1.0000000e+000
  1.0000000e+000
  1.0000000e+000
  1.0000000e+000
  1.0000000e+000
