  1.3802680e+001
  1.3802680e+001
  1.3802680e+001
  1.3802680e+001
  1.3802680e+001
  1.3802680e+001
  1.3802680e+001
  1.3802680e+001
  1.3802680e+001
  1.3802680e+001
  1.3802680e+001
  1.3802680e+001
  1.3802680e+001
  1.3802680e+001
  1.3802680e+001
  1.3802680e+001
  1.3802680e+001
  1.3858529e+001
  1.4081926e+001
  1.4305323e+001
  1.4528720e+001
  1.4752117e+001
  1.4975514e+001
  1.5198911e+001
  1.5422308e+001
  1.5645705e+001
  1.5869101e+001
  1.6092498e+001
  1.6315895e+001
  1.6539292e+001
  1.6762689e+001
  1.6986086e+001
  1.7209483e+001
  1.7432880e+001
  1.7656277e+001
  1.7879674e+001
  1.8103071e+001
  1.8326468e+001
  1.8549864e+001
  1.8773261e+001
  1.8996658e+001
  1.9220055e+001
  1.9443452e+001
  1.9666849e+001
  1.9890246e+001
  2.0113643e+001
  2.0337040e+001
  2.0560437e+001
  2.0783834e+001
  2.1007231e+001
  2.1230628e+001
  2.1454024e+001
  2.1677421e+001
  2.1900818e+001
  2.2124215e+001
  2.2347612e+001
  2.2571009e+001
  2.2794406e+001
  2.3017803e+001
  2.3241200e+001
  2.3464597e+001
  2.3687994e+001
  2.3911391e+001
  2.4134787e+001
  2.4358184e+001
  2.4581581e+001
  2.4804978e+001
  2.5028375e+001
  2.5251772e+001
  2.5475169e+001
  2.5698566e+001
  2.5921963e+001
  2.6145360e+001
  2.6368757e+001
  2.6592154e+001
  2.6815550e+001
  2.7038947e+001
  2.7262344e+001
  2.7485741e+001
  2.7709138e+001
  2.7932535e+001
  2.8155932e+001
  2.8379329e+001
  2.8602726e+001
  2.8826123e+001
  2.9049520e+001
  2.9272917e+001
  2.9496313e+001
  2.9719710e+001
  2.9943107e+001
  3.0166504e+001
  3.0389901e+001
  3.0613298e+001
  3.0836695e+001
  3.1060092e+001
  3.1283489e+001
  3.1506886e+001
  3.1730283e+001
  3.1953680e+001
  3.2177076e+001
  3.2400473e+001
  3.2623870e+001
  3.2847267e+001
  3.3070664e+001
  3.3294061e+001
  3.3517458e+001
  3.3740855e+001
  3.3964252e+001
  3.4187649e+001
  3.4411046e+001
  3.4634443e+001
  3.4857839e+001
  3.5081236e+001
  3.5304633e+001
  3.5528030e+001
  3.5751427e+001
  3.5974824e+001
  3.6198221e+001
  3.6421618e+001
  3.6645015e+001
  3.6868412e+001
  3.7091809e+001
  3.7315206e+001
  3.7538602e+001
  3.7761999e+001
  3.7985396e+001
  3.8208793e+001
  3.8432190e+001
  3.8655587e+001
  3.8878984e+001
  3.9102381e+001
  3.9325778e+001
  3.9549175e+001
  3.9772572e+001
  3.9995969e+001
  4.0219365e+001
  4.0442762e+001
  4.0666159e+001
  4.0889556e+001
  4.1112953e+001
  4.1336350e+001
  4.1559747e+001
  4.1783144e+001
  4.2006541e+001
  4.2229938e+001
  4.2453335e+001
  4.2676732e+001
  4.2900128e+001
  4.3123525e+001
  4.3346922e+001
  4.3570319e+001
  4.3793716e+001
  4.4017113e+001
  4.3822522e+001
  4.3532949e+001
  4.3243376e+001
  4.2953803e+001
  4.2664230e+001
  4.2374657e+001
  4.2085084e+001
  4.1795511e+001
  4.1505938e+001
  4.1216365e+001
  4.0926792e+001
  4.0637219e+001
  4.0347646e+001
  4.0058073e+001
  3.9768500e+001
  3.9478927e+001
  3.9189354e+001
  3.8899781e+001
  3.8610208e+001
  3.8320635e+001
  3.8031062e+001
  3.7741489e+001
  3.7451916e+001
  3.7162343e+001
  3.6872770e+001
  3.6583197e+001
  3.6293624e+001
  3.6004051e+001
  3.5714478e+001
  3.5424905e+001
  3.5135332e+001
  3.4845759e+001
  3.4556186e+001
  3.4266613e+001
  3.3977040e+001
  3.3687467e+001
  3.3397893e+001
  3.3108320e+001
  3.2818747e+001
  3.2529174e+001
  3.2239601e+001
  3.1950028e+001
  3.1660455e+001
  3.1370882e+001
  3.1081309e+001
  3.0791736e+001
  3.0502163e+001
  3.0212590e+001
  2.9923017e+001
  2.9633444e+001
  2.9343871e+001
  2.9054298e+001
  2.8764725e+001
  2.8475152e+001
  2.8185579e+001
  2.7896006e+001
  2.7606433e+001
  2.7316860e+001
  2.7027287e+001
  2.6737714e+001
  2.6448141e+001
  2.6158568e+001
  2.5868995e+001
  2.5579422e+001
  2.5289849e+001
  2.5000276e+001
  2.4710703e+001
  2.4421130e+001
  2.4131557e+001
  2.3841984e+001
  2.3552411e+001
  2.3262838e+001
  2.2973265e+001
  2.2683692e+001
  2.2394119e+001
  2.2104546e+001
  2.1814973e+001
  2.1525400e+001
  2.1235827e+001
  2.0946254e+001
  2.0656681e+001
  2.0367108e+001
  2.0077535e+001
  1.9787962e+001
  1.9498389e+001
  1.9208816e+001
  1.8919243e+001
  1.8629670e+001
  1.8340097e+001
  1.8050524e+001
  1.7760951e+001
  1.7471378e+001
  1.7181805e+001
  1.6892232e+001
  1.6602659e+001
  1.6313086e+001
  1.6023513e+001
  1.5733940e+001
  1.5444367e+001
  1.5154794e+001
  1.4865221e+001
  1.4575648e+001
  1.4286075e+001
