  2.1196600e+001
  2.1601914e+001
  2.2007228e+001
  2.2412542e+001
  2.2817857e+001
  2.3223171e+001
  2.3628485e+001
  2.4033799e+001
  2.4439113e+001
  2.4844427e+001
  2.5249741e+001
  2.5655056e+001
  2.6060370e+001
  2.6465684e+001
  2.6870998e+001
  2.7276312e+001
  2.7681626e+001
  2.8086940e+001
  2.8492255e+001
  2.8897569e+001
  2.9302883e+001
  2.9708197e+001
  3.0113511e+001
  3.0518825e+001
  3.0924139e+001
  3.1329454e+001
  3.1734768e+001
  3.2140082e+001
  3.2545396e+001
  3.2950710e+001
  3.3356024e+001
  3.3761339e+001
  3.4166653e+001
  3.4571967e+001
  3.4977281e+001
  3.5382595e+001
  3.5787909e+001
  3.6193223e+001
  3.6598538e+001
  3.7003852e+001
  3.7409166e+001
  3.7814480e+001
  3.8219794e+001
  3.8625108e+001
  3.9030422e+001
  3.9435737e+001
  3.9841051e+001
  4.0246365e+001
  4.0651679e+001
  4.1056993e+001
  4.1462307e+001
  4.1867621e+001
  4.2272936e+001
  4.2678250e+001
  4.3083564e+001
  4.3488878e+001
  4.3894192e+001
  4.4299506e+001
  4.4704820e+001
  4.5110135e+001
  4.5515449e+001
  4.5920763e+001
  4.6326077e+001
  4.6731391e+001
  4.7136705e+001
  4.7542019e+001
  4.7947334e+001
  4.8352648e+001
  4.8757962e+001
  4.9163276e+001
  4.9568590e+001
  4.9973904e+001
  5.0379218e+001
  5.0784533e+001
  5.1189847e+001
  5.1595161e+001
  5.2000475e+001
  5.2405789e+001
  5.2811103e+001
  5.3216418e+001
  5.3621732e+001
  5.4027046e+001
  5.4432360e+001
  5.4837674e+001
  5.5242988e+001
  5.5648302e+001
  5.6053617e+001
  5.6458931e+001
  5.6864245e+001
  5.7269559e+001
  5.7674873e+001
  5.8080187e+001
  5.8485501e+001
  5.8890816e+001
  5.9296130e+001
  5.9701444e+001
  5.9243386e+001
  5.8113818e+001
  5.6984249e+001
  5.5854680e+001
  5.4725112e+001
  5.3595543e+001
  5.2465974e+001
  5.1336405e+001
  5.0206837e+001
  4.9077268e+001
  4.7947699e+001
  4.6818131e+001
  4.5688562e+001
  4.4558993e+001
  4.3429425e+001
  4.2299856e+001
  4.1170287e+001
  4.0040718e+001
  3.8911150e+001
  3.7781581e+001
  3.6652012e+001
  3.5522444e+001
  3.4392875e+001
  3.3263306e+001
  3.2133737e+001
  3.1004169e+001
  2.9874600e+001
  2.8745031e+001
  2.7615463e+001
  2.6485894e+001
  2.5356325e+001
  2.4226757e+001
  2.3097188e+001
  2.1967619e+001
  2.0838050e+001
  1.9708482e+001
  1.8578913e+001
  1.7449344e+001
  1.6319776e+001
  1.5190207e+001
  1.4060638e+001
  1.2931069e+001
  1.1801501e+001
  1.0671932e+001
  9.5423633e+000
  8.4127946e+000
  7.2832259e+000
  6.1536572e+000
  5.0240885e+000
  3.8945198e+000
  2.7649511e+000
  1.6353824e+000
  1.0000000e+000
  1.0000000e+000
  1.0000000e+000
  1.0000000e+000
  1.0000000e+000
  1.0000000e+000
  1.0000000e+000
  1.0000000e+000
  1.0000000e+000
  1.0000000e+000
  1.0000000e+000
  1.0000000e+000
  1.0000000e+000
  1.0000000e+000
  1.0000000e+000
  1.0000000e+000
  1.0000000e+000
  1.0000000e+000
  1.0000000e+000
  1.0000000e+000
  1.0000000e+000
  1.0000000e+000
  1.0000000e+000
  1.0000000e+000
  1.0000000e+000
  1.0000000e+000
  1.0000000e+000
  1.0000000e+000
  1.0000000e+000
  1.0000000e+000
  1.0000000e+000
  1.0000000e+000
  1.0000000e+000
  1.0000000e+000
  1.0000000e+000
  1.0000000e+000
  1.0000000e+000
  1.0000000e+000
  1.0000000e+000
  1.0000000e+000
  1.0000000e+000
  1.0000000e+000
  1.0000000e+000
  1.0000000e+000
  1.0000000e+000
  1.0000000e+000
  1.0000000e+000
  1.0000000e+000
  1.0000000e+000
  1.0000000e+000
  1.0000000e+000
  1.0000000e+000
  1.0000000e+000
  1.0000000e+000
  1.0000000e+000
  1.0000000e+000
  1.0000000e+000
  1.0000000e+000
  1.0000000e+000
  1.0000000e+000
  1.0000000e+000
  1.0000000e+000
  1.0000000e+000
  1.0000000e+000
  1.0000000e+000
  1.0000000e+000
  1.0000000e+000
  1.0000000e+000
  1.0000000e+000
  1.0000000e+000
  1.0000000e+000
  1.0000000e+000
  1.0000000e+000
  1.0000000e+000
  1.0000000e+000
  1.0000000e+000
  1.0000000e+000
  1.0000000e+000
  1.0000000e+000
  1.0000000e+000
  1.0000000e+000
  1.0000000e+000
  1.0000000e+000
  1.0000000e+000
  1.0000000e+000
  1.0000000e+000
  1.0000000e+000
  1.0000000e+000
  1.0000000e+000
  1.0000000e+000
  1.0000000e+000
  1.0000000e+000
  1.0000000e+000
  1.0000000e+000
  1.0000000e+000
  1.0000000e+000
  1.0000000e+000
  1.0000000e+000
  1.0000000e+000
  1.0000000e+000
  1.0000000e+000
  1.0000000e+000
  1.0000000e+000
  1.0000000e+000
  1.0000000e+000
  1.0000000e+000
  1.0000000e+000
  1.0000000e+000
