  5.6936000e+000
  5.6936000e+000
  5.6936000e+000
  5.6936000e+000
  5.6936000e+000
  5.6936000e+000
  5.6936000e+000
  5.6936000e+000
  5.6936000e+000
  5.6936000e+000
  5.6936000e+000
  5.6936000e+000
  5.6936000e+000
  5.6936000e+000
  5.6936000e+000
  5.6936000e+000
  5.6936000e+000
  5.6936000e+000
  5.6936000e+000
  5.6936000e+000
  5.6936000e+000
  5.6936000e+000
  5.6936000e+000
  5.7257168e+000
  5.8541838e+000
  5.9826509e+000
  6.1111180e+000
  6.2395851e+000
  6.3680521e+000
  6.4965192e+000
  6.6249863e+000
  6.7534534e+000
  6.8819205e+000
  7.0103875e+000
  7.1388546e+000
  7.2673217e+000
  7.3957888e+000
  7.5242558e+000
  7.6527229e+000
  7.7811900e+000
  7.9096571e+000
  8.0381241e+000
  8.1665912e+000
  8.2950583e+000
  8.4235254e+000
  8.5519924e+000
  8.6804595e+000
  8.8089266e+000
  8.9373937e+000
  9.0658607e+000
  9.1943278e+000
  9.3227949e+000
  9.4512620e+000
  9.5797291e+000
  9.7081961e+000
  9.8366632e+000
  9.9651303e+000
  1.0093597e+001
  1.0222064e+001
  1.0350532e+001
  1.0478999e+001
  1.0607466e+001
  1.0735933e+001
  1.0864400e+001
  1.0992867e+001
  1.1121334e+001
  1.1249801e+001
  1.1378268e+001
  1.1506735e+001
  1.1635202e+001
  1.1763669e+001
  1.1892136e+001
  1.2020603e+001
  1.2149071e+001
  1.2277538e+001
  1.2406005e+001
  1.2534472e+001
  1.2662939e+001
  1.2791406e+001
  1.2919873e+001
  1.3048340e+001
  1.3176807e+001
  1.3305274e+001
  1.3433741e+001
  1.3562208e+001
  1.3690675e+001
  1.3819143e+001
  1.3947610e+001
  1.4076077e+001
  1.4204544e+001
  1.4333011e+001
  1.4461478e+001
  1.4589945e+001
  1.4718412e+001
  1.4846879e+001
  1.4975346e+001
  1.5103813e+001
  1.5232280e+001
  1.5360747e+001
  1.5489215e+001
  1.5617682e+001
  1.5746149e+001
  1.5874616e+001
  1.6003083e+001
  1.6131550e+001
  1.6260017e+001
  1.6388484e+001
  1.6516951e+001
  1.6645418e+001
  1.6773885e+001
  1.6902352e+001
  1.7030819e+001
  1.7159287e+001
  1.7287754e+001
  1.7416221e+001
  1.7544688e+001
  1.7673155e+001
  1.7801622e+001
  1.7930089e+001
  1.8058556e+001
  1.8187023e+001
  1.8315490e+001
  1.8443957e+001
  1.8572424e+001
  1.8700891e+001
  1.8829359e+001
  1.8957826e+001
  1.9086293e+001
  1.9214760e+001
  1.9343227e+001
  1.9471694e+001
  1.9600161e+001
  1.9728628e+001
  1.9857095e+001
  1.9985562e+001
  2.0114029e+001
  2.0242496e+001
  2.0370963e+001
  2.0499431e+001
  2.0627898e+001
  2.0756365e+001
  2.0884832e+001
  2.1013299e+001
  2.1141766e+001
  2.1270233e+001
  2.1398700e+001
  2.1527167e+001
  2.1655634e+001
  2.1784101e+001
  2.1912568e+001
  2.2041035e+001
  2.2169503e+001
  2.2297970e+001
  2.2426437e+001
  2.2554904e+001
  2.2683371e+001
  2.2514047e+001
  2.2321991e+001
  2.2129934e+001
  2.1937878e+001
  2.1745821e+001
  2.1553765e+001
  2.1361709e+001
  2.1169652e+001
  2.0977596e+001
  2.0785539e+001
  2.0593483e+001
  2.0401427e+001
  2.0209370e+001
  2.0017314e+001
  1.9825257e+001
  1.9633201e+001
  1.9441144e+001
  1.9249088e+001
  1.9057032e+001
  1.8864975e+001
  1.8672919e+001
  1.8480862e+001
  1.8288806e+001
  1.8096750e+001
  1.7904693e+001
  1.7712637e+001
  1.7520580e+001
  1.7328524e+001
  1.7136467e+001
  1.6944411e+001
  1.6752355e+001
  1.6560298e+001
  1.6368242e+001
  1.6176185e+001
  1.5984129e+001
  1.5792072e+001
  1.5600016e+001
  1.5407960e+001
  1.5215903e+001
  1.5023847e+001
  1.4831790e+001
  1.4639734e+001
  1.4447678e+001
  1.4255621e+001
  1.4063565e+001
  1.3871508e+001
  1.3679452e+001
  1.3487395e+001
  1.3295339e+001
  1.3103283e+001
  1.2911226e+001
  1.2719170e+001
  1.2527113e+001
  1.2335057e+001
  1.2143001e+001
  1.1950944e+001
  1.1758888e+001
  1.1566831e+001
  1.1374775e+001
  1.1182718e+001
  1.0990662e+001
  1.0798606e+001
  1.0606549e+001
  1.0414493e+001
  1.0222436e+001
  1.0030380e+001
  9.8383236e+000
  9.6462671e+000
  9.4542107e+000
  9.2621543e+000
  9.0700979e+000
  8.8780415e+000
  8.6859850e+000
  8.4939286e+000
  8.3018722e+000
  8.1098158e+000
  7.9177594e+000
  7.7257030e+000
  7.5336465e+000
  7.3415901e+000
  7.1495337e+000
  6.9574773e+000
  6.7654209e+000
  6.5733645e+000
  6.3813080e+000
  6.1892516e+000
  5.9971952e+000
  5.8051388e+000
  5.6731000e+000
  5.6731000e+000
  5.6731000e+000
  5.6731000e+000
  5.6731000e+000
  5.6731000e+000
  5.6731000e+000
  5.6731000e+000
  5.6731000e+000
  5.6731000e+000
  5.6731000e+000
  5.6731000e+000
