1.28E+02
1.28E+02
1.28E+02
1.28E+02
1.28E+02
1.28E+02
1.28E+02
1.28E+02
1.28E+02
1.28E+02
1.28E+02
1.28E+02
1.28E+02
1.28E+02
1.28E+02
1.28E+02
1.28E+02
1.28E+02
1.28E+02
1.28E+02
1.28E+02
1.28E+02
1.28E+02
1.28E+02
1.28E+02
1.28E+02
1.28E+02
1.28E+02
1.28E+02
1.28E+02
1.28E+02
1.28E+02
1.28E+02
1.28E+02
1.28E+02
1.28E+02
1.28E+02
1.28E+02
1.28E+02
1.28E+02
1.28E+02
1.28E+02
1.28E+02
1.28E+02
1.28E+02
1.28E+02
1.28E+02
1.28E+02
1.28E+02
1.28E+02
1.28E+02
1.28E+02
1.28E+02
1.28E+02
1.28E+02
1.28E+02
1.28E+02
1.28E+02
1.28E+02
1.28E+02
1.28E+02
1.28E+02
1.28E+02
1.28E+02
1.28E+02
1.28E+02
1.28E+02
1.28E+02
1.28E+02
1.28E+02
1.28E+02
1.28E+02
1.28E+02
1.28E+02
1.28E+02
1.28E+02
1.28E+02
1.28E+02
1.28E+02
1.28E+02
1.28E+02
1.28E+02
1.28E+02
1.28E+02
1.28E+02
1.28E+02
1.28E+02
1.28E+02
1.28E+02
1.28E+02
1.28E+02
1.28E+02
1.28E+02
1.28E+02
1.28E+02
1.28E+02
1.28E+02
1.28E+02
1.28E+02
1.28E+02
1.28E+02
1.28E+02
1.28E+02
1.28E+02
1.28E+02
1.28E+02
1.28E+02
1.28E+02
1.28E+02
1.28E+02
1.28E+02
1.28E+02
1.28E+02
1.28E+02
1.28E+02
1.28E+02
1.28E+02
1.28E+02
1.28E+02
1.28E+02
1.28E+02
1.28E+02
1.28E+02
1.28E+02
1.28E+02
1.28E+02
1.28E+02
1.28E+02
1.28E+02
1.28E+02
1.28E+02
1.28E+02
1.28E+02
1.28E+02
1.28E+02
1.28E+02
1.28E+02
1.28E+02
1.28E+02
1.28E+02
1.28E+02
1.28E+02
1.28E+02
1.28E+02
1.28E+02
1.28E+02
1.28E+02
1.28E+02
1.28E+02
1.28E+02
1.28E+02
1.28E+02
1.28E+02
1.28E+02
1.28E+02
1.28E+02
1.27E+02
1.26E+02
1.25E+02
1.24E+02
1.23E+02
1.22E+02
1.21E+02
1.20E+02
1.19E+02
1.18E+02
1.17E+02
1.16E+02
1.15E+02
1.14E+02
1.13E+02
1.12E+02
1.11E+02
1.10E+02
1.09E+02
1.08E+02
1.07E+02
1.06E+02
1.05E+02
1.04E+02
1.03E+02
1.02E+02
1.01E+02
1.00E+02
9.90E+01
9.80E+01
9.70E+01
9.60E+01
9.50E+01
9.50E+01
9.40E+01
9.40E+01
9.30E+01
9.20E+01
9.20E+01
9.10E+01
9.00E+01
8.80E+01
8.70E+01
8.60E+01
8.50E+01
8.30E+01
8.20E+01
8.00E+01
7.90E+01
7.70E+01
7.60E+01
7.40E+01
7.20E+01
7.00E+01
6.80E+01
6.60E+01
6.40E+01
6.20E+01
6.00E+01
5.80E+01
5.60E+01
5.40E+01
5.20E+01
5.00E+01
4.80E+01
4.60E+01
4.40E+01
4.20E+01
4.00E+01
3.80E+01
3.60E+01
3.40E+01
3.20E+01
3.00E+01
2.80E+01
2.60E+01
2.40E+01
2.20E+01
2.00E+01
2.00E+01
2.00E+01
2.00E+01
2.00E+01
2.00E+01
2.00E+01
2.00E+01
2.00E+01
2.00E+01
2.00E+01
2.00E+01
2.00E+01
2.00E+01
2.00E+01
2.00E+01
2.00E+01
2.00E+01
2.00E+01
2.00E+01
2.00E+01
2.00E+01
2.00E+01
2.00E+01
2.00E+01
2.00E+01
2.00E+01
2.00E+01
2.00E+01
2.00E+01
2.00E+01
2.00E+01
2.00E+01
2.00E+01
2.00E+01
2.00E+01
2.00E+01
2.00E+01
2.00E+01
2.00E+01
2.00E+01
2.00E+01
2.00E+01
2.00E+01
2.00E+01
2.20E+01
2.40E+01
2.60E+01
2.80E+01
3.00E+01
3.20E+01
3.40E+01
3.60E+01
3.80E+01
4.00E+01
4.20E+01
4.40E+01
4.60E+01
4.80E+01
5.00E+01
5.20E+01
5.40E+01
5.60E+01
5.80E+01
6.00E+01
6.20E+01
6.40E+01
6.60E+01
6.80E+01
7.00E+01
7.20E+01
7.40E+01
7.60E+01
7.70E+01
7.90E+01
8.00E+01
8.20E+01
8.30E+01
8.50E+01
8.60E+01
8.70E+01
8.80E+01
9.00E+01
9.10E+01
9.20E+01
9.20E+01
9.30E+01
9.40E+01
9.40E+01
9.50E+01
9.50E+01
9.60E+01
9.70E+01
9.80E+01
9.90E+01
1.00E+02
1.01E+02
1.02E+02
1.03E+02
1.04E+02
1.05E+02
1.06E+02
1.07E+02
1.08E+02
1.09E+02
1.10E+02
1.11E+02
1.12E+02
1.13E+02
1.14E+02
1.15E+02
1.16E+02
1.17E+02
1.18E+02
1.19E+02
1.20E+02
1.21E+02
1.22E+02
1.23E+02
1.24E+02
1.25E+02
1.26E+02
1.27E+02
1.28E+02
1.28E+02
1.28E+02
1.28E+02
1.28E+02
1.28E+02
1.28E+02
1.28E+02
1.28E+02
1.28E+02
1.28E+02
1.28E+02
1.28E+02
1.28E+02
1.28E+02
1.28E+02
1.28E+02
1.28E+02
1.28E+02
1.28E+02
1.28E+02
1.28E+02
1.28E+02
1.28E+02
1.28E+02
1.28E+02
1.28E+02
1.28E+02
1.28E+02
1.28E+02
1.28E+02
1.28E+02
1.28E+02
1.28E+02
1.28E+02
1.28E+02
1.28E+02
1.28E+02
1.28E+02
1.28E+02
1.28E+02
1.28E+02
1.28E+02
1.28E+02
1.28E+02
1.28E+02
1.28E+02
1.28E+02
1.28E+02
1.28E+02
1.28E+02
1.28E+02
1.28E+02
1.28E+02
1.28E+02
1.28E+02
1.28E+02
1.28E+02
1.28E+02
1.28E+02
1.28E+02
1.28E+02
1.28E+02
1.28E+02
1.28E+02
1.28E+02
1.28E+02
1.28E+02
1.28E+02
1.28E+02
1.28E+02
1.28E+02
1.28E+02
1.28E+02
1.28E+02
1.28E+02
1.28E+02
1.28E+02
1.28E+02
1.28E+02
1.28E+02
1.28E+02
1.28E+02
1.28E+02
1.28E+02
1.28E+02
1.28E+02
1.28E+02
1.28E+02
1.28E+02
1.28E+02
1.28E+02
1.28E+02
1.28E+02
1.28E+02
1.28E+02
1.28E+02
1.28E+02
1.28E+02
1.28E+02
1.28E+02
1.28E+02
1.28E+02
1.28E+02
1.28E+02
1.28E+02
1.28E+02
1.28E+02
1.28E+02
1.28E+02
1.28E+02
1.28E+02
1.28E+02
1.28E+02
1.28E+02
1.28E+02
1.28E+02
1.28E+02
1.28E+02
1.28E+02
1.28E+02
1.28E+02
1.28E+02
1.28E+02
1.28E+02
1.28E+02
1.28E+02
1.28E+02
1.28E+02
1.28E+02
1.28E+02
1.28E+02
1.28E+02
1.28E+02
1.28E+02
1.28E+02
1.28E+02
1.28E+02
1.28E+02
1.28E+02
1.28E+02
1.28E+02
1.28E+02
1.28E+02
1.28E+02
1.28E+02
1.28E+02
1.28E+02
1.28E+02
1.28E+02
1.28E+02
1.28E+02
1.28E+02
1.28E+02
1.28E+02



