 988	 988	 988	 988	
5598	5360	4792	5360	
5264	5125	4624	5125	
5092	4960	4456	4960	
4942	4844	4407	4844	
4874	4780	4371	4780	
4835	4741	4353	4741	
4778	4682	4336	4682	
4755	4657	4270	4657	
4732	4617	4261	4617	
4656	4581	4214	4581	
4608	4536	4178	4536	
4616	4503	4167	4503	
4549	4491	4169	4491	
4529	4479	4141	4479	
4499	4455	4151	4455	
4473	4424	4137	4424	
4440	4398	4134	4398	
4437	4408	4128	4408	
4407	4388	4120	4388	
4428	4403	4102	4403	
4430	4416	4129	4416	
4401	4406	4119	4406	
4414	4400	4123	4400	
4435	4422	4134	4422	
4462	4431	4119	4431	
4473	4441	4156	4441	
4534	4467	4177	4467	
4532	4482	4167	4482	
4557	4513	4201	4513	
4605	4545	4227	4545	
4668	4592	4281	4592	
4720	4625	4325	4625	
4780	4684	4339	4684	
4849	4745	4401	4745	
4936	4827	4426	4827	
5055	4950	4502	4950	
5221	5111	4626	5111	
5538	5382	4741	5382	
5458	5187	4786	5187	
5188	4943	4573	4943	
5084	4847	4513	4847	
4990	4777	4480	4777	
4909	4713	4436	4713	
4872	4683	4432	4683	
4819	4628	4398	4628	
4778	4592	4353	4592	
4726	4542	4317	4542	
4675	4510	4309	4510	
4621	4477	4287	4477	
4627	4453	4256	4453	
4572	4418	4245	4418	
4534	4400	4243	4400	
4503	4379	4218	4379	
4473	4369	4210	4369	
4473	4350	4188	4350	
4440	4340	4187	4340	
4462	4328	4182	4328	
4432	4320	4188	4320	
4436	4336	4199	4336	
4452	4342	4179	4342	
4444	4333	4202	4333	
4459	4352	4215	4352	
4480	4358	4208	4358	
4491	4385	4229	4385	
4535	4402	4257	4402	
4559	4427	4235	4427	
4598	4463	4293	4463	
4643	4499	4311	4499	
4684	4506	4318	4506	
4749	4549	4349	4549	
4790	4609	4405	4609	
4874	4645	4454	4645	
4924	4712	4466	4712	
5008	4833	4517	4833	
5150	4959	4606	4959	
5371	5191	4728	5191	
5275	5034	4587	5034	
5095	4866	4518	4866	
5039	4812	4482	4812	
4948	4765	4459	4765	
4911	4718	4433	4718	
4856	4678	4425	4678	
4795	4624	4369	4624	
4753	4594	4372	4594	
4701	4550	4324	4550	
4642	4500	4305	4500	
4621	4481	4287	4481	
4576	4431	4251	4431	
4530	4410	4213	4410	
4504	4396	4212	4396	
4471	4375	4208	4375	
4450	4359	4199	4359	
4446	4350	4200	4350	
4430	4324	4189	4324	
4407	4323	4188	4323	
4414	4321	4199	4321	
4417	4327	4221	4327	
4427	4327	4190	4327	
4418	4325	4214	4325	
4431	4342	4192	4342	
4444	4350	4195	4350	
4468	4371	4233	4371	
4505	4391	4237	4391	
4541	4428	4266	4428	
4579	4444	4280	4444	
4604	4489	4322	4489	
4648	4506	4301	4506	
4693	4543	4364	4543	
4746	4576	4387	4576	
4806	4632	4434	4632	
4869	4692	4452	4692	
4990	4798	4466	4798	
5064	4881	4552	4881	
5243	5081	4632	5081	
5159	4925	4558	4925	
5044	4811	4476	4811	
4976	4775	4463	4775	
4929	4738	4457	4738	
4881	4693	4440	4693	
4815	4652	4410	4652	
4742	4598	4383	4598	
4742	4576	4363	4576	
4671	4529	4325	4529	
4620	4474	4278	4474	
4567	4450	4253	4450	
4542	4413	4259	4413	
4509	4383	4237	4383	
4463	4367	4219	4367	
4435	4342	4195	4342	
4400	4334	4196	4334	
4393	4306	4173	4306	
4381	4296	4165	4296	
4360	4286	4185	4286	
4350	4275	4189	4275	
4351	4285	4182	4285	
4368	4290	4195	4290	
4366	4289	4179	4289	
4395	4305	4211	4305	
4376	4317	4203	4317	
4434	4345	4222	4345	
4471	4376	4234	4376	
4493	4392	4258	4392	
4514	4426	4265	4426	
4571	4459	4279	4459	
4604	4472	4302	4472	
4662	4523	4345	4523	
4690	4542	4376	4542	
4761	4609	4403	4609	
4819	4652	4435	4652	
4888	4728	4458	4728	
4969	4815	4483	4815	
5151	4988	4565	4988	
5094	4893	4502	4893	
5007	4778	4473	4778	
4950	4748	4449	4748	
4900	4723	4469	4723	
4844	4692	4447	4692	
4798	4644	4424	4644	
4727	4589	4385	4589	
4689	4558	4334	4558	
4631	4517	4308	4517	
4589	4472	4297	4472	
4556	4450	4254	4450	
4513	4400	4245	4400	
4456	4370	4224	4370	
4425	4349	4212	4349	
4394	4320	4206	4320	
4382	4301	4181	4301	
4357	4277	4174	4277	
4336	4278	4181	4278	
4312	4271	4182	4271	
4326	4258	4177	4258	
4320	4273	4187	4273	
4338	4275	4197	4275	
4328	4273	4197	4273	
4345	4297	4192	4297	
4373	4289	4185	4289	
4396	4325	4220	4325	
4435	4342	4216	4342	
4466	4371	4230	4371	
4496	4383	4242	4383	
4522	4425	4279	4425	
4554	4464	4297	4464	
4634	4492	4343	4492	
4670	4515	4351	4515	
4704	4573	4380	4573	
4776	4628	4422	4628	
4842	4679	4455	4679	
4912	4766	4460	4766	
5091	4918	4518	4918	
5029	4833	4489	4833	
4954	4754	4440	4754	
4908	4733	4433	4733	
4883	4704	4416	4704	
4814	4679	4414	4679	
4772	4641	4420	4641	
4718	4578	4353	4578	
4684	4538	4346	4538	
4608	4494	4287	4494	
4572	4456	4268	4456	
4499	4428	4272	4428	
4466	4391	4238	4391	
4427	4352	4214	4352	
4383	4320	4196	4320	
4367	4306	4196	4306	
4322	4284	4179	4284	
4296	4254	4164	4254	
4284	4249	4186	4249	
4275	4244	4155	4244	
4262	4230	4153	4230	
4269	4239	4160	4239	
4277	4251	4187	4251	
4269	4241	4171	4241	
4324	4270	4186	4270	
4332	4282	4176	4282	
4337	4299	4201	4299	
4385	4332	4224	4332	
4411	4345	4215	4345	
4431	4366	4248	4366	
4476	4399	4272	4399	
4523	4436	4295	4436	
4596	4481	4297	4481	
4617	4497	4337	4497	
4694	4550	4380	4550	
4737	4593	4395	4593	
4781	4645	4415	4645	
4868	4722	4445	4722	
4999	4834	4459	4834	
5007	4807	4475	4807	
4927	4733	4410	4733	
4881	4715	4412	4715	
4854	4693	4422	4693	
4792	4660	4392	4660	
4767	4621	4396	4621	
4703	4559	4352	4559	
4635	4522	4333	4522	
4576	4466	4273	4466	
4528	4428	4246	4428	
4476	4408	4235	4408	
4427	4354	4192	4354	
4371	4318	4191	4318	
4334	4288	4183	4288	
4301	4282	4184	4282	
4289	4252	4165	4252	
4251	4237	4148	4237	
4243	4216	4160	4216	
4237	4214	4142	4214	
4225	4211	4138	4211	
4227	4212	4142	4212	
4237	4203	4158	4203	
4233	4208	4146	4208	
4271	4247	4174	4247	
4290	4249	4174	4249	
4309	4273	4181	4273	
4357	4301	4204	4301	
4360	4307	4211	4307	
4425	4347	4235	4347	
4436	4372	4237	4372	
4503	4411	4255	4411	
4546	4459	4309	4459	
4592	4485	4335	4485	
4643	4521	4366	4521	
4704	4564	4392	4564	
4752	4618	4383	4618	
4809	4674	4392	4674	
4951	4790	4437	4790	
4980	4805	4439	4805	
4912	4702	4394	4702	
4891	4708	4409	4708	
4851	4684	4389	4684	
4763	4629	4380	4629	
4734	4600	4372	4600	
4665	4543	4360	4543	
4611	4508	4322	4508	
4568	4459	4280	4459	
4507	4403	4263	4403	
4456	4369	4217	4369	
4411	4343	4207	4343	
4353	4299	4190	4299	
4321	4273	4166	4273	
4273	4255	4163	4255	
4257	4215	4160	4215	
4235	4196	4133	4196	
4205	4199	4145	4199	
4204	4193	4133	4193	
4187	4171	4123	4171	
4199	4188	4152	4188	
4188	4183	4148	4183	
4227	4182	4138	4182	
4248	4210	4148	4210	
4254	4226	4152	4226	
4281	4247	4175	4247	
4316	4266	4189	4266	
4348	4294	4189	4294	
4385	4323	4198	4323	
4421	4349	4217	4349	
4458	4379	4226	4379	
4517	4423	4280	4423	
4561	4458	4306	4458	
4631	4493	4355	4493	
4664	4545	4356	4545	
4727	4578	4367	4578	
4791	4638	4397	4638	
4902	4757	4437	4757	
4965	4773	4430	4773	
4916	4704	4390	4704	
4880	4700	4406	4700	
4824	4673	4409	4673	
4761	4635	4392	4635	
4733	4590	4382	4590	
4659	4527	4328	4527	
4618	4487	4309	4487	
4548	4443	4268	4443	
4477	4391	4257	4391	
4444	4355	4241	4355	
4379	4315	4211	4315	
4342	4281	4199	4281	
4307	4266	4177	4266	
4260	4224	4169	4224	
4241	4206	4139	4206	
4212	4189	4146	4189	
4178	4171	4119	4171	
4187	4165	4133	4165	
4168	4155	4120	4155	
4174	4164	4136	4164	
4162	4149	4130	4149	
4187	4167	4129	4167	
4192	4178	4152	4178	
4232	4201	4163	4201	
4238	4217	4151	4217	
4285	4236	4182	4236	
4303	4280	4203	4280	
4377	4300	4209	4300	
4405	4337	4215	4337	
4435	4365	4264	4365	
4502	4396	4278	4396	
4567	4447	4309	4447	
4600	4480	4312	4480	
4642	4530	4334	4530	
4714	4571	4357	4571	
4746	4626	4337	4626	
4886	4719	4389	4719	
4958	4746	4399	4746	
4898	4691	4389	4691	
4860	4675	4382	4675	
4813	4666	4380	4666	
4756	4617	4361	4617	
4724	4580	4373	4580	
4644	4522	4327	4522	
4603	4480	4296	4480	
4517	4419	4266	4419	
4476	4373	4240	4373	
4427	4348	4212	4348	
4376	4320	4217	4320	
4347	4279	4199	4279	
4291	4253	4163	4253	
4248	4226	4165	4226	
4211	4198	4141	4198	
4196	4177	4134	4177	
4176	4153	4146	4153	
4170	4145	4128	4145	
4164	4129	4117	4129	
4162	4143	4128	4143	
4141	4146	4107	4146	
4163	4147	4122	4147	
4186	4167	4137	4167	
4210	4173	4140	4173	
4236	4200	4148	4200	
4256	4229	4155	4229	
4309	4254	4178	4254	
4331	4290	4208	4290	
4368	4320	4206	4320	
4424	4360	4236	4360	
4494	4387	4265	4387	
4532	4427	4302	4427	
4578	4477	4326	4477	
4651	4512	4324	4512	
4694	4559	4338	4559	
4736	4598	4322	4598	
4835	4687	4369	4687	
4919	4727	4400	4727	
4879	4683	4382	4683	
4835	4663	4382	4663	
4808	4646	4384	4646	
4729	4611	4379	4611	
4721	4572	4355	4572	
4618	4508	4312	4508	
4590	4477	4292	4477	
4527	4414	4250	4414	
4465	4368	4257	4368	
4411	4344	4244	4344	
4380	4299	4224	4299	
4328	4264	4191	4264	
4279	4237	4178	4237	
4255	4222	4184	4222	
4220	4191	4150	4191	
4185	4167	4152	4167	
4174	4147	4142	4147	
4146	4140	4127	4140	
4140	4122	4128	4122	
4146	4134	4134	4134	
4132	4133	4128	4133	
4147	4140	4106	4140	
4175	4153	4108	4153	
4193	4171	4140	4171	
4217	4184	4166	4184	
4256	4214	4170	4214	
4295	4254	4176	4254	
4317	4266	4196	4266	
4346	4306	4205	4306	
4401	4334	4225	4334	
4461	4387	4255	4387	
4526	4417	4283	4417	
4568	4467	4321	4467	
4614	4491	4307	4491	
4639	4547	4335	4547	
4714	4589	4329	4589	
4810	4664	4362	4664	
4917	4741	4380	4741	
4859	4672	4365	4672	
4828	4669	4377	4669	
4779	4635	4360	4635	
4750	4610	4360	4610	
4692	4561	4350	4561	
4629	4499	4316	4499	
4589	4466	4296	4466	
4489	4408	4264	4408	
4460	4375	4236	4375	
4410	4330	4243	4330	
4360	4291	4204	4291	
4313	4256	4180	4256	
4269	4222	4187	4222	
4224	4208	4173	4208	
4195	4187	4162	4187	
4184	4164	4128	4164	
4146	4159	4134	4159	
4134	4125	4127	4125	
4116	4116	4123	4116	
4131	4118	4119	4118	
4131	4123	4128	4123	
4126	4124	4117	4124	
4153	4148	4131	4148	
4181	4171	4127	4171	
4205	4188	4134	4188	
4255	4214	4168	4214	
4270	4244	4181	4244	
4309	4266	4184	4266	
4345	4299	4209	4299	
4390	4328	4225	4328	
4435	4367	4270	4367	
4489	4411	4281	4411	
4539	4442	4301	4442	
4597	4483	4316	4483	
4635	4535	4334	4535	
4710	4584	4336	4584	
4806	4672	4324	4672	
4912	4730	4397	4730	
4840	4666	4370	4666	
4832	4666	4388	4666	
4801	4632	4378	4632	
4731	4608	4350	4608	
4678	4562	4359	4562	
4614	4508	4309	4508	
4563	4455	4286	4455	
4499	4401	4236	4401	
4441	4366	4254	4366	
4395	4326	4214	4326	
4345	4295	4181	4295	
4309	4257	4196	4257	
4267	4231	4189	4231	
4240	4204	4181	4204	
4217	4189	4172	4189	
4175	4160	4160	4160	
4151	4145	4133	4145	
4118	4119	4117	4119	
4101	4108	4101	4108	
4116	4119	4105	4119	
4127	4126	4133	4126	
4130	4122	4117	4122	
4167	4142	4110	4142	
4175	4163	4131	4163	
4195	4178	4141	4178	
4230	4216	4167	4216	
4262	4227	4169	4227	
4313	4252	4172	4252	
4336	4286	4204	4286	
4392	4328	4223	4328	
4435	4360	4257	4360	
4494	4391	4273	4391	
4540	4445	4304	4445	
4588	4492	4335	4492	
4653	4540	4327	4540	
4694	4583	4316	4583	
4787	4661	4334	4661	
4923	4725	4398	4725	
4843	4667	4373	4667	
4829	4652	4394	4652	
4767	4648	4376	4648	
4738	4600	4376	4600	
4684	4563	4350	4563	
4593	4483	4302	4483	
4573	4470	4293	4470	
4507	4417	4279	4417	
4436	4358	4245	4358	
4402	4328	4240	4328	
4340	4300	4213	4300	
4325	4258	4197	4258	
4286	4236	4199	4236	
4247	4216	4215	4216	
4213	4180	4184	4180	
4178	4163	4155	4163	
4149	4138	4150	4138	
4117	4116	4119	4116	
4096	4103	4097	4103	
4109	4112	4108	4112	
4112	4115	4096	4115	
4122	4116	4123	4116	
4142	4125	4125	4125	
4171	4148	4124	4148	
4189	4164	4141	4164	
4227	4198	4167	4198	
4264	4226	4152	4226	
4305	4244	4172	4244	
4332	4282	4188	4282	
4383	4324	4225	4324	
4425	4353	4248	4353	
4476	4393	4287	4393	
4545	4443	4304	4443	
4594	4484	4302	4484	
4636	4529	4329	4529	
4699	4575	4323	4575	
4795	4657	4346	4657	
4926	4747	4441	4747	
4840	4660	4381	4660	
4822	4653	4372	4653	
4798	4644	4399	4644	
4728	4596	4364	4596	
4678	4566	4340	4566	
4636	4508	4312	4508	
4572	4462	4292	4462	
4495	4406	4260	4406	
4442	4371	4237	4371	
4405	4340	4226	4340	
4354	4297	4225	4297	
4327	4271	4222	4271	
4274	4245	4207	4245	
4258	4226	4218	4226	
4224	4191	4194	4191	
4177	4161	4183	4161	
4151	4125	4151	4125	
4107	4104	4101	4104	
4112	4107	4112	4107	
4120	4121	4121	4121	
4110	4110	4126	4110	
4117	4109	4120	4109	
4162	4142	4125	4142	
4177	4162	4130	4162	
4202	4165	4128	4165	
4241	4188	4154	4188	
4261	4225	4171	4225	
4299	4245	4175	4245	
4333	4280	4221	4280	
4393	4320	4220	4320	
4449	4358	4235	4358	
4485	4404	4284	4404	
4537	4446	4296	4446	
4579	4476	4318	4476	
4616	4537	4325	4537	
4680	4571	4313	4571	
4775	4655	4319	4655	
4915	4745	4425	4745	
4848	4664	4411	4664	
4825	4656	4395	4656	
4793	4641	4401	4641	
4733	4614	4381	4614	
4705	4565	4355	4565	
4622	4519	4316	4519	
4590	4454	4299	4454	
4535	4400	4266	4400	
4466	4373	4226	4373	
4402	4339	4237	4339	
4390	4318	4201	4318	
4334	4272	4196	4272	
4298	4255	4220	4255	
4261	4227	4224	4227	
4241	4198	4196	4198	
4195	4174	4178	4174	
4174	4150	4163	4150	
4154	4122	4138	4122	
4129	4107	4128	4107	
4136	4126	4132	4126	
4141	4131	4137	4131	
4133	4126	4127	4126	
4175	4143	4139	4143	
4196	4171	4139	4171	
4211	4175	4134	4175	
4249	4215	4162	4215	
4272	4228	4151	4228	
4289	4252	4163	4252	
4342	4284	4199	4284	
4381	4315	4218	4315	
4420	4352	4232	4352	
4505	4417	4301	4417	
4574	4444	4317	4444	
4580	4489	4319	4489	
4642	4531	4326	4531	
4684	4579	4338	4579	
4778	4649	4323	4649	
4950	4744	4476	4744	
4848	4673	4414	4673	
4847	4670	4411	4670	
4814	4660	4401	4660	
4756	4619	4367	4619	
4711	4588	4365	4588	
4645	4525	4328	4525	
4588	4477	4303	4477	
4516	4417	4250	4417	
4479	4382	4246	4382	
4409	4347	4220	4347	
4376	4310	4228	4310	
4346	4286	4193	4286	
4298	4255	4208	4255	
4280	4245	4205	4245	
4245	4207	4185	4207	
4205	4186	4176	4186	
4192	4164	4178	4164	
4202	4149	4164	4149	
4160	4131	4158	4131	
4176	4148	4151	4148	
4163	4139	4160	4139	
4154	4143	4133	4143	
4160	4154	4138	4154	
4197	4166	4123	4166	
4239	4193	4157	4193	
4253	4214	4147	4214	
4304	4236	4169	4236	
4310	4259	4178	4259	
4357	4292	4206	4292	
4405	4333	4220	4333	
4453	4358	4244	4358	
4513	4411	4294	4411	
4563	4449	4310	4449	
4592	4489	4312	4489	
4658	4533	4333	4533	
4701	4587	4305	4587	
4790	4648	4320	4648	
4948	4761	4480	4761	
4869	4664	4437	4664	
4853	4675	4432	4675	
4833	4676	4424	4676	
4732	4625	4403	4625	
4705	4592	4390	4592	
4666	4529	4337	4529	
4619	4492	4310	4492	
4545	4449	4284	4449	
4509	4404	4254	4404	
4432	4365	4260	4365	
4404	4336	4245	4336	
4370	4296	4199	4296	
4336	4267	4191	4267	
4291	4249	4227	4249	
4262	4221	4190	4221	
4235	4197	4185	4197	
4219	4183	4190	4183	
4205	4172	4196	4172	
4184	4157	4173	4157	
4169	4148	4167	4148	
4188	4146	4153	4146	
4175	4155	4143	4155	
4197	4174	4157	4174	
4242	4190	4148	4190	
4239	4205	4162	4205	
4283	4233	4164	4233	
4323	4252	4192	4252	
4335	4268	4195	4268	
4368	4305	4198	4305	
4410	4346	4224	4346	
4472	4382	4276	4382	
4528	4420	4295	4420	
4575	4455	4314	4455	
4602	4502	4344	4502	
4660	4529	4340	4529	
4727	4589	4317	4589	
4822	4679	4348	4679	
4980	4760	4464	4760	
4893	4688	4430	4688	
4878	4687	4455	4687	
4827	4662	4425	4662	
4763	4648	4418	4648	
4737	4616	4392	4616	
4688	4558	4369	4558	
4634	4513	4320	4513	
4561	4470	4314	4470	
4520	4433	4270	4433	
4483	4388	4259	4388	
4419	4341	4223	4341	
4393	4320	4243	4320	
4347	4300	4226	4300	
4323	4260	4216	4260	
4280	4231	4196	4231	
4237	4204	4186	4204	
4239	4191	4204	4191	
4239	4188	4195	4188	
4203	4175	4186	4175	
4214	4177	4192	4177	
4201	4165	4186	4165	
4224	4175	4168	4175	
4226	4187	4174	4187	
4222	4198	4147	4198	
4265	4216	4173	4216	
4296	4241	4156	4241	
4300	4261	4189	4261	
4363	4281	4210	4281	
4405	4325	4227	4325	
4439	4359	4242	4359	
4492	4399	4275	4399	
4537	4435	4308	4435	
4584	4479	4308	4479	
4633	4508	4325	4508	
4674	4556	4342	4556	
4710	4606	4342	4606	
4813	4689	4379	4689	
4971	4783	4478	4783	
4904	4709	4435	4709	
4912	4682	4445	4682	
4862	4685	4451	4685	
4798	4654	4433	4654	
4762	4626	4423	4626	
4692	4571	4380	4571	
4646	4541	4358	4541	
4603	4489	4322	4489	
4531	4444	4292	4444	
4489	4408	4268	4408	
4451	4368	4265	4368	
4414	4335	4234	4335	
4376	4301	4225	4301	
4339	4280	4208	4280	
4306	4255	4217	4255	
4272	4223	4199	4223	
4265	4210	4185	4210	
4256	4203	4198	4203	
4236	4197	4197	4197	
4212	4189	4193	4189	
4233	4172	4173	4172	
4248	4190	4172	4190	
4269	4201	4174	4201	
4253	4207	4157	4207	
4282	4234	4181	4234	
4300	4263	4183	4263	
4343	4286	4203	4286	
4384	4309	4206	4309	
4417	4353	4243	4353	
4472	4388	4278	4388	
4493	4404	4275	4404	
4560	4461	4311	4461	
4604	4494	4324	4494	
4645	4528	4342	4528	
4684	4576	4358	4576	
4733	4615	4343	4615	
4856	4702	4358	4702	
4994	4809	4473	4809	
4927	4732	4453	4732	
4888	4718	4459	4718	
4878	4695	4458	4695	
4819	4690	4461	4690	
4812	4653	4457	4653	
4709	4592	4381	4592	
4686	4556	4354	4556	
4627	4511	4321	4511	
4569	4464	4304	4464	
4527	4439	4269	4439	
4472	4399	4276	4399	
4425	4348	4242	4348	
4400	4336	4242	4336	
4376	4296	4227	4296	
4342	4285	4218	4285	
4308	4249	4200	4249	
4279	4241	4193	4241	
4292	4230	4200	4230	
4260	4213	4176	4213	
4262	4217	4186	4217	
4276	4219	4174	4219	
4278	4217	4191	4217	
4286	4236	4173	4236	
4313	4245	4181	4245	
4328	4254	4193	4254	
4351	4280	4210	4280	
4376	4294	4206	4294	
4398	4325	4189	4325	
4438	4364	4248	4364	
4476	4404	4272	4404	
4535	4430	4280	4430	
4578	4459	4292	4459	
4605	4501	4353	4501	
4659	4549	4334	4549	
4703	4604	4361	4604	
4750	4645	4363	4645	
4875	4737	4360	4737	
4999	4828	4482	4828	
4929	4743	4443	4743	
4911	4735	4435	4735	
4893	4723	4470	4723	
4839	4700	4454	4700	
4803	4668	4451	4668	
4749	4626	4406	4626	
4714	4586	4381	4586	
4652	4547	4346	4547	
4596	4504	4329	4504	
4564	4452	4298	4452	
4517	4420	4253	4420	
4467	4378	4241	4378	
4438	4361	4235	4361	
4413	4346	4231	4346	
4381	4308	4222	4308	
4363	4279	4192	4279	
4327	4272	4194	4272	
4322	4263	4197	4263	
4310	4241	4198	4241	
4305	4237	4184	4237	
4311	4240	4208	4240	
4305	4246	4182	4246	
4343	4261	4202	4261	
4332	4266	4198	4266	
4350	4282	4201	4282	
4369	4294	4204	4294	
4411	4314	4206	4314	
4436	4355	4228	4355	
4449	4377	4224	4377	
4505	4414	4278	4414	
4545	4443	4268	4443	
4585	4466	4282	4466	
4636	4518	4341	4518	
4670	4554	4337	4554	
4731	4620	4368	4620	
4797	4673	4379	4673	
4897	4782	4424	4782	
5002	4857	4485	4857	
4958	4765	4440	4765	
4928	4757	4452	4757	
4901	4737	4456	4737	
4854	4712	4437	4712	
4838	4681	4444	4681	
4763	4636	4425	4636	
4732	4601	4401	4601	
4702	4566	4336	4566	
4634	4528	4333	4528	
4588	4483	4322	4483	
4552	4465	4282	4465	
4512	4418	4271	4418	
4474	4396	4250	4396	
4444	4366	4247	4366	
4421	4333	4207	4333	
4387	4304	4188	4304	
4383	4299	4201	4299	
4377	4289	4186	4289	
4348	4276	4190	4276	
4344	4275	4196	4275	
4344	4271	4204	4271	
4338	4274	4191	4274	
4361	4281	4196	4281	
4398	4293	4192	4293	
4407	4320	4211	4320	
4424	4325	4215	4325	
4445	4342	4221	4342	
4467	4379	4227	4379	
4498	4409	4247	4409	
4539	4447	4268	4447	
4589	4464	4280	4464	
4622	4494	4315	4494	
4679	4543	4316	4543	
4720	4595	4337	4595	
4762	4636	4384	4636	
4833	4701	4393	4701	
4899	4804	4418	4804	
5051	4902	4532	4902	
4977	4803	4464	4803	
4954	4777	4421	4777	
4922	4758	4441	4758	
4877	4730	4455	4730	
4830	4701	4443	4701	
4795	4654	4419	4654	
4766	4616	4414	4616	
4726	4592	4374	4592	
4660	4549	4349	4549	
4632	4513	4303	4513	
4582	4490	4315	4490	
4540	4449	4287	4449	
4507	4423	4265	4423	
4485	4394	4240	4394	
4442	4351	4211	4351	
4439	4341	4216	4341	
4413	4326	4212	4326	
4413	4316	4209	4316	
4389	4302	4183	4302	
4376	4304	4195	4304	
4386	4305	4195	4305	
4395	4296	4214	4296	
4398	4315	4219	4315	
4424	4333	4228	4333	
4436	4329	4217	4329	
4469	4361	4238	4361	
4483	4371	4228	4371	
4522	4398	4239	4398	
4548	4432	4259	4432	
4587	4465	4278	4465	
4630	4483	4299	4483	
4647	4516	4332	4516	
4683	4564	4358	4564	
4737	4617	4380	4617	
4806	4668	4393	4668	
4874	4739	4427	4739	
4985	4867	4483	4867	
5107	4936	4536	4936	
5024	4836	4468	4836	
4956	4794	4436	4794	
4933	4762	4420	4762	
4886	4750	4420	4750	
4856	4715	4406	4715	
4808	4681	4380	4681	
4786	4633	4373	4633	
4748	4605	4361	4605	
4695	4559	4356	4559	
4670	4530	4328	4530	
4597	4503	4290	4503	
4590	4478	4263	4478	
4538	4443	4239	4443	
4525	4411	4222	4411	
4484	4384	4194	4384	
4463	4353	4211	4353	
4439	4353	4194	4353	
4434	4343	4183	4343	
4421	4327	4180	4327	
4418	4321	4197	4321	
4422	4324	4162	4324	
4424	4340	4173	4340	
4448	4342	4189	4342	
4451	4352	4197	4352	
4491	4367	4229	4367	
4494	4398	4212	4398	
4530	4406	4238	4406	
4549	4423	4237	4423	
4570	4442	4248	4442	
4618	4468	4260	4468	
4653	4504	4287	4504	
4691	4540	4309	4540	
4731	4575	4345	4575	
4790	4635	4342	4635	
4838	4705	4406	4705	
4923	4787	4438	4787	
5090	4938	4535	4938	
5217	5077	4653	5077	
5124	4963	4567	4963	
5063	4919	4492	4919	
4975	4877	4519	4877	
4970	4834	4484	4834	
4945	4795	4494	4795	
4878	4748	4461	4748	
4849	4717	4447	4717	
4837	4685	4429	4685	
4785	4649	4435	4649	
4776	4634	4393	4634	
4718	4602	4396	4602	
4675	4589	4361	4589	
4644	4540	4329	4540	
4610	4511	4318	4511	
4589	4480	4290	4480	
4559	4472	4285	4472	
4554	4466	4258	4466	
4540	4450	4250	4450	
4513	4423	4237	4423	
4516	4439	4256	4439	
4528	4436	4252	4436	
4537	4436	4257	4436	
4511	4436	4256	4436	
4556	4463	4267	4463	
4546	4467	4288	4467	
4610	4479	4320	4479	
4634	4496	4317	4496	
4629	4510	4318	4510	
4690	4536	4314	4536	
4720	4566	4345	4566	
4708	4574	4353	4574	
4776	4620	4376	4620	
4836	4674	4409	4674	
4897	4738	4438	4738	
4952	4821	4491	4821	
5051	4921	4524	4921	
5210	5073	4629	5073	
                                                                                                                                                                                                                                                                                                                                                                                                                                                                                                                                                                                                                                                                                                                                                                                                                                                                                                                                                                                                                                                                                                                                                                                                                                                                                                                                                                                                                                                                                                                                                                                                                                                                                                                                                                                                                                                                                                                                                                                                                                                                                                                                                                                                                                                                                                                                                                                                                                                                                                                                                                                                                                                                                                                                                                                                                                                                                                                                                                                                                                                                                                                                                                                                                                                                                                                                                                                                                                                                                                                                                                                                                                                                                                                                                                                                                                                                                                                                                                                                                                                                                                                    