  1.5056449e+002
  1.5056449e+002
  1.5056449e+002
  1.5056449e+002
  1.5056449e+002
  1.5056449e+002
  1.5056449e+002
  1.5056449e+002
  1.5056449e+002
  1.5056449e+002
  1.5056449e+002
  1.5156569e+002
  1.5356809e+002
  1.5557049e+002
  1.5757289e+002
  1.5957529e+002
  1.6157769e+002
  1.6358009e+002
  1.6558249e+002
  1.6758489e+002
  1.6958729e+002
  1.7158969e+002
  1.7359209e+002
  1.7559449e+002
  1.7759689e+002
  1.7959928e+002
  1.8160168e+002
  1.8360408e+002
  1.8560648e+002
  1.8760888e+002
  1.8961128e+002
  1.9161368e+002
  1.9361608e+002
  1.9561848e+002
  1.9762088e+002
  1.9962328e+002
  2.0162568e+002
  2.0362808e+002
  2.0563048e+002
  2.0763288e+002
  2.0963528e+002
  2.1163768e+002
  2.1364008e+002
  2.1564248e+002
  2.1764488e+002
  2.1964728e+002
  2.2164968e+002
  2.2365208e+002
  2.2565448e+002
  2.2765688e+002
  2.2965928e+002
  2.3166168e+002
  2.3366408e+002
  2.3566647e+002
  2.3766887e+002
  2.3967127e+002
  2.4167367e+002
  2.4367607e+002
  2.4567847e+002
  2.4768087e+002
  2.4968327e+002
  2.5168567e+002
  2.5368807e+002
  2.5569047e+002
  2.5769287e+002
  2.5969527e+002
  2.6169767e+002
  2.6370007e+002
  2.6570247e+002
  2.6770487e+002
  2.6970727e+002
  2.7170967e+002
  2.7371207e+002
  2.7571447e+002
  2.7771687e+002
  2.7971927e+002
  2.8172167e+002
  2.8372407e+002
  2.8572647e+002
  2.8772887e+002
  2.8973127e+002
  2.9173366e+002
  2.9373606e+002
  2.9573846e+002
  2.9774086e+002
  2.9974326e+002
  3.0174566e+002
  3.0374806e+002
  3.0575046e+002
  3.0775286e+002
  3.0975526e+002
  3.1175766e+002
  3.1376006e+002
  3.1576246e+002
  3.1776486e+002
  3.1976726e+002
  3.2176966e+002
  3.2377206e+002
  3.2577446e+002
  3.2777686e+002
  3.2977926e+002
  3.3178166e+002
  3.3378406e+002
  3.3578646e+002
  3.3778886e+002
  3.3979126e+002
  3.4179366e+002
  3.4379606e+002
  3.4579846e+002
  3.4780086e+002
  3.4980325e+002
  3.5180565e+002
  3.5380805e+002
  3.5581045e+002
  3.5781285e+002
  3.5981525e+002
  3.6181765e+002
  3.6382005e+002
  3.6582245e+002
  3.6782485e+002
  3.6982725e+002
  3.7182965e+002
  3.7383205e+002
  3.7583445e+002
  3.7783685e+002
  3.7983925e+002
  3.8184165e+002
  3.8384405e+002
  3.8584645e+002
  3.8784885e+002
  3.8985125e+002
  3.9185365e+002
  3.9385605e+002
  3.9585845e+002
  3.9786085e+002
  3.9986325e+002
  4.0186565e+002
  4.0386805e+002
  4.0587044e+002
  4.0787284e+002
  4.0987524e+002
  4.1187764e+002
  4.1388004e+002
  4.1588244e+002
  4.1788484e+002
  4.1988724e+002
  4.2188964e+002
  4.2389204e+002
  4.2589444e+002
  4.2789684e+002
  4.2989924e+002
  4.3190164e+002
  4.3390404e+002
  4.3590644e+002
  4.3790884e+002
  4.3991124e+002
  4.4191364e+002
  4.4391604e+002
  4.4591844e+002
  4.4792084e+002
  4.4992324e+002
  4.5192564e+002
  4.5392804e+002
  4.5593044e+002
  4.5793284e+002
  4.5993524e+002
  4.6193763e+002
  4.6394003e+002
  4.6594243e+002
  4.6794483e+002
  4.6994723e+002
  4.7194963e+002
  4.7395203e+002
  4.7595443e+002
  4.7795683e+002
  4.7630394e+002
  4.7189798e+002
  4.6749202e+002
  4.6308607e+002
  4.5868011e+002
  4.5427415e+002
  4.4986819e+002
  4.4546223e+002
  4.4105627e+002
  4.3665032e+002
  4.3224436e+002
  4.2783840e+002
  4.2343244e+002
  4.1902648e+002
  4.1462052e+002
  4.1021456e+002
  4.0580861e+002
  4.0140265e+002
  3.9699669e+002
  3.9259073e+002
  3.8818477e+002
  3.8377881e+002
  3.7937286e+002
  3.7496690e+002
  3.7056094e+002
  3.6615498e+002
  3.6174902e+002
  3.5734306e+002
  3.5293711e+002
  3.4853115e+002
  3.4412519e+002
  3.3971923e+002
  3.3531327e+002
  3.3090731e+002
  3.2650135e+002
  3.2209540e+002
  3.1768944e+002
  3.1328348e+002
  3.0887752e+002
  3.0447156e+002
  3.0006560e+002
  2.9565965e+002
  2.9125369e+002
  2.8684773e+002
  2.8244177e+002
  2.7803581e+002
  2.7362985e+002
  2.6922389e+002
  2.6481794e+002
  2.6041198e+002
  2.5600602e+002
  2.5160006e+002
  2.4719410e+002
  2.4278814e+002
  2.3838219e+002
  2.3397623e+002
  2.2957027e+002
  2.2516431e+002
  2.2075835e+002
  2.1635239e+002
  2.1194643e+002
  2.0754048e+002
  2.0313452e+002
  1.9872856e+002
  1.9432260e+002
  1.8991664e+002
  1.8551068e+002
  1.8110473e+002
  1.7669877e+002
  1.7229281e+002
  1.6788685e+002
  1.6348089e+002
  1.5907493e+002
  1.5466898e+002
  1.5026302e+002
  1.4585706e+002
  1.4145110e+002
  1.3704514e+002
  1.3263918e+002
  1.2823322e+002
  1.2382727e+002
