2.30E+02
2.30E+02
2.30E+02
2.30E+02
2.30E+02
2.30E+02
2.30E+02
2.30E+02
2.30E+02
2.30E+02
2.30E+02
2.29E+02
2.25E+02
2.20E+02
2.12E+02
2.05E+02
1.96E+02
1.87E+02
1.78E+02
1.68E+02
1.58E+02
1.48E+02
1.38E+02
1.28E+02
1.20E+02
1.11E+02
1.04E+02
9.54E+01
8.82E+01
8.19E+01
7.56E+01
7.02E+01
6.48E+01
5.94E+01
5.49E+01
5.04E+01
4.59E+01
4.23E+01
3.87E+01
3.60E+01
3.24E+01
2.97E+01
2.70E+01
2.52E+01
2.34E+01
2.16E+01
1.98E+01
1.89E+01
1.71E+01
1.62E+01
1.53E+01
1.53E+01
1.44E+01
1.44E+01
1.44E+01
1.44E+01
1.44E+01
1.44E+01
1.44E+01
1.44E+01
1.44E+01
1.44E+01
1.44E+01
1.44E+01
1.44E+01
1.44E+01
1.44E+01
1.44E+01
1.44E+01
1.44E+01
1.44E+01
1.44E+01
1.44E+01
1.44E+01
1.44E+01
1.44E+01
1.44E+01
1.44E+01
1.44E+01
1.44E+01
1.44E+01
1.44E+01
1.44E+01
1.44E+01
1.44E+01
1.44E+01
1.44E+01
1.44E+01
1.44E+01
1.44E+01
1.44E+01
1.44E+01
1.44E+01
1.44E+01
1.44E+01
1.44E+01
1.44E+01
1.44E+01
1.44E+01
1.44E+01
1.44E+01
1.44E+01
1.44E+01
1.44E+01
1.44E+01
1.44E+01
1.44E+01
1.44E+01
1.44E+01
1.44E+01
1.44E+01
1.44E+01
1.44E+01
1.44E+01
1.44E+01
1.44E+01
1.44E+01
1.44E+01
1.44E+01
1.44E+01
1.44E+01
1.44E+01
1.44E+01
1.44E+01
1.44E+01
1.44E+01
1.44E+01
1.44E+01




















































