  6.0167823e+001
  6.0167823e+001
  6.0167823e+001
  6.0167823e+001
  6.0167823e+001
  6.0167823e+001
  6.0167823e+001
  6.0167823e+001
  6.0167823e+001
  6.0167823e+001
  6.0167823e+001
  6.0167823e+001
  6.0167823e+001
  6.0167823e+001
  6.0167823e+001
  6.0167823e+001
  6.0167823e+001
  6.0167823e+001
  6.0167823e+001
  6.0167823e+001
  6.1624367e+001
  6.3178014e+001
  6.4731661e+001
  6.6285308e+001
  6.7838955e+001
  6.9392602e+001
  7.0946249e+001
  7.2499896e+001
  7.4053543e+001
  7.5607190e+001
  7.7160837e+001
  7.8714483e+001
  8.0268130e+001
  8.1821777e+001
  8.3375424e+001
  8.4929071e+001
  8.6482718e+001
  8.8036365e+001
  8.9590012e+001
  9.1143659e+001
  9.2697306e+001
  9.4250953e+001
  9.5804600e+001
  9.7358247e+001
  9.8911894e+001
  1.0046554e+002
  1.0201919e+002
  1.0357283e+002
  1.0512648e+002
  1.0668013e+002
  1.0823378e+002
  1.0978742e+002
  1.1134107e+002
  1.1289472e+002
  1.1444836e+002
  1.1600201e+002
  1.1755566e+002
  1.1910930e+002
  1.2066295e+002
  1.2221660e+002
  1.2377025e+002
  1.2532389e+002
  1.2687754e+002
  1.2843119e+002
  1.2998483e+002
  1.3153848e+002
  1.3309213e+002
  1.3464577e+002
  1.3619942e+002
  1.3775307e+002
  1.3930671e+002
  1.4086036e+002
  1.4241401e+002
  1.4396766e+002
  1.4552130e+002
  1.4707495e+002
  1.4862860e+002
  1.5018224e+002
  1.5173589e+002
  1.5328954e+002
  1.5484318e+002
  1.5639683e+002
  1.5795048e+002
  1.5950413e+002
  1.6105777e+002
  1.6261142e+002
  1.6416507e+002
  1.6571871e+002
  1.6727236e+002
  1.6882601e+002
  1.7037965e+002
  1.7193330e+002
  1.7348695e+002
  1.7504059e+002
  1.7659424e+002
  1.7814789e+002
  1.7970154e+002
  1.8125518e+002
  1.8280883e+002
  1.8436248e+002
  1.8591612e+002
  1.8746977e+002
  1.8902342e+002
  1.9057706e+002
  1.9213071e+002
  1.9368436e+002
  1.9523800e+002
  1.9679165e+002
  1.9834530e+002
  1.9989895e+002
  2.0145259e+002
  2.0300624e+002
  2.0455989e+002
  2.0611353e+002
  2.0766718e+002
  2.0922083e+002
  2.1077447e+002
  2.1232812e+002
  2.1388177e+002
  2.1543542e+002
  2.1698906e+002
  2.1854271e+002
  2.2009636e+002
  2.2165000e+002
  2.2320365e+002
  2.2475730e+002
  2.2631094e+002
  2.2786459e+002
  2.2941824e+002
  2.3097188e+002
  2.3252553e+002
  2.3202835e+002
  2.3063740e+002
  2.2924645e+002
  2.2785551e+002
  2.2646456e+002
  2.2507361e+002
  2.2368266e+002
  2.2229172e+002
  2.2090077e+002
  2.1950982e+002
  2.1811888e+002
  2.1672793e+002
  2.1533698e+002
  2.1394603e+002
  2.1255509e+002
  2.1116414e+002
  2.0977319e+002
  2.0838225e+002
  2.0699130e+002
  2.0560035e+002
  2.0420940e+002
  2.0281846e+002
  2.0142751e+002
  2.0003656e+002
  1.9864561e+002
  1.9725467e+002
  1.9586372e+002
  1.9447277e+002
  1.9308183e+002
  1.9169088e+002
  1.9029993e+002
  1.8890898e+002
  1.8751804e+002
  1.8612709e+002
  1.8473614e+002
  1.8334520e+002
  1.8195425e+002
  1.8056330e+002
  1.7917235e+002
  1.7778141e+002
  1.7639046e+002
  1.7499951e+002
  1.7360857e+002
  1.7221762e+002
  1.7082667e+002
  1.6943572e+002
  1.6804478e+002
  1.6665383e+002
  1.6526288e+002
  1.6387193e+002
  1.6248099e+002
  1.6109004e+002
  1.5969909e+002
  1.5830815e+002
  1.5691720e+002
  1.5552625e+002
  1.5413530e+002
  1.5274436e+002
  1.5135341e+002
  1.4996246e+002
  1.4857152e+002
  1.4718057e+002
  1.4578962e+002
  1.4439867e+002
  1.4300773e+002
  1.4161678e+002
  1.4022583e+002
  1.3883489e+002
  1.3744394e+002
  1.3605299e+002
  1.3466204e+002
  1.3327110e+002
  1.3188015e+002
  1.3048920e+002
  1.2909826e+002
  1.2770731e+002
  1.2631636e+002
  1.2492541e+002
  1.2353447e+002
  1.2214352e+002
  1.2075257e+002
  1.1936162e+002
  1.1797068e+002
  1.1657973e+002
  1.1518878e+002
  1.1379784e+002
  1.1240689e+002
  1.1101594e+002
  1.0962499e+002
  1.0823405e+002
  1.0684310e+002
  1.0545215e+002
  1.0406121e+002
  1.0267026e+002
  1.0127931e+002
  9.9888364e+001
  9.8497417e+001
  9.7106470e+001
  9.5715523e+001
  9.4324575e+001
  9.2933628e+001
  9.1542681e+001
  9.0151734e+001
  8.8760787e+001
  8.7369839e+001
  8.5978892e+001
  8.4587945e+001
  8.3196998e+001
  8.1806051e+001
  8.0415103e+001
  7.9024156e+001
  7.7633209e+001
  7.6242262e+001
  7.4851315e+001
  7.3460367e+001
  7.2069420e+001
  7.0678473e+001
  6.9287526e+001
  6.7896579e+001
  6.6505631e+001
  6.5114684e+001
  6.3723737e+001
  6.2332790e+001
  6.0941843e+001
  5.9550895e+001
