  1.1906797e+001
  1.1906797e+001
  1.1906797e+001
  1.1906797e+001
  1.1906797e+001
  1.1906797e+001
  1.1906797e+001
  1.1906797e+001
  1.1906797e+001
  1.1906797e+001
  1.1906797e+001
  1.2122907e+001
  1.2339016e+001
  1.2555125e+001
  1.2771234e+001
  1.2987343e+001
  1.3203453e+001
  1.3419562e+001
  1.3635671e+001
  1.3851780e+001
  1.4067889e+001
  1.4283999e+001
  1.4500108e+001
  1.4716217e+001
  1.4932326e+001
  1.5148435e+001
  1.5364545e+001
  1.5580654e+001
  1.5796763e+001
  1.6012872e+001
  1.6228982e+001
  1.6445091e+001
  1.6661200e+001
  1.6877309e+001
  1.7093418e+001
  1.7309528e+001
  1.7525637e+001
  1.7741746e+001
  1.7957855e+001
  1.8173964e+001
  1.8390074e+001
  1.8606183e+001
  1.8822292e+001
  1.9038401e+001
  1.9254510e+001
  1.9470620e+001
  1.9686729e+001
  1.9902838e+001
  2.0118947e+001
  2.0335057e+001
  2.0551166e+001
  2.0767275e+001
  2.0983384e+001
  2.1199493e+001
  2.1415603e+001
  2.1631712e+001
  2.1847821e+001
  2.2063930e+001
  2.2280039e+001
  2.2496149e+001
  2.2712258e+001
  2.2928367e+001
  2.3144476e+001
  2.3360585e+001
  2.3576695e+001
  2.3792804e+001
  2.4008913e+001
  2.4225022e+001
  2.4441131e+001
  2.4657241e+001
  2.4873350e+001
  2.5089459e+001
  2.5305568e+001
  2.5521678e+001
  2.5737787e+001
  2.5953896e+001
  2.6170005e+001
  2.6386114e+001
  2.6602224e+001
  2.6818333e+001
  2.7034442e+001
  2.7250551e+001
  2.7466660e+001
  2.7682770e+001
  2.7898879e+001
  2.8114988e+001
  2.8331097e+001
  2.8547206e+001
  2.8763316e+001
  2.8979425e+001
  2.9195534e+001
  2.9411643e+001
  2.9627753e+001
  2.9843862e+001
  3.0059971e+001
  3.0276080e+001
  3.0492189e+001
  3.0708299e+001
  3.0924408e+001
  3.1140517e+001
  3.1356626e+001
  3.1572735e+001
  3.1788845e+001
  3.2004954e+001
  3.2221063e+001
  3.2437172e+001
  3.2653281e+001
  3.2869391e+001
  3.3085500e+001
  3.3301609e+001
  3.3517718e+001
  3.3733827e+001
  3.3949937e+001
  3.4166046e+001
  3.4382155e+001
  3.4598264e+001
  3.4814374e+001
  3.5030483e+001
  3.5246592e+001
  3.5462701e+001
  3.5678810e+001
  3.5894920e+001
  3.6111029e+001
  3.6327138e+001
  3.6543247e+001
  3.6759356e+001
  3.6975466e+001
  3.7191575e+001
  3.7407684e+001
  3.7623793e+001
  3.7839902e+001
  3.8056012e+001
  3.8272121e+001
  3.8488230e+001
  3.8704339e+001
  3.8920448e+001
  3.9136558e+001
  3.9352667e+001
  3.9568776e+001
  3.9784885e+001
  4.0000995e+001
  4.0217104e+001
  4.0433213e+001
  4.0649322e+001
  4.0865431e+001
  4.1081541e+001
  4.1297650e+001
  4.1513759e+001
  4.1729868e+001
  4.1945977e+001
  4.2162087e+001
  4.2378196e+001
  4.2594305e+001
  4.2810414e+001
  4.3026523e+001
  4.3242633e+001
  4.3458742e+001
  4.3674851e+001
  4.3890960e+001
  4.4066528e+001
  4.3746944e+001
  4.3427360e+001
  4.3107776e+001
  4.2788192e+001
  4.2468608e+001
  4.2149024e+001
  4.1829440e+001
  4.1509856e+001
  4.1190272e+001
  4.0870688e+001
  4.0551103e+001
  4.0231519e+001
  3.9911935e+001
  3.9592351e+001
  3.9272767e+001
  3.8953183e+001
  3.8633599e+001
  3.8314015e+001
  3.7994431e+001
  3.7674847e+001
  3.7355263e+001
  3.7035678e+001
  3.6716094e+001
  3.6396510e+001
  3.6076926e+001
  3.5757342e+001
  3.5437758e+001
  3.5118174e+001
  3.4798590e+001
  3.4479006e+001
  3.4159422e+001
  3.3839838e+001
  3.3520253e+001
  3.3200669e+001
  3.2881085e+001
  3.2561501e+001
  3.2241917e+001
  3.1922333e+001
  3.1602749e+001
  3.1283165e+001
  3.0963581e+001
  3.0643997e+001
  3.0324413e+001
  3.0004828e+001
  2.9685244e+001
  2.9365660e+001
  2.9046076e+001
  2.8726492e+001
  2.8406908e+001
  2.8087324e+001
  2.7767740e+001
  2.7448156e+001
  2.7128572e+001
  2.6808988e+001
  2.6489403e+001
  2.6169819e+001
  2.5850235e+001
  2.5530651e+001
  2.5211067e+001
  2.4891483e+001
  2.4571899e+001
  2.4252315e+001
  2.3932731e+001
  2.3613147e+001
  2.3293563e+001
  2.2973979e+001
  2.2654394e+001
  2.2334810e+001
  2.2015226e+001
  2.1695642e+001
  2.1376058e+001
  2.1056474e+001
  2.0736890e+001
  2.0417306e+001
  2.0097722e+001
  1.9778138e+001
  1.9458554e+001
  1.9138969e+001
  1.8819385e+001
  1.8499801e+001
  1.8180217e+001
  1.7860633e+001
  1.7541049e+001
  1.7221465e+001
  1.6901881e+001
  1.6582297e+001
  1.6262713e+001
  1.5943129e+001
  1.5623544e+001
  1.5303960e+001
  1.4984376e+001
  1.4664792e+001
  1.4345208e+001
  1.4025624e+001
  1.3706040e+001
  1.3386456e+001
